16.5634	45.7257	-4.86071	-12.4496	21.4217	38.2091	92.5794
-9.60952	-0.699883	32.6833	2.94463	46.8367	39.8303	160.703
-57.385	-41.201	-24.1867	23.1497	-54.9171	46.2497	188.684
-5.73069	34.8137	-4.81277	-17.5056	-24.6792	3.70451	121.675
34.2516	29.0269	6.68477	-13.9321	-56.9892	-52.7322	124.085
-34.2208	-42.8593	-19.2612	37.1104	57.2076	36.28	157.408
30.3546	41.5758	4.58082	-8.00328	16.2469	-18.3817	113.813
3.7216	-48.4566	-38.245	-28.3472	-24.7044	-31.65	126.376
35.3063	-8.75221	9.69719	-6.5382	-36.525	23.4377	167.177
-40.4061	-37.2339	-7.45608	38.1317	14.4685	12.3817	215.998
53.272	-59.8792	-29.7174	5.71563	-58.8769	32.998	205.816
-9.55419	27.6739	35.5813	-19.0661	-30.6132	-0.76843	115.399
35.1168	28.9219	7.17021	-12.7728	26.244	-43.0676	101.785
5.23858	-42.4235	-32.7771	-29.6832	-50.0123	-5.01936	185.061
-58.0845	-37.152	-19.4087	22.3088	-59.7099	53.9485	226.164
-4.84913	34.8595	-4.52266	-16.2536	-51.7834	-25.475	159.214
49.9878	-58.3889	-26.2946	5.20523	8.81551	18.1665	97.4443
33.8849	28.9333	6.67588	-13.9333	-13.9062	1.35592	66.8018
-55.8501	26.3889	9.58243	26.1248	-35.2305	36.2729	120.853
-16.479	-14.6697	27.2768	15.7722	63.303	63.7267	184.463
50.1924	51.5682	-18.5538	-0.551083	-48.3875	-52.5095	196.281
-24.081	-18.7785	27.9118	28.6559	51.2853	50.163	204.353
47.5502	53.9119	-19.9896	2.87678	33.2222	20.1817	152.314
4.62713	27.7635	16.9382	-6.45925	-37.9892	-21.5167	103.486
50.9361	54.0013	-18.8131	-2.31076	-32.922	-46.1504	164.096
-34.2548	-16.9544	23.1206	23.2178	55.8091	-11.081	172.954
26.6614	-4.97176	10.9267	-20.8518	-1.81711	-32.7369	108.138
28.9415	41.0263	5.74089	-10.3422	-31.1073	-35.8505	132.683
-54.6811	-37.5939	-16.5138	24.3985	16.9389	11.4052	191.483
34.8774	-57.2557	-32.1312	-10.4468	-36.6289	-16.7689	228.423
-38.798	-36.4584	-5.1278	38.564	18.2825	5.83432	263.409
47.8144	-46.6689	-22.3825	-1.65542	68.0921	-59.0563	230.87
-9.83096	2.88064	31.1062	-0.150495	25.5689	32.6055	142.653
-41.6829	-37.7453	-8.91216	35.7144	13.9017	8.45733	190.455
50.7862	-54.1906	-31.5779	5.95124	-15.6144	-9.44554	275.845
-40.0188	-36.7926	-6.61328	38.3096	-27.1877	36.8828	220.262
-7.51512	39.848	-14.7289	-23.2415	-50.2952	-17.7907	141.827
47.7644	59.2294	-21.12	3.17378	-2.14962	-2.06339	72.6518
57.6238	-50.7285	-30.4386	21.5322	-5.96938	-2.24282	34.5085
-43.1504	-43.802	-17.0738	33.4015	1.95543	-1.54397	134.419
-54.26	-37.2426	-15.2242	24.0028	3.19645	5.78673	217.104
55.4186	-54.64	-36.6894	18.1922	-48.6115	17.8478	172.142
-10.5872	45.1788	-15.8148	-19.3276	55.8704	-29.3882	139.562
53.3293	-44.9783	-24.272	13.4699	26.8334	27.6182	120.564
18.405	39.2078	8.74371	-14.8268	53.7951	-52.581	137.04
-31.2625	-32.2421	5.97041	31.6979	30.0962	12.7837	215.68
46.6099	-49.8209	-28.8018	-0.778861	-1.7435	-0.912576	140.171
57.0474	-44.9744	-25.4568	26.9658	22.0187	39.6143	65.7012
30.5966	27.7258	9.01911	-13.7686	-22.5277	-45.1988	111.384
56.1175	-41.094	-32.2721	25.2051	-13.7548	-3.66834	202.019
-34.7005	-33.9094	-0.398625	41.69	-17.6571	50.4126	212.682
-15.0862	31.0472	11.5358	-23.2393	-36.106	25.8282	121.437
28.3618	-0.313724	10.54	-19.0014	-45.8143	-56.1357	121.858
-48.6156	52.699	-11.5764	27.1604	42.0256	-36.9172	160.882
26.0921	-28.0784	-3.3102	-16.881	5.11532	56.384	152.991
20.7109	32.0633	7.27326	-16.3457	-30.9122	-40.3189	117.548
55.6143	-42.663	-31.7231	23.8822	-12.9871	0.80096	148.58
-35.774	-44.841	-19.9973	36.1658	34.209	45.0158	188.137
48.1153	27.0152	11.2247	3.37875	-42.1281	-47.3646	188.192
-29.81	-45.0852	-31.9745	18.5843	-50.2282	0.909354	148.496
27.2048	-46.2325	-27.7268	-16.9759	-41.1366	-1.29764	125.87
-41.6197	-44.5912	-16.4199	36.9165	0.879082	0.590911	184.473
-46.131	-50.2898	-28.7086	35.5293	25.9225	41.8516	172.045
43.9922	21.8547	17.597	4.51873	2.2273	50.2485	113.282
41.5855	-34.9606	-11.8328	1.84353	61.9004	58.395	144.865
-12.3002	34.6097	-4.71887	-20.6161	-28.2889	-11.0002	132.404
29.1873	50.4418	-11.4528	-10.5969	-5.13913	-0.773626	62.8599
47.4586	53.033	-20.4864	2.48222	-52.4417	25.0592	88.7814
-17.6773	26.5142	34.2735	-24.6806	-47.1604	-23.0355	128.616
34.7044	52.0834	-11.0652	-7.82416	49.673	28.0957	119.041
-18.1809	22.1855	31.254	-15.1124	48.8983	51.1848	149.151
55.5126	-26.638	7.07457	10.9497	51.6594	-59.0926	159.533
8.65907	26.8848	14.016	-1.64128	-58.2352	54.9166	142.964
-59.0931	-22.4092	11.829	21.4662	30.6856	56.9401	142.441
30.0655	41.1091	5.69713	-8.60665	38.3902	17.1446	122.729
-17.4222	19.6303	29.2873	-15.8509	51.4645	-42.0673	133.288
52.294	-58.8009	-29.4173	4.10741	-9.65938	-7.88393	109.603
-45.7205	-40.7689	-15.5418	26.6866	-2.00264	2.56928	141.601
-38.2078	-53.1502	-38.1305	32.074	-59.9992	37.1887	180.64
19.2046	31.4028	7.6517	-13.6895	24.0817	2.89476	107.318
-20.3786	26.8496	30.4136	-17.2894	49.7244	-36.7072	118.959
49.2289	-55.5471	-30.5195	5.71834	-54.6726	39.041	156.196
-17.6061	26.0538	34.3729	-24.0111	50.5638	-56.8297	167.641
56.2487	-41.5374	-33.104	25.6743	-58.9832	58.6623	176.382
-12.2264	26.7286	40.9767	-20.5649	71.1505	72.4652	171.7
51.4378	-30.9082	-12.4858	17.9892	-75.4502	75.2313	173.109
-10.1632	30.8523	12.7952	-19.4745	-17.9321	-25.0867	131.919
16.0568	-52.9586	-35.9249	-22.5433	-28.7327	-7.81431	88.5224
58.4018	-41.6346	-28.9548	23.6438	-0.226918	1.00765	53.0445
58.6948	-50.8414	-30.6768	21.7777	0.742028	1.45019	19.7383
53.2882	-59.8738	-29.725	5.77607	-0.129902	-0.285731	17.521
56.4591	-53.6398	-36.5614	20.2935	0.733139	0.285794	15.7896
48.7958	-57.9566	-25.8925	4.80505	-7.15347	-9.62191	108.171
-54.1153	-35.8517	-10.5554	22.5761	28.4538	25.6161	194.158
28.7692	51.3612	-13.1207	-11.6828	-15.7342	-8.56256	128.982
58.9892	-52.6262	-34.1292	22.7266	-57.1258	32.4819	105.727
-4.81007	35.0358	-4.9297	-16.3161	-3.00775	20.9061	108.575
0.795367	-1.58552	30.4527	-20.8941	-20.6124	-30.9818	86.2104
27.8795	39.4438	7.44423	-10.8582	10.3433	4.75089	76.7736
2.89508	27.69	20.1571	-7.91766	1.41404	18.4996	62.3331
0.575222	-6.95447	25.0854	-22.9964	10.4485	-14.197	68.8148
-19.4331	20.6496	29.8513	-11.2288	47.2644	-28.6737	109.915
49.8053	51.5547	-18.8176	-0.690877	-49.5582	23.1717	147.049
-16.7622	26.218	35.9024	-24.4816	50.4015	-62.6113	169.999
58.4446	-37.8128	-21.116	18.3234	0.0274207	1.83381	208.775
57.2348	-47.8168	-23.8651	23.9165	-15.205	-7.69828	248.987
-33.1577	-33.3905	2.45636	36.9394	15.5236	5.84626	279.996
56.3728	-44.447	-26.2457	25.411	-1.8022	-1.65612	254.139
-54.186	-37.1799	-14.9746	23.9017	-36.731	5.04539	247.63
-5.84467	-43.3557	-33.4117	-16.6932	-12.6971	47.6717	191.031
8.76961	22.0379	26.92	-8.11429	1.3121	-1.07344	68.2392
0.188666	30.0075	18.6319	-9.40592	60.4838	-50.1296	91.4104
-54.2737	-44.6405	-27.1899	25.8135	3.42216	4.32827	99.3517
53.3806	-59.9309	-29.6025	6.14473	25.1792	-52.2388	89.8621
26.9251	-4.9657	11.0909	-20.5826	-63.0883	-56.0345	151.751
-38.1945	44.1101	-3.55599	15.5784	15.7175	-31.6768	207.281
-59.0788	-33.2627	-9.8445	17.5897	-9.14752	2.61037	274.864
-35.4747	-39.4822	-12.7231	39.7477	12.7597	3.61713	241.75
56.7639	-47.9415	-23.3549	23.3487	63.4065	42.8844	162.863
-1.48121	32.805	5.55256	-10.9039	-18.934	-12.353	108.769
30.787	53.8636	-17.5047	-12.5012	-20.0206	-6.09069	75.2986
-54.0092	-55.5302	-30.5713	25.3335	2.4889	-17.3845	123.846
-59.2086	-22.4544	11.7865	21.3893	19.8226	24.732	176.857
32.3387	-57.3047	-31.3474	-11.9536	-14.9643	-9.56646	123.807
-58.7912	-39.2908	-20.179	21.9946	-0.367857	-0.0975277	34.6882
-59.4497	-39.2631	-20.3593	20.8235	39.3298	49.7397	64.5032
21.0797	30.5557	8.21751	-16.07	-39.4966	-29.5385	120.366
-53.692	-55.5453	-30.384	25.8066	-0.313826	-0.000509171	57.4033
-54.3881	-55.0047	-30.8704	24.5562	-6.39036	-7.09417	145.928
-37.5093	-37.0068	-6.0337	39.104	-5.15174	-6.4835	168.81
-22.6732	-18.4429	28.0359	28.0898	-42.4112	-13.9707	77.3646
28.2774	-1.7979	8.75437	-18.5805	-58.6085	32.9726	124.452
-34.7202	-34.2198	-1.21855	41.9045	1.22336	2.20329	180.46
-40.5456	-44.7659	-16.2487	38.1889	66.9644	48.6216	184.459
20.6724	32.1652	7.31189	-16.2899	-17.3367	-19.8336	116.202
47.6511	-56.4957	-28.1664	3.16802	74.8809	71.1956	122.883
-11.4251	7.3139	29.3737	-4.08836	52.61	33.9045	156.761
55.4923	-27.0592	5.96957	11.1535	-1.92002	6.91467	174.938
-59.0986	-47.4975	-29.1717	24.3601	-59.3878	48.506	179.271
-4.9615	27.8683	30.5146	-17.6326	59.9391	-69.055	173.164
-54.9482	-34.2556	-7.99018	20.2811	10.6824	0.138941	120.361
38.2926	-34.2709	-14.1542	-5.21981	-56.5228	22.4548	141.885
-23.5479	-57.1647	-36.5671	3.4703	45.1975	0.668743	181.415
42.7344	-58.1704	-30.4136	-6.18746	-61.2978	-47.8641	166.405
-21.7674	-14.7377	27.6573	24.8723	33.1921	21.0956	221.498
55.9023	-41.4568	-33.1897	25.2228	-59.6106	59.3956	207.21
-12.3067	26.4492	40.8189	-20.2599	-29.0575	-18.7135	133.267
27.566	52.1539	-14.8101	-13.3185	54.4989	-49.0744	137.741
-23.6633	-22.2083	23.7017	27.71	29.0828	21.0603	213.054
57.5196	-50.1335	-28.8258	21.6692	-4.6586	0.839322	140.551
-45.0935	-53.9338	-30.897	33.6773	-2.87542	-5.76558	168.862
-36.8839	-35.5378	-2.94031	39.8911	17.1776	6.1098	291.012
50.9719	-46.6041	-24.371	5.64193	-58.3102	-40.4551	244.146
-13.6689	-8.32923	31.4406	14.49	72.2598	75.4344	192.277
49.8346	52.7043	-20.7168	-1.37275	-14.9371	-15.7898	125.537
-44.4349	-40.0723	-13.688	28.8068	2.72005	-0.965657	155.307
-58.0736	-37.129	-19.3744	22.2986	0.261654	0.818742	232.853
59.0087	-42.1617	-28.2549	24.2675	-19.797	-10.7749	248.939
-27.4941	-24.4157	20.7049	29.1515	21.8334	16.655	262.383
59.2196	-49.655	-28.2991	21.7977	-0.602389	0.422338	136.427
-55.7204	-55.8249	-31.6325	23.8764	-31.8573	-33.3598	123.364
-18.3597	-16.35	27.9878	19.2552	21.3117	19.3595	242.381
-50.0428	-45.0903	-25.5101	27.343	29.9693	17.9658	174.688
29.0887	50.3282	-11.3727	-10.5416	2.59319	50.0097	104.469
26.3367	-6.38214	10.4648	-20.1516	-22.0109	55.6375	123.454
49.2841	56.2222	-17.4837	-1.55229	21.7808	-57.9316	131.873
26.9051	-5.01192	11.0762	-20.5763	62.9279	36.612	169.527
-32.2693	-39.0842	-12.2725	33.2334	14.7439	6.88741	196.481
58.7779	-53.2929	-34.8822	23.0473	12.7606	6.90168	123.173
31.3689	52.174	-13.1259	-11.8923	-24.4942	-22.2288	126.622
-54.1726	-36.9981	-14.379	23.7586	20.0323	30.1495	180.185
38.8458	43.1701	4.8705	-4.60095	41.5923	12.8405	137.611
-11.7462	27.2962	40.0515	-21.2692	57.2967	-33.0704	124.774
52.0757	-59.9197	-29.1441	2.60956	-20.979	-10.6605	159.179
-33.5422	-42.2165	-19.5331	36.4344	-61.5865	32.128	154.383
25.8442	46.8625	-7.53481	-12.0318	4.79926	13.3457	97.4451
15.1256	18.3176	29.1643	-9.8129	73.1253	73.3975	115.484
-42.4909	-39.1986	-11.5905	34.4152	13.0465	10.2546	182.018
52.2982	-59.9064	-29.3562	2.92848	-52.997	-46.1963	199.958
-17.2704	-15.7709	27.5071	16.8669	12.9337	12.8805	202.18
-41.6497	-39.5649	-12.0811	36.6571	-12.7435	35.1677	148.568
-24.8711	34.0556	11.6754	-9.85724	28.2567	-37.2523	146.831
-57.8179	-42.0127	-24.3953	22.3555	49.6738	-68.8367	171.891
18.7425	17.6094	25.1323	-15.6016	-26.0638	-31.6516	125.983
51.5324	57.4548	-21.211	0.0778504	-5.59723	-6.53189	75.2612
-53.0647	-44.5875	-27.3396	27.3224	-35.2535	60.5328	127.941
-19.6251	17.2558	20.0325	-6.43064	-1.22829	-1.69708	117.113
-11.7916	27.417	39.5782	-21.2571	59.2182	-56.1872	96.7251
55.7344	-42.7974	-31.4171	24.2141	-0.328693	0.774513	92.5526
57.3321	-51.3062	-31.8246	21.2433	-3.84084	0.850455	24.99
-46.5716	-54.0732	-29.7342	33.9461	35.3875	4.63777	64.5222
25.6369	59.7436	-28.4075	-14.9611	-16.8111	-5.64542	82.4227
58.1123	-49.4288	-27.3715	21.9899	3.05173	5.168	54.6021
47.3835	53.2565	-20.474	2.68036	-18.6245	-16.3114	114.356
-42.7459	-40.0955	-13.0369	33.8164	3.68204	4.40139	203.782
-54.0333	-55.4762	-30.6019	25.2688	16.4983	3.36982	143.172
33.2395	57.9734	-25.3169	-11.8382	-10.2349	-8.68489	63.2733
56.1728	-42.846	-31.5886	25.6317	-30.2939	-16.5979	155.338
-22.6229	-20.4503	27.0486	27.5343	36.608	25.4106	243.113
53.5205	-50.7342	-29.5744	16.1406	-61.3465	31.5807	186.031
-7.5428	38.5386	-10.7077	-22.5895	55.5898	-47.5674	170.003
-59.4062	-36.8865	-20.294	19.4333	-42.3275	-53.9247	196.738
-18.7483	15.5323	18.123	-7.53401	-0.248393	-2.10698	107.29
-16.2651	27.4726	34.1083	-25.3155	52.4939	-22.5278	80.8541
48.1393	51.2641	-16.9975	0.361386	49.8759	9.8911	126.04
-8.1396	40.0671	-15.1643	-23.2748	-52.0333	-21.9109	117.81
47.5685	-56.521	-28.1428	2.9884	-7.83293	-9.80286	160.079
-54.7457	-34.59	-8.27759	20.8495	26.6763	-3.70322	141.521
23.8235	-28.5409	-4.05419	-20.8357	-2.51288	25.6915	121.534
28.1376	51.0058	-13.1833	-12.0565	-13.7975	18.3408	118.442
51.2769	19.8878	18.5312	6.83158	2.2831	-22.5363	77.3237
47.2195	58.219	-18.8021	3.09888	26.3256	31.5796	90.1799
14.2953	18.4432	29.2596	-10.228	-26.968	-36.0737	105.683
46.6669	-58.2747	-25.8169	2.30989	-1.20211	-0.607204	63.6469
55.5381	-54.6105	-36.8287	18.5661	-16.1439	-11.1568	144.775
-35.4585	-34.5731	-2.10123	42.3613	-19.3329	54.3339	201.376
-14.8039	28.3214	31.5864	-23.2277	58.7637	-27.0839	133.342
46.7152	55.2209	-18.3724	3.64523	-2.06329	-2.35316	81.5594
55.9035	-53.6702	-36.6637	19.7117	-0.471602	-0.128382	20.564
-57.966	-54.1286	-31.6806	23.1353	41.8296	-36.9121	98.5394
16.8795	-14.7346	12.0745	-35.3297	24.3835	-52.7119	153.63
-8.67576	40.9164	-15.7072	-22.153	-5.82527	26.0739	103.045
0.503119	0.129799	34.1452	-18.866	44.1105	32.8377	122.409
-47.0991	-35.3007	-8.59636	22.1682	6.58186	7.63176	183.353
55.5871	-54.0197	-36.9005	19.1017	-56.9524	40.2836	178.962
-9.94444	27.073	38.9603	-20.7422	58.6308	-24.9903	142.62
51.452	52.384	-18.4427	0.767121	-28.2305	-7.04064	145.387
-26.828	-57.1424	-38.6696	12.139	-39.9373	42.703	140.438
15.2503	18.0598	29.2827	-9.98606	10.9512	-10.4054	93.1386
-7.69797	39.8968	-14.8683	-23.3606	36.0882	-19.933	110.858
-52.5358	-55.1996	-30.0911	27.6766	24.2742	13.0047	121.613
30.0364	44.808	-5.87526	-6.93179	-72.4276	73.4492	127.934
-32.8654	-13.1047	16.0737	24.1577	-39.6929	39.1551	174.767
10.0158	-54.8135	-38.9926	-23.5808	-50.8042	0.551712	146.462
-52.7932	-55.6335	-29.9089	27.3584	-23.4374	-27.407	179.172
-21.8029	-19.0311	28.1241	26.6787	47.9158	33.5531	232.058
48.1101	-53.9994	-34.3268	2.46454	-58.8668	-41.9167	213.458
-16.5094	-14.6891	27.2978	15.8343	-67.3982	-72.5365	183.201
37.8177	43.7972	3.87257	-5.08417	49.9058	15.4573	137.968
-17.689	26.4893	34.2647	-24.6223	-20.4914	-11.5558	97.4269
