-15.7177	-24.3943	-16.2787	6.96754	-2.52768	12.1942	123.336
-9.54586	-52.5188	-1.85217	5.93324	3.82193	50.2289	85.693
-13.9279	10.7509	9.11079	4.80027	-37.0633	8.5763	106.485
34.4389	-0.176214	24.4317	20.7491	-16.4456	52.2223	115.558
52.1427	-56.6242	-5.2791	-6.32697	1.04457	-0.516792	75.4812
43.0222	-53.9324	-8.82137	-7.67884	-36.317	-34.7664	122.46
-35.8193	-14.814	-7.61804	-7.10909	34.9001	-20.8211	193.832
40.5929	11.7005	16.7509	5.74531	4.09816	0.519975	98.114
23.519	9.36854	7.14098	-8.51201	18.0075	-55.2052	78.3851
4.75218	-52.4295	4.68022	4.08062	58.5101	-23.2587	126.53
-54.2079	-29.0123	-21.0801	-3.56985	6.51388	12.6511	96.102
51.475	-56.1969	-6.04396	-5.81624	-51.7995	-6.1018	93.6957
-11.1063	-49.1981	-2.8862	2.09366	-16.8736	-27.7817	147.65
13.0223	-10.366	-12.0944	0.995532	-35.0998	31.7372	177.591
54.0647	-47.0098	-9.2449	-6.30062	40.8032	-2.87568	144.378
2.71086	-43.6237	-1.62904	5.11199	-18.4543	49.9468	110.107
23.223	21.4395	14.9817	-8.64139	17.9147	-49.6658	117.102
3.38462	-43.5689	-1.64229	5.95819	44.0539	65.6059	129.8
-36.2645	17.1241	16.8187	3.58131	-61.2072	69.8825	151.808
14.803	-40.689	-4.42108	5.88999	-32.4527	34.456	135.757
52.5417	38.9049	16.3086	-5.00128	4.97874	-21.2823	93.1689
43.7464	-44.2503	-14.112	0.641792	-46.5027	23.7658	111.454
-24.8283	49.0926	-17.3446	26.9249	7.07217	-39.0466	144.472
-33.6443	-21.2557	-11.5577	-6.23064	46.3239	-17.5222	141.301
33.7756	-0.981701	24.8999	21.4255	-10.437	16.197	162.804
52.7098	-30.541	-26.4913	-1.44907	-37.8841	36.0608	180.424
-25.5611	49.1892	-17.3254	27.0974	-53.7737	20.1678	148.931
31.5229	27.9472	17.9045	-1.45786	-19.2462	-57.1748	123.253
51.2169	-32.9006	-26.8922	0.141136	20.0651	58.3521	125.49
30.6855	27.3851	17.8742	-1.8676	25.6397	47.4039	137.18
2.59593	-24.1165	-27.3145	-3.92902	-72.4857	-76.0876	157.246
59.3916	35.0685	15.0951	-19.4213	-47.7173	-23.7304	156.014
-8.47807	-58.5895	-15.9183	4.77878	-41.4265	63.8101	142.83
29.7437	2.7341	15.3606	9.74674	41.0777	53.5167	149.147
-10.5702	-49.1873	-2.47649	1.97319	-42.8079	35.1524	138.976
35.6414	32.7701	13.4559	0.0634271	-0.534735	2.60625	73.2421
37.6712	19.5389	11.5771	2.34057	13.3952	-20.877	53.6907
16.0161	53.5318	-0.154065	8.8518	-5.14822	29.2178	84.3068
23.7629	10.2169	6.57551	-8.58828	39.5967	-39.9684	104.309
-18.5946	53.1445	-11.675	10.6676	39.0673	9.66645	132.26
52.2661	40.6554	14.8068	-3.60196	1.22608	49.8915	128.68
50.6476	-16.0488	-13.2995	1.32011	57.9795	25.3018	168.204
-7.88627	-41.1758	-3.66539	-4.43842	60.1619	-26.9086	223.123
52.8014	-14.8871	-11.9578	0.351299	-34.4326	8.67146	243.022
-20.9429	-26.1606	-14.7974	7.65686	-42.1923	58.1788	199.472
19.0303	38.7103	9.31948	6.0972	-41.2543	65.9996	138.756
56.4723	-21.214	-30.0856	-5.09026	-56.6798	38.6583	176.101
-8.78073	-58.3891	-15.2288	5.51103	31.5324	18.3662	187.698
-50.3312	36.8768	27.1377	-26.5014	60.9773	-70.2706	159.641
18.8858	-24.7332	-26.2112	16.6082	-36.901	56.1087	143.23
55.0892	40.2666	14.5176	-14.5589	7.80588	4.17083	90.134
33.4159	29.3044	16.6122	1.62337	7.73971	49.5378	88.9366
24.7989	-26.6237	-26.4785	8.82662	-25.2488	-58.0401	131.53
50.3942	31.5866	8.14095	-0.0108908	-67.0138	56.2317	145.98
-12.361	-16.5631	-6.40474	14.5738	-8.94917	16.1033	171.013
4.85318	-46.2753	-5.35787	2.98916	-24.0412	-38.248	171.957
33.6721	-0.950479	24.7579	21.3251	46.2646	64.9374	154.772
-8.03565	-58.9439	-16.8443	3.60002	-67.4462	-50.5344	171.124
51.0054	-15.1428	-11.9631	1.43848	36.5692	7.00353	217.667
2.75246	-23.8849	-27.049	-4.1743	20.1345	45.9733	178.251
-19.9542	43.8554	0.822492	19.3249	7.42477	8.41027	83.974
-37.9324	23.7188	34.9713	3.36769	11.1751	-4.61394	122.289
56.7016	34.9164	16.5025	-22.4212	3.58292	-17.9738	129.913
49.5651	-51.2082	-7.51109	-3.58396	18.2442	35.3547	85.4331
26.406	23.5621	20.6628	-9.51704	28.6218	-57.1154	115.013
-2.21154	-38.9699	-8.93529	-9.30641	-21.9547	-43.2804	139.16
23.3022	10.5453	6.3038	-8.71037	-5.68788	-6.59052	99.1612
38.748	29.176	21.8363	5.04873	61.0555	59.3122	98.2562
-14.3568	-22.4386	-14.4993	10.2466	45.8157	47.4778	178.898
-59.401	50.8658	-2.63481	-27.7693	-47.6968	-35.7429	184.71
-10.1081	-31.9944	-20.9599	0.0817992	-57.4542	69.6974	156.129
38.4507	29.2018	21.672	4.87405	1.43219	-17.3303	110.14
35.4408	-57.0536	2.03271	-5.1343	46.8039	-39.4732	127.132
-12.6439	-16.954	-6.76294	14.6708	71.3878	72.2232	182.442
50.7273	45.8055	1.98667	-8.63717	-67.8103	-48.1308	163.118
-9.89514	-31.8812	-21.0657	-0.0538035	-35.4506	37.9024	131.892
29.7328	45.8179	-0.243633	-1.35528	-22.7547	1.4564	96.3689
-51.9259	43.5965	17.7198	-28.8426	13.479	-28.6264	83.7585
48.527	-35.4793	-19.2505	-5.27008	7.74585	-20.1985	131.857
35.1248	-0.938601	24.9897	19.6426	57.0278	42.5555	183.095
-19.1662	-41.049	-13.3319	-1.82746	-54.1337	-41.0123	192.846
33.6828	-1.49697	24.2872	21.8941	32.4556	47.8019	174.189
-0.79575	-51.6041	3.53871	-6.8241	38.7972	-44.3936	162.279
-41.3847	-5.54057	-8.13621	-4.05703	-32.1424	17.1479	191.057
1.57828	-27.8595	-28.7696	0.284187	-72.4636	69.5193	187.045
59.4436	36.4181	15.7368	-19.5988	37.9631	38.2889	139.297
17.7734	-5.29918	-9.25559	-4.55447	-20.5976	-1.36079	95.7819
54.4951	-2.63914	0.411948	-4.74297	-53.1097	12.9945	101.073
-8.17208	-16.8356	-12.6711	1.75602	-57.0506	-51.2194	134.557
44.2002	30.0638	20.8188	2.26284	17.3586	51.3471	137.26
25.0803	-25.7663	-26.7047	8.78966	-35.8922	60.6297	134.386
59.3895	36.1871	15.6799	-19.5255	-0.131388	0.13505	70.8047
57.2835	33.5477	13.6275	-23.483	-51.3488	-58.3847	94.0777
-16.164	-33.2343	-17.4259	-4.45822	-33.6263	-46.7008	170.169
19.654	15.8273	3.08022	-5.75915	23.0386	-46.5567	137.46
-6.06814	-52.1971	1.49184	-4.19939	57.1808	-29.0213	127.286
56.8629	-23.1908	-28.9025	-6.39895	-35.9072	-43.0602	179.585
-24.9283	22.8204	33.3471	-5.54941	50.8174	-46.4413	194.585
46.2876	-52.0833	-6.82267	-3.4966	25.8388	2.67422	125.516
5.2982	-56.4666	-5.76774	5.41308	-15.2128	44.5775	96.3889
23.3313	11.3982	5.61647	-8.34433	-9.34475	2.48154	80.3481
47.7785	5.35837	23.0136	6.51257	50.2952	55.9975	108.1
1.07571	-46.1274	-2.76022	-1.49358	-53.2149	-29.0203	188.796
56.0551	-16.6122	-15.274	-7.85326	36.1433	-51.0874	169.465
19.3421	35.3049	15.0477	0.996307	16.9142	-36.0545	114.204
-2.1151	-38.8507	-9.13628	-9.23799	27.2123	-53.1959	121.578
-30.3973	16.068	16.2742	-6.41564	-51.3101	-6.87758	128.803
26.9059	23.9415	20.3953	-7.73389	19.1823	-23.1244	102.06
-1.51695	57.8152	-13.0773	-0.628796	-41.5987	-9.23007	96.7443
49.8084	-51.02	-7.61666	-3.69417	8.82378	-9.72627	82.0278
29.7011	-29.4312	-19.1347	8.48574	55.6034	58.6679	101.6
-19.7653	38.1174	7.37684	18.1845	-68.5454	57.2331	147.855
38.4947	-10.3072	-12.4294	1.01481	-73.1363	-75.7915	162.429
-24.686	49.0237	-17.1525	26.8031	-68.0833	58.7192	162.764
32.9315	-0.678547	23.0621	19.372	-20.6978	17.3862	174.924
-55.0765	-27.1684	-22.4054	-4.8772	1.94357	-2.10313	210.727
54.8047	-18.606	-24.7855	-2.23767	-38.0588	52.8899	218.426
-27.4557	49.0839	-15.1912	23.7627	-51.0236	60.5818	177.986
18.6004	-5.54927	-7.12336	-1.67441	3.28201	4.63637	90.9834
6.77698	-21.0904	-21.5083	-6.22706	-2.39263	6.50829	120.573
14.701	-40.3561	-4.55023	5.9125	45.3595	-18.3813	213.247
-37.4225	-19.7158	-12.2999	-5.99602	-12.5021	6.0372	223.365
-10.0836	-31.9672	-20.9942	0.06869	56.0293	0.160544	171.256
50.008	-32.3485	-28.268	-2.16059	-42.5105	35.8121	144.134
-24.6061	48.9766	-17.0127	26.7249	43.8055	-15.2053	155.085
44.0844	-52.8923	-7.95808	-5.91732	55.107	57.6499	142.731
-5.51852	15.3515	21.1088	5.44573	47.8582	-33.1035	149.98
-55.5159	50.4114	-6.47097	-34.4073	-50.3244	-47.4019	163.408
-7.28012	-23.8208	-26.2522	-5.4575	-59.2984	-67.5474	165.887
43.0515	33.0075	15.6825	4.05103	4.672	18.3517	115.825
34.1159	-0.888629	25.2316	21.3585	-25.2279	-40.7939	90.8024
-56.6197	46.5608	9.95472	-35.6298	68.583	-67.7169	141.652
7.23964	-18.4597	-18.5291	-7.31977	-19.7582	-47.7825	143.758
29.4121	34.9777	10.163	-3.23348	5.47131	22.5929	96.9121
20.1691	-2.97036	-1.60642	-4.21432	-4.27408	-42.0856	91.4593
25.4973	49.1599	3.11838	5.04902	16.3677	50.6625	111.102
7.49499	-6.7114	-5.79859	-0.157358	29.6132	-28.1119	110.127
-29.6461	28.8592	34.5185	-0.815197	-27.4219	-3.40941	93.8781
12.5093	33.8615	15.4604	13.0524	-32.4342	62.9017	110.058
43.3323	-25.967	-24.6155	4.44349	-15.1788	55.6642	128.661
59.2572	35.0921	15.1298	-19.6128	43.5125	64.3137	134.529
19.5087	-23.1136	-23.9886	16.6622	-1.37137	-18.4239	159.415
22.3158	10.9917	6.19973	-7.64818	-20.4613	-11.6681	125.166
56.2438	30.6771	8.83285	-18.7675	-66.1745	-71.0677	127.307
-10.2	-31.4985	-21.5932	-0.0209997	16.0145	-38.7652	162.95
-29.9892	16.2959	16.9184	-6.77486	24.7815	-35.1601	174.752
-59.9704	59.5787	1.45648	-20.2039	67.6227	-59.0713	190.633
2.65059	-10.7287	-4.84533	-4.56411	-5.22559	-19.814	127.463
12.1551	24.7334	17.2249	12.965	-40.4663	61.9327	109.562
49.8761	-32.9445	-27.2273	-2.51458	-68.0039	-61.7391	166.148
-13.3871	18.481	23.404	4.65804	35.0538	-26.1354	177.445
-55.5665	50.4903	-6.651	-34.4109	-72.7273	-73.9468	172.48
1.45042	-11.4447	-3.95945	-5.513	61.365	-63.9816	175.616
-50.4877	43.1986	17.667	-25.9639	18.4244	-25.048	132.174
42.681	-40.8111	-16.7038	2.48341	-34.9385	46.7306	141.784
-40.7763	29.9642	40.2602	1.72428	74.7837	73.3141	184.836
20.8575	-27.3037	-26.019	16.4739	-39.5107	62.4664	156.922
57.5766	34.3037	15.2066	-23.5626	52.1395	-56.3216	139.327
9.81052	-34.0494	-15.7499	1.07502	-1.82082	-2.43388	84.8998
19.2696	-22.9928	-23.9114	16.6149	-32.88	57.7227	79.9802
51.4932	40.0628	15.4194	-1.63045	-22.4494	37.5682	169.036
-41.5656	-5.48301	-7.97968	-3.9191	-33.9178	57.1789	175.935
-7.9486	58.5575	-16.8143	2.90825	-50.9218	27.7243	133.455
45.636	29.1434	20.5611	-1.9905	58.174	-23.1144	124.722
-13.4552	52.6492	-12.5117	0.154733	-65.0862	-53.2429	156.837
43.6222	-21.082	-25.5914	1.9546	3.0783	-6.19308	115.075
33.7968	-1.58535	24.1126	21.8916	-8.81645	-18.2704	58.0993
49.8149	30.9523	9.19678	-0.486252	-47.7684	-19.7132	106.655
-17.0749	52.8675	-12.2619	8.48301	-33.589	23.6434	122.032
25.1976	23.2013	19.9968	-11.5015	15.6494	-27.4838	97.0463
2.62581	-57.4041	-8.80488	0.00407789	-46.9723	-34.7839	142.789
52.0906	-21.2931	-27.907	-4.82558	-61.7802	-67.0871	186.117
-16.3379	35.1924	10.6971	13.1054	-34.1545	5.24193	136.147
30.5083	27.861	17.3194	-2.37419	23.5353	-41.3669	102.913
2.90685	-43.9931	-1.8527	5.41966	-22.3794	46.7158	113.408
27.9416	23.7862	20.3149	-3.79061	46.8126	52.7786	141.017
-16.9325	-26.2646	-17.1104	3.61063	-3.5144	-32.4351	157.983
-11.7961	19.0344	22.5621	7.48262	-20.9672	43.9129	148.776
12.4418	-31.1552	-20.0789	-0.379597	-37.5135	-64.8123	143.468
47.2653	28.6184	19.0982	-5.58637	38.1617	-35.324	127.587
4.73255	-51.9222	4.74804	4.19031	17.6587	52.5995	117.868
-14.1291	11.2781	9.78221	4.59581	-38.3612	-16.3224	111.836
33.6334	31.8033	13.8244	-1.11119	17.0379	-16.9689	91.5961
5.35389	59.5382	-8.70905	8.20376	-38.9331	51.8651	104.328
44.2304	7.79842	24.5077	8.49502	60.1494	31.1262	130.761
-14.5122	-22.3834	-14.2208	10.3512	-12.137	3.54067	182.101
13.3257	-29.713	-21.5229	0.99392	-17.787	14.235	154.639
43.2555	-54.0583	-8.82581	-7.48991	-75.0389	-74.1472	126.153
-18.428	3.78113	6.81363	-1.30972	-12.4994	-6.07724	117.989
8.8651	17.2097	12.2533	6.23005	-56.2122	-33.1117	95.1308
-55.3839	50.067	-5.39097	-34.3273	28.1349	46.923	124.198
33.9376	-0.896824	25.0821	21.3709	73.1143	-63.2648	138.306
-25.5616	50.7995	-19.0813	27.6466	7.29183	16.2349	112.984
-39.2241	19.4867	29.1849	6.39285	66.5873	67.5075	126.065
26.0965	-35.867	-19.6894	5.34291	-63.3857	-60.2774	186.929
-39.7489	15.6166	20.2948	-0.631562	-8.93238	-21.8492	134.368
-24.7487	51.9859	-17.9593	26.0173	-72.4968	66.0733	118.742
33.8333	-1.61121	24.0466	21.8742	45.5776	48.8425	164.62
-11.1061	-49.2048	-2.88456	2.0985	55.0352	-32.2216	194.463
53.7452	-17.1176	-18.8522	-0.813044	-19.88	32.977	231.498
-40.7812	-59.5885	-22.0177	0.193044	19.0743	-28.8924	246.365
53.4831	-20.3215	-27.9719	-3.2546	1.76279	15.2361	213.266
49.4909	-51.2565	-7.48217	-3.55416	-32.7508	-39.8767	201.869
-33.9956	-6.98296	-11.2306	-8.44146	-39.2354	-1.62332	163.202
16.4417	-4.73194	-10.2928	-6.29996	-69.7334	-58.386	129.374
-45.2447	44.4406	12.1503	-14.7535	32.2836	-55.5313	187.995
42.7065	-20.1278	-26.5519	0.322299	-60.1062	-37.9429	181.941
-20.4354	16.1731	18.2838	-3.97133	-12.1973	-41.1672	125.473
-5.25284	-53.4245	-1.84363	-5.6225	-40.3775	-29.7057	150.732
40.5908	-20.145	-26.7102	0.834205	-38.0996	-31.9625	183.354
-36.3937	16.5017	15.5056	3.33182	-48.4276	0.645387	141.272
19.6103	15.6591	3.07014	-5.80345	-66.5325	-52.4655	133.387
-42.7511	-58.535	-22.9214	-1.43312	-51.6897	25.515	138.429
11.9787	34.4084	14.8696	13.0068	-14.0644	8.08921	93.4508
40.0504	18.2335	9.6966	2.79268	-53.7552	0.519084	93.8399
-21.3894	17.772	20.2437	-4.99288	-41.3827	-12.8166	114.459
29.2752	33.3897	10.7573	-3.5623	-0.112649	0.519386	60.3362
28.2909	26.137	16.4846	-2.95333	0.175927	0.361788	12.7555
24.6301	22.1181	17.752	-10.9435	20.106	-49.0615	63.9568
2.62321	-43.6569	-1.63178	4.89794	35.0502	-28.5802	154.437
-39.284	-9.93378	-14.0746	-11.1018	-66.8001	-62.2428	172.588
16.7694	42.378	8.09283	9.60728	-12.6149	31.1037	123.346
34.0712	-0.971417	25.1933	21.4318	4.65973	-5.37188	68.7833
19.7353	15.8592	3.03142	-5.8449	-6.73641	32.2954	97.6607
29.3654	-29.2049	-19.3699	8.57883	27.0887	-24.8897	170.194
-6.68815	3.28976	3.98197	12.4512	-58.1367	66.9564	175.096
42.9537	-53.3962	-8.33648	-7.40588	-45.2853	-31.3537	192.378
-28.2423	-19.7559	-15.1862	-5.62842	-73.1295	-71.9699	193.172
29.6549	37.2462	9.805	-3.43333	48.1199	-11.6629	137.83
-25.3798	50.3856	-19.0863	27.539	-45.5786	38.8605	118.793
22.0215	10.0947	6.3317	-7.07059	-32.5919	35.9346	149.57
59.5649	-31.0257	-20.7352	-7.93941	32.4705	-44.2644	167.962
24.1928	16.5472	2.28058	-4.73194	-43.5672	42.5396	169.464
-50.8345	-26.8131	-20.0316	-4.16493	9.04816	11.2693	119.866
49.8014	-51.0289	-7.61224	-3.69116	-0.607913	13.1169	60.2326
51.4513	39.7911	15.863	-1.50678	30.0707	39.4333	85.7063
17.0852	-5.02987	-10.3637	-6.30835	-53.3866	-63.0696	129.453
-55.7746	50.6736	-6.85772	-34.3503	2.43808	-2.74892	88.8872
53.0358	-58.0105	-2.05651	-6.76343	-3.35838	4.30859	35.4878
-54.867	46.6016	9.63181	-34.4135	-38.5392	-47.6107	114.116
