36.6556	-34.442	0.946993	-27.2697	38.5678	-61.2414	87.2055
0.124032	23.2237	6.91935	37.2137	-24.6106	50.0897	128.348
26.6409	-30.6931	-15.0531	-17.9403	-48.7529	-16.3272	117.658
-38.8373	-12.1997	36.7026	15.148	42.5243	23.8437	113.775
32.1206	-39.6498	-13.8049	-15.7244	-21.5336	0.897224	93.8205
-50.2862	-41.0344	2.93468	-16.2338	43.5773	-7.06249	91.1349
16.8822	-32.5023	-22.5662	9.66508	-24.267	14.5966	158.493
53.7963	-54.2301	-6.65064	-11.9032	-49.862	-23.0613	221.032
-12.3312	-29.6029	-8.73656	21.3378	27.3923	25.5469	236.969
-48.0929	57.139	-12.29	-8.67635	-45.0383	59.0581	216.776
-6.52099	2.0169	24.137	50.5488	17.3579	8.19527	185.645
-38.0045	-13.0121	36.8441	17.9189	-18.7831	-8.60159	178.366
-5.22881	2.44087	24.7639	49.9151	31.1019	30.5852	179.254
-42.6105	-34.9162	-13.5955	-3.8809	-58.1853	-58.898	177.148
8.32911	17.1307	12.0358	14.4833	-46.3111	-50.3925	152.858
53.3886	-54.1239	-6.94374	-12.2398	-33.7363	-3.01822	203.999
-20.2483	-50.3832	-17.3984	10.9494	-46.4989	-19.601	194.765
32.3619	-28.0662	-10.2386	-29.8076	-28.8068	7.94344	101.057
-45.3576	-39.9154	-3.13263	-13.3246	21.6202	-3.88575	81.9037
37.2531	-33.1623	0.383879	-26.6175	39.0151	-28.9558	93.8865
-7.56765	0.22993	19.6048	50.921	37.8804	37.1901	144.684
-48.9039	-40.9516	2.81166	-15.65	31.2518	0.699523	133.93
25.9655	-41.8229	-21.7747	-8.52384	46.7075	-64.87	116.782
-15.7768	16.4038	2.23355	34.3499	-1.91259	27.1704	113.828
-12.6537	-25.6654	-7.49159	23.6144	-18.4947	8.3682	78.4868
20.5489	-40.3421	-26.9053	6.5446	-42.5045	-6.27477	88.8841
-47.4519	-32.5331	-5.59512	-3.92781	10.7055	0.802243	79.4649
45.7435	-34.5784	-0.195858	-26.7387	69.0433	-50.6743	101.012
-13.9503	9.37396	27.4857	42.5384	52.2413	-68.1265	170.946
-58.9292	-51.8255	5.97657	-7.17194	14.2631	-5.55174	128.687
31.4179	-40.1475	-14.1645	-15.6353	45.7861	-59.8357	101.408
-10.7643	15.1356	10.0418	46.886	39.3447	54.9074	167.545
-48.8201	-38.6272	-0.684601	-14.493	24.2764	-31.4498	148.807
40.0727	1.53577	7.68788	-32.4932	-25.698	31.3374	102.108
-47.3987	-38.1422	-2.71201	-11.9165	-0.843896	-8.76484	75.6977
-45.4441	-13.8303	31.4466	3.54012	38.7995	16.2911	76.5922
26.5102	-34.2421	-10.9374	-12.2019	-49.7448	-20.0631	111.12
-38.8496	-12.2003	36.6976	15.1005	53.8593	35.335	123.42
27.1982	-47.5494	-12.4902	-5.00695	10.5658	-26.2437	107.381
11.4596	-7.66238	10.7966	13.053	45.7682	66.555	116.013
-29.3492	53.0261	-11.8161	-8.76514	52.2822	-29.5777	184.482
36.6707	-36.6398	-1.73556	-24.7988	17.264	-8.22309	146.841
4.70261	-21.2206	-16.1923	23.9741	-15.9299	36.4781	112.061
25.2518	52.5387	0.90288	-0.45953	32.3152	-34.4671	165.246
-12.6737	-27.6202	-8.14815	21.8273	11.5418	-30.6786	134.857
-28.7454	15.6715	0.050826	12.071	-55.3808	-38.8641	112.147
25.3617	53.4112	0.144565	0.348597	5.99282	28.9297	109.852
16.2615	10.482	18.285	-6.67634	-28.5824	-47.7552	103.881
47.0141	-58.0011	-3.38054	-17.0229	55.108	-51.1675	149.142
-4.11067	-11.0284	2.71342	46.6543	71.4789	72.7338	178.168
59.3166	51.4393	-19.0864	-20.0549	-61.0042	-70.0154	182.071
-10.1299	-10.4885	3.79029	39.5434	-29.2765	22.2424	141.848
28.8851	-39.8026	-18.9312	-16.7565	-15.2254	-11.8644	84.2495
56.6271	-17.7341	18.0076	-28.4443	14.3974	9.84028	69.4077
28.607	-36.9189	-13.6643	-18.1996	16.4483	-7.17948	68.1086
-2.56022	-22.9607	-10.1642	29.962	41.2904	6.79744	103.747
-53.4962	-31.5567	-1.92534	-14.3475	-9.30965	33.1343	145.459
-40.9424	43.2594	-16.9544	-5.90337	-29.7685	10.7453	155.201
1.28722	27.5593	15.208	29.4558	-12.3832	51.1288	137.59
15.2139	-29.0021	-17.8804	10.0047	-0.14585	2.12942	70.1721
15.817	-40.9082	-29.6442	19.5681	-0.972733	43.1131	79.5286
17.0023	26.6885	9.05803	-0.233348	-8.94346	55.6023	127.96
26.5496	-32.9048	-13.3664	-13.879	-32.5329	6.42383	106.653
-47.9774	-41.6162	1.78377	-16.2678	1.30365	-14.0165	76.7667
-51.2109	-11.3215	20.8016	-12.686	31.1158	16.6521	78.3138
26.7221	-34.1187	-10.919	-12.6838	65.5314	61.4249	135.748
-28.6672	34.1354	-6.14679	6.55442	-43.5889	-44.5871	175.157
15.8206	-40.9273	-29.6244	19.5524	-4.16138	11.5549	181.632
25.343	52.9676	0.609708	-0.147276	15.6358	-40.5874	167.857
6.16838	-17.9667	-14.4354	19.755	-4.95466	-46.1204	128.319
12.0625	36.554	17.1756	15.8847	43.373	47.1816	119.16
-31.3804	-10.8794	29.5996	22.2114	0.630403	0.46633	180.667
-35.1075	-14.9907	31.1606	18.5505	62.4022	31.6312	183.529
24.9262	-45.2834	-17.8547	-2.51966	26.0043	-44.3401	124.758
-4.00713	4.49307	26.6007	49.6212	-22.1118	26.0968	104.771
26.4665	-31.5471	-15.4354	-16.13	0.559493	2.90427	61.3559
23.0289	-45.2826	-18.7558	4.69884	6.39908	40.2217	84.3248
14.9803	24.4199	8.76624	-1.42456	-75.6133	-69.9021	158.567
-45.2085	-40.6751	-3.26911	-14.6371	-39.9664	-42.8505	178.925
-3.68175	4.45353	26.3801	48.9809	18.8245	9.52636	179.671
-36.1736	-12.5614	35.597	21.9306	59.2285	50.8067	180.844
29.8791	-58.4128	-13.5457	-4.83851	-39.53	-43.9138	176.988
-48.6494	-12.9423	24.8954	-4.90495	-22.5831	-14.0763	173.383
-13.8681	9.37157	27.4726	42.6104	33.4786	35.9261	179.977
-51.7994	-31.9513	-3.15753	-14.2589	-22.9812	-0.516652	173.705
-13.6128	-30.9222	-9.52816	19.398	-5.54526	-22.6702	120.829
-4.0288	6.89109	30.1298	47.4595	1.25472	-0.519355	49.1786
-13.8956	9.35416	27.5004	42.584	22.7756	13.3324	97.5721
-49.0795	-11.751	23.0256	-6.99559	-21.497	56.3442	203.429
-27.2225	50.1368	-11.8709	-3.3395	-39.0154	-53.8081	193.684
11.4021	-17.2338	-16.398	14.9815	-45.8277	17.3061	133.792
-56.0312	-36.9286	-1.79566	-18.3233	-39.5617	-45.8284	148.78
-15.6244	10.4854	22.0135	38.7089	20.1039	14.0649	183.502
-47.7675	-12.6681	26.0554	-3.85684	39.4287	17.4407	143.727
23.82	-33.9158	-13.926	-10.0924	39.4461	-45.4338	115.099
-16.8276	13.2035	10.0727	35.5331	-48.1093	65.6237	134.647
26.0007	-45.1929	-16.6815	-4.19119	-30.3943	-8.77066	117.65
-50.6159	-32.3941	-3.06707	-12.7956	25.3934	20.5406	143.446
33.4251	59.0009	-12.1405	-10.0439	-40.9451	-47.4573	181.639
-44.908	-13.2728	32.4395	3.71261	7.02069	0.958996	105.333
53.3156	-15.6758	18.2735	-29.5417	56.1815	30.3183	85.9336
-2.9927	-46.1483	-16.8696	11.9026	13.556	-57.2674	125.631
-16.9869	13.8471	7.82138	34.7823	2.94362	9.64435	87.6652
-24.3501	-11.1503	21.7658	25.0836	31.682	48.7465	136.913
-57.5335	57.7807	-17.9274	-18.5443	-65.9054	-58.1809	205.909
-1.36851	-12.6506	-2.10169	40.8877	-24.7863	49.0546	167.532
25.7036	54.5805	-2.50871	1.43368	32.7644	54.0034	136.356
-7.40302	-0.0498598	18.7698	50.9132	-39.097	32.1648	121.012
36.8595	-36.175	-0.602423	-25.7111	60.7042	-55.8297	130.037
-16.808	13.169	10.2039	35.5922	56.4858	41.9194	150.499
49.5011	-27.1306	-4.85623	-24.3567	-59.8152	-38.1181	150.716
-13.8602	9.36616	27.477	42.6161	35.5225	19.478	152.658
-58.2952	-15.4557	17.0986	-23.1218	-35.5418	-19.5181	159.074
-13.8588	9.36838	27.4739	42.6177	20.2161	14.0059	170.214
-46.1424	-13.6147	30.8543	2.15644	52.6644	25.0013	152.048
18.3589	-39.8119	-28.502	10.9224	-20.1098	-10.2212	99.8619
52.6764	-22.3803	2.95068	-24.0669	-29.8572	8.78964	116.921
-24.6872	-35.2705	-13.3616	14.4052	-32.5107	-7.40829	125.041
20.7625	-24.9305	-11.5581	-6.31914	-24.3067	-5.96376	86.7882
59.781	-15.3515	17.2018	-23.9437	18.1393	15.5336	79.7375
29.6366	-40.9705	-16.5528	-14.3199	-13.4858	-11.9141	74.0404
55.4818	-18.1471	17.3202	-29.8069	55.908	-53.1161	104.914
4.29338	30.2342	23.5311	22.5324	45.5963	-43.5563	176.743
-41.5728	-45.9605	2.99227	-5.26127	21.9439	7.82771	219.977
41.6347	-58.4115	-7.68318	-10.358	-12.32	-8.61906	219.722
-52.4609	-41.2527	1.84251	-17.7877	-24.8508	-58.7362	218.233
-27.7852	17.8875	0.371357	13.6051	-4.43104	-0.43241	129.94
-10.07	19.1465	4.08857	42.6259	29.6408	25.3004	105.936
-48.1392	-13.4462	26.5388	-3.03793	-36.3349	-16.5536	165.352
-2.33196	7.80663	30.9767	45.0232	71.869	59.091	155.247
58.2505	-41.4346	1.46251	-14.8917	28.4737	-1.01379	121.189
15.1658	-39.719	-30.0658	20.3263	-41.7904	46.2856	127.882
57.8462	33.5143	-5.94529	-18.9044	-14.2204	35.5915	134.63
-43.8417	-12.8692	33.3891	4.18406	49.4469	11.1601	107.069
20.3116	-25.2452	-11.9831	-4.92456	18.9985	-10.3556	94.6189
-12.4321	-7.13686	6.59021	40.5266	-60.1256	28.1577	102.893
46.8574	-34.9175	-0.966085	-26.7961	-65.3993	-56.1767	145.755
-16.9932	13.7437	8.13865	34.8435	-38.1171	-62.4765	151.722
18.9682	-47.9875	-14.4409	15.9838	57.2507	67.5833	151.01
-29.9626	14.7568	1.95219	10.9136	34.3737	-46.8773	177.067
54.1502	-55.937	-5.846	-9.56225	-36.9822	31.7861	183.625
-23.7368	27.3034	-2.4841	26.975	25.6951	53.0912	194.869
-50.2106	-28.1757	0.392606	-10.0935	-15.2574	-37.7849	220.69
-31.4949	19.5064	2.44507	14.1811	-23.7628	-17.083	155.592
4.09388	44.771	10.934	13.8793	60.8365	-50.8942	142.601
-50.6938	-29.6583	-2.2534	-12.3252	-15.8061	-40.7574	211.711
-31.9257	19.9985	1.34306	12.8464	-7.18298	41.9488	165.265
-22.8668	-31.7238	-8.53421	14.5037	13.5757	-8.5492	147.222
-49.812	-14.0798	24.9948	-5.9609	33.6858	20.7598	145.411
26.98	-40.601	-22.0237	-11.6815	-27.3261	30.0535	140.227
-58.3013	41.9224	-14.3304	-15.1455	-57.4247	12.0839	151
1.59774	29.0204	19.939	25.7813	58.7945	-72.0409	154.834
-47.0069	-31.1415	-6.17347	-0.951146	-62.9801	71.5006	185.371
4.5114	30.3044	23.5198	22.3968	52.414	45.7292	174.726
-45.5569	-13.8759	31.2962	3.441	2.5823	11.2159	110.204
-52.1646	-40.5552	1.8502	-17.9162	-42.8327	-23.5888	103.624
-3.22272	-13.2096	-1.3513	44.4572	26.5437	51.5706	147.574
-31.0751	52.5731	-13.0223	-11.8871	14.3402	-47.6443	194.545
-47.1487	-13.4207	28.6646	-0.643231	41.0784	14.4418	176.219
22.6847	-30.855	-17.7226	-8.48566	-35.8714	7.96971	101.982
-49.5759	-41.319	3.18973	-15.9046	-1.76532	-11.6629	76.7825
-45.8659	-13.6569	31.2355	2.73669	-3.73083	-12.3201	56.7979
-37.4236	13.9701	-0.416155	4.98889	-20.0353	3.64238	113.758
-2.01333	7.07714	32.0489	44.2255	69.7925	50.8837	159.345
58.0809	-36.9133	-3.18359	-16.496	-47.5807	-49.6318	163.059
-16.2468	11.2793	17.7431	36.9598	-25.7718	-24.5256	136.602
18.7182	44.1916	9.13057	3.53966	24.5447	-42.0647	125.421
-9.77863	-27.7747	-10.5611	26.0517	-21.5963	10.8123	117.024
25.7954	-45.2192	-16.9325	-3.95769	-54.441	-28.3336	102.436
-38.5609	-16.0735	30.1948	16.7271	45.8102	20.7614	119.889
29.4593	-39.6451	-17.8312	-17.2022	-21.5478	-0.168665	94.7007
-52.9171	-39.2101	2.18972	-16.8835	24.8543	3.11042	78.1363
26.8817	-44.2046	-17.7742	-6.63643	8.59459	-13.3479	72.6746
9.77858	-16.9645	-16.4899	19.0886	-61.4275	46.7624	127.79
-54.0891	-59.5475	-11.0025	-19.4351	49.1796	-31.2117	197.411
14.045	-27.1278	-16.1912	10.4897	22.6792	-38.8752	155.755
-12.9692	19.5933	-0.679646	37.4203	12.6444	23.7144	95.8281
-32.431	-17.4668	16.7368	10.4476	-8.44286	-29.6318	86.6937
-20.0886	25.6353	-6.11972	32.5837	-73.326	74.9802	126.932
37.2148	-33.1554	0.37375	-26.7007	63.9959	50.4252	176.728
-19.7899	42.3786	1.64504	27.4034	20.9137	51.9222	207.364
-41.8514	-13.4516	33.6974	5.61451	-17.6916	-20.1788	211.035
-14.9358	18.1451	-0.89246	33.8054	-57.8658	-71.0485	176.146
33.7225	-42.6187	-9.27601	-11.8167	36.3042	54.4343	153.437
-2.49698	23.7313	4.86694	34.7795	-25.259	-44.3564	151.696
26.0989	-46.796	-12.2151	-2.11049	69.2161	66.8444	162.873
-30.5883	18.8965	3.25961	15.4149	69.1031	69.7305	172.482
33.8021	-37.6761	-9.06561	-19.2423	36.0463	-45.5102	146.98
-4.26784	10.3284	18.2982	42.949	-19.2581	40.1652	115.019
19.0192	-38.1165	-23.9918	7.63376	7.66328	-31.6605	99.8279
8.12241	6.6531	14.9865	21.2947	-63.4379	50.1302	118.249
-55.3197	-38.1802	-0.753282	-17.9053	-46.8623	-36.7556	153.466
-6.95436	0.253145	19.4967	50.9324	14.2804	7.40252	174.417
-35.0846	-14.9778	31.1626	18.5377	52.5782	22.0057	153.822
28.8798	-38.3081	-17.8035	-18.7325	-77.0407	-75.2358	144.681
-31.7085	19.8473	1.74127	13.4917	9.67032	18.4546	192.632
-48.1338	-12.9729	25.802	-3.94918	-52.7502	-18.9651	175.643
8.08337	7.51619	16.0594	21.9058	-55.2154	20.0684	128.623
-53.991	-13.5289	18.8435	-17.9388	-45.9774	-17.326	132.214
-1.67582	6.49309	31.0111	42.3881	24.3123	-38.8664	124.901
-30.348	52.6264	-12.4614	-10.9502	-55.0059	-7.73154	114.199
28.9782	-59.2336	-13.2545	-2.69384	19.6737	25.8374	105.852
0.970973	24.3132	8.60512	34.5896	0.739825	1.16699	55.6078
-4.06497	16.0957	12.1599	38.5076	40.6786	-37.2344	96.0908
-47.6749	56.5763	-12.3367	-8.15634	29.2064	-12.8552	196.829
30.5533	-45.5907	-13.741	-8.13879	-56.1922	21.0358	226.739
-31.2737	52.9874	-12.7747	-12.1778	19.3569	9.34212	204.775
55.5625	36.3672	-4.73614	-18.9627	40.6333	22.7031	143.318
7.55736	9.71849	24.1711	25.3404	34.6652	16.7904	133.445
-36.9741	-12.0274	36.1445	21.1627	32.911	51.7578	153.897
49.0522	55.2374	-12.844	-13.3824	-40.7938	9.11515	145.812
-20.4442	43.6606	0.869832	25.7031	22.582	56.3701	183.633
-43.299	-14.4097	30.3106	4.7917	-58.9453	18.3762	176.122
16.6149	-33.1594	-23.2781	10.9855	-32.8915	14.6217	173.041
-59.1329	-52.3466	5.88467	-6.89141	69.3448	72.08	190.32
5.2889	9.80326	25.2223	31.4229	62.8094	59.6875	163.993
-48.5608	-41.5941	2.53272	-16.1542	34.1679	-6.74269	131.375
24.7591	-32.2578	-16.7657	-12.1967	-22.2631	12.8157	153.739
-59.658	-52.266	5.82776	-6.4788	65.0399	59.3066	181.42
4.76546	16.948	8.24546	28.1109	-20.0759	57.51	137.887
25.5761	-42.0927	-21.8456	-7.14589	-37.2221	0.447587	111.631
-45.3954	-42.4344	-2.17043	-17.212	-63.2614	-64.5031	135.362
7.64378	12.0586	22.403	25.1084	-0.565439	15.3023	118.151
9.12819	-19.7254	-14.5077	18.1262	-7.67587	8.31826	58.9765
27.7742	-39.4706	-20.4905	-15.1951	19.1224	-52.9407	87.4889
7.19832	17.2434	10.7411	18.1045	31.7506	-29.6147	113.183
-31.5266	53.2113	-12.5616	-12.1368	-44.6359	-61.1605	129.002
9.8209	-10.736	2.48946	17.4628	-9.92151	21.2635	115.062
26.2325	-46.0174	-13.5049	-3.1487	58.2819	43.1209	135.804
-28.8004	33.7288	-6.06765	6.51911	42.1852	-24.6804	174.08
43.0178	-57.9858	-6.15945	-10.5331	36.4159	43.3646	137.694
4.02938	15.7442	8.75327	29.3322	-64.7933	-70.6938	142.354
57.1673	-46.5087	-2.96448	-11.7131	-25.1999	58.3578	148.399
-37.4959	15.0307	-1.05631	4.31208	-37.3192	7.23021	138.863
10.8469	5.31905	16.4484	11.7324	30.2512	14.0948	118.675
-31.1427	-14.3365	22.8414	16.9472	-60.8409	34.8158	113.582
27.2779	-47.5868	-12.5533	-5.24291	-30.3071	-4.1088	111.637
-48.7317	-41.4441	2.77347	-15.996	0.975593	0.171815	54.0815
-58.2594	-43.0634	2.39562	-14.8217	28.9385	-1.88715	52.8974
18.6037	-40.1807	-28.8204	10.4635	-4.83661	-1.61434	62.1752
