-53.1539	-20.7594	-18.6241	44.9431	-26.5597	31.8909	262.298
-20.269	59.7135	50.0786	2.91332	50.4485	-7.52186	182.707
43.2966	-51.9377	15.7017	-1.99283	-44.9771	16.9352	119.703
-24.7162	48.3707	60.3378	26.509	6.30765	-14.6879	88.0883
-37.8052	-41.8853	-15.4753	24.3433	-66.0232	58.7415	113.77
18.3215	27.8591	-25.7901	-30.3545	-48.7757	-13.8243	138.565
-46.5819	43.564	35.3853	27.6045	-5.21858	-20.8334	94.6147
-37.8066	-40.1587	-14.8407	24.2629	10.1268	4.48426	64.519
57.4854	-51.5212	13.3521	19.4255	-46.945	13.9828	95.3252
-8.74425	52.5007	54.3571	-11.2403	-12.0213	27.1283	112.027
9.30545	12.4859	-33.1259	-45.9095	-55.3327	-64.6832	117.904
57.2932	-51.1752	13.3835	19.5267	9.09146	45.1683	128.649
46.3985	15.2789	-35.5987	8.04634	0.832657	2.36172	67.5302
41.9685	3.17702	-29.6197	9.4576	-41.4721	33.8792	107.836
-32.3842	-33.567	-18.0115	9.95648	2.06887	-8.96207	191.859
-38.2839	-10.2979	-28.9783	27.3107	-54.9431	58.9488	194.943
10.7187	57.3013	36.801	-24.2594	-11.5782	35.3142	147.181
26.1493	10.637	-33.4721	-12.044	-4.95573	3.68667	69.2956
42.5401	-1.07682	-23.1383	2.32548	-66.3108	-71.3135	108.391
-23.9059	56.9921	50.6743	12.6576	-19.8503	1.90262	124.457
12.121	53.3279	39.3371	-30.2319	19.5505	-24.3352	81.2961
-16.2742	-31.6546	-19.0401	-36.8409	-70.5198	-54.729	140.245
43.703	14.4634	-40.2832	7.032	-26.4879	38.2668	176.64
-45.1216	-30.2589	-20.5265	36.6068	19.5861	-17.8564	179.137
44.0266	-2.91654	-23.7665	3.04457	-53.4552	-53.8238	167.594
-26.7504	46.7619	56.4433	36.8657	44.3346	49.7564	135.532
49.6027	-2.20712	-23.6645	23.0225	1.81299	2.33287	79.5689
41.0833	-13.2807	-6.08623	9.8242	1.14828	-5.60761	33.8644
37.5973	6.30438	-33.8197	2.27918	-57.3642	36.6408	121.087
-26.6167	-29.2674	-15.8666	-2.34999	-3.10091	25.8269	223.812
-22.2218	49.8583	63.33	13.673	8.66123	-30.0429	239.079
-34.1096	-26.8426	-14.3155	18.4659	-22.2781	24.241	212.076
-3.40716	58.9774	44.9549	-10.3132	18.1187	-16.6938	190.806
-32.2235	-33.6969	-18.1981	9.57195	2.55027	0.23033	109.166
-46.1231	-35.1556	-19.6544	41.5055	-45.8388	15.6156	83.5446
6.68323	-53.1781	46.0389	-21.5093	15.998	-11.8142	105.478
-22.0338	-31.6179	-18.8663	-23.3931	48.4242	-23.6794	151.793
45.2209	-5.98757	-17.446	9.52525	-6.5076	-2.64185	137.519
-54.9664	2.70662	-13.975	58.2703	68.1676	70.747	105.414
9.76533	-54.3326	44.2367	-23.8546	46.8434	-43.7443	189.6
-36.991	-10.712	-28.9817	23.0798	-4.63251	-54.2764	165.156
-32.1078	48.4205	49.0433	35.627	16.4712	-30.6814	106.702
-54.6438	-29.9154	-20.2057	39.1886	-25.4048	24.5328	139.514
-20.5215	56.68	57.9986	9.16039	1.68188	-15.7245	124.388
-23.5602	-31.2217	-19.6843	-17.6275	-51.5995	-65.0991	110.001
21.9524	25.7295	-25.0959	-11.1603	-74.0611	72.2934	163.851
-39.6962	-30.9714	-11.8889	25.2878	44.7031	22.391	142.991
29.4646	-56.5256	34.4921	-12.5781	49.5048	23.4804	116.226
-24.1395	38.0551	17.6298	19.396	-30.2857	6.46351	104.246
19.8273	28.8512	-27.3131	-22.3061	-66.8904	-65.0139	122.287
-44.7891	-37.127	-16.6058	39.669	-16.6441	17.4545	175.027
-18.0676	53.9505	61.4036	1.12791	55.3546	-41.2457	175.598
48.8349	-26.0683	-10.2166	29.0555	69.9777	60.1992	155.032
-9.62691	43.6767	35.5215	-24.2178	7.72996	-36.3272	126.175
-19.6159	-28.2684	-10.4268	-29.3117	64.1467	-50.4996	147.489
43.5556	16.278	-42.4916	2.49001	9.79425	27.4051	141.785
28.7143	-24.4826	-6.33406	-13.2158	-27.341	6.57822	161.547
-49.7211	-33.8651	-14.5983	42.0026	32.8627	-0.111396	164.358
24.0893	-33.9714	2.6552	-17.3353	56.7347	39.942	122.377
-30.2125	47.4496	53.8696	40.796	5.8443	53.1539	134.864
-36.8247	-10.8528	-28.8126	22.602	-13.8025	39.3975	183.917
-19.7985	-59.5669	46.0978	2.27549	-22.9362	18.5393	169.125
14.3447	32.8633	-13.3234	-34.7269	-63.8469	-63.5117	119.947
-51.8483	-33.3753	-14.0132	40.5481	-21.4159	18.0201	168.261
-19.7833	58.9125	55.4809	4.50745	47.4161	-33.1934	170.858
50.5671	-25.8994	-12.2236	28.6189	-9.95888	-29.9847	157.313
-55.347	16.7186	-12.0484	41.6333	33.8659	-7.81872	126.144
18.4365	27.6457	-25.6657	-30.2571	27.8928	-27.7807	97.8348
-17.1387	-56.7322	34.7252	-2.01893	12.0775	-18.9569	155.376
-37.1522	-24.5686	-12.7766	23.3121	-11.4574	33.82	219.613
-22.2749	49.8459	63.3383	13.8377	62.7464	-58.3555	210.357
43.6333	-19.6455	-13.3623	18.4555	-67.7	56.7141	190.925
-18.7806	52.1737	61.3131	5.55222	1.7918	0.448574	205.717
-28.2839	48.2268	56.85	37.8594	-3.44517	-4.19663	220.794
-17.4866	-56.7812	34.5686	-1.66359	2.6669	-9.06171	135.162
-24.0593	-32.7282	-21.5517	-14.0598	-2.10765	13.2474	54.8474
-19.3122	57.7384	59.4305	5.71907	67.8287	51.3109	105.565
41.8498	13.2128	-39.7316	4.2914	-28.2659	40.5368	156.35
-45.914	-32.8079	-19.5962	42.8899	-16.5782	17.7625	178.623
-19.3399	57.8506	59.3196	5.70193	67.0967	45.8745	171.029
41.2768	16.9866	-46.1772	-3.74721	-68.5813	-50.0574	147.869
-19.3609	-59.2777	44.7469	2.26607	21.4225	-20.0321	168.24
-50.7501	-29.515	-24.5078	46.5659	-8.86213	34.1321	141.263
-39.0024	44.1638	40.673	35.0623	-21.2318	38.4612	153.141
-13.5339	-2.34645	-32.786	-24.8858	-49.092	7.32082	162.037
42.5487	-10.5788	-12.8142	11.066	9.22544	11.4813	155.089
22.6919	-34.1971	2.58542	-22.1413	-25.2598	-58.6659	164.917
48.1935	24.3747	-24.5773	3.99488	-46.8986	-24.2277	140.151
-20.3015	51.4171	61.2601	11.4	2.44999	0.65428	182.349
-31.6683	47.3686	51.127	39.0547	49.3904	36.4896	171.681
37.6072	10.052	-39.0363	-2.80452	-59.9786	-43.5392	132.115
-26.4388	50.6712	59.3162	31.1195	24.9948	54.287	131.285
-52.5198	-5.73241	-15.0921	52.0954	57.9248	52.3976	151.923
14.8869	-52.9681	37.6532	-19.0593	14.6268	-14.0024	125.948
-11.2832	-28.0052	-21.5396	-29.1423	-49.0466	5.87512	92.7134
44.8458	-34.8664	7.69741	6.03783	-4.23675	-54.0923	117.936
49.2631	23.9031	-25.8516	5.72697	-16.3554	-1.78966	94.2175
-38.1496	27.8698	13.75	33.3577	25.5763	23.3725	80.3008
46.6995	-4.03787	-21.8713	13.5662	-25.2436	-22.847	94.5649
-38.3856	27.5628	13.3459	33.4989	38.1945	-31.2511	103.538
37.7849	-56.8677	24.941	-13.7033	-44.9586	-46.7981	142.824
-37.2312	-10.6072	-29.1046	23.8766	-13.1438	46.9624	210.66
-22.4042	55.6103	56.3561	13.2779	26.2583	-7.66213	205.115
57.5731	-52.6654	14.599	18.5257	-8.71537	-20.7278	167.125
-47.8502	-17.7179	-13.0093	32.8648	55.3418	-49.4878	155.474
20.6571	28.4832	-27.1172	-17.7736	-66.112	71.9319	151.073
-45.6145	-29.7144	-21.6199	36.8385	-43.99	13.86	152.199
6.07645	-46.3568	26.2985	-17.8997	15.5181	17.1688	108.98
-19.7148	44.8262	48.1014	6.09545	45.0706	38.5333	122.253
53.598	4.69071	-33.0059	26.2846	-58.954	-49.2185	163.899
-12.7875	49.9025	61.2095	-10.7163	58.8063	26.321	147.328
48.7526	23.3886	-26.7564	4.83549	-41.5616	61.1777	141.079
-32.5449	-33.4563	-17.8269	10.3305	2.06359	-0.290237	86.6131
-45.0683	-32.7648	-18.8221	40.4429	68.9109	-55.7591	105.9
16.3327	14.5596	-30.3156	-35.916	-24.2493	-48.455	152.569
42.8734	-52.5103	16.1788	-2.94199	-51.4116	-19.4444	127.097
-21.6978	-31.5587	-18.5458	-24.4846	-31.2309	-21.4964	168.921
19.2947	-3.90456	-15.3231	-24.5761	57.2268	-57.1737	187.045
-31.5419	47.2242	51.4472	39.679	-4.08632	-4.87338	194.912
-19.3067	-57.0752	33.4917	-0.409037	0.233138	1.33995	119.153
-19.5704	52.6775	61.0913	8.9718	35.1305	48.366	107.816
-55.853	2.57353	-14.3535	57.8148	49.7122	56.89	179.555
18.0708	-49.6087	33.0492	-17.4424	31.4185	-17.1657	130.008
-24.1275	-26.6936	-8.44361	-18.4586	63.9199	-48.0531	147.497
38.7558	16.2242	-48.3582	-2.4387	-41.8017	47.3244	183.383
-39.0322	-31.2629	-11.9189	23.4041	41.7449	-47.6478	167.683
38.6987	16.4031	-47.8961	-2.12951	-67.5838	-47.8722	157.73
-21.9254	58.7532	51.0064	5.68972	-0.830631	1.60061	85.9949
-15.8839	48.3347	57.3251	-4.9223	28.6179	-39.8555	110.728
-48.4911	-25.8281	-17.8677	42.5276	-25.7637	52.9223	207.366
-21.9507	38.7017	18.6124	10.9409	-31.4242	-1.29298	153.956
23.2803	40.6988	9.26326	-27.3592	-70.1192	-64.3108	123.392
-39.2213	-26.4224	-10.9994	23.6005	62.7921	37.8799	146.896
21.9056	58.0183	29.5957	-17.7365	22.1027	0.337514	106.576
-15.8894	57.6149	57.0633	-1.57516	56.8008	36.1594	111.669
48.912	22.1498	-26.0302	5.77847	40.9619	-42.2294	135.54
5.93082	-53.6278	46.1402	-20.0677	45.5623	-18.2363	132.848
-46.0099	-32.784	-19.6677	43.0926	-9.50025	49.3706	128.144
-35.4672	31.2359	16.2975	31.8468	10.3459	-55.6373	117.464
-46.5282	-29.2838	-22.8297	38.9892	-3.40411	-2.21953	173.917
-32.3291	-21.8089	-15.276	17.1057	7.4676	45.6585	180.435
-41.2295	44.6153	40.4308	32.631	58.3849	17.8124	129.741
18.8368	26.1185	-22.4554	-29.3974	43.5552	-17.7406	135.177
-31.8037	47.0649	50.9311	39.3783	-18.9278	-7.10366	159.941
1.64499	59.8302	36.3212	-9.0706	-54.0356	53.4819	157.491
51.4758	10.663	-27.8831	24.1436	25.0099	39.9062	149.379
21.954	-35.6561	4.61592	-22.7238	-37.7288	-59.6761	152.346
58.1429	20.9791	-17.8536	26.1022	-22.4486	33.3888	123.844
-33.4565	-21.2291	-16.0529	19.2054	-23.3326	30.9994	171.566
-3.59316	59.0329	45.0987	-10.1577	6.6251	-17.2491	155.27
-15.829	-28.6263	-14.9334	-33.8191	-10.9783	17.236	71.2546
3.81309	-59.5997	35.5491	-15.4475	-34.3015	-38.026	123.091
42.2223	-17.0088	-10.1839	14.0424	-0.76149	-16.8477	119.803
43.5402	16.3537	-42.5067	2.25651	-47.045	-31.5857	93.7594
-26.2419	49.862	60.3276	32.115	12.7539	-30.5531	106.656
-44.3247	-27.5318	-17.7865	31.1526	-60.3882	42.6852	121.65
11.8032	52.4641	39.0063	-30.8146	-16.5403	-49.1847	143.337
30.4596	-12.8973	-13.6833	-13.2061	-6.39703	4.91332	176.486
48.864	-25.9554	-10.3251	29.2338	-64.8031	46.6447	183.531
-13.2394	51.9652	59.7533	-8.97899	23.2988	-55.7205	189.808
-36.9435	-10.5185	-28.9626	22.8083	-8.48445	-55.6017	175.046
-28.0471	49.0758	57.1839	36.1922	12.8367	-28.4685	105.128
-46.6347	-30.0822	-23.5115	40.6001	-62.4698	39.401	116.963
11.4766	52.9485	39.7781	-30.233	60.9614	-31.8173	140.816
-47.1723	-36.0778	-16.0026	38.7369	-4.65404	-52.2152	131.273
-42.1855	21.5744	0.940811	38.3942	26.7613	26.1776	111.675
42.5533	-12.6346	-5.80392	14.0444	60.1184	66.669	130.745
-8.30371	51.1994	54.2634	-13.8921	31.7464	-30.3549	171.331
-46.462	-32.0488	-20.7146	43.3905	-19.8283	13.8074	180.702
-14.5232	-54.9364	29.0983	-5.31813	-60.4369	-52.7476	181.932
39.7435	-7.91629	-21.786	4.21678	-41.433	22.5916	196.662
-31.838	-33.9388	-18.5926	8.7236	-3.46165	0.915857	211.782
-17.7898	-38.8259	-17.5813	-32.4244	-52.4904	-69.2066	181.832
27.5656	20.482	-24.9261	0.492083	42.0161	38.5131	136.365
-17.2482	-20.3084	-21.7436	-23.2821	-2.42362	32.8922	134.97
-13.6237	53.9746	56.8671	-5.68058	-75.1782	74.7909	156.936
44.8277	-4.33859	-22.9283	5.70705	-13.6852	14.1377	180.556
-50.3469	-29.5449	-24.7959	46.8654	-29.7443	31.812	190.735
-14.5057	51.4837	61.469	-8.11538	-20.1628	13.7571	132.669
18.6306	29.2134	-25.2173	-26.7612	-0.770465	17.8809	74.0163
19.7897	-4.85858	-15.9942	-24.1915	-22.694	15.9611	136.38
54.5811	-28.669	-15.2812	31.6542	-64.9488	55.2085	182.274
-9.292	43.186	33.6516	-24.8911	-5.96965	-15.3949	113.028
2.84857	-46.0826	25.5399	-16.7119	7.10967	10.3845	62.0472
-13.4536	49.9277	61.4753	-9.72678	31.6054	-34.0673	121.452
-50.2868	-29.702	-24.8321	46.7749	-21.8064	17.2658	183.664
-17.5386	-56.3029	32.4354	-2.11728	16.228	10.8225	184.278
-46.6165	43.8603	35.4932	27.3292	24.146	30.6985	143.372
42.0984	4.45958	-31.597	10.4256	-57.1745	33.9006	158.132
-21.6454	-28.5801	-10.0639	-25.662	36.8914	-17.5465	230.738
52.1615	-6.87154	-7.9251	32.5162	57.5293	-32.0778	188.128
-4.75436	24.956	-14.2686	-33.1117	-7.68579	-27.9611	108.551
7.01289	-53.3313	46.2261	-21.8761	51.5016	-20.62	111.651
-48.3457	-31.2465	-23.7244	44.8182	-22.0967	21.7667	162.404
-16.9576	57.1058	57.6457	-1.53534	-73.1311	-64.8257	184.115
42.4727	-10.5103	-13.1799	10.7481	-54.2536	-53.876	160.155
-27.8921	39.0375	29.0406	37.8537	46.4977	42.6949	133.993
45.0749	-4.16036	-23.0639	6.45649	-48.2458	-44.2101	128.868
-26.9968	39.7591	30.5617	36.251	59.3642	53.5173	136.787
39.6913	-8.30396	-21.1477	4.30082	-3.92969	6.19891	174.82
52.0721	-26.0091	-13.5664	29.3415	-13.2224	1.72113	132.656
-38.6212	-30.2717	-12.0889	22.7247	0.146479	0.362603	36.4492
-43.5284	-35.0282	-20.2632	38.5766	-29.56	25.6808	95.2941
-5.65646	52.1062	50.3789	-15.4083	17.3436	-17.1793	185.005
-33.3351	-39.6517	-13.7502	7.10917	51.6253	-61.9693	176.306
40.3615	15.4031	-48.7738	-2.84866	-49.467	-29.516	140.786
-27.2777	46.7445	56.2587	38.5074	50.4486	53.9991	130.063
45.5534	-3.66868	-23.5634	8.08311	-9.08616	-9.97319	99.036
-54.2404	18.5016	-8.61645	41.8702	42.9847	54.2673	109.549
24.1825	-33.6763	2.18027	-17.2061	-52.1781	6.5707	137.858
-37.9904	-41.1324	-15.2444	24.9955	32.8518	-33.9084	147.732
43.3815	-1.7851	-23.1613	2.27166	71.5443	-63.7696	167.911
-15.1033	50.5548	61.4063	-6.94531	4.93516	-22.7364	117.263
-23.1363	-31.5083	-19.8249	-19.2978	-5.47863	24.7483	79.5253
-14.332	48.707	58.0344	-7.64313	-0.229323	0.121468	41.2188
-14.7703	48.5331	57.5369	-6.78058	-32.8418	51.3385	63.148
19.1746	-4.15533	-15.3709	-24.6203	-3.98011	52.2456	125.173
23.4928	58.1919	27.7046	-15.5483	-46.5585	-33.6389	123.271
-47.1501	-26.3481	-17.1205	38.5833	47.9333	-20.46	172.079
19.4062	-3.98241	-15.2838	-24.4216	30.1907	28.3646	204.292
-18.3111	-38.9882	-18.0576	-31.7423	-57.942	-58.4326	178.753
33.0508	12.3267	-42.5353	-1.38022	-52.8099	39.3412	182.489
-34.7411	-26.25	-13.6792	19.7128	1.94689	1.0193	109.779
-46.0441	-32.7829	-19.6908	43.1677	-10.041	-1.95806	107.959
-20.8048	-27.5681	-9.77437	-26.6442	-38.1679	29.6918	150.862
23.4429	58.177	27.7298	-15.5856	-64.7355	67.8851	133.505
-43.0579	2.03888	-18.873	37.1397	-4.70978	9.28087	103.556
-31.4188	-21.2202	-15.5059	13.5166	-13.7102	33.7437	152.812
-13.4348	54.0918	56.5038	-5.74498	17.9096	-28.4348	230.223
-37.8265	-26.4784	-11.4501	22.8425	0.75923	0.416807	112.65
-46.0082	-30.7512	-21.8207	40.0335	16.3094	-15.8666	106.51
46.6341	-4.10517	-21.7524	13.3392	1.43139	-0.346027	107.867
36.7747	-0.248172	-22.2397	0.239417	-4.97462	-10.0133	37.785
49.307	23.8904	-25.8377	5.82708	-58.072	-30.7811	96.9277
-13.4493	54.2859	56.3999	-5.47676	6.01559	2.7758	172.046
-31.5525	45.0324	49.0519	42.8567	58.6132	68.8265	178.581
38.8957	-12.9414	-8.07978	3.72515	49.9104	14.2377	194.621
-16.6623	-28.4356	-13.3516	-33.4962	58.0887	-53.2429	217.262
51.006	19.4301	-27.7516	15.1722	-48.6224	49.625	202.037
-22.3966	-28.1268	-9.13106	-24.0281	15.2976	-3.89768	246.833
