-33.6379	-5.8403	10.7024	-5.62641	41.3658	17.0734	154.508
36.9468	-26.6225	8.14916	19.8939	-69.4807	55.4387	150.876
-24.262	46.1745	-8.17533	-26.1384	-7.25669	-22.9992	117.035
-12.1264	-35.9849	26.4911	-9.91954	17.9208	-29.1419	86.7178
-36.9133	3.92278	-35.1834	-12.1459	-3.92549	4.43983	67.2997
-23.5366	-11.3744	14.8943	12.8983	54.7425	57.4045	107.921
47.2494	57.0197	-3.54271	8.05144	-41.7196	-64.4747	188.837
-34.9214	-3.846	3.7114	-7.66293	14.7896	-4.58278	191.851
55.2154	5.43991	-29.2633	2.47366	-47.6958	11.9628	157.767
-10.5053	-8.35845	-7.97676	5.87797	-44.9333	-7.24581	121.482
43.1286	0.301717	-17.9719	15.5477	-58.7682	-35.8503	160.758
-20.2811	34.824	-0.288519	-22.0643	54.6775	38.577	212.355
46.2557	-2.75531	-15.8622	6.64676	-61.1573	34.2638	175.937
-15.4607	-35.8106	29.1033	-8.13212	45.3744	-33.6909	150.525
56.4718	0.358099	-19.7993	3.24687	62.1017	48.8879	151.893
0.363735	-43.7657	12.3271	-17.4815	61.9422	-46.8899	142.042
-55.87	-0.976288	-17.1002	-7.96328	-59.8652	45.5368	140.312
-0.434768	-43.1435	11.8066	-18.3615	-42.288	-41.8595	131.552
43.4137	0.550723	-18.1596	15.3675	55.1078	52.7405	132.038
-7.2538	-47.9453	8.21445	-20.2796	32.8296	-62.1638	137.424
-38.5138	11.6402	-40.6527	-17.5626	-36.1142	-57.8426	140.49
-3.24294	-52.5049	-6.16492	-16.5732	-51.8354	-24.468	133.975
51.6241	-26.3719	11.6905	3.49306	27.5841	32.8175	113.511
17.6132	53.3223	3.53293	-1.83715	44.6785	-60.5185	122.321
-23.5703	-10.5905	15.4644	13.17	66.3511	43.6976	141.94
37.0344	-50.1197	-6.72938	9.77719	-48.3775	-39.6467	154.301
-34.2478	-9.69929	20.8866	-10.082	6.55274	-0.204996	102.668
-54.968	-9.35386	5.63296	-2.25903	-35.4315	49.7598	83.5124
-18.4138	59.5943	-11.7461	-19.513	-16.3358	-22.4494	105.292
6.35876	-25.8693	11.4599	-1.31578	41.9042	40.3164	103.819
-37.8012	51.5911	-4.10455	-6.67201	6.39288	50.9407	124.902
-44.8408	-5.21429	6.46802	-24.1189	57.1782	-68.6237	158.314
26.7631	52.7661	6.34715	5.31182	-37.2963	-60.607	197.413
-58.132	-9.4684	6.62478	-3.97175	0.161118	-0.112695	106.474
58.0816	-9.63269	7.65851	-4.66931	-19.8358	-55.314	69.5665
-40.8924	48.0419	-4.05497	-6.84876	-18.745	-53.3391	126.226
-20.9743	-14.8848	-3.58114	1.95402	24.4358	-15.7428	103.842
-57.609	8.37125	-33.4831	-9.41874	-23.9358	15.4331	86.5329
-21.3511	-15.0043	-3.72954	2.65905	12.4258	-13.5612	77.9828
-44.9598	10.621	-43.1076	-12.9247	-14.3296	15.8894	72.3537
-19.8354	-17.2328	-4.13464	3.19893	-53.1084	35.8879	101.66
33.3428	-53.1097	-5.86258	11.821	28.8506	0.0985763	107.538
-10.0463	-53.0898	-9.52312	-19.2419	-43.9384	-32.7857	102.926
37.7478	-17.5889	15.6669	19.1975	55.9697	41.937	126.721
-16.0186	-57.874	-12.469	-19.8284	-30.4531	-24.1269	117.436
23.3742	-26.6734	14.7345	20.3348	-5.44865	38.4221	100.412
30.1964	43.6327	15.3973	15.1581	61.4815	72.3202	129.327
-20.501	-15.5627	-5.91639	1.17286	-67.4856	-74.238	160.661
33.6604	43.5461	13.5274	8.44984	10.3367	-11.2615	113.353
12.1212	-52.9781	-3.41791	-11.6396	-70.0952	-52.6133	106.895
-47.9319	-7.9896	10.0199	-18.0524	14.2498	10.2132	170.335
45.2382	-28.0243	5.61758	6.55791	-5.4062	-13.2126	125.88
56.4265	0.436014	-20.032	3.2623	-48.5324	59.7699	124.23
-19.5131	-54.3674	-3.72512	-14.2151	-51.9741	-26.8832	155.157
35.1048	-26.082	10.0738	16.9379	-58.3972	-64.0677	150.653
-34.8994	29.112	-16.4355	-22.7299	-46.4588	-40.3847	181.486
12.8121	-49.9467	5.80382	-9.98133	21.3309	-17.8248	134.962
-19.8307	-22.5401	15.216	0.781719	62.8958	55.9008	124.32
45.5127	48.4216	5.89701	7.70293	0.34272	-27.9128	124.358
44.7478	-28.9251	4.631	7.17996	-54.3223	-5.56108	104.118
-16.431	-23.0783	11.4715	3.54175	-37.5567	45.5104	123.191
22.9752	49.4021	6.52695	12.2108	-30.2914	41.8244	142.727
56.812	2.98969	-25.8078	0.565196	-30.3642	-52.4262	191.81
-32.0811	56.8224	-1.226	-20.8283	-62.2789	-39.0041	179.666
26.2626	-26.6204	16.5835	24.2672	49.8177	31.8765	130.685
-25.823	-59.9457	-5.49859	-25.535	-12.9765	-31.8575	109.14
-7.83152	-16.1948	2.60294	-0.338994	37.9111	29.3872	103.045
-51.8148	-50.4348	8.70155	7.52038	21.0791	-14.6037	145.872
35.1937	-26.9126	8.47505	16.483	-14.7396	4.05128	180.662
-54.9287	-35.4973	15.7469	1.85576	27.9897	-7.145	169.789
23.5895	-24.6861	9.11029	18.9503	-43.907	65.0432	179.133
-57.019	36.3466	-4.44274	14.5016	-50.8201	50.3966	187.075
-8.63938	-11.1047	-8.63551	4.31775	-65.9752	53.2066	161.02
48.7133	-57.5804	-3.89181	8.5384	-29.8397	-55.9138	180.337
-41.5942	-1.09638	-9.53807	-21.0497	39.9866	-48.7716	213.293
38.2606	48.021	12.5318	4.57614	61.7508	-59.8837	181.218
-15.1848	-20.1602	3.30493	3.66771	-45.359	29.6037	133.643
34.3695	-52.5516	-6.64691	10.5469	2.38886	-12.036	87.7949
28.4804	-24.5713	14.8339	20.3861	-35.9314	-10.0981	102.659
-44.4211	-11.4884	20.8572	-12.0732	60.046	68.1571	164.471
25.3966	51.0789	7.42973	7.02142	-0.601301	-28.6162	133.594
26.0679	-25.7368	15.2825	23.8594	28.3569	28.3765	94.2053
-9.86825	58.0527	-9.47472	-18.9501	11.2005	-40.6922	103.299
-23.5362	-11.4827	14.6407	12.8056	-2.86208	28.0695	95.2236
-19.1316	-54.197	-3.52358	-14.0669	55.8401	58.6142	140.766
51.173	13.825	-16.277	11.4541	-49.6874	29.1763	172.42
-16.638	-17.2575	0.911457	2.85459	32.93	-17.3033	123.573
-59.8972	5.7096	-26.5595	-9.96753	32.8958	-37.5487	162.457
23.0016	48.2157	9.54448	12.3398	-8.55105	9.25902	214.846
42.398	27.7099	-2.1608	9.71596	-21.5391	25.3286	198.489
-47.9675	-7.87992	9.94521	-18.0622	35.4628	-48.3762	206.083
35.6174	42.2185	11.0121	3.09557	13.2729	-37.2164	159.615
18.4801	-30.1151	15.6668	9.56408	53.2832	44.6037	117.561
-32.708	46.7994	-11.2002	-25.0999	-17.0267	-48.0193	124.332
-13.4101	-19.1158	3.89882	-1.59195	-5.40635	22.0817	96.0343
-4.40863	-56.6616	-11.826	-13.4653	-55.3605	3.62419	98.3808
55.2478	59.6394	-0.16789	16.4692	14.4635	-22.7212	101.685
32.5293	-25.1379	15.3643	19.7828	55.465	-3.58507	101.707
-27.1505	-21.4541	15.6993	-10.465	-57.757	32.8721	125.29
29.8153	-53.7763	-5.07403	17.8309	-61.3496	55.1735	162.807
-36.2395	17.68	-27.5841	-17.29	-28.7779	55.4913	160.858
-6.93617	-38.708	14.7628	-16.4556	-33.9297	-10.9369	111.561
38.6795	-23.7249	14.8527	19.6033	55.9314	43.4143	115.603
-14.752	54.8822	-9.20638	-19.9332	-2.79229	-9.98941	93.9874
-7.35802	-39.7763	13.7725	-17.3696	-50.5887	-40.2905	90.8484
43.1284	0.285558	-17.9626	15.5393	-51.447	14.1581	130.15
-20.6516	-15.4819	-5.75718	1.28094	-39.6269	1.44884	116.455
30.0719	-17.2662	3.67907	12.2247	-69.407	-62.6029	143.372
-32.6189	34.5594	-10.0292	-27.5722	-13.6941	-42.311	146.318
-15.9874	-34.3801	29.8159	-7.61699	6.97324	17.0549	88.5788
-29.1619	53.3258	-5.96709	-31.8858	14.7289	-39.0036	86.8744
-47.3728	-17.9711	21.4756	-4.56814	11.1472	-10.9968	152.173
50.2965	4.3017	-23.6716	-2.13478	27.3593	-53.3052	171.217
21.67	59.2839	6.46113	1.6298	65.3523	-59.5654	146.451
-33.9545	-9.79862	20.727	-9.81447	42.6129	13.5183	146.499
35.1983	-26.2779	9.57235	16.8751	38.8546	8.1842	121.871
-14.5152	-36.6382	27.331	-8.74763	7.33869	14.7132	83.4694
-28.8231	53.9717	-5.67738	-31.6007	43.3664	-36.2153	116.325
45.2108	-27.1154	6.45275	6.25198	31.746	22.0516	133.762
4.02571	-55.6851	-7.83786	-6.55768	-50.9093	-67.097	123.788
48.5945	2.96578	-22.4615	-1.30318	-70.4579	-67.5459	164.466
-14.4015	57.5698	-11.2594	-20.0004	-20.4654	-21.0092	134.569
16.1362	-31.0786	13.5283	4.03334	-31.4943	-15.7548	124.294
58.4717	-9.79739	8.12325	-4.61085	53.0575	37.2376	157.614
5.9512	-47.0647	14.4888	-3.30783	57.3147	22.2312	140.079
-52.8345	50.3019	-3.40362	20.9976	-66.6739	58.3151	153.71
4.13024	0.904386	-4.08096	-6.05474	-11.4102	-54.9366	153.318
16.2849	59.4957	3.09511	-1.139	14.112	-31.4501	109.976
-3.05408	-17.2555	-0.0902269	-2.25652	-0.511989	20.3028	83.932
-1.99519	-53.7965	-6.11256	-12.6664	0.241279	-6.15636	57.2505
-2.79897	-33.1179	21.9439	-11.476	26.6911	-28.9505	71.0562
-37.0584	3.79583	-34.985	-12.2102	-11.7336	39.3099	101.966
-22.1926	-45.6203	18.3688	-13.3219	60.9644	-50.6657	131.371
43.1021	0.198291	-17.8922	15.5032	3.23687	17.6862	114.18
36.6449	-33.6038	2.8119	19.9745	-64.7824	71.1043	125.872
-30.4717	28.5258	-11.2429	-21.0931	25.8833	-38.8115	172.078
59.1283	-46.1423	3.08943	13.1019	-25.4549	39.0304	160.971
-30.7237	28.3393	-11.4948	-20.9182	-8.68056	29.9461	125.421
-18.3469	-14.997	-1.94153	0.0536191	-10.7116	29.4218	89.978
-2.96416	-57.1893	-10.1999	-10.6572	-0.0692407	0.0480846	49.8181
-2.93838	-52.2803	-5.39352	-16.4313	-30.1329	-19.3808	52.9909
37.6227	-26.4606	8.29182	20.0404	48.4005	19.836	106.272
-16.2059	-48.5636	8.13164	-12.2852	5.24264	6.20188	81.2167
-30.8663	53.6794	-4.85255	-27.9837	-7.71663	-40.7483	74.9057
-21.0954	-15.3702	-5.29906	1.86012	-46.6595	38.0547	114.209
27.0915	-54.9054	0.18686	12.6122	31.4967	4.14416	107.801
-18.0181	59.3691	-11.7815	-19.6702	1.44212	1.75273	57.9029
-25.2813	49.2803	-7.80841	-27.7919	-1.82158	-35.1944	60.307
-22.6605	-22.9159	19.9679	-8.6595	9.94527	-30.1616	93.1124
-36.9255	20.0129	-20.9923	-18.5522	51.0004	-50.6079	147.223
34.9429	-52.3484	-7.00999	10.1327	-61.343	-32.3622	170.792
-26.2831	-20.955	14.4344	-9.53834	57.6526	15.9955	131.584
34.2155	-37.7205	9.57005	18.289	60.0736	53.5369	134.758
-19.6207	34.5025	-0.327858	-22.1625	63.6184	-69.0981	160.667
48.0669	-28.1916	7.40995	3.80882	-9.17518	-23.5711	201.036
-57.7761	9.4822	-33.462	-8.92415	-42.1585	-42.4183	200.418
-13.8056	53.1742	-7.86751	-18.8217	1.85733	-0.747812	100.591
-25.1347	58.506	-6.25301	-26.0937	48.8623	-34.2364	90.6648
44.4232	-25.8828	6.12891	6.39091	-45.6489	-12.726	146.824
-22.6385	-11.059	14.5326	11.6533	9.41609	-9.77567	98.371
-43.0587	10.4943	-43.1567	-12.3424	-18.7978	11.0211	67.5299
-10.4646	-8.72674	-8.23562	5.68623	-24.0826	47.1152	96.1611
15.974	59.2884	3.04616	-0.892989	11.7721	57.1815	119.854
3.45289	-0.466421	-2.88861	-6.23398	46.0408	-0.229723	116.03
-51.0442	-0.426251	-13.9823	-16.3635	-29.5069	14.0377	100.634
-9.33044	-20.1379	8.98281	-3.69704	49.513	-23.2326	117.184
57.0471	5.19586	-28.9412	-0.970989	-29.1099	21.8555	157.833
-24.6309	-24.1368	22.6963	-8.57553	-36.5819	-2.14642	135.606
24.1013	-21.2025	7.3406	14.3744	54.5	-30.7643	112.393
-31.3138	9.95196	-36.8468	-13.0482	-53.2926	-38.29	161.535
21.6426	47.5366	11.6652	9.66954	51.935	-5.2703	156.055
-36.1348	53.5744	-2.43655	-9.26898	-18.4439	-37.9761	110.363
-13.09	-19.5083	4.32152	-1.91836	-71.7097	-74.1794	136.033
43.5201	38.7552	3.8634	1.06996	-55.4394	-68.2784	177.262
-29.3996	-22.7225	20.4622	-15.8889	3.22042	-10.7264	120.502
-36.898	3.21773	-33.4442	-12.0665	-67.0194	-69.4881	110.97
17.8979	59.5946	3.10727	-2.44161	-61.6274	-58.0426	167.713
-48.7093	-9.64346	9.37107	-14.6503	-9.16797	-22.4371	123.408
-33.4143	26.9514	-13.5693	-19.736	34.5984	20.9484	120.721
43.1133	0.229092	-17.9195	15.516	37.7974	50.8321	144.959
4.8304	-50.9336	6.67844	-2.24982	58.5271	71.0923	141.979
-44.0733	9.93315	-43.3208	-12.0947	-41.1858	38.4253	138.438
0.0398819	-31.265	19.8946	-6.32246	21.1862	-13.4547	100.907
-34.1568	-9.47776	20.5387	-9.78469	28.5806	13.3137	122.364
45.3428	-28.8088	4.84741	6.71401	-2.43188	2.80117	97.5196
55.2452	-40.9965	5.55217	7.04275	5.04958	-35.0517	63.6964
48.2649	6.486	-18.7031	5.41921	-21.0279	19.5756	141.603
-40.516	-23.1915	19.3032	-14.465	-1.27404	-10.4988	120.165
-36.8707	3.11268	-33.0256	-12.0239	-28.5144	27.4886	77.2342
-0.528706	-32.2084	20.9951	-7.1053	63.1429	64.9266	135.251
-53.8895	33.4046	1.02031	16.209	42.7992	62.2682	183.84
26.9552	-24.1993	13.6692	22.519	70.2946	63.0274	177.165
-31.1504	43.9183	-8.09794	-25.44	-40.0277	-7.45756	129.305
19.3636	53.4621	3.13663	0.822139	-30.509	-39.0879	107.885
53.9945	-21.924	12.2394	0.487082	-27.451	1.23383	134.716
-24.2143	-24.0765	22.679	-8.48109	34.8842	62.816	146.186
-57.0599	36.4426	-4.46891	14.5248	-27.9563	-58.0912	132.476
-29.0673	-25.4164	25.8489	-15.6732	6.97434	-24.433	105.049
-40.3943	13.4887	-36.3514	-14.7924	-12.9477	27.9131	85.3267
-21.5797	-27.1759	28.1942	-9.76994	38.5011	-57.1675	111.505
-58.8125	28.1632	3.16639	13.4995	24.3821	53.6134	176.961
36.0517	-28.0375	7.27829	17.6648	-20.9724	-25.8355	208.476
-55.235	8.19291	-33.5757	-8.94453	-33.4134	27.1307	151.06
-14.1631	-25.0619	15.84	3.45961	17.3802	57.8458	115.187
-32.2845	35.2901	-9.28809	-27.857	11.0969	-22.8458	103.086
-49.8916	-47.9649	9.3951	4.57981	-19.792	-20.6606	83.7824
-19.9171	-17.083	-4.60837	2.92581	-35.2619	5.29256	90.9999
27.4817	-24.4191	14.2871	22.2271	-54.7714	-13.7401	111.524
-34.3361	-9.63557	20.8869	-10.1378	0.510791	-46.4344	129.073
-34.7106	44.8537	-6.66484	-23.9538	60.8201	-58.0819	149.744
32.3519	-24.1783	16.3408	20.1708	-1.54867	40.2415	135.327
34.1097	44.7572	12.8698	9.24495	-30.2265	28.4503	169.385
-48.2917	9.62525	-39.9702	-20.073	-71.9086	-69.3734	205.035
9.52157	-55.0447	-6.55001	-6.91814	-0.0824577	0.143673	90.0838
12.8421	-55.3995	-4.3698	-10.0855	-55.7741	-61.6977	92.9893
-58.4563	-1.05217	-17.9195	-9.25291	-24.5916	-46.4716	163.82
-30.9721	50.0579	-13.4627	-28.0531	-63.8056	-47.2592	145.648
26.3629	-27.2589	16.1572	23.9816	62.7799	38.6255	140.434
-32.3583	56.5933	-1.07218	-20.0965	23.5222	41.6565	145.842
-59.5948	8.49366	-31.8054	-8.81079	-29.2406	-19.7221	178.786
-19.8447	34.6663	-0.255887	-22.1715	-40.5406	-25.3899	157.482
27.1397	-55.6377	1.33108	12.3846	38.1763	9.80257	106.185
-21.8537	51.7012	-7.07452	-20.9757	43.2268	52.4621	154.951
56.3668	0.76717	-21.0343	3.21768	-36.4902	22.2477	184.788
-19.1908	-26.8291	25.2866	-4.9235	0.29166	-0.301362	86.7949
-20.9076	-20.7099	7.66824	-0.473353	-52.2977	52.7915	75.5769
27.7447	50.0502	9.76286	6.94969	-11.8133	-32.561	116.636
43.6836	-25.2943	6.68295	7.4846	-56.0241	6.68062	108.246
-16.699	-32.6646	29.3856	-7.01839	16.3011	-8.06166	95.1467
-47.3657	-17.2653	21.6685	-4.63978	59.5073	65.4329	123.594
22.233	46.8181	12.6494	10.8092	65.1704	55.7341	180.899
-34.3557	-1.12587	-7.09936	-6.41051	48.4209	-40.5056	198.271
36.9217	39.5402	9.31752	0.725317	62.1658	-72.2082	184.967
-14.1782	-21.1105	6.3659	2.3908	16.5516	33.0555	127.274
-35.8794	55.0049	-0.301813	-8.75664	7.34373	55.683	110.112
-43.6919	-4.34084	2.45601	-22.384	-9.14443	-38.3552	133.41
-31.8811	44.3768	-7.79638	-24.994	11.4945	42.5201	142.56
-45.9145	-6.73201	10.444	-22.4968	54.6389	-60.8668	167.922
25.7571	46.9952	9.48307	8.977	-39.3422	10.3637	169.54
-44.9884	34.0321	-7.61651	0.0922819	-7.07384	25.8727	152.851
