30.3193	-1.01498	-19.1871	13.597	31.1556	-14.1127	127.916
-12.5906	18.5875	-46.0934	-38.8028	-48.6446	65.4953	122.868
30.7732	-39.3724	36.9771	5.95483	-8.78649	11.6023	106.664
49.1482	55.6961	18.1026	11.9131	0.73266	-4.78955	49.4627
46.0143	-46.0799	67.3859	50.4143	62.2888	68.9529	95.808
-5.71681	16.4594	-35.6041	-23.8303	-59.4135	-41.9859	145.824
50.2068	56.0298	18.5014	10.8289	3.9949	1.79676	86.2021
34.1307	48.6366	10.8759	37.2525	42.6761	23.4729	73.6435
-14.8841	21.6584	-34.9921	-35.1578	61.144	-48.0101	134.118
49.8338	-54.5012	53.6019	19.9934	0.804592	-0.443138	87.2559
41.2334	-51.5673	75.9422	50.3052	63.0506	67.3149	86.0325
-11.2562	12.1704	-26.0516	-32.5579	23.6804	57.4209	143.272
-35.3315	-46.0269	37.0168	-11.8199	-1.58027	-16.7409	153.946
-32.0378	-13.5845	3.81719	-17.7157	71.9363	72.5556	176.538
31.0002	49.1261	12.754	36.5708	39.5865	21.0301	142.835
-16.5822	23.7695	-37.1081	-35.9722	-60.5384	-42.4802	122.986
39.9688	-56.5761	66.5272	48.3921	21.9567	19.0712	112.653
7.04351	34.8663	-29.1674	8.10341	-73.567	67.5508	125.178
-54.0223	-19.2486	4.08321	19.752	-39.9607	41.8029	168.836
-11.6327	57.004	15.099	-36.2081	56.0693	-5.7227	147.728
48.5588	-57.0463	47.7054	19.7087	45.3886	31.1729	120.158
-0.689508	29.2564	-32.7053	-18.4103	-51.2192	-7.9615	117.593
56.5285	38.2475	-20.5996	9.10161	-53.9761	24.8337	127.129
-7.61271	12.2534	-22.5334	-20.067	-32.3405	60.9519	138.226
23.8648	-46.3249	47.7461	7.96766	11.3695	38.2258	119.919
9.30897	24.9	-33.9087	14.714	-53.3373	60.783	132.441
57.0103	-28.9679	27.9009	31.1916	56.1691	-27.175	190.526
-0.164186	-1.75238	1.3002	-4.79909	7.45788	-11.2987	138.91
-16.3148	23.439	-36.9324	-36.035	-2.42788	4.80679	49.3698
-7.48427	6.11383	-13.9998	-19.8038	35.4203	-23.1823	71.8512
-51.2658	34.9149	-12.708	-1.74584	48.8906	4.21577	116.866
13.0012	29.9288	-25.6249	12.1023	46.8159	-42.7583	128.438
-34.3225	-47.0168	36.6527	-10.9039	14.9461	-10.2867	158.18
57.8555	-27.5954	24.1794	30.4755	0.0815322	0.111837	100.194
52.6098	-30.4917	23.0262	43.2107	-63.9622	46.2839	81.0124
-9.7347	47.7806	-7.66758	-41.2639	-39.5522	-12.4131	126.898
39.7416	-56.6181	66.7628	48.2293	48.7494	39.0175	115.388
-9.8881	23.7537	-36.9193	-34.0866	-2.55254	-4.97956	83.2756
-0.622528	41.2132	-21.5685	-17.3265	-13.2169	-42.1085	73.038
15.2888	-27.9462	4.90402	-12.8232	-19.1963	-34.8128	133.146
39.8134	16.0388	-37.1671	23.9824	-6.71081	-18.3108	115.69
51.9276	49.745	8.85419	8.07971	23.7058	-31.8727	86.4242
21.5551	-29.7755	6.41349	-9.71555	-57.3711	-58.0793	148.055
-47.5408	21.5093	-30.0844	-2.02655	-40.3366	25.9415	153.107
-0.604635	-8.4073	8.81246	-6.34101	9.82629	47.5324	122.184
-12.1766	57.1026	15.3305	-36.3957	-35.7441	-23.7418	119.128
31.7658	-33.9805	23.3554	7.38127	47.7067	-49.2376	138.802
-14.6601	13.3913	-36.2295	-37.9376	-34.3744	58.7735	157.776
18.9574	-43.4174	40.5959	-0.683429	65.9498	73.4067	151.266
-34.271	17.2776	-22.6305	-28.5974	47.2069	-44.2009	165.299
38.9826	-58.4168	56.8122	45.0315	2.22706	-37.7574	156.637
35.8308	-9.37429	-18.4112	11.5257	9.47725	-54.1325	130.654
25.594	49.3673	9.9008	27.8685	45.1499	40.5868	122.219
-20.838	7.39339	-31.0626	-38.2391	-58.9	63.819	145.439
30.0156	-47.2038	59.631	5.24996	50.4636	-67.1229	158.731
-14.3228	11.213	-26.2447	-35.1394	71.1351	69.3733	165.957
48.6358	-44.3714	59.1499	43.5364	-9.40608	-11.0642	229.662
-51.8296	-21.2822	7.80971	14.6529	-35.8074	-33.894	196.106
-10.7859	17.5713	-48.4333	-38.7365	29.4641	-6.704	100.864
-54.0813	27.173	-27.1906	1.34814	-41.4595	-22.2955	99.5592
-5.38251	53.1881	2.55482	-26.0071	1.74273	32.5069	101.21
-8.08561	7.26936	-16.5186	-21.5516	-5.09132	5.9971	68.7147
6.92368	-9.78227	3.87633	-9.05291	63.3933	-43.3982	93.0983
-51.1273	30.0132	-17.6102	-3.18234	33.6027	-10.4946	146.523
23.685	44.1763	-11.4108	23.6892	-4.52933	-20.6376	113.183
31.3091	-39.575	37.684	7.02331	48.9949	-56.8403	118.623
-14.1871	12.7075	-32.6152	-36.3671	50.8915	56.8006	181.699
59.252	-39.247	32.7432	26.1602	-47.1666	35.0389	180.118
-11.726	43.845	-18.6301	-40.8271	-27.5466	-18.8212	126.623
26.7882	-49.8805	55.6396	15.1771	42.4646	53.9428	113.188
-14.4313	17.8524	-45.0644	-38.0214	16.6677	20.9477	108.108
-40.2986	-14.655	4.71873	-3.97906	52.2644	69.3079	138.097
34.9199	45.8828	-8.08214	30.2849	-4.53291	-11.6472	125.05
45.0399	-47.4785	71.1975	50.7691	67.1219	65.8964	106.306
-10.4364	17.9613	-48.0581	-38.7841	-59.6528	-57.6201	150.917
42.1451	-51.2467	76.476	50.6352	40.6478	20.0321	127.313
-6.44527	44.7258	-14.2769	-31.4576	35.8551	-63.7605	123.218
-39.9751	-15.5925	5.03089	-5.22018	-27.6204	-32.099	121.439
-5.81699	24.1805	-37.9395	-32.8384	-28.854	-14.0946	97.9159
35.1048	44.0444	-15.3267	28.8732	-38.5508	-61.9448	149.933
-48.9753	-17.9168	4.96103	7.0727	16.617	46.1361	226.037
52.3141	49.3526	7.49027	7.39227	49.5551	7.18653	178.532
-4.02211	41.0847	-23.052	-24.7174	-49.0058	0.344735	113.286
52.3236	40.7232	-19.9829	7.4797	-19.7403	-54.9409	173.905
-47.321	-21.6533	9.71164	5.01875	-43.8087	-14.8115	172.312
4.53151	-4.0647	2.3448	-1.22292	26.267	31.1785	142.355
-28.7628	-43.0377	38.3768	-10.8606	63.5305	32.8016	155.314
31.2508	45.6035	-6.74143	39.2705	2.18046	43.0847	120.453
28.3628	-7.058	-16.4928	14.106	8.33221	-44.5427	106.949
18.451	46.2365	-7.14787	14.8887	-63.0879	-61.842	148.792
-47.7947	-21.2738	9.09599	5.23327	26.4384	-51.2691	201.812
44.6567	33.0445	-27.9677	22.9864	11.5851	-24.2123	148.967
26.3619	-49.4388	54.859	14.3937	24.5328	-9.77358	83.0438
-12.0871	-34.349	28.3933	-26.017	25.7068	-8.68568	155.361
-51.6723	-21.3162	7.90273	14.2868	25.4098	23.2625	236.998
33.6857	-52.8373	61.48	26.5003	-46.225	43.4106	208.819
-40.0963	23.2169	-22.5876	-18.2269	41.7405	-28.347	165.877
33.111	55.4745	25.2561	40.9998	13.1339	19.4287	119.202
11.0095	23.0957	-32.5067	15.6585	9.4264	-9.77193	69.1225
-9.45094	44.9258	-15.3325	-39.894	-20.6292	-38.639	83.0715
15.785	-28.2953	4.47736	-12.439	13.9054	14.7259	89.6669
-9.21744	-54.9078	24.3615	-31.2016	-3.65795	12.0237	65.1734
-0.495704	37.7932	-23.388	-15.0533	2.798	-1.68247	44.0904
-13.4041	46.2502	-12.1451	-38.705	-26.4981	-14.415	59.7299
25.6311	-52.8082	50.912	19.6399	68.3819	67.6348	122.977
-30.3407	11.8966	-23.8312	-34.1794	57.5301	-37.9274	153.174
34.3913	48.7654	10.9894	37.1093	35.926	31.7309	130.228
-7.41213	11.9065	-21.6103	-19.2224	65.8978	64.2879	148.789
57.7184	-41.629	38.1039	23.5246	-64.6323	-70.4757	184.768
-9.48728	15.9659	-41.0138	-32.749	-3.17421	-15.293	123.868
-2.72116	47.4029	-9.70773	-21.2987	1.49549	-0.851486	43.3283
-12.9965	51.7866	2.16815	-39.2343	-28.9641	-12.6525	56.5295
28.6517	-50.247	57.509	11.7524	-1.64715	5.99458	65.8749
33.4577	49.8072	15.1803	38.9402	37.5772	-3.20576	69.9501
-15.775	54.2565	12.2653	-34.2885	43.8277	3.44682	116.806
51.4648	50.032	9.41563	8.841	48.4192	7.17139	123.684
-4.24635	41.8288	-21.325	-25.2529	1.08745	1.17058	66.8076
-10.6983	33.5502	-24.5222	-37.0555	51.1419	-9.71544	74.8364
52.6887	44.5867	-12.5034	8.59386	12.7852	38.0798	115.359
36.2392	-3.70694	-20.2448	15.0153	23.0225	1.51877	89.7071
-2.385	-5.94358	6.65695	-10.2581	3.98267	-27.8608	81.4169
-8.13163	36.3963	-25.9472	-35.8954	-25.5652	-25.8164	91.1366
26.0809	-49.3563	54.2036	14.1195	-8.40182	2.12045	72.2872
49.1117	-55.6628	52.9397	19.4101	53.8873	-51.5617	111.929
-1.1038	-7.98978	8.71366	-7.25243	5.19746	-10.2575	115.711
-13.2303	16.8715	-48.4409	-41.0989	-52.6597	-55.1713	97.6697
35.2316	-52.6047	63.6548	32.2982	0.564301	46.3938	124.824
34.404	12.5864	-34.3124	22.0889	0.112384	-21.6166	92.5139
34.215	50.2847	14.6331	39.7917	-0.178711	-5.6658	56.9522
34.8477	-50.4723	65.2093	28.193	34.4515	16.7498	69.0891
-9.87074	47.531	-8.24918	-41.5167	21.8879	-57.2386	115.211
-32.1854	-13.9185	3.73115	-17.252	-12.7119	-17.2383	102.898
-9.99478	16.3393	-43.6006	-35.011	-27.1851	-22.8753	85.3481
26.6401	47.0826	-0.567238	29.7773	-6.0582	-8.55148	73.9211
41.6202	-51.5497	76.2539	50.8568	49.8271	50.0535	93.6053
-5.98484	20.5828	-42.4707	-32.5898	-39.882	-34.7517	126.025
38.1215	59.0363	37.9085	42.894	-53.2235	-57.2192	157.681
-33.802	-9.2334	0.888484	-20.9488	39.7836	-50.7275	194.485
46.8125	41.6302	-17.3907	21.253	5.96026	-15.2883	128.06
34.5552	-48.0105	62.5139	24.8863	-0.674649	1.04425	43.2142
40.0065	-56.954	65.0562	47.6188	73.5785	73.1147	92.0673
-17.9787	5.64211	-26.0444	-38.3291	-72.2683	-71.9319	162.591
39.4288	-57.2182	64.9477	47.0072	48.5546	44.5563	146.232
-8.63	18.6696	-45.7241	-34.9358	-11.4822	17.851	102.398
11.7643	-12.3979	-2.97281	-10.8833	-52.704	-45.375	119.455
-57.8642	31.4628	-15.4744	9.83784	53.0738	39.322	160.651
10.0949	-7.54801	-0.345723	-7.49338	22.0088	-58.7254	141.991
-12.3564	51.9906	2.43301	-39.3564	-42.8123	3.73359	116.375
40.1682	47.1884	-7.94357	30.1526	-58.3507	42.3352	129.287
-25.0357	7.09693	-33.1625	-38.473	-10.015	-22.4098	116.627
-8.51395	43.6179	-17.349	-36.6329	-20.1517	-21.3953	83.6103
21.3993	-44.7639	43.1683	2.57408	22.0347	27.5471	91.4453
-8.55059	37.8295	-25.9221	-37.4704	-21.7549	-40.4974	102.514
17.3234	-34.0958	19.5134	-9.84878	57.8243	33.6914	120.315
-39.4094	52.7304	8.61612	-7.00887	41.0503	-15.0121	138.584
31.0793	-48.8158	63.0794	8.14901	69.6547	-70.2557	157.833
-25.2239	7.54734	-33.0381	-38.462	-14.1723	-38.9241	136.824
-7.39694	56.2422	10.2113	-30.0197	-36.3274	53.5494	116.462
28.7394	2.68626	-22.0961	16.0355	12.0574	-0.249806	92.9349
0.428007	3.65313	-7.61075	-1.90062	18.9764	9.9185	65.5314
-32.463	-13.7332	3.53678	-16.9785	-33.0036	50.0351	113.847
1.99547	54.7268	6.78557	-13.3672	3.9009	-3.43711	95.3582
-12.5012	-53.4368	26.5017	-37.7122	54.5072	-11.6186	81.6239
49.1693	-41.0166	51.9407	45.1903	53.5077	21.3596	123.945
-7.53145	56.3901	10.6298	-30.2326	34.1524	-44.0547	142.487
-44.1359	-16.3717	3.5062	7.20354	-22.1498	34.8601	163.202
-16.2217	-59.5338	15.4991	-35.7155	-42.2412	-20.2124	136.649
33.3699	-35.9869	27.8934	12.829	-0.114912	2.41912	68.2782
33.0188	-49.3626	64.2871	18.7196	29.4464	19.2684	61.0328
-6.97746	44.7326	-14.4154	-32.8206	-29.5389	45.4131	106.754
25.4303	-4.69097	-19.8804	15.6386	-65.7787	48.1979	158.14
-36.3048	-47.2482	35.2612	-10.8307	-16.1044	-47.3619	168.132
-17.7994	6.18197	-26.4967	-39.0504	5.24213	7.62776	93.7206
-32.0864	-13.8767	3.77587	-17.4311	-62.6566	-44.6469	95.0567
25.2369	27.0431	-26.912	26.8088	23.4837	6.10741	110.306
-13.326	16.8936	-48.3778	-41.0893	-52.3709	-54.7904	109.777
35.0429	-52.6422	63.406	31.8894	32.3901	10.6362	117.007
-9.67161	52.5385	2.81659	-38.4052	-18.115	-27.697	93.5162
15.8767	-28.7166	4.50131	-12.4449	-56.7129	-11.9297	169.943
-44.5005	-16.489	3.5531	7.404	41.4296	32.7381	235.824
29.8891	-52.3732	55.1501	12.3852	11.549	-17.8883	203.928
9.3768	-21.6851	8.96648	-10.5321	41.5458	51.6429	172.291
-31.6412	47.7598	-6.71733	-9.30855	-45.0971	39.9744	143.06
15.0171	6.31689	-17.0646	11.5102	19.9695	-18.1249	104.409
-16.0871	34.5434	-30.954	-39.7818	-53.3231	-26.6493	104.013
39.4681	-57.9083	60.2154	45.7039	42.2415	-51.7409	143.079
-2.22339	-7.43505	8.09984	-9.90211	4.5197	-9.55032	107.642
-13.2152	16.7588	-48.3226	-41.1578	-41.5226	-29.6977	83.9371
33.5708	49.9497	15.1648	39.1093	45.132	44.6973	121.419
-11.9653	4.89821	-16.884	-27.9098	-46.2876	-47.7791	129.595
33.6405	51.9675	13.5787	39.78	-36.7012	-47.9715	174.038
-48.695	-18.6919	5.49818	6.44576	-42.0063	-43.8987	171.162
-5.35724	26.5692	-33.3938	-31.702	-0.221192	-0.290562	64.3636
-6.19598	25.0905	-36.3012	-33.0363	-22.0368	-12.9912	42.6099
28.9651	46.0027	-5.48471	32.8471	-54.9176	-67.6453	136.759
-44.0972	-16.0369	3.18327	7.00041	-24.8578	42.7983	172.88
-15.4678	55.4765	14.0954	-34.8491	-22.6521	-6.58062	116.107
22.129	-53.8745	45.0484	14.2945	-13.4008	8.3685	71.1158
49.1435	48.8983	2.66185	16.1733	12.3067	42.4389	85.4286
34.0513	-2.31277	-20.4905	12.8149	8.02165	-32.5056	100.075
23.0016	43.0472	-14.017	22.2257	-36.6655	-51.8413	110.567
-59.9874	-24.8863	14.2006	29.5704	-39.0177	30.2429	147.28
-15.7719	-59.703	15.727	-35.7557	-1.5822	4.70855	101.763
-9.22821	43.1393	-18.4141	-38.0725	9.41926	22.7243	58.2414
-24.7047	6.38681	-32.2894	-38.165	-68.2326	59.9719	130.386
32.8118	-43.7304	48.7626	15.3007	-6.85875	5.93804	115.071
51.0232	59.7874	28.0834	12.3267	-48.3915	40.8097	107.048
-20.465	18.6373	-33.9166	-35.8226	56.6981	-30.857	153.347
43.2503	49.6484	-1.61881	26.6977	-64.9438	40.8739	142.402
-17.6149	12.0524	-32.4879	-46.8904	-58.6928	-49.7038	141.963
36.1439	57.5423	33.5151	45.1243	68.3756	61.4587	147.363
-21.0816	6.11244	-29.6427	-37.3671	-15.0509	-26.6022	121.594
0.987432	44.9314	-14.8451	-12.8373	-14.2408	-1.84718	75.2326
31.3545	48.5245	10.8306	37.933	41.1079	33.0967	89.0105
-14.2325	11.9722	-29.3965	-35.5819	-64.6628	-63.9051	134.945
40.2007	-54.2569	69.3528	49.6234	54.5657	28.217	139.514
-15.7327	36.7504	-28.6109	-41.2126	-34.1758	-59.532	129.552
17.4914	-25.5855	7.25081	-10.2072	53.9194	13.5665	126.492
-40.6004	-40.3611	30.4454	-7.8606	-38.2994	-38.186	149.033
1.40943	1.07327	-3.56485	0.35997	17.9024	58.6452	152.091
-17.113	-58.7117	16.3746	-34.6664	-42.3755	-40.6569	152.656
27.4173	-16.5281	-12.2438	2.81574	-24.1657	-59.5849	154.064
51.4779	43.2162	-15.2659	9.81979	-2.54287	-36.0566	112.647
54.7893	-28.6582	25.8737	36.8129	43.1417	35.3944	108.288
8.46443	53.1338	4.47274	1.31052	-55.465	22.5998	126.842
-54.1144	29.7824	-17.7713	0.0438241	39.5466	-38.2675	154.839
23.4961	-48.6406	49.5007	11.1328	25.4844	44.3652	145.588
-5.26849	21.522	-41.8076	-31.2806	-53.7873	-15.5251	117.691
52.4792	38.345	-19.7779	8.08739	56.7502	-32.6901	125.152
-3.91938	-49.3324	28.1395	-22.8095	10.0486	51.2581	123.081
-14.8855	13.6358	-37.5931	-38.7398	18.556	57.5856	121.928
-34.0823	-45.4669	37.5344	-11.196	40.7184	4.48512	133.259
35.0738	-51.3643	64.3968	30.1284	-63.9341	64.551	155.334
-31.4653	14.2662	-22.0851	-32.7188	56.3169	-34.5878	159.229
33.2916	48.6129	11.8328	38.15	-0.0808169	-12.1593	101.504
33.0675	-43.1857	47.8643	15.6845	38.6843	18.523	80.8938
-14.3605	53.8585	10.8559	-36.6535	21.4088	-42.2891	127.72
-39.196	-16.94	5.86461	-7.27958	43.7626	-7.93577	143.309
28.3736	-7.11252	-16.439	14.0771	39.2476	43.9424	153.274
-12.8776	-52.8013	26.7861	-37.9097	-45.1924	-54.767	165.734
