59.2933	27.7641	-26.3619	-17.5556	35.0739	-50.0449	121.987
23.2132	-40.7813	24.7341	5.33054	24.2618	2.68991	102.61
-16.2782	-45.4483	48.1078	4.74811	54.9725	-59.2613	128.592
55.0314	7.51328	-63.4609	-42.8156	2.10623	-0.324517	101.636
42.2728	8.66863	-51.3983	-12.7177	-40.6643	-64.4843	115.486
-40.3657	-52.2658	51.109	-5.73734	-3.49609	12.6278	131.958
-32.1487	39.6278	-11.3128	-9.36838	47.4187	18.098	98.9941
34.5572	19.3802	-2.98907	9.38237	50.9328	-43.6264	135.505
-15.4629	-57.8787	26.7237	-9.19165	-3.7649	-6.43686	88.082
-3.70388	-38.9448	22.1011	13.9609	-66.2757	68.7818	100.639
50.5468	24.524	-1.10971	-19.7318	66.8533	-72.4651	158.007
-3.46834	-36.9314	19.5995	16.8267	-52.207	58.2362	150.667
43.9344	30.1954	7.07347	3.8307	25.8958	-5.51212	112.607
3.28876	39.0353	-3.58879	-2.42621	-26.816	-26.5454	91.0711
38.6039	-46.3144	23.5626	-5.53076	48.6476	0.0623421	105.587
-17.507	-46.5472	48.9999	5.24001	46.7836	-63.9835	153.306
-59.2989	11.1614	-53.6488	-42.0553	1.11461	-2.08387	207.688
53.5969	20.8964	-12.454	-26.542	-33.8597	-36.1334	202.067
-28.0574	-57.6519	37.8219	-3.4309	-0.0895804	-9.26058	116.26
-27.3364	-32.9762	24.5226	-0.70103	-34.352	13.9619	73.7125
17.9881	-51.6646	10.9767	14.1691	-45.5188	59.3567	126.638
-59.8584	13.5014	-46.0875	-41.6761	-10.866	-49.9912	203.286
-47.9575	-50.598	47.0672	-10.3846	23.2004	-50.4445	235.545
47.4696	3.85503	-58.9839	-15.5992	-33.904	60.4415	215.217
-40.2358	-54.5027	46.7955	-7.00848	25.4485	-57.8201	216.644
54.4621	3.97307	-63.8919	-41.1074	-62.7721	-72.2062	203.208
-14.3139	-56.9977	29.022	-11.411	19.9825	-35.9866	143.516
-39.1521	-11.7627	-6.19611	-5.805	12.9002	-11.1968	149.295
56.0905	9.96494	-54.0138	-46.5185	-46.7106	-65.2325	197.505
-22.3707	-51.7351	45.6721	9.04806	45.0491	58.1726	201.926
55.7394	14.0331	-33.4462	-33.4552	-44.829	32.4752	182.288
-16.2677	-21.2278	2.47832	20.5469	31.6601	31.2762	170.672
-53.9984	-58.9258	33.8948	9.6852	10.4927	23.3649	131.293
48.9979	23.9884	0.13867	-17.5721	-25.7577	-36.118	140.106
-40.1657	-52.2859	50.9424	-5.60291	6.43864	4.66371	202.636
-57.7744	53.8308	22.5015	16.6235	11.6842	45.5753	171.671
48.2661	0.732304	-52.593	-18.7782	-47.8162	65.0166	165.27
-29.2618	-57.4434	38.4991	-6.25624	37.0473	33.3277	183.834
48.9379	24.6421	1.73702	-16.774	63.6682	-67.928	164.323
-4.04762	-38.9142	22.3911	13.3863	-52.0326	-53.7021	146.768
44.3436	10.7634	-48.0144	-13.0668	-63.615	-64.6653	162.967
-22.2932	-54.99	39.7891	6.01331	36.5502	53.7008	200.777
-58.4379	11.7314	-53.032	-38.892	0.934107	-4.07326	211.879
57.0527	27.1105	-24.9155	-5.48475	4.08825	8.2065	204.139
45.9124	5.90559	-56.8564	-15.1211	-11.1996	-32.4168	176.889
-58.5775	50.0066	15.7504	13.8218	3.87123	32.2744	152.533
55.8631	4.86584	-62.9486	-41.9888	-36.5797	-12.4203	202.335
-16.9287	20.4683	-23.6353	11.0184	6.16013	39.3716	197.899
-24.6744	-29.3285	12.5074	4.83503	-1.99802	-38.0495	141.493
-22.0258	19.8572	-30.566	9.49705	49.5034	32.1379	181.323
46.3311	-13.3754	-4.38302	-27.1957	-6.25856	-27.0961	190.036
55.7701	27.6091	-21.1152	-2.23945	-30.8028	62.3443	188.311
-34.7446	-32.1413	29.3603	-12.8834	37.2231	-40.7775	200.181
45.3875	11.9226	-42.7242	-13.3337	-12.8653	-32.1061	169.81
-57.1579	55.5293	25.424	15.6334	28.863	57.4218	147.608
33.8041	-1.60749	-25.8292	-13.0805	45.9343	-22.6788	177.291
-17.7271	23.4274	-22.5549	6.13678	29.7089	-30.5916	200.062
-53.8722	-58.6855	34.3247	9.39842	4.15606	19.9043	128.536
58.3813	25.626	-29.9296	-16.3755	-23.6423	-27.1938	132.44
-30.2612	-57.7246	37.9202	-7.87375	-4.6653	-5.82136	118.344
-15.7957	-40.5903	43.2604	14.8335	54.4533	54.6605	108.818
54.6366	29.3776	-16.6092	-1.38994	-54.7956	-54.6262	172.712
-15.745	-40.6503	43.311	14.7822	-1.43526	-0.714637	97.5914
-5.18818	-36.6949	22.2756	16.2385	70.3419	73.2086	97.9271
58.9399	25.0261	-30.0919	-18.9237	-49.6949	-59.7486	179.478
-16.1909	-40.4599	43.2888	14.6966	-74.2638	-77.0152	176.505
41.5102	18.9354	-4.65421	8.09672	16.3042	45.8181	153.883
22.4968	-33.4851	9.9161	2.99856	39.8907	48.5093	133.86
-17.8066	37.2423	-23.1648	-7.94917	-42.5019	-54.6433	130.501
23.2368	-29.9972	4.16455	1.11298	38.497	22.9884	120.766
-23.014	-57.717	33.1065	1.75685	-0.717591	-7.86205	77.0465
-20.4484	-34.7347	31.4818	13.4391	44.7553	56.178	117.517
57.4305	31.9303	-6.48526	-4.1648	68.0913	-59.6803	170.75
-0.00662772	-37.7542	17.1403	17.8345	-0.923391	9.15056	101.266
2.85568	57.5036	8.91668	-0.343253	-52.0198	29.8261	87.0005
56.8058	26.7633	-24.3012	-5.81747	52.5216	-15.0718	121.551
-0.330964	43.2127	-0.821442	-9.7276	-9.53932	-27.1329	102.667
14.283	-36.1244	12.7172	10.9791	32.1677	-62.0177	111.478
-16.755	23.0699	-21.0755	8.07282	14.288	49.2949	135.269
-32.7514	-31.8684	27.7199	-11.0863	25.1962	-33.2005	164.99
56.1491	9.34982	-57.3131	-47.3157	-25.2741	-3.62946	237.771
-23.8962	14.7586	-29.1105	10.6817	-37.3977	51.3628	218.173
13.9525	-36.5904	14.2208	11.081	39.9163	12.1429	130.406
-35.7584	-51.8941	49.449	-1.34482	27.2663	58.3917	163.715
57.3217	9.85878	-55.4638	-49.0211	-34.6351	-51.7448	220.308
-27.7315	-57.6781	37.7047	-2.59343	0.968129	-0.00554552	116.927
-35.9483	-56.3626	42.3246	-1.0854	27.1052	55.8173	120.554
56.7985	6.83651	-62.0603	-43.74	-50.3715	58.2484	203.734
-17.514	-46.5507	48.9975	5.2605	-2.777	-2.20968	107.613
-4.88095	-36.5524	21.2839	16.5265	67.6181	-73.3702	106.034
-59.1349	22.0985	-24.8939	-22.9785	-6.8072	-20.534	204.486
-47.9787	57.8428	23.1426	-3.86256	-59.8847	-29.2634	180.137
10.9978	-33.49	-0.548595	9.14538	-60.2725	72.5149	143.386
-59.3886	26.5681	-30.5937	-20.3615	1.45954	5.65464	179.738
55.1192	8.34749	-61.1674	-42.7849	-34.6065	-51.4571	210.542
-29.7162	-59.4762	33.2297	-6.63922	34.1451	-51.4368	209.056
55.7999	-6.79313	-18.4932	-20.5705	-6.86817	44.9391	154.667
-56.2246	59.5708	30.0858	11.5256	2.50675	21.467	91.5854
59.3519	22.474	-23.0884	-21.5755	-15.4766	26.3144	164.837
-38.2252	-15.4943	-0.0306574	-6.17012	17.9961	-13.263	220.058
51.5633	7.07231	-60.0553	-21.4507	-37.595	45.8411	186.877
-29.6535	-40.8394	44.6901	-7.50966	32.0533	-44.1348	192.481
55.9254	7.29033	-63.4856	-45.2711	-0.635504	-6.15984	198.653
57.4733	26.8336	-26.519	-8.26989	25.7273	58.6744	167.204
31.5747	-31.661	15.3935	0.219471	73.6815	75.6356	149.104
-25.7983	29.2386	-28.9022	-9.86953	45.6338	5.71952	148.942
40.4433	22.5971	2.15278	7.02335	70.1266	-70.7701	146.627
-15.976	-40.611	43.4778	14.7418	51.1251	28.9173	153.496
50.8276	48.8733	12.8839	5.49114	-40.9189	-23.8461	151.304
-21.8116	-43.0946	48.8472	7.86558	-23.6812	-5.80688	117.813
17.0356	-33.7605	4.39734	10.8291	-55.7082	55.1156	110.896
-52.641	36.2346	-13.5891	-8.50554	-22.6671	25.8039	194.037
-21.8198	1.08261	-24.952	16.9786	-29.229	29.8801	175.188
14.6153	-36.1513	12.9874	11.1592	-33.5436	26.9235	104.688
55.6489	50.9511	16.2336	7.95548	0.91467	32.3319	127.219
54.1248	5.56182	-63.8515	-39.7289	31.5618	-28.0841	168.875
14.9965	39.8194	2.46728	11.9779	3.95742	-0.544555	110.743
-1.21531	42.8594	-2.12166	-9.04857	1.80094	-27.5329	58.7815
-3.67852	-34.9252	13.4952	19.8461	-26.3526	-5.10326	84.0203
37.351	-27.294	4.43489	-3.65799	-70.6726	75.4586	129.611
-27.2476	33.1281	-26.9361	-14.1716	14.6698	-30.9902	135.037
-47.1877	-44.1352	41.8509	-13.6852	27.9458	-55.9798	155.157
44.7212	12.576	-38.1949	-11.3454	49.4251	-52.8676	192.598
-2.08322	-57.8982	19.2459	-2.23035	9.69805	-0.222675	109.83
-27.2918	-56.8747	38.9151	-1.18507	-44.3881	2.40058	78.9297
26.3304	-59.7714	6.57732	5.71828	-49.7695	-9.61561	118.822
-37.8699	-48.854	47.5462	-0.522861	-13.9358	57.6756	127.026
-23.1054	11.2634	-23.43	12.7235	26.5658	-10.7813	193.446
57.0369	26.9535	-25.0173	-5.91814	-51.9552	-54.455	219.745
-15.2592	-42.5186	43.1303	11.325	6.7283	4.67694	111.485
-34.064	-56.2447	42.9268	-5.43131	-0.195321	0.128474	29.4932
-27.8551	-56.4284	39.9086	-2.44152	-35.2622	-4.20415	54.0233
19.6156	-50.7285	10.8416	14.759	-24.3969	54.2265	116.36
44.8813	12.9937	-36.2707	-11.0878	-28.1212	43.1596	169.805
-44.021	-35.4752	27.5165	-6.32986	-31.0657	56.5592	165.717
-12.8134	28.1222	-19.0198	2.09628	-8.93504	-39.8172	115.912
-1.71067	-41.639	27.2507	11.7166	69.6622	-64.3319	133.527
-58.9364	11.2368	-53.4831	-40.8049	-49.1949	-55.5384	183.188
-13.3455	-57.224	28.2369	-11.7741	26.0842	-39.2409	156.28
-43.6928	-11.1521	-7.05699	-7.84411	-12.0296	-2.00781	83.612
-15.5709	-6.88789	-14.7251	18.4825	42.1054	-31.0226	141.247
57.662	27.3119	-26.0942	-8.16525	-0.279845	0.252158	114.202
56.4992	28.0874	-22.0324	-1.53665	-73.7824	71.7253	89.9131
-5.25008	-28.4933	3.15719	27.3954	-24.6296	26.1801	136.88
27.8931	56.2838	13.1822	6.03649	6.22333	-12.2181	78.5878
14.0673	-36.8407	14.9606	11.2636	21.467	41.047	84.9762
-11.1361	34.552	-22.3277	2.17595	-61.1312	31.5161	162.409
48.1008	4.44585	-59.1577	-15.9484	-0.0198334	-31.0756	183.18
47.9696	48.9227	12.7833	3.59867	-2.30567	8.20899	99.0896
54.4901	26.2764	-15.5161	-8.72657	2.98848	1.78881	39.039
40.7881	19.0891	-3.69224	9.87261	73.8951	77.074	98.7211
-16.4811	-40.4913	43.544	14.3042	43.9862	56.3647	178.422
-57.8599	25.8734	-31.0964	-20.6738	-25.0933	-48.9268	202.482
-31.1133	-41.0333	43.8668	-8.0559	-9.10633	-7.42075	135.23
-9.19288	-23.7386	1.49238	30.3002	-8.02813	42.6441	80.9221
0.400355	44.1362	0.778145	-9.54875	22.1629	-39.8905	107.394
-25.9504	-28.2795	11.2665	5.24736	-38.364	47.888	117.362
13.3924	42.5554	1.11961	10.6661	-36.4145	30.9655	157.364
55.6854	6.94554	-63.9789	-44.7009	-37.5088	-59.4282	199.837
-28.6115	-56.3947	40.3927	-4.34686	61.0286	-42.494	180.397
34.9552	-16.6769	-8.61529	-10.9169	-12.5078	42.1789	128.294
49.8958	52.1196	11.7003	3.65623	-53.9036	-25.6744	123.051
-14.4055	-40.9527	41.6385	12.991	0.457753	-0.436658	76.4086
-18.4587	-35.622	32.7666	15.0276	48.5678	31.8144	83.6773
50.7277	50.6252	12.7444	5.28501	2.62708	52.0446	139.435
47.5915	-6.99889	-17.7401	-27.2467	-2.67976	-5.26563	82.1503
56.828	10.3967	-52.9099	-48.1932	39.3774	-56.2474	95.9109
18.5214	-55.4924	9.08849	7.81835	-42.2837	-64.6465	146.791
57.1454	3.57634	-56.2565	-33.3632	-34.0564	39.8251	164.354
-25.4662	-40.8052	45.1721	3.85287	-21.3869	-4.17755	131.618
11.6515	-33.4512	-0.772611	8.19101	-54.1156	-68.4214	114.823
58.0369	25.1083	-28.4838	-16.5857	-26.9923	-28.2105	170.171
-27.6887	-58.3561	36.3051	-2.63444	27.5612	44.4167	207.449
-57.9295	12.3485	-51.8463	-36.9577	1.98887	-14.6099	204.134
57.5059	42.5929	11.4077	7.48291	2.77139	23.3532	171.656
52.874	4.24563	-64.2715	-31.6996	-56.5529	48.0922	162.976
-14.7255	-40.7265	42.0083	13.8491	7.18971	4.93925	105.015
-34.3561	-54.2226	47.2132	-5.1104	31.212	-56.603	129.502
54.8801	2.39002	-56.7458	-38.1484	-34.5179	-61.4279	212.427
-32.4129	-59.0514	32.1939	-7.27137	-57.3713	-27.5254	170.86
25.3765	-31.2886	4.87524	-2.85006	-50.6823	22.1951	134.063
-40.2764	-55.4307	44.0724	-6.91531	-25.4587	-12.4416	112.983
-1.60043	-36.5641	16.9874	19.6721	70.4197	72.0815	129.042
-57.7357	25.8247	-31.0927	-20.6479	4.24913	9.32455	183.764
51.0078	2.92817	-60.798	-24.2707	-29.295	50.4597	201.831
-38.4636	-50.2402	49.5703	-1.92422	11.3872	7.43696	201.093
57.1748	53.4679	18.2607	6.89644	-25.3556	-5.56334	177.883
-23.1982	-57.6111	33.7303	2.02557	-1.93298	-3.60455	97.7997
-14.5392	-43.0594	42.0207	9.81594	22.9331	7.80912	100.676
-51.8248	-56.1403	39.0786	4.34044	7.9365	32.2759	130.155
56.823	18.8573	-14.8292	-25.673	70.5194	70.8246	131.475
0.23082	-37.6368	16.9243	17.5841	42.8158	37.2216	145.531
-45.2638	42.5304	-3.62664	-6.28749	23.5409	22.8365	184.504
41.9569	10.7199	-43.4523	-7.18085	-5.62377	-6.16858	228.616
57.6636	27.3255	-26.0636	-8.14839	-1.57993	-9.47612	130.066
-58.3047	52.49	20.1259	16.2547	10.7925	41.7524	95.7726
48.4346	1.51495	-56.2178	-17.9652	-60.1979	45.1469	147.282
-16.1301	-40.4319	43.176	14.7724	36.3082	31.3221	163.268
-57.8842	43.2269	6.01404	3.32252	0.840529	3.86077	102.71
57.8226	27.3613	-26.2856	-9.09844	-16.6428	44.1838	138.252
-42.8234	-24.0138	13.627	-11.9936	-10.0432	-32.4948	198.691
-28.6784	20.423	-41.3018	-10.2781	-64.496	-72.0091	155.725
23.832	-40.7561	25.163	3.9342	43.2721	-57.5587	146.9
-17.2089	13.5262	-22.6981	16.516	36.5389	4.59201	140.256
54.7179	7.19626	-63.6471	-41.551	-21.8834	58.1351	186.808
-43.4024	-52.0172	51.9035	-4.45259	32.3987	55.9936	223.559
44.5664	12.271	-39.6921	-11.4644	21.7246	54.9048	170.725
21.7369	-45.1236	20.249	14.4904	48.6055	60.3441	132.275
-22.533	20.0008	-31.5204	8.64712	-58.9397	41.2027	169.238
33.362	-18.6131	-6.76643	-10.3522	-20.3538	-36.9318	177.511
58.5373	26.7389	-29.2669	-14.7423	-0.723506	-0.45869	87.4968
-55.2448	32.8494	-13.4089	-17.4965	42.8843	-60.4031	77.7368
24.6499	-30.9796	3.92537	-2.35498	-63.8382	-64.6226	162.509
-41.67	23.1264	-39.694	-16.1363	-14.0573	-46.7169	149.699
-25.3691	-43.0803	49.6422	4.79115	34.0102	40.552	150.336
57.3409	31.9869	-6.24299	-3.84701	-71.9571	75.2452	182.343
-6.34922	-26.9754	1.62588	28.6934	-27.2131	28.5146	138.826
28.6003	56.4202	13.1773	6.02706	38.9646	-3.76027	101.018
-21.5581	-58.5709	28.4891	-0.793372	-1.30675	-20.9112	87.3581
-18.9018	-21.7162	4.4698	12.7201	42.9408	-50.2905	141.983
58.8148	27.629	-26.551	-15.279	-0.932779	4.03576	209.655
-57.8872	12.1988	-52.1517	-36.7475	-62.2241	54.6323	185.956
-3.30077	-36.1372	16.7588	18.1773	-58.525	-25.1019	145.47
55.6234	-10.814	-9.88784	-22.2835	-28.9476	-33.0309	181.107
-29.5987	29.0642	-32.8282	-14.4638	-23.8983	-50.0737	176.876
-3.72594	-36.9062	19.9354	16.4878	0.672483	-0.289241	68.0055
-11.7444	-35.756	27.6137	16.7632	-0.620001	-0.0386728	16.407
-3.43867	-35.6517	15.2499	18.7544	-48.78	-16.9728	65.9187
50.9505	-16.652	2.71647	-25.8827	-5.40614	-29.7075	134.78
58.6378	26.5638	-29.8351	-15.5803	-36.3984	14.4065	202.754
-14.72	8.49802	-21.4313	15.546	36.47	-15.2583	250.435
58.8547	27.6322	-26.5751	-15.4996	-46.1978	-47.7538	213.359
-16.0193	-45.1665	47.2867	5.37535	0.125547	-0.144976	91.7773
-18.4742	-47.3221	47.6451	7.96614	-0.964268	53.9244	64.6096
-17.2497	14.0083	-23.053	16.3441	6.13505	34.7995	109.301
-25.5353	-33.229	24.5961	1.81492	-4.29602	-2.88274	66.9507
-10.0578	-22.222	0.959101	29.777	14.909	19.3581	59.0077
-34.5495	-53.8668	47.6009	-4.62144	-6.12526	-4.38623	62.7349
-16.1763	-40.5026	43.3913	14.6811	-22.7025	3.38067	61.254
21.9024	-46.4124	17.5244	13.9906	-34.4967	42.065	97.6773
