40.8935	4.94096	10.2227	3.50454	-25.951	-15.0578	139.642
-40.7857	27.0643	-43.7104	-11.0584	-6.32334	4.49442	66.8986
-22.6398	13.5086	-10.3968	2.73507	4.13563	-0.0283441	39.829
-39.8085	14.1002	-18.2739	-9.52184	-30.7329	4.23172	62.1665
4.76267	7.99281	-5.12323	11.8805	-42.1257	-25.1921	122.711
52.6618	37.0177	-28.1774	28.2863	-58.0925	69.1052	153.963
-18.2196	-21.2893	17.0921	12.9294	-40.0052	50.7416	182.459
21.4979	48.2627	-23.5703	10.0613	-3.28471	2.33156	123.265
35.3515	38.3337	-26.1717	-6.89328	-59.4263	-72.2341	94.7911
-35.467	-21.8805	33.4724	-10.3285	9.19347	-53.4253	136.961
-45.6146	36.4579	-32.9007	-6.97007	-2.31285	1.47743	73.4802
-34.0012	28.1727	-44.2957	-13.0762	4.01335	6.56188	36.9211
-46.32	9.15929	-17.3797	2.00508	-71.8631	66.8585	102.041
11.9101	-44.798	15.5648	0.610637	60.7413	-71.0738	156.969
-38.5093	14.1686	-16.9777	-8.30289	16.7606	44.8114	133.208
-57.8055	-38.0017	19.7714	-0.950329	-15.4881	56.5375	118.839
-41.4209	23.0525	-36.686	-12.078	-48.2433	49.0025	129.791
5.16794	-24.5072	10.385	7.80789	-53.5401	60.1591	164.801
52.8113	41.9195	-18.9405	32.1553	-48.6953	25.2651	157.798
-14.3347	14.4331	-14.0671	2.08447	12.6732	-42.2814	130.38
-29.9037	-54.6405	9.85003	-21.7525	18.8769	-17.4102	111.736
-59.8036	-26.6895	47.2918	-11.2041	45.9472	-26.9826	116.732
9.95851	2.96205	-0.0733718	5.29498	-5.79119	-26.4728	194.681
18.3305	43.8438	-18.9181	1.41402	-42.8342	-20.8154	227.249
-51.6587	-52.2968	0.141353	-1.35187	-53.2695	50.6263	196.732
-1.7901	20.648	-16.0057	12.1704	-3.10251	55.6387	148.38
1.42074	-39.2846	10.4749	5.76694	-48.0216	28.3911	172.98
52.9445	50.5558	-8.62824	29.3473	30.875	40.0369	170.101
18.2237	5.17484	0.569073	0.627411	6.90548	31.206	176.286
8.83542	-39.1063	6.17493	-2.30484	-73.045	-62.6658	198.59
-51.789	12.2357	-23.4586	-3.77851	-32.1919	-1.9504	125.259
-6.04585	14.8113	-17.3232	10.891	-59.9481	25.4189	111.624
53.2399	-10.5769	20.0685	-10.8883	-41.2609	-24.496	121.572
-18.7938	17.8626	-17.8671	7.1036	36.2026	23.8909	108.818
56.9188	-11.3497	27.2831	-5.30961	74.1971	69.9916	142.128
-1.76875	53.2637	-7.66956	7.09178	-48.4162	1.4701	153.528
53.8043	51.39	-6.4968	29.9674	59.5447	28.7893	132.311
-4.6163	22.8849	-18.9738	5.829	52.5161	-51.3938	155.2
-53.9129	-49.2166	-1.31485	-5.98854	-74.7741	-72.824	169.284
4.76724	7.97635	-5.09439	11.8776	50.2938	63.959	154.357
-40.0133	-48.9336	16.0731	-24.4009	74.1352	-71.9695	153.877
21.6471	7.92031	-2.55444	-6.03838	-41.8151	-35.4009	140.903
-52.8464	46.1635	-19.917	0.0914526	-9.62385	4.36737	85.7797
-29.0538	34.8684	-39.0838	-11.1105	-44.4411	-11.1859	95.2793
23.3283	48.3141	-23.8858	9.63492	-59.949	45.9471	138.727
-41.234	5.92719	-5.81672	-5.07392	9.07933	-29.2225	114.446
-54.6453	48.5264	-13.748	4.75702	-48.2354	30.1596	105.292
-3.30911	16.2651	-18.9119	16.8118	59.3091	70.8061	137.677
-52.9087	-42.6919	13.3784	-12.7146	-60.016	-71.0007	154.413
-2.96408	16.3946	-18.7218	16.9212	-12.9698	50.7377	135.547
11.2696	-40.0168	9.97457	3.89756	44.7216	46.4701	144.651
-33.5542	33.9298	-42.503	-12.1547	-58.6729	28.3577	154.538
24.5818	5.54163	5.42578	-4.66132	59.7831	-22.9235	132.73
-35.0452	28.7027	-44.6474	-15.6747	-39.3189	-8.59266	115.546
14.6728	39.5288	-16.2206	-2.36452	-42.719	16.9762	123.529
-55.0896	19.2652	-42.8631	4.2086	-35.1516	-5.02957	120.72
-7.50523	26.1118	-24.9597	3.08061	-49.5219	16.8189	116.088
47.1301	7.31579	6.91441	3.27169	70.681	63.8177	149.416
-10.6409	-45.162	15.1422	3.70809	46.8143	-58.8468	151.042
-54.024	9.31328	-14.0872	-5.85525	-59.8129	53.7669	141.64
-0.497547	-38.8422	10.5651	12.0125	-29.3387	61.6743	181.823
27.7105	21.4517	-18.6635	-10.3084	-51.8449	-50.5479	197.513
-43.2252	-51.2268	5.92531	-14.9098	-6.16452	25.1426	168.872
-33.5643	29.3785	-42.4361	-13.4749	17.351	-10.6258	117.536
55.2646	48.0854	-14.1178	32.2549	-4.12882	16.8162	70.1404
-56.4125	15.3398	-27.2396	2.03458	-10.2915	-5.82252	61.7748
-32.28	29.5154	-41.5044	-11.6216	-0.104816	-0.0928771	32.3783
-36.6367	28.973	-44.5065	-17.4839	-49.3135	-19.1773	73.4051
17.6914	50.1918	-21.9511	5.1291	-55.8356	-17.7224	186.439
-43.6481	-51.5307	5.01544	-13.9619	-53.8957	-22.1948	178.697
12.9281	-28.0066	14.5368	1.24582	55.6957	22.453	123.574
-44.8543	-51.3032	4.85107	-12.3253	-11.0685	17.8659	153.567
-25.0014	37.7757	-25.2571	-12.2392	4.40435	4.31401	111.916
-39.5039	23.0731	-36.3794	-14.176	-29.5689	-8.63706	65.4663
3.47351	35.7734	-19.5461	3.68303	-46.3097	21.5152	117.351
55.1437	11.4298	-4.80563	-5.50615	52.1474	-3.14098	135.027
-2.4685	15.0134	-17.2899	17.1296	44.6968	-3.62459	116.422
-56.2261	19.3397	-43.2623	5.95555	-55.5675	9.73843	114.338
3.2766	8.93172	-7.38644	11.302	12.8528	31.8712	107.607
-14.6253	-34.7423	1.12058	2.91973	-46.7067	-43.5433	132.653
32.0631	9.16162	-2.34193	-3.57517	-36.6503	-9.65219	135.056
-39.9222	21.6138	-33.6879	-12.9243	22.0825	7.78185	88.7993
43.1005	8.61299	4.7372	6.53753	-35.1121	63.9053	107.705
-43.7475	-51.3401	5.31185	-13.9161	-17.0724	21.1773	160.163
-17.375	36.4385	-18.9704	-8.59548	39.8394	-19.5431	199.87
54.4769	59.5245	-16.1339	16.7208	-21.2768	20.6417	203.662
-33.8497	29.5628	-42.4031	-14.0954	47.3187	64.0817	167.103
43.6279	-28.1121	30.0085	22.3307	61.57	44.6814	173.16
-12.8317	51.044	-3.76341	-7.63708	-6.88451	-15.9341	192.085
0.410726	-38.5636	9.71184	9.85393	-44.9195	48.9763	195.246
44.5066	33.5015	-20.0813	13.0944	-23.3649	7.01675	144.64
-37.2503	21.8635	-32.7809	-16.549	5.90557	-26.2147	120.086
-46.7463	-57.6825	1.4289	-10.474	1.41902	-55.0388	139.793
-48.2535	1.98107	3.20581	-1.66304	9.73731	0.152763	85.094
46.3518	1.06076	13.8455	-2.4182	61.4934	-64.4751	119.718
-5.6194	55.747	-3.53048	1.39633	10.0105	-37.2063	144.335
-18.7462	-15.9781	25.2519	9.94639	61.0648	57.4621	137.888
47.8127	53.7607	-22.0299	5.13391	-58.3219	-33.0909	192.816
-14.9198	-34.1939	2.06367	3.24736	-35.4032	43.2175	215.422
22.8994	39.6247	-20.6321	1.91983	8.1474	-17.6277	247.906
8.45341	-48.3971	13.4214	-1.17731	66.6108	-60.5976	213.592
-47.8821	2.84291	1.11776	-0.838141	-39.2618	47.8058	139.376
-7.7334	-45.9964	13.1358	16.1154	-59.9781	52.737	161.791
45.9166	26.8957	-21.7828	7.66784	-20.7546	-44.785	171.77
-50.1196	-42.2735	17.8795	-12.0296	49.7852	69.3333	147.346
26.5244	17.8721	-16.8632	-6.62059	-34.3677	39.4075	132.324
-55.2507	-25.9895	42.4604	-12.1241	0.128895	-30.1359	102.498
-55.6315	18.3265	-42.7663	5.65487	-21.6955	-0.298486	81.9148
-18.0348	18.4972	-20.6362	8.34179	-59.1986	58.977	123.415
33.5637	-33.3288	27.1719	12.9639	29.3562	-29.1589	177.266
-2.65348	3.32067	1.17385	5.54416	5.63264	-4.82643	113.855
-20.0134	17.488	-15.9682	4.74974	38.3632	4.73255	72.3165
50.476	11.1916	-2.41107	1.2902	-5.44937	22.3396	88.616
59.9732	-26.3319	47.4179	-11.4522	42.716	66.5583	110.339
21.3081	33.9692	-8.02497	-5.52878	70.1982	-73.5263	160.818
-34.3395	-27.7788	33.808	-11.0141	64.5896	65.6079	174.151
31.5298	37.7116	-25.8225	-1.50785	-45.6422	10.4406	140.035
-34.8195	25.2926	-39.349	-13.9436	18.1528	-15.4984	94.6184
55.0042	50.8569	-5.51838	31.032	49.3616	46.4098	124.888
7.24918	5.43338	-4.26733	9.57753	-52.249	40.8574	165.085
58.4172	-34.8369	20.9991	1.42185	-25.6399	47.0848	154.084
-33.209	33.8722	-42.7521	-12.1574	18.3805	-10.2408	111.351
54.2885	51.5806	-5.82959	30.4257	38.9605	3.29251	107.421
4.55984	47.1979	-8.61003	6.27953	58.4692	43.964	139.083
-50.4026	6.02296	-4.88366	-5.65004	9.11869	-24.5145	109.942
55.4937	44.8052	-13.0726	35.2536	19.7592	0.353701	77.1187
19.6557	43.8194	-20.0638	4.84923	57.7406	19.9063	100.24
-39.3166	23.2905	-36.6407	-14.6228	6.05065	-19.508	150.61
-50.4764	57.7942	-3.65659	-0.439336	-7.14739	35.8319	159.577
-40.8713	10.5184	-9.5248	-9.3879	64.483	-38.2956	142.777
19.353	45.8202	-23.2503	5.67337	-53.1091	41.3498	135.342
-48.6177	5.34278	-2.26715	-2.14575	49.1396	-37.2724	129.051
21.0855	43.4961	-21.7813	6.42174	0.288185	-0.27314	63.6912
21.4477	43.068	-22.1503	5.95485	-33.0407	19.3625	50.2075
-55.675	18.0413	-41.8913	5.62522	-72.77	73.5622	131.083
1.56743	-39.8824	12.2097	4.87709	53.3899	-54.6484	151.627
-47.4845	10.3243	-19.9469	0.51311	21.9284	28.7545	118.587
43.3796	-28.3179	29.8248	22.5256	-55.0799	65.6867	127.866
-28.7481	35.116	-38.1364	-10.858	-38.6102	-7.38178	150.881
20.4511	44.4289	-21.8337	7.01622	0.0736176	0.0570724	73.4651
18.7419	45.5689	-22.5136	4.07484	-35.6338	23.679	54.7509
-57.3686	16.4034	-32.3881	-0.594814	-58.994	-40.2588	120.453
-1.50112	54.7417	-5.29909	8.66267	58.8369	45.2466	136.95
-56.3567	12.5695	-15.6199	-0.0487161	25.6638	38.8189	123.893
33.5409	-33.1024	27.3222	12.8669	48.5127	36.2164	163.293
-16.3325	49.8112	-2.61237	-12.5009	41.6861	-41.389	197.24
59.819	-27.2313	46.2447	-11.3216	56.964	-34.5966	161.52
4.14737	7.00771	-3.41078	11.4456	61.8506	-40.8282	141.966
-53.6052	44.9348	-22.231	1.59588	-20.6365	4.86121	106.426
-17.2941	36.2583	-19.1593	-8.42235	35.0826	-6.21629	85.4884
55.2923	44.6757	-13.0368	35.726	-14.5219	12.1049	83.4484
-37.4803	22.2191	-33.7534	-16.679	9.0759	-49.9276	100.016
-47.9067	-41.6578	20.9633	-18.0475	7.93118	-50.4799	122.24
-56.765	15.174	-26.2178	0.703303	-1.65398	-0.905904	69.1351
-46.0558	19.6762	-31.1753	-15.6462	-2.11477	-37.2802	82.8981
-43.5024	-51.5591	5.0575	-14.1817	51.1055	-17.9204	130.412
20.7657	-31.8012	16.5781	3.03731	28.9011	8.24834	138.102
-21.2254	-44.0919	10.3322	-16.2058	-48.5152	-49.4859	166.747
25.1618	3.71733	6.23666	-4.02293	-14.4783	4.99335	119.659
55.2703	-6.77164	13.0065	-12.9325	-52.4983	-59.5826	103.309
-17.6355	46.9298	-7.20301	-10.4604	34.4957	46.8592	132.764
-54.0133	-2.45581	17.7783	-13.1935	69.7172	-52.9835	137.143
6.54859	43.1377	-11.9935	2.05396	35.466	11.9413	125.132
-40.1727	27.3196	-44.327	-11.5803	-72.4822	60.8989	127.79
19.4801	-22.8279	13.5575	-5.03545	-34.1738	-61.0402	145.65
52.3611	35.7624	-27.8814	25.8883	-18.9289	2.04835	102.373
-32.6951	31.6377	-42.8673	-12.481	-49.4117	-14.6609	102.326
22.2266	48.1454	-23.8841	10.6084	57.839	25.8253	134.46
-35.7555	21.9577	-32.2745	-14.5479	-26.7287	-37.6504	149.233
-4.29307	-53.6714	-3.28147	14.3631	-69.5797	52.4042	178.361
55.3583	21.5641	-25.5152	6.15729	66.075	-71.1973	187.511
1.79171	-40.7173	14.1606	3.79787	71.3963	-72.3864	171.944
-55.0095	16.8627	-36.3701	6.1577	16.6504	35.9787	131.554
43.9256	-29.224	29.058	21.9733	44.3063	13.705	120.528
-8.08233	-45.2522	14.7365	16.0082	72.6637	66.1233	158.914
52.9944	21.5265	-24.0313	10.6947	-46.9582	40.9818	152.516
-19.2121	-20.2194	17.7914	12.7631	-41.1326	58.0633	167.382
19.6636	44.7351	-21.7491	5.72797	25.8734	-26.6284	225.019
-14.1897	-40.3686	13.6649	-4.17865	38.9176	-48.8267	184.61
-53.7967	9.28451	-14.3882	-6.2303	32.7735	-19.0357	112.908
23.4449	34.0098	-9.42506	-1.47518	-26.3684	-15.5938	154.542
-58.0038	56.1827	-6.79885	14.2041	-38.8311	32.675	199.5
-14.193	19.7455	-23.8332	6.49786	15.8463	35.2058	144.447
-34.7686	-25.9298	32.3922	-12.2201	-0.922363	-50.2607	107.147
-33.6327	31.11	-42.1338	-14.1437	16.7176	-7.88106	91.723
54.8605	45.5828	-13.798	35.9056	-50.8584	64.3576	107.371
-20.002	-11.4059	13.6722	-0.63437	23.1912	-32.3846	123.571
-49.631	29.9474	-31.9624	-10.7413	54.7987	-64.198	130.969
22.5315	-34.2947	14.7064	5.36334	-18.8562	-6.93998	116.448
56.5771	-21.5554	37.4043	-13.8214	-0.292148	-0.239398	36.944
56.265	-22.0595	38.6495	-13.7562	60.9015	-36.581	72.1126
-1.39052	12.9864	-14.2221	14.759	17.0333	28.6159	118.084
-25.3263	-26.9545	28.0881	-9.58356	27.0225	-40.8712	102.842
-56.1919	20.1042	-41.5224	6.18893	-20.654	0.91527	93.0947
-19.425	18.1874	-18.6352	6.14353	8.19462	-12.5542	68.2961
-36.9125	44.3625	-19.098	-12.4076	2.78139	7.61495	54.8981
-44.514	22.2117	-33.8732	-16.2905	18.8946	2.48164	58.6116
40.5512	17.9585	-11.281	2.61533	34.3553	26.8717	120.381
-0.825519	-14.8345	30.4277	16.1285	76.3754	72.5524	172.49
59.3766	48.7727	-12.0285	19.959	-59.127	34.0596	153.667
-3.14511	15.598	-18.164	17.2186	-41.0915	40.1101	154.159
40.0382	-26.9109	26.6672	16.2954	23.1546	17.4234	177.495
5.86813	-52.9785	2.45303	3.32784	19.4091	-30.7539	138.312
-20.2231	-11.963	13.791	-0.486869	-71.2817	-69.4222	132.562
36.9697	43.7419	-28.6197	-2.54385	-48.1732	6.08426	140.023
-27.417	36.587	-31.2144	-11.0372	7.14136	53.4009	115.012
-35.4464	-21.8034	33.398	-10.2796	59.8526	72.9133	136.799
35.076	38.3136	-26.2086	-6.93498	33.0998	-6.96766	153.009
-10.3747	47.7971	-4.83214	-4.39216	19.2914	20.2915	117.897
-39.9673	16.9489	-21.3934	-12.1058	51.4374	-15.2898	101.52
23.7519	33.8819	-9.55291	-1.199	67.2657	58.1007	139.012
-33.1298	-15.6597	21.6885	-7.87008	0.047262	-38.5963	130.279
-33.3942	34.3798	-41.7003	-11.9645	-41.0427	12.2602	121.586
16.7241	19.0394	-17.4462	2.11004	-39.9858	44.5063	133.682
58.3852	-27.0618	44.3742	-11.7012	-53.6493	-49.146	130.556
-11.2909	19.293	-24.068	4.53621	8.78765	-3.34098	93.5174
-34.9144	27.7683	-44.8288	-14.9143	-53.1308	-19.0398	91.5955
21.7637	48.0731	-23.7549	10.3082	-42.4885	37.927	127.18
-52.9088	7.72758	-12.2673	-9.20115	-58.0363	-68.3174	139.933
-3.83749	-54.5031	-3.79944	14.2621	11.9281	16.942	172.334
-25.2931	36.0742	-29.7573	-10.4523	37.8833	-8.96508	143.201
45.8844	47.391	-20.3262	5.72452	-8.6611	-35.6385	124.06
57.6872	-25.6044	45.6872	-13.5432	62.8437	-31.2164	141.119
-2.27182	4.52338	-0.111462	5.40579	53.5049	-46.6094	134.786
-53.3667	48.7998	-12.5509	0.810075	56.9667	-36.559	174.061
11.269	-35.7819	4.46079	1.39206	-34.0113	-10.2037	182.242
56.7922	-21.7308	37.6194	-14.0715	-50.2282	-40.7576	140.392
-12.9485	18.8562	-24.2903	5.3278	-49.1804	9.04956	129.917
42.5803	8.38526	5.46799	6.33043	64.2475	48.0973	141.505
-14.6181	-34.7505	1.11396	2.9203	-71.5374	61.1661	168.814
44.301	34.8806	-19.0754	13.7903	47.5256	51.9634	182.613
-0.784976	-14.9762	30.2789	16.0101	35.9701	-37.0723	147.817
-41.0886	26.4946	-42.4727	-11.4946	-22.5391	6.00477	96.9306
-3.34941	16.2635	-18.9361	16.7655	-60.2234	-29.0965	106.74
55.4015	44.9606	-12.9667	35.6149	63.6987	44.2002	141.915
-2.2876	4.53356	-0.117775	5.40162	-62.9738	-43.397	148.535
55.1382	44.5183	-13.0537	35.8922	72.106	74.6695	160.91
-1.28296	-14.3568	30.1328	16.1373	34.7191	62.1557	156.311
-34.5101	46.8667	-16.5249	-13.5037	-41.448	20.1097	124.292
14.5826	22.8949	-16.9452	3.09321	-13.3275	8.8878	150.027
