-47.1424	-19.1804	23.4793	3.74792	58.0219	-60.0301	141.523
21.882	33.5577	-23.0374	44.5903	-12.1381	24.0102	115.294
40.8885	-3.83568	-6.31807	26.5884	62.047	43.5561	116.55
-16.1578	-43.8666	4.45173	-86.017	-58.6557	-23.3394	140.148
42.7579	-20.0992	15.6025	22.0541	39.5559	10.9394	137.651
-6.48729	-33.9909	2.85595	-24.6888	1.30947	1.58118	84.6074
-15.2197	-42.9374	0.0603753	-79.0607	-43.7296	-30.7781	92.2498
32.6215	-8.98372	-1.61865	32.9757	-8.74195	-2.92386	104.68
56.3803	-1.42517	-48.8842	15.6698	4.08909	-4.17922	44.9588
41.9503	12.4616	-22.9902	38.6509	-64.2309	-45.3381	91.149
-19.8423	53.3306	4.93396	-70.8288	71.611	-65.9152	159.764
41.8146	-13.4028	-0.757356	17.6291	34.1996	-50.4266	151.317
6.8	38.5798	-14.9084	2.745	-18.118	-33.9608	142.693
30.5178	-37.8414	14.9943	31.6357	-16.3831	-19.7808	120.958
56.4272	-6.14194	-10.5738	11.4521	-18.4759	-43.6262	96.1293
-42.1112	44.7026	-37.9519	-8.62406	-28.4876	35.3811	109.403
-8.27485	2.34382	-13.415	-19.7647	-45.4197	35.9364	135.897
39.3489	-35.5216	27.1093	34.5357	8.69729	-0.0357073	105.503
15.5316	-35.1626	13.6188	28.2045	38.6271	43.6496	132.711
-24.7644	39.0302	-30.2809	-34.8009	2.07037	-15.7044	197.634
-29.3107	-49.5965	13.9869	-55.57	-49.5247	-42.5983	171.574
19.5935	-7.0948	5.04689	20.3155	30.9683	30.844	173.82
-17.5896	-44.7819	12.9	-92.3409	47.2335	-41.8164	154.824
54.5753	-2.51196	-34.8324	3.68392	-64.3015	-73.4252	143.012
-13.1397	56.9455	6.72075	-56.5029	-63.146	-57.4309	175.219
41.4889	-13.416	-0.728879	18.2753	48.7952	22.7328	167.388
-11.624	-38.2413	3.44343	-47.9303	-7.56851	22.1763	155.663
0.753956	45.1632	5.29674	-7.3268	-65.0132	52.532	162.679
57.5174	-1.11443	-53.7768	24.1392	-56.9379	67.1972	157.985
-13.6514	-58.2227	8.09332	-65.2063	-0.256523	-0.222799	81.6975
-15.5182	-59.1267	1.85644	-70.8807	32.5964	43.7902	61.3039
-50.8041	13.3017	-11.0086	-13.0503	-37.1702	57.1692	125.447
-14.5567	-42.1139	-0.396719	-73.7257	-25.4203	-22.5897	157.22
20.0433	-10.6772	3.179	24.0362	-32.3353	-50.0415	152.981
53.8511	41.2693	2.78241	8.14939	58.2899	-53.1572	160.798
1.23667	-31.0102	7.22339	-4.9341	-28.8198	-0.327874	175.981
44.0782	-30.2942	29.3359	30.2191	34.5012	52.7164	152.539
9.30265	36.5813	-18.6527	12.192	-51.5515	34.7139	138.735
-58.1984	1.1122	-45.3452	13.3484	-23.3893	-23.7808	109.815
-25.8183	34.4254	-23.6359	-27.5396	31.3672	30.0769	99.5604
55.8577	-2.33407	-38.6378	9.32515	10.4467	-27.7961	97.0482
40.6519	38.896	-3.8881	38.5693	-29.0647	56.8632	108.171
-50.1381	-18.304	18.9978	14.6194	-60.4912	65.4391	146.866
1.26551	46.4028	8.67072	-7.63015	-11.1055	-43.536	209.459
14.2471	-21.6436	19.1525	22.2211	24.631	30.3212	247.034
-17.1131	59.562	0.0878565	-73.2066	-37.9663	-51.4736	227.2
20.7373	-8.97589	5.27847	21.6516	-19.9094	-43.2426	162.522
44.0538	41.4282	4.54967	30.9997	65.5887	-39.9858	158.546
-15.9357	-42.2962	2.01729	-80.9836	-59.2941	-29.6642	171.551
42.1805	-12.83	-1.22768	17.1526	-14.7412	-22.6417	110.449
-54.6969	22.1219	-8.31277	-16.7143	45.6948	29.8865	101.338
15.6138	-10.4798	-3.58525	20.8898	-36.4428	-52.8358	123.811
52.2301	42.4748	4.26458	12.3366	16.1028	-36.2781	141.359
31.4483	-31.6446	17.8908	25.0192	-3.05379	-22.2101	115.351
36.7211	6.36472	-24.1506	42.7887	-44.3785	35.456	98.9338
-36.0792	-31.5795	34.1966	-25.6077	9.78808	40.8925	131.316
-48.4603	38.0843	-20.8373	-22.2445	-15.4303	-29.8783	152.656
-26.8891	-40.9245	25.1854	-59.9514	-43.4752	-27.7701	160.158
21.3906	-9.61239	5.62304	23.5532	0.124125	0.102548	79.2673
21.0793	-8.65185	5.37849	22.3439	51.5097	-12.4388	65.859
-35.507	4.91758	-10.6466	-34.4822	-34.1972	-37.6359	122.033
2.85078	47.328	10.264	-3.78551	29.3783	3.0363	101.062
-40.7749	42.6204	-40.2092	-9.82845	9.79248	23.9878	84.8362
-55.9958	4.59647	-31.5268	3.81861	-71.5076	74.917	124.286
0.446327	-54.1019	11.2358	-2.3981	-5.60401	-17.2425	223.873
10.575	-21.7443	19.6412	16.7796	24.9578	28.664	261.227
-21.6753	-58.8944	-7.2518	-78.4979	-45.9765	-53.129	223.721
22.1082	-8.23523	4.11028	26.4965	-56.4842	21.4005	165.466
-39.4502	-30.1807	38.3536	-14.6904	58.2711	-21.2114	125.726
21.0686	-8.52659	5.32166	22.3487	53.8695	-65.1451	156.087
-25.5996	48.322	-16.2868	-39.1362	21.4407	-35.2411	173.762
-52.7018	-27.983	32.6537	22.0459	-28.5521	48.7731	155.832
-22.0388	40.3059	-25.8491	-40.5556	-2.99249	-19.3307	160.241
-16.6727	-44.9091	11.4585	-90.8345	-25.1795	-25.5346	178.583
16.768	-10.3612	-2.17261	21.1487	-53.7766	-55.5239	163.742
-54.0336	40.1932	-16.8965	-11.6564	-24.5929	-28.7457	159.346
-21.9216	-42.6013	22.4177	-71.6347	38.912	15.3123	201.244
49.6332	58.8673	7.07692	33.3925	-1.4777	55.0138	172.102
51.3229	-0.770627	-35.1215	16.1592	-48.9648	59.4391	139.465
-23.8272	-54.7622	5.64368	-71.1521	-30.2468	20.1284	164.355
16.0957	38.0963	-14.7667	26.4514	47.7382	-5.337	149.868
-38.8921	44.3912	-39.7317	-10.2323	-66.0796	68.3173	152.033
15.1266	-11.8777	-0.0870173	22.1401	43.5236	17.195	158.792
-35.6695	-32.0189	33.2289	-27.3471	-47.2595	-19.3565	142.812
17.0722	-10.1082	-1.64991	21.2761	22.6165	22.5991	164.824
-14.5767	-42.4563	-0.712064	-74.096	-42.5201	-38.8124	180.032
30.0097	-1.23287	-2.13327	42.1508	-14.8184	45.287	155.675
47.4863	-53.729	0.719577	31.1656	-49.0193	-7.24179	195.052
-16.6369	-45.9051	15.9801	-91.6292	42.0829	-47.6843	189.416
-59.0084	2.18446	-44.0366	12.5128	-35.8187	-63.1747	132.419
-25.1542	-58.4667	-8.68682	-69.0399	-48.7614	-51.2513	170.875
21.1858	-9.81546	5.37318	23.3082	36.069	46.7316	211.689
-16.2515	-58.4372	0.0200105	-75.3175	-33.8362	-28.0795	226.249
24.5049	-24.6636	21.77	31.2033	31.0006	24.6862	237.041
-14.847	-55.897	11.5086	-77.1309	54.6365	-62.9943	200.83
56.9963	-0.901073	-54.0403	21.6843	-35.3659	58.6359	153.149
-28.5132	-57.4146	-3.76562	-51.2088	-42.5436	-46.3937	178.676
14.3434	-10.7316	-4.14487	21.681	-78.9289	79.0506	191.517
-45.6649	49.6128	-32.8669	-9.78278	-55.0381	-53.1841	172.605
4.77686	-21.9017	12.3605	-1.55381	-24.3722	-3.97832	168.691
43.882	-15.1424	2.40059	19.4491	-68.8121	53.409	176.246
-16.8583	59.1982	1.51972	-71.683	47.7425	0.774596	150.657
47.5647	58.1172	9.05219	30.1256	33.797	-34.9375	144.456
8.75041	-21.8274	17.5428	13.6289	6.95328	44.3976	219.372
0.714597	45.2175	5.39501	-7.41515	14.4433	6.36113	162.857
-28.8746	32.1308	-24.6275	-18.6496	-51.7098	36.8732	109.817
23.1155	-4.95196	1.40669	30.9886	45.3874	59.0635	179.216
-18.8089	-59.6989	-3.79255	-76.1899	-38.2167	-48.1421	209.499
20.0639	-10.6041	3.18436	23.8918	-22.361	-6.56138	146.838
57.5347	0.536501	-53.7539	24.8182	-31.6362	62.8822	106.247
-32.3232	-59.4531	-6.16343	-31.7414	69.7067	68.4416	146.444
31.1368	4.95967	-16.6127	42.6571	-4.20417	23.0645	118.255
38.3961	-33.3246	28.698	34.9766	66.8907	53.9005	135.363
-19.4157	40.3289	-19.3219	-39.3062	40.5559	38.3475	156.484
56.9402	-0.971621	-53.5456	21.169	-35.5911	-48.7618	122.551
-26.2038	49.4596	-15.357	-39.9723	-29.8208	7.74387	140.476
16.639	37.9377	-15.6013	27.6486	-3.0062	-1.90453	94.1113
30.4212	46.2572	7.56242	37.5135	57.1612	13.2977	77.9554
-29.3421	32.1928	-24.1451	-18.0152	59.473	43.7916	130.848
35.0188	-8.59962	-3.15958	34.7976	-69.521	58.9234	160.871
-26.442	-57.7817	-6.38476	-63.247	-30.0509	-34.8425	207.653
8.90928	-16.7618	7.63784	8.71019	-39.6467	-12.9288	167.796
58.3369	-0.533181	-55.5179	25.2415	-14.8687	-31.2301	99.2539
-41.5397	42.1956	-38.298	-12.251	-45.4255	-52.5604	129.552
2.21997	-27.5323	11.5789	-4.45866	-2.35039	1.96409	192.619
12.2831	-36.4443	11.2215	20.7448	-38.084	-29.8669	166.28
56.4133	-1.99733	-43.4076	14.3003	-46.8196	-16.2793	112.429
-10.2473	16.4709	-10.2038	-19.4379	40.4075	44.8237	118.888
-52.1303	-29.8408	38.5143	22.8735	73.8312	65.315	152.499
8.27531	37.6783	-17.205	8.8072	-52.1078	40.8462	155.442
59.7119	-2.68723	-39.3003	26.618	-28.7425	44.6244	123.786
-28.7244	-51.825	13.646	-57.0604	50.8641	-53.1744	127.297
43.6784	-2.01425	-15.6821	19.8423	-26.7316	-47.7303	128.252
-47.1368	49.6715	-31.2983	-7.26493	-68.8191	-58.4409	153.606
10.7875	-21.2486	19.6277	16.5963	37.773	-53.2961	192.653
-26.3476	31.8231	-27.3837	-27.2788	-72.0703	-61.4335	190.808
32.8261	-37.7387	19.4788	34.9742	24.24	-2.47901	173.366
-6.32871	-33.4148	2.84527	-24.0063	-54.4341	49.3331	182.299
44.346	40.5001	2.57737	31.0265	-11.4822	32.1421	148.476
-59.6931	-3.85331	-28.8766	25.6173	60.2563	-50.8617	127.471
6.08866	42.2579	-0.200234	0.0127834	10.2337	-30.4977	158.879
-8.72959	-34.8767	4.71623	-33.0557	18.1879	39.9239	153.819
-30.8612	37.0699	-34.9893	-19.2764	-47.9675	50.4644	163.937
15.039	-11.6175	-1.20127	22.0334	6.14	12.4052	199.385
2.44006	-38.5296	12.0278	7.74503	73.0695	75.2004	194.735
-54.9179	22.8577	-10.0944	-17.583	-39.9947	-60.0354	158.115
-16.9377	-40.7696	11.4872	-76.545	37.6786	-38.5287	133.153
-58.1889	1.48538	-44.8146	12.6118	-35.9201	61.4775	129.651
-23.8864	-56.8089	-3.26208	-73.1942	-31.8624	18.591	152.693
17.8906	38.2815	-15.1879	30.9096	-46.3241	-9.76126	137.487
-47.9107	49.7261	-29.5799	-4.6702	10.454	41.562	108.067
59.0272	-1.30131	-51.6208	25.7644	-42.3965	62.557	126.579
-21.7104	-58.6866	-7.22998	-78.6709	-27.5077	-38.093	189.921
10.2968	-14.2953	6.16915	12.6603	32.0327	60.5323	224.363
-20.4881	47.1868	-9.77193	-62.0555	-58.0612	-37.1545	214.257
35.4172	-37.1253	24.6212	36.6954	24.6737	27.2275	227.331
2.93657	47.0393	9.98619	-3.62531	28.8364	3.19138	164.925
-40.2823	42.0732	-39.7043	-9.4788	-74.4484	69.5209	125.728
18.7788	-13.1299	7.09148	27.5553	49.7283	61.4583	181.579
-25.8562	51.6107	-9.22381	-46.6412	53.4708	39.8593	164.976
41.5397	12.3806	-22.764	39.3735	77.1325	75.0321	149.525
-17.804	-45.5906	15.7435	-93.3597	42.5305	-43.9387	146.768
58.4685	-0.426725	-55.242	24.8329	-40.1605	61.0835	136.211
-23.7085	-57.5841	-5.96595	-74.0952	42.0346	-61.7311	147.577
57.0949	-0.621828	-55.3061	22.8091	-35.9041	59.4078	146.301
-28.1406	-57.4899	-4.32695	-53.4845	-47.7488	-31.6885	183.201
22.3358	-24.1868	22.0801	32.6746	54.6859	65.6716	207.522
-24.907	39.0416	-30.4846	-34.5566	-29.7268	1.85149	172.992
18.5497	36.0972	-19.9198	33.519	-29.2856	32.2488	129.724
54.4012	-3.10507	-29.9921	3.09964	48.6713	-45.9051	118.848
6.59801	42.0011	-0.98022	1.1311	36.0238	-44.5574	175.508
-31.3603	-30.9482	33.9435	-43.8755	21.3669	-51.7468	169.952
-54.4103	24.6295	-11.9877	-19.0991	-21.4999	-40.291	137.108
-28.6571	-47.8731	20.628	-58.7081	4.3102	21.2031	161.028
-36.3142	35.8646	-29.381	-21.5114	-20.6949	-39.5372	161.113
-11.2881	-36.9826	4.54643	-44.8664	2.48839	8.11057	175.452
-18.5522	-58.8246	-3.72129	-77.0249	0.533046	6.23107	119.261
-20.226	40.4083	-21.4452	-39.4193	-44.0385	42.8085	107.711
24.7077	-3.32537	1.11763	31.2973	1.62591	-20.1751	123.287
22.105	32.9917	-23.6943	45.1042	-64.6212	63.4981	112.771
-43.5064	-20.6077	26.5033	-2.70066	-18.2679	6.99734	111.926
-10.2422	-33.1917	5.23568	-38.0859	8.23276	11.3826	133.339
-28.4544	-57.1285	-2.50337	-51.4214	72.171	70.3707	178.276
34.0013	6.57696	-21.9022	45.9762	-18.7381	58.9197	143.706
53.3437	-53.2504	7.23123	27.2319	2.69684	-27.9226	141.299
49.1178	-11.2294	5.46421	5.58515	63.001	-69.2633	167.205
-2.84071	46.3144	5.86883	-11.7747	-31.168	43.9289	187.987
30.8412	-1.90899	-3.0677	39.3777	-22.7643	-16.5424	141.761
-54.4446	23.2728	-10.4071	-18.2756	-23.0942	-42.6512	118.782
-27.8801	-47.8231	20.414	-62.3161	25.0106	-51.3793	136.687
-54.4689	6.84458	-18.4132	-5.57867	37.6668	-9.24825	110.791
16.9259	18.5737	-16.9968	25.1498	-13.9111	43.6348	104.44
33.6548	-33.2322	19.4751	26.0649	-34.0264	-57.191	119.958
-52.9721	23.1493	-8.53788	-16.8102	-9.43724	42.3946	118.574
-41.6064	-28.6752	39.1587	-5.83912	31.1345	51.7377	127.37
46.0856	38.248	-1.95755	29.7161	31.6592	40.2881	131.853
10.6922	-7.1179	-7.67474	11.6042	-39.3358	16.5791	110.087
59.2065	-27.3079	29.4227	15.9857	-31.878	17.6629	100.979
-18.4448	-50.8064	21.5341	-91.8004	40.6552	-53.3373	114.226
-58.3925	1.47316	-45.217	12.8203	-39.0565	61.798	138.017
-21.6208	-56.3664	-2.80407	-79.9258	-44.6234	-55.2209	175.24
20.6807	-4.00998	-2.26004	23.2857	-39.1054	19.5486	156.205
-51.6452	-27.591	32.7429	21.4817	-20.839	35.4613	133.366
-25.6342	48.2511	-16.4927	-38.911	-62.9749	57.6501	162.818
28.7353	-1.96789	0.293282	41.1065	65.8544	55.5392	162.133
-27.8876	-49.9528	13.7182	-61.7207	-67.2671	-56.6446	158.906
29.3085	-1.35268	-1.23625	42.3192	34.2223	29.3886	166.424
-11.1963	-36.7299	4.7553	-44.2417	-7.83534	24.1756	169.63
1.11828	44.9652	5.13906	-6.73486	4.52731	-8.18941	107.338
-11.1268	-53.561	16.8182	-52.8447	0.652743	-0.609588	142.364
-17.1177	-51.0524	22.6708	-91.6149	64.8294	-59.7982	192.985
47.592	0.125446	-28.7379	21.8659	0.880406	43.6543	128.528
46.701	-53.0546	0.97379	30.7338	-43.7433	-48.407	118.075
-29.8911	-4.82408	1.55461	-34.5696	-3.70344	-31.1715	109.879
-24.7481	39.8726	-30.6128	-35.8887	-28.6539	1.69918	122.288
18.0092	37.0073	-18.5494	31.2864	-19.0231	-19.1773	119.291
47.7336	-53.3274	0.912839	31.1316	-12.7032	31.8106	89.1446
-55.0151	22.7922	-10.0918	-17.3887	41.6117	30.9737	104.963
18.4803	-11.555	2.04586	25.6678	-7.08526	13.9154	89.7715
33.3402	-39.8481	16.9403	39.0975	-32.126	58.9351	102.015
-55.1742	22.7346	-10.1844	-17.0947	-16.2187	-12.755	106.577
-26.3746	45.191	-23.9081	-35.2603	-0.491478	-0.224036	42.6871
-20.4721	46.9781	-10.1511	-61.5774	74.1977	-77.642	89.4511
41.9812	-13.2264	-0.896059	17.3938	-56.3	-51.4913	153.428
-26.267	34.1219	-23.6951	-26.3673	26.6772	20.8185	117.093
56.7333	5.22054	-35.5406	23.3177	-31.6873	38.5719	103.703
-27.0653	-38.4881	27.1183	-56.6769	-22.4775	28.0511	144.83
3.06117	44.2754	4.64243	-3.44315	12.5016	-1.99293	116.991
-25.5597	48.3852	-16.0853	-39.3763	67.3397	67.9157	107.248
39.3803	-7.33273	-0.320706	28.4791	65.522	61.5374	172.359
-15.8454	-59.1781	0.929908	-72.0505	-42.0968	-52.2534	198.917
25.1657	-8.19258	1.81408	32.4291	-17.5496	11.829	142.076
56.1878	-28.6939	32.4351	15.333	32.9108	-4.76993	83.7211
10.1494	-21.9015	19.2287	16.6392	8.17112	44.151	175.981
0.798485	45.2738	5.60659	-7.37605	47.9959	-48.5607	216.314
-46.0038	-27.9105	36.5162	7.01004	3.41031	55.3136	147.621
-49.5842	32.7348	-14.5817	-24.4496	-24.8028	-27.7743	150.825
-16.7652	-51.1482	22.7308	-90.46	34.179	-29.1339	144.033
-57.7563	-16.059	17.2868	14.0543	33.9836	-41.6425	112.722
25.1202	29.4926	-24.2434	46.6993	-50.455	51.4176	126.939
