12.6311	39.9246	1.67006	0.474102	-28.3307	2.95729	140.05
55.4533	35.2076	7.72582	-21.6547	-4.88522	3.08065	62.5472
-48.2456	24.5682	17.1143	3.5218	70.3373	63.7039	97.565
13.7613	-27.741	-6.46182	-9.823	15.1741	19.6663	118.129
-10.6459	-59.469	-13.6441	32.2985	-64.0526	50.9976	134.29
46.2626	15.6739	12.0574	-14.8108	38.7265	40.8506	154.6
4.76668	-28.1323	-12.7679	4.16522	-50.6279	-61.7222	132.076
50.2712	27.3236	14.337	-30.6991	60.0393	-58.0526	158.957
-2.57126	-42.0677	-17.3991	28.1964	-62.6628	59.1569	175.193
51.7067	27.1634	14.7726	-26.8208	-7.80662	-41.2986	157.762
-58.7131	-41.9663	-20.5875	1.32352	45.5445	40.7872	161.241
14.4231	36.5639	-6.8952	-7.31892	-24.1478	31.2028	142.084
45.3881	-3.49806	9.36217	-0.0572145	56.1082	41.2378	117.58
-8.66874	-42.9897	-23.0616	41.8605	61.3203	35.9137	172.908
53.1685	43.0579	1.87502	-26.5328	-52.7723	-65.9021	203.044
-20.9649	-19.6247	-15.0347	13.8286	-38.5731	-45.5016	159.177
19.2145	27.7189	7.35717	-15.7482	66.6123	74.3441	151.632
-34.0934	-32.0229	-25.5967	-1.91015	-61.7916	-34.9969	159.582
24.4062	1.50252	17.4143	-4.95383	57.0679	33.2303	142.048
-31.5975	-31.4964	-23.1763	11.0254	-19.2004	31.109	195.314
-6.43692	47.3139	0.311499	23.0524	-61.4661	32.0647	190.202
52.8504	16.34	16.3571	-11.4284	3.37861	55.987	126.975
49.0357	-43.6231	-14.5178	-24.7454	-38.9448	-22.3691	138.516
-24.5689	-16.5327	-13.7543	11.6049	-47.1257	0.786877	133.699
30.6892	-17.5324	0.850626	-18.1449	14.5842	-48.5901	112.509
14.0281	37.2306	-4.36209	-4.39049	-6.48154	19.1648	93.7425
25.7117	2.64987	11.8546	0.325157	34.6907	62.3542	104.198
-7.32377	-56.4397	-10.4321	31.5907	11.0111	17.2253	159.607
-26.9624	33.3477	2.83835	8.45029	-32.9669	-47.5308	170.338
7.98332	-36.8645	4.16624	9.17736	69.0091	61.8493	171.388
-49.4559	31.894	14.3827	-4.08985	6.06181	5.56459	116.654
53.1238	15.8341	16.921	-10.7715	-29.4083	44.2122	82.1928
-34.2964	-32.753	-26.1148	-1.70036	-11.5501	4.61701	153.044
-8.27194	-43.1092	-23.4366	42.5296	0.00613713	0.078961	94.8517
-8.5666	-43.022	-23.1535	42.0703	-64.1634	58.7611	89.2722
46.7358	26.6659	11.9722	-27.7496	64.2863	-59.0565	177.907
-8.58355	-42.9795	-23.1548	42.0799	-51.1896	-34.8516	152.195
43.6678	-7.33182	9.15457	-1.01798	50.6878	57.3336	133.499
-2.89368	-59.9301	-20.6009	15.672	-59.7705	-70.1927	147.293
47.0595	-1.2715	4.6881	0.843867	-30.0225	24.8891	127.262
-34.4464	-33.5181	-25.6916	-0.918051	20.6235	-49.3141	109.022
-57.228	20.6953	14.1884	-19.4125	-60.1276	-65.5799	153.218
-6.16135	-43.8168	-24.1806	41.322	-62.9851	57.7555	183.484
48.6332	26.4069	12.1637	-30.791	-44.352	-64.0974	163.052
-31.0727	-35.6375	-25.5281	11.1975	-39.0654	-4.38283	144.462
18.6902	-29.7733	-12.4652	-23.8505	-53.2852	-68.0454	145.059
-55.2161	28.8548	9.53383	-18.3336	-51.8343	-50.6337	176.292
-6.55311	-43.649	-24.3638	42.2218	-67.365	75.5323	182.411
47.2818	16.4655	12.354	-17.0642	20.0606	-12.1419	119.79
13.6694	36.4273	-6.03501	-3.83464	9.59683	51.0751	97.0258
3.17689	-20.5475	4.67539	2.92767	69.0702	-62.4178	139.545
-53.9591	31.4971	10.91	-13.6244	55.2169	-47.6895	173.348
14.0133	-44.0587	-20.7387	-26.2632	-7.29122	-32.7261	138.464
24.2762	1.52824	17.509	-5.34546	31.2937	-57.7192	117.168
-6.85977	58.3436	-16.7776	27.2244	-69.0175	52.3703	166.396
52.7114	13.5693	18.8673	-10.3527	50.379	41.4122	160.852
2.60573	-27.6726	-13.3547	14.5324	-64.4592	70.947	146.585
55.5547	34.5334	7.99373	-21.2641	-31.0037	-59.5355	150.693
-34.0981	-27.4385	-19.8484	-3.50121	42.8827	-63.3817	139.251
46.5583	30.7577	15.2002	-29.0173	1.65595	21.6055	107.954
43.891	-6.85427	9.61602	-1.00053	19.1373	-23.171	81.9586
15.8672	27.3937	1.69202	-15.0428	-46.2599	-21.8389	101.723
-52.0695	51.7315	-1.47604	-5.30299	13.7476	42.5333	111.281
51.2142	0.584351	8.72187	-5.62341	-11.4793	21.2526	93.3351
-49.792	-34.0784	-21.5479	-4.09387	64.5932	58.3261	129.112
14.5554	36.1247	-8.05366	-8.72509	-11.6464	16.777	126.255
35.4847	6.015	3.07914	2.09549	-54.244	40.7704	102.667
-31.7208	-33.5895	-25.9872	10.5033	-38.6468	12.8617	139.458
16.6148	-49.7288	-11.4044	-22.8085	74.1557	-66.6273	154.495
-42.6104	3.87387	22.3332	7.63281	18.0865	49.013	139.179
57.1619	-50.6375	-3.71482	-4.89057	33.8725	37.0616	145.442
18.7215	27.7423	6.87348	-16.4347	60.2473	-68.0409	181.086
-31.7927	-35.2486	-25.0702	7.43352	36.0045	-22.4838	146.278
43.7083	-7.40878	9.06216	-1.00781	-35.1197	-31.8497	107.841
-35.1402	29.6082	5.0508	25.4397	-0.906451	44.523	109.057
-34.229	-24.0905	-23.8778	-3.77361	-62.0159	-72.1925	145.005
16.5007	35.3826	-9.28478	-18.3643	-59.3269	-56.8098	178.942
-50.8346	-34.6736	-22.4006	-4.62976	-53.9553	-52.6138	173.367
-1.31094	14.1274	5.58769	9.73258	-17.5869	52.8256	145.716
17.7619	-42.7533	-18.1203	-29.9378	-67.943	-62.6934	137.097
-45.6758	9.64566	21.8223	1.05379	59.1967	-27.1327	141.893
15.3502	36.4744	-8.12888	-13.2115	2.08231	-30.546	140.73
12.5697	-39.4144	-13.8296	-22.3947	-52.3399	-3.23302	134.105
-49.3896	-35.6082	-23.2426	-3.70045	12.7021	-12.9701	92.7292
46.2224	-11.1156	1.93401	-0.814218	-5.58316	25.1378	75.6027
55.2857	-51.1411	-3.14396	-10.0234	0.847251	-12.5169	70.0024
53.2596	-22.2484	-20.7567	-3.19469	-40.2603	26.8737	109.13
-20.5518	-53.5299	-8.071	26.9412	-2.07674	14.1935	170.473
-15.6831	36.6458	6.1905	21.7274	-17.6165	53.2075	150.512
3.16577	-20.5325	4.69622	2.94866	-56.6965	37.687	126.326
58.2982	-57.0354	-1.42982	-7.36054	48.2509	32.8474	165.918
7.43414	28.8261	4.63417	-0.322432	2.24062	-26.0686	179.233
4.03857	-50.5377	-16.1527	10.3623	55.8817	32.7252	188.224
-51.5976	37.167	11.3394	-8.38099	48.0408	-32.1967	209.064
17.545	-49.2553	-11.3499	-21.4616	-2.51693	-9.80515	126.407
24.1779	-23.9801	-8.71518	-17.901	-11.5664	9.27968	57.4064
48.3309	-43.8491	-13.6771	-25.7211	50.8735	-55.5832	100.986
1.24574	7.55656	-1.69997	-2.556	-38.969	5.49318	120.253
51.27	0.340691	8.6172	-5.44232	29.7109	-28.7026	102.313
13.9347	36.2057	-6.89498	-5.36302	4.11365	-46.7351	117.426
9.25433	-29.2823	-6.02363	-1.79271	35.7574	42.9403	149.311
-29.2483	44.9861	14.8342	22.3809	60.1418	64.9784	172.266
39.798	-10.5508	7.6916	-6.65399	48.3314	-33.46	150.258
-10.8798	24.5519	16.7295	18.6852	50.008	7.09193	125.984
52.9339	16.3679	16.4333	-11.3866	6.4164	4.84047	87.6932
34.0502	2.62202	2.12597	1.13217	-61.7994	44.4286	98.6279
-29.2146	-38.1615	-24.173	18.9004	-48.1954	51.3424	160.228
17.0612	33.0864	-5.5448	-17.7699	-21.2784	22.9041	130.009
47.5197	-0.109293	4.00491	-0.22841	-29.4075	26.6601	95.5846
-35.0265	-34.0323	-25.9767	0.0309407	-33.0479	0.348164	124.646
10.8612	-34.3336	4.56314	-5.242	31.88	-1.76537	149.163
-34.1321	-31.7996	-25.3157	-2.18041	8.91988	-52.7059	133.775
-44.1458	26.0654	13.9909	2.94554	-34.5459	-49.7076	167.774
-8.59197	-42.9316	-23.164	42.1098	42.6732	39.5187	217.919
-53.2788	35.6843	14.1147	-13.3128	72.723	-70.6929	195.285
8.69131	-28.3491	-6.55101	-2.06305	60.1255	-48.4693	165.524
-45.8581	16.083	19.2642	7.3623	11.88	50.1346	136.837
-59.3161	-40.0562	-23.771	0.193866	26.3484	49.49	130.729
32.3684	27.2281	-0.129998	1.77539	-62.0414	68.7305	150.206
-35.9391	-30.1196	-22.5335	-3.15524	47.5693	-65.9371	149.596
41.6922	28.5759	6.45631	-21.0895	-56.4884	-66.3758	152.255
-29.6262	-34.7377	-27.6478	19.2491	-33.2868	61.3694	187.317
2.09873	26.5272	9.52065	12.2417	39.2307	58.145	207.31
-35.1088	-29.3031	-20.7239	-4.64869	17.9927	-56.7699	161.882
-53.9709	29.7828	8.42881	-14.7961	-25.5534	28.5254	156.75
-21.0601	-7.48192	-1.04443	11.3795	-33.4301	-37.382	151.71
16.9962	34.9295	-8.37256	-18.6489	5.31978	-50.5548	120.65
10.8231	-28.4382	-6.65716	-3.23561	-38.744	10.6751	114.617
-59.9925	-41.7307	-21.867	-1.46381	-75.9576	-74.2435	135.184
-1.22572	16.1144	6.34812	10.8861	-45.0496	-0.537643	138.259
52.7956	16.5928	16.1923	-11.758	7.78938	-39.9483	124.686
42.697	-53.3442	-6.58735	-24.0144	-3.77209	-43.6309	123.968
47.3022	-0.237603	3.74049	-0.0133676	36.578	24.1165	106.578
2.93181	-29.7195	-13.0632	13.0607	-1.46022	1.74977	66.167
12.0155	-38.8718	-10.4177	-19.1739	-45.598	-2.408	67.1144
-53.8501	-35.8351	-26.1837	-1.0735	-42.7166	17.2976	127.018
-3.67725	-56.4202	-14.3943	23.8602	-47.7087	30.3219	174.528
47.4313	31.5392	15.0723	-30.3287	47.0641	-67.9734	175.093
5.75167	-28.8341	-11.7966	2.3137	-54.3127	8.83478	132.969
-55.3843	-38.2112	-26.4669	-1.23625	-3.84593	42.1871	127.91
-50.8595	29.9422	8.11236	-3.53781	-68.2026	61.3094	149.791
5.996	-21.5657	3.96784	-1.59934	-11.2103	-46.9779	137.408
19.112	32.7946	-5.68839	-16.6119	0.648394	-23.8528	137.032
17.9544	-48.3088	-12.6106	-21.1844	-47.5424	42.501	172.352
-54.1742	29.3648	8.45437	-15.6292	46.7576	-39.1646	184.771
17.6152	-50.7832	-10.4031	-20.3748	-43.57	39.354	185.003
-56.5744	28.3918	11.5906	-18.7375	56.1898	-54.4343	178.942
12.3235	-42.597	-21.5565	-21.7244	-30.012	-32.1532	140.888
48.7514	-3.52533	7.55692	-1.26001	16.7819	-22.5759	96.1221
23.0361	30.567	-1.66946	-7.17948	-13.8529	27.5373	87.5484
43.2357	-9.47134	5.63116	-1.47059	-17.7811	-4.92945	79.5284
-43.4423	0.149917	21.4359	2.67526	2.76736	-15.5953	66.8768
-49.4652	31.7751	14.2199	-4.06621	60.0835	-55.2996	121.224
17.1537	-39.4777	-16.4	-32.8431	-73.6312	-67.2924	169.148
-43.7268	14.5928	19.0222	10.8942	-10.8196	38.003	130.719
-30.0909	-34.1369	-27.5637	17.7959	-53.3288	58.1622	149.441
17.9261	33.5954	-6.03868	-17.9281	0.13285	-0.060756	103.3
18.6645	29.1963	3.30071	-17.9882	1.58301	-44.053	71.2875
16.7055	-37.6018	-10.9928	-30.6734	-7.60912	-26.9734	109.624
28.254	3.6078	7.05735	0.323035	-30.7906	35.8671	98.0995
-55.8713	-38.4797	-26.0832	-1.52444	-20.2842	-38.4203	108.324
-31.3171	8.51342	13.5598	18.5806	-44.2688	46.6924	142.379
12.6294	-38.3978	-8.02882	-21.8889	67.1376	-56.8696	168.977
-44.4374	10.3731	19.4703	6.95133	-36.138	53.1687	179.316
-8.65455	-42.9833	-23.08	41.9034	-14.4073	-6.97485	132.273
20.6467	-28.7473	-13.6941	-21.5236	-54.9586	-39.2296	98.4093
-45.7897	9.52666	22.0328	0.570996	-35.6401	-52.0949	173.833
-10.0599	-58.0202	-11.8716	32.5431	-7.93487	-22.7997	147.763
3.17362	-20.5242	4.71607	2.92252	-21.0156	-44.9556	96.2351
27.1092	30.6248	-3.49187	-2.43424	-58.944	27.8563	121.262
-34.398	2.76193	19.9434	10.733	48.2121	-22.1941	123.402
32.3616	27.2739	-0.131769	1.76868	25.7498	-22.9669	154.192
-2.79676	58.395	-19.5337	15.3275	-57.3346	-60.1425	168.749
47.6425	-8.59995	8.0277	-2.46971	48.7448	-21.9544	131.918
-6.0092	15.3373	8.90286	12.7949	-46.4146	-3.26936	113.659
48.7728	19.0851	10.1628	-20.9213	3.45639	-35.8857	127.286
43.8567	-53.1239	-6.97102	-22.9206	-28.795	28.3568	164.547
-39.6064	31.4955	3.01507	11.7193	-73.193	-61.562	184.281
20.2626	-38.2794	-15.0432	-25.0796	-6.04905	40.8496	161.801
28.0333	30.9768	-2.90214	-2.90488	15.9949	-47.0406	138.925
9.69273	-35.7839	6.16689	0.268892	-12.8925	29.9115	149.64
28.0493	42.4988	5.9348	-8.4931	52.3886	53.4541	149.873
-20.5055	-7.18069	-0.782499	11.7367	-10.7078	46.0423	124.643
-7.81515	59.1226	-16.018	29.5048	17.7259	-16.1712	150.269
-36.6037	-33.9845	-27.8553	2.63075	37.6632	56.6242	169.928
46.5431	31.1471	15.2252	-29.1942	37.1637	11.7981	125.022
-1.21474	15.7212	6.12665	10.8018	27.8872	46.9346	153.734
-31.1114	-35.3018	-25.9365	11.3475	-24.981	-35.1569	203.289
-1.02213	7.87963	-1.03907	-1.56013	-71.6707	-75.0097	183.111
55.5429	-53.3635	-1.00965	-9.03682	24.2726	25.688	175.265
22.459	32.3713	-4.05041	-8.6307	18.3359	-54.5221	157.448
3.0367	-30.2364	-11.7572	12.578	-44.5944	67.064	137.99
43.0356	30.1584	11.7642	-26.2694	33.3598	-50.723	148.822
8.47084	-37.9566	0.00561382	7.21617	47.0004	55.7625	178.276
-35.5089	29.89	4.63434	25.3878	-55.632	69.106	195.708
11.5242	-29.0764	-6.9612	-4.81733	-55.536	-2.84408	153.773
-48.6026	-25.8836	-27.9945	-3.79356	-66.0051	-60.7531	142.458
6.95526	25.6276	2.95719	-1.33136	-27.9263	12.7315	127.247
47.6418	7.00098	12.6236	-8.51565	49.6506	-2.35386	101.483
-9.0262	9.77239	9.28136	6.95535	-21.7507	-57.2034	122.31
13.544	-51.7955	-16.5557	-15.7027	-37.5595	11.7014	181.518
-58.3486	53.6961	1.85102	-8.96333	71.4304	60.84	193.657
2.5342	3.25168	3.11688	-6.4144	-69.077	-67.377	163.94
59.0108	58.0961	-4.91856	-12.5751	-15.3428	-15.5916	123.988
-34.7492	-34.748	-24.9999	0.854706	58.7794	57.4015	124.508
33.1434	34.6036	1.47841	-6.28512	-34.811	14.1842	136.169
-41.138	15.8298	19.8004	13.5057	-3.53555	50.1237	106.31
-37.3381	-40.9296	-27.3043	7.46076	-70.0475	76.263	145.402
17.7374	19.2349	-0.423676	-12.0512	-14.8395	10.1798	122.994
46.1382	-0.314737	2.50593	-0.892305	-41.3366	-29.4773	115.51
-27.6716	33.1232	2.86646	8.6206	-55.7585	-66.3062	160.504
20.5572	-30.0429	-12.6536	-21.4191	5.19208	45.1388	146.309
14.1902	36.4892	-6.77942	-6.1321	-40.0271	5.84504	118.002
-55.2172	28.8533	9.53624	-18.3367	-46.1118	-20.4437	123.248
-3.44534	52.1075	2.7289	17.8651	52.5636	-27.4448	184.647
-58.0011	-39.4783	-24.3186	0.665919	46.3503	44.7358	201.372
15.483	36.1719	-8.89096	-14.2436	-48.4837	-45.3607	178.399
-56.611	-39.5365	-24.6971	-1.69854	-58.2703	-61.7332	177.617
-6.20469	14.3627	10.065	12.2189	49.8739	51.5575	176.045
-53.0871	-34.6407	-23.6452	-2.73794	39.7567	-8.23053	139.364
16.6545	-24.1392	-4.8231	-16.3308	-57.4729	-64.149	125.79
-53.557	31.2088	10.2887	-12.6734	9.02131	25.0681	116.188
52.1983	-8.02698	7.75087	-1.7191	34.613	20.6022	92.6727
8.35104	-33.9384	2.81972	4.11875	52.619	0.221468	112.994
-49.5867	-34.0717	-21.5634	-3.85513	40.4643	-32.8613	120.13
25.2494	2.42628	13.2072	-0.878343	-36.0684	55.8339	123.577
-59.1526	-52.5663	-4.0871	-3.64634	35.7906	29.9585	160.637
18.5817	32.657	-5.42701	-17.6342	-36.9279	-37.7741	183.843
59.5554	-46.0288	-9.39884	0.230604	38.16	35.6223	180.08
16.9721	34.8056	-8.19365	-18.5433	10.2504	-12.4432	189.143
-3.66649	59.2309	-20.5906	17.4203	-21.0135	22.0635	191.368
27.1485	27.6023	0.407222	-2.35296	0.80758	16.5436	126.704
25.4224	-5.46615	20.1279	-13.6692	67.6752	-66.1489	117.649
-30.1098	49.2153	12.4949	21.526	59.9301	47.709	154.818
34.907	5.43718	3.08447	2.44066	18.7094	31.6913	118.958
10.2433	-36.5265	4.87841	-3.87198	54.8527	-34.7041	123.013
-44.0673	-1.72554	21.1507	0.440638	59.492	-35.8695	141.253
18.5433	32.6837	-5.44505	-17.6813	-0.0514419	0.428689	74.2011
21.3621	25.9643	3.64583	-15.3708	-38.12	-48.5195	87.8104
-59.7394	-44.5409	-11.9046	0.987789	43.8678	33.2228	177.493
