-54.3975	-0.288459	-13.3734	5.37593	-25.7552	22.3197	127.927
-19.1345	-30.7126	3.04809	4.97917	26.595	-25.5031	244.594
-54.106	2.79426	-20.7883	4.89358	-6.19448	0.90685	141.576
-33.9786	0.253597	5.97706	14.4796	-19.0761	50.5714	139.118
-13.5326	-54.8629	4.69774	26.5453	-11.9371	14.4292	153.978
8.95592	38.1271	-13.2046	-13.4493	-44.4532	26.076	92.6976
58.6352	9.0736	-21.4025	14.8417	49.4988	-22.9986	116.979
4.74971	34.133	-1.07849	-20.8712	17.4578	-44.4414	114.857
-15.3675	-34.2165	-5.18282	2.90801	-41.6198	-60.8174	129.987
23.6838	22.2722	14.6139	7.14356	53.6373	44.999	177.793
-27.7244	-20.5725	-0.681751	5.10485	-9.27538	20.8692	214.013
-12.6965	-55.9603	4.75963	26.4315	-29.9214	32.5401	164.259
23.6659	24.821	18.9566	8.73017	69.9812	74.2915	142.455
-31.8409	-33.8865	-23.9016	18.7673	-21.9531	39.9043	194.644
-6.15587	38.4568	-14.662	3.90361	-53.9824	23.1287	167.254
50.5128	14.3516	-29.9392	4.36076	-39.9536	49.8688	142.373
-29.4478	-35.4777	-23.4878	22.888	-0.0920733	-0.119584	84.0941
-29.0213	-32.2017	-21.764	21.4874	-42.0597	53.1731	98.1276
11.6766	35.8102	-7.72869	-9.83686	-39.8051	27.2907	150.677
57.8629	4.40367	-16.6528	12.5676	57.0575	-25.4073	119.377
-0.15321	30.2771	-3.67986	-5.7884	36.9297	9.08585	136.76
-47.9103	18.2559	-20.5994	-3.8275	-14.3816	30.4527	153.738
-28.1508	-23.7054	-1.40686	8.28077	-23.5174	52.6915	191.082
-3.61257	40.4819	-11.4975	-5.11177	-0.34424	-29.6205	154.49
-2.84903	-35.6151	9.4853	3.98694	35.282	-46.272	153.501
-39.8717	12.7959	-26.7209	0.301774	59.7314	-59.627	183.334
27.9295	-55.1143	-12.6881	-3.04669	55.0813	-6.38071	135.012
-31.176	-48.3536	4.24796	4.51369	-1.73131	-11.7756	89.2274
-27.5611	-20.6296	-0.469589	5.20295	13.6742	-12.7333	128.231
-53.2791	2.45219	-20.0278	4.70177	-52.0432	-33.1074	175.477
-0.331657	36.5068	-9.05969	-11.6405	5.49122	-13.8614	106.324
-11.5332	-54.4594	5.85717	24.2078	21.2917	-39.9431	150.498
-36.7399	-7.02228	8.05008	4.71947	18.6612	-57.0199	181.634
-56.2152	52.1088	3.18623	-6.55754	-27.9487	-9.45526	142.225
-14.9874	-54.1066	6.30419	26.8392	-17.4122	25.0246	124.532
10.6337	29.4329	10.4549	-12.7289	28.8875	-60.1042	110.18
-17.8198	-31.44	2.45586	1.02871	46.7983	-43.6187	171.499
55.3845	12.0607	-29.0452	14.0458	-38.5697	40.577	193.094
-23.2518	-31.1606	-11.3101	16.9024	-13.6457	41.3279	202.607
-7.0303	38.3812	-14.0348	4.84959	-8.0219	-5.09689	140.761
14.4114	51.9345	-12.5925	-5.45494	-7.92609	11.0857	55.2839
31.4533	27.345	13.5229	3.14248	36.4383	-30.0858	85.2572
-11.1799	-57.3724	5.81114	25.4783	27.5249	44.3704	157.892
-41.3419	13.1691	-27.9425	-5.97083	-40.3644	-18.7952	177.89
6.86698	36.0116	-7.12342	-18.2648	31.0821	30.6277	166.067
-30.4816	-1.41171	5.98804	14.516	31.4435	53.9793	163.708
57.345	-55.9074	-5.38621	-10.4226	-32.3071	-17.2885	153.507
-19.8888	-33.1115	-12.8003	15.6118	-67.6867	67.8059	159.049
35.6407	31.3722	0.444135	14.9336	-66.496	75.1623	158.78
-31.1652	-28.5296	-16.3172	16.3539	-26.8295	46.1916	184.465
-2.0962	40.5723	-12.3401	-7.99271	-10.0458	-5.46854	131.917
22.2389	53.8258	-21.6986	-0.288923	-60.8788	40.1686	96.1692
-40.7112	15.9847	-26.9472	-3.1421	-24.5096	-21.5115	159.704
-6.69069	46.5327	-8.01049	5.86622	-57.654	32.9533	156.726
50.1766	14.0692	-30.0142	3.47415	-14.5559	-3.02433	96.5567
-39.4557	20.6643	-15.0934	-7.02858	-29.9441	-7.28462	108.803
3.5395	31.2411	0.71946	-15.9953	22.3557	-29.8828	176.961
-25.3875	-49.3518	-0.450986	25.8485	11.0887	41.0748	151.739
-39.258	20.0079	-16.2467	-6.10278	-11.0068	39.4742	124.691
-25.2938	-29.1701	-6.8715	15.1048	1.42487	0.0550988	82.7983
-35.7535	-30.9662	-21.5971	8.73853	5.31653	-25.5026	91.0079
-43.8705	9.0494	-17.281	-12.2103	-67.0403	-49.7873	155.868
14.7297	52.9376	-12.5615	-4.57676	56.1839	49.4334	157.784
-37.0204	6.92602	-11.7607	-0.688119	-28.5899	-53.7322	188.836
-8.00971	-57.6797	3.89573	17.8014	-11.592	17.3187	143.541
12.7029	31.6414	4.63847	-8.23904	-46.8697	5.62292	92.141
-52.5441	25.2511	-5.1632	5.16444	-18.5517	37.8996	131.922
-29.7442	-21.4143	-2.08854	5.3509	30.9069	-29.2074	169.531
52.0048	14.1084	-31.3289	5.95518	-48.1397	-62.7703	164.144
-24.5706	-49.2023	-2.18367	27.8215	-50.6407	56.2227	161.566
21.7922	18.7807	6.61412	5.20532	-46.7147	7.43854	145.496
-43.5312	10.2393	-19.2436	-12.4153	0.894065	-0.812782	65.6236
-51.6683	16.5277	-16.3474	-4.80628	-12.9685	36.9324	84.9626
-34.7814	-30.7279	-22.6819	12.8998	-2.91846	2.75833	91.5191
-23.0379	-42.798	-10.4959	30.809	19.7976	55.2406	78.2857
-43.9454	19.4231	-21.9481	-8.60487	-66.0236	-73.2834	150.824
9.1617	-41.299	11.1028	4.89232	-0.485614	36.7446	138.229
10.0031	29.8576	9.04545	-13.7399	-1.68318	-29.2725	92.61
12.4931	-46.4538	6.50069	3.09627	48.5379	4.32123	108.348
-43.1291	-51.6733	10.6534	-21.6944	17.9954	-54.2593	130.145
57.5086	5.69528	-20.5844	14.7662	-5.33916	-2.59858	85.8019
-44.5052	14.9901	-25.534	-9.44157	-3.54266	16.7631	108.004
-37.9118	-17.4997	-3.84859	4.97859	13.277	-13.2881	186.871
57.1878	6.56599	-21.9242	15.768	-37.9229	48.423	179.944
-23.8528	-42.6114	-11.4416	31.3305	54.4859	50.1735	149.948
45.3439	30.5258	-2.60936	14.0881	-9.70603	6.24684	96.7763
-51.1505	15.9467	-18.2247	-6.6297	-32.1849	-46.9725	127.348
-17.3262	-53.938	10.4892	29.5575	71.8596	-62.856	191.645
43.9193	-2.53032	8.40285	-19.7252	54.964	-42.6495	158.964
-8.99864	38.5756	-11.2471	4.08944	4.14261	-13.7629	97.5546
-17.5643	-52.1028	9.90793	32.4466	60.4207	50.6973	110.759
48.1558	21.9095	-3.37118	2.99173	-10.0173	2.51694	106.129
-46.6648	15.7708	-23.5023	-8.21927	1.06619	4.14385	43.0725
-51.7102	-0.626058	-11.6526	7.14152	-9.15705	16.7811	108.407
-34.5657	-30.9994	-22.96	13.4918	-51.7558	62.6365	184.167
11.2085	33.1099	1.69071	-11.3067	43.7607	15.7415	164.129
-40.0223	14.6121	-30.4886	-0.934796	-36.2334	-17.0916	148.765
5.57592	36.49	-9.99973	-21.9942	-72.4718	-67.5866	157.37
-55.9563	-29.1728	4.24944	-12.2263	-12.0876	-21.4161	167.635
-36.409	5.21459	-5.59517	0.168068	24.858	3.56483	128.233
43.5388	-0.205342	5.7878	-19.907	40.8376	-36.9492	99.9326
-0.48221	39.8475	-13.4432	-10.7313	-45.3308	23.102	116.912
50.6294	13.7329	-31.1918	3.60021	-12.1708	-1.35413	85.6144
-41.3555	17.1087	-23.6434	-4.24004	-0.83673	4.58436	46.0497
-38.9094	-0.554628	-0.373614	-2.91806	-71.6453	-74.321	104.528
17.3714	58.2333	-22.4251	1.4347	-65.7281	48.4247	159.233
-44.2407	15.1922	-25.7618	-9.05886	57.2424	-50.4427	142.681
23.1225	-58.4448	-18.8772	-1.33555	-42.7742	-2.54643	122.845
-44.2592	-55.4854	10.5034	-18.7698	-5.91578	-4.19314	74.4902
-26.6742	-42.6201	-12.7882	26.4236	19.0392	-33.0936	103.098
-51.7311	0.0280147	-13.2256	6.79244	-19.3509	20.1585	175.944
-22.0537	-30.1113	-4.26137	12.4121	-0.564641	-0.104123	210.099
-17.5103	-31.4368	2.95878	0.0813548	10.2726	-17.2931	250.914
-35.42	-0.454597	4.54547	10.2474	34.8491	34.9169	225.354
44.5109	-39.9726	12.6209	-3.11626	22.8027	49.7379	149.365
19.8843	25.9062	17.7025	5.58821	39.4398	64.6211	130.256
-16.5108	-33.3699	-4.96456	1.79963	19.0256	-38.3736	192.199
-39.6043	13.5005	-29.3474	1.35516	-12.606	55.7907	183.873
-26.3316	-45.4564	-3.96832	26.8994	-5.49345	3.30463	166.211
-9.45388	-56.7739	5.91406	22.3927	27.3017	44.8245	206.72
-39.2837	13.4878	-29.1265	2.50644	-54.8873	63.192	199.913
8.58815	-41.7526	11.5328	4.4005	35.1471	-37.0331	209.617
-30.6678	-0.351123	7.2483	14.8455	-2.78273	26.673	191.689
-26.5319	-41.4526	-18.6592	27.4908	-71.3099	60.0391	157.925
32.441	28.5095	12.7	4.20275	71.2887	-59.7849	157.745
-26.5018	-41.6333	-18.0078	27.5224	-70.0717	61.6504	159.438
31.3364	27.0436	13.2012	3.20375	1.04447	-22.2716	118.816
29.8191	-54.7811	-15.0234	-2.20662	-66.8435	74.2037	118.354
-36.6136	5.6002	-6.97097	-0.316415	0.993836	-1.41656	92.0468
-43.5676	15.2544	-26.5499	-8.24595	-19.8891	38.0644	132.509
-19.2862	-31.3637	-1.23025	7.98421	-33.8936	60.3205	187.431
13.5122	30.4197	9.62942	-5.10549	17.0155	-21.7564	109.315
-12.6309	-56.0787	4.82839	26.4148	26.0291	45.8785	147.296
-41.0079	13.0444	-27.5962	-4.66727	-17.087	56.9895	168.251
-23.3337	-46.0164	-5.17344	28.4005	7.20922	-35.1997	137.276
-33.143	0.812842	7.15112	15.1522	65.82	64.5625	160.064
31.8345	-52.7817	-13.8999	-4.66555	-49.4009	47.1776	152.643
-40.158	21.3402	-14.0237	-8.15812	24.5983	-40.7769	121.956
51.0952	-51.1238	-10.1765	-6.14208	-65.7911	40.6207	126.308
-9.07387	31.6464	-7.5714	0.809712	0.0202545	-4.68663	88.8429
-8.50863	49.7247	-3.40947	11.1041	26.7229	25.3545	109.527
-43.5638	15.8779	-25.8937	-7.55137	-23.823	-9.47137	175.436
-6.15602	31.1691	-9.12399	4.10666	-64.3038	69.9907	166.087
46.8837	-26.1749	7.73731	-12.1536	-27.2408	-33.2925	168.369
-39.7591	14.257	-30.4954	0.197377	-30.3946	-44.5784	186.202
-6.89664	-56.8348	3.06258	16.262	-72.2405	59.4106	177.524
53.0558	13.898	-30.6966	8.62413	8.07585	-2.38616	101.533
30.1654	20.8875	11.1631	2.16521	76.163	70.5259	112.302
-29.5086	-34.5396	-24.5651	22.8758	-55.9905	27.8854	157.994
26.9756	56.9365	-22.1219	-0.309855	-41.485	55.497	136.427
-52.8791	3.54568	-20.4509	3.46312	-28.017	49.1167	140.966
-22.9774	-48.5826	-4.28248	27.9061	-22.1028	30.9858	174.386
5.39446	30.8201	2.52365	-18.0114	-50.005	-51.5673	168.291
52.8335	-40.3604	14.1991	-9.93354	54.2089	50.5918	137.231
2.27931	32.4463	-0.341255	-13.4275	49.9443	15.3369	136.15
-52.9149	15.4767	-17.9976	-1.95336	-2.24513	-0.0853592	79.231
-40.7014	16.2865	-25.8858	-3.28579	-0.198952	-0.107355	15.0991
-40.6829	13.4277	-29.2049	-3.17425	-9.06784	29.0171	82.0694
-27.3541	-28.4912	-7.95543	13.6452	34.2656	-36.1823	167.603
53.5214	12.2467	-31.0019	11.6461	-48.052	43.307	193.942
-18.5646	-30.6545	4.89713	2.32496	60.0675	-72.363	198.387
51.9754	28.9889	-7.61233	3.72861	-61.5942	-70.7481	183.683
-17.3559	-32.3086	-1.66557	1.3498	-39.8925	17.1142	143.914
31.3865	-53.297	-14.8955	-4.19042	-56.3313	-53.507	140.925
-37.4534	-4.7198	8.39603	4.47809	2.12744	-5.98558	108.834
-44.6459	14.9872	-25.381	-9.48088	5.36177	-21.4297	58.7406
-53.7765	51.6288	4.55449	-6.93564	-37.9507	5.57548	109.127
-4.74459	44.1176	-5.15373	1.42089	39.585	22.8036	149.587
-51.4041	16.916	-15.7974	-5.00968	61.4804	-29.1923	144.506
8.71183	45.3314	-14.5751	-13.558	-28.2521	16.2821	112.386
48.6668	22.3305	-3.14775	3.25091	61.3278	-43.6882	115.79
-8.10164	-57.2511	4.24517	18.5967	23.2377	-28.5242	166.956
-38.479	-19.4481	-7.5018	4.76189	-58.5352	-61.6121	193.363
12.1981	34.0057	-0.87439	-9.54305	45.3957	-58.1096	191.167
-29.856	-31.5581	-21.4035	20.655	0.976251	-14.1484	185.223
-32.3309	-1.67455	5.62117	16.2441	6.40127	-0.314623	110.931
-53.0443	-0.00813759	-13.8223	6.26692	3.95485	-3.446	39.3812
53.2211	12.536	-31.5901	10.5989	-0.75541	0.722764	28.4493
-59.6377	5.75413	-23.0683	12.3182	-34.7244	30.9396	125.245
-18.9704	-30.4438	4.7802	3.47679	-23.4558	45.8665	173.147
7.37998	38.1676	-13.9978	-17.962	-11.009	0.243331	84.6128
34.2418	38.0068	2.99812	7.30978	66.3498	-67.6061	104.928
-20.522	-26.3592	9.01685	-0.74596	33.9921	-25.6199	196.438
57.8378	4.91781	-18.5176	13.593	-42.7176	58.5388	194.92
-21.9153	-49.9687	-1.32958	27.5181	-22.704	22.8403	170.684
9.79394	37.3762	-10.9195	-11.3876	50.0116	19.6071	163.115
-44.6649	15.8708	-25.0495	-8.69513	25.7003	-5.46106	110.448
34.7791	24.5229	7.89879	6.86066	-58.1316	64.3626	123.45
-34.999	-30.6795	-22.4831	12.1447	-13.3201	3.90736	174.07
-6.6553	-39.5865	7.81571	7.53015	39.7917	-56.6077	196.972
-44.715	14.9432	-25.3141	-9.54077	-30.4679	48.3987	216.541
-12.654	-36.2523	-1.60592	11.1524	-66.1229	69.6827	190.291
41.4898	26.7239	3.56842	6.93411	36.7409	-8.95124	128.201
-6.63482	38.5941	-14.4572	4.78445	-50.5921	41.2782	114.495
43.7265	-2.38618	8.26026	-19.8054	-9.26202	-6.23997	92.0207
-54.0684	13.1364	-21.488	0.945862	-26.5605	31.1802	114.605
-20.8495	-25.9015	8.61203	-0.762581	64.194	-65.9852	172.014
45.3805	28.9111	-4.45719	13.3664	-50.3903	64.2716	162.1
-29.7218	-27.7986	-11.3713	12.7339	-48.6651	-66.9263	176.184
12.9832	31.0084	6.98444	-6.9396	42.9227	14.6279	169.85
-37.9078	13.612	-27.613	3.64177	-21.8948	41.2315	189.967
-12.5445	-34.7353	0.75889	7.68198	26.4494	-36.8907	235.69
-43.7846	9.05593	-17.2319	-12.0922	-0.405445	-0.146332	123.296
-39.5204	13.7053	-29.7642	1.55695	-2.69099	30.9315	81.8768
-35.8212	-30.8172	-21.501	8.70125	-0.691135	-18.0413	161.819
-34.5115	2.94202	1.19481	6.65987	65.4373	-69.9131	164.741
31.9324	-59.6777	-19.7864	-8.0007	-71.426	-75.0266	161.724
-31.6665	-0.888845	6.62893	15.5854	20.0887	-7.53344	120.777
53.2367	12.4398	-31.4422	10.6814	-45.5544	40.0513	145.059
-19.8373	-28.6933	6.89615	1.74977	13.4833	-29.8194	235.632
-38.4433	12.9936	-27.4094	4.46461	-11.0044	29.4738	207.726
-22.7827	-28.9514	-1.58218	11.3364	22.2233	-29.0099	166.728
-52.5149	9.16204	-22.2838	-4.10751	-43.2398	-52.2802	180.429
-10.607	-59.7627	5.49999	23.2833	55.7321	39.3484	169.86
55.6062	21.8252	-7.69503	9.87286	-18.9165	28.725	161.499
-38.5517	-17.2507	-3.108	5.42343	-1.41177	-4.3993	189.3
-33.1911	-1.46239	5.80482	16.4611	-13.1084	45.9826	228.787
-18.1461	-54.6116	10.9138	30.876	26.2135	58.5862	235.415
-44.0117	6.6103	-8.7642	-9.68797	42.2421	-16.0484	165.112
25.3995	25.8792	18.6732	6.2076	40.629	-39.7372	114.558
-17.7388	-51.8103	9.36152	32.7461	21.2547	21.9479	155.618
-48.1608	35.9765	12.0526	-6.01313	23.6408	-33.7392	146.896
42.0528	-41.7646	10.3046	-1.91262	19.1647	56.3329	113.68
22.2504	19.506	8.17007	5.38594	14.7692	-28.713	107.816
1.46414	-59.6395	-3.14524	-5.09559	23.8799	-30.3463	143.472
-29.1046	-20.4694	-1.92831	4.43	-42.9926	-49.8295	202.826
13.1493	28.671	14.1115	-5.03213	58.8849	45.9623	183.457
-41.227	-13.9768	-0.551962	9.01103	-39.5333	30.2057	192.397
3.54167	-48.1478	2.36741	7.56208	-47.9919	42.633	178.525
51.6654	29.0687	-7.5599	3.81941	0.320626	0.906608	73.0364
47.1768	21.681	-3.67036	3.40605	37.732	-17.5843	60.4978
0.281899	43.8088	-6.88872	-11.5095	50.8672	12.5981	117.312
-55.8041	29.6719	-2.3397	4.79665	-45.5222	-0.924823	131.612
-1.94708	30.8314	-6.80343	-5.20234	-49.6433	-35.244	128.86
49.255	-52.9674	-11.0801	-6.06981	-41.8338	-1.29379	131.088
-19.1101	-51.4949	7.75704	31.9537	45.3914	57.858	163.286
58.7938	14.3028	-23.6521	12.585	-41.5742	66.3574	165.814
-23.5649	-45.6041	-5.45887	28.9448	27.391	-40.2379	151.507
-55.3125	0.314207	-15.1481	5.02729	0.0696117	0.20215	84.2385
-56.9419	3.56988	-21.2407	7.47301	0.0349642	-0.0961352	8.26242
