-49.214	22.8574	-21.6683	-11.7035	-45.6378	-15.4422	134.097
3.25127	40.9667	-38.1054	-4.94628	-61.9598	-44.4696	140.018
-59.7183	-38.2763	29.7623	2.35465	41.8976	29.1853	127.599
13.1	48.8543	-22.6807	24.1832	23.1161	29.38	106.555
-17.1714	10.2557	-22.799	-23.1473	-21.3859	-27.7056	96.7879
11.998	48.0414	-23.1402	22.0415	25.3265	8.4874	89.5145
-27.5612	34.6019	-20.2736	-25.062	-14.2634	20.5961	82.1804
-4.30608	1.56544	-0.31573	9.36769	43.5468	-50.8308	132.587
-46.8422	51.543	-22.3283	-13.8172	15.4433	-38.5275	167.084
53.6132	-20.7596	29.0143	9.72762	40.2662	-1.66032	125.911
2.65391	-18.411	13.9017	18.2268	-14.1452	24.3107	137.272
24.4577	-54.9534	1.99766	38.2995	38.3379	48.7487	149.554
-14.6057	15.244	-16.0626	-24.3692	62.3637	-54.943	144.772
50.8523	-56.2413	0.285349	-4.55742	53.9756	-53.2764	168.469
0.95521	-7.50078	24.2647	29.1409	63.6537	72.3407	178.563
-50.8547	53.6169	-32.5307	-16.7835	-26.4722	-55.2074	204.322
-23.9887	-9.93445	7.60042	-27.2545	-42.0343	-59.3982	181.262
15.6407	45.9519	-28.038	23.9433	26.6032	-17.3121	113.872
-22.534	-49.5464	12.2984	-29.1142	-17.8496	-32.3947	126.535
1.35929	-7.12358	24.6234	29.1197	63.4796	66.9398	174.14
-51.5742	57.2576	-29.295	-10.7389	-58.6084	-34.1108	200.44
5.34789	-29.7576	15.1735	19.7526	-27.1265	1.37712	149.554
47.3868	-31.6327	40.1336	4.04233	-40.4333	-20.7157	118.426
-24.8124	-6.81624	4.76111	-25.5293	-31.8435	33.2563	165.674
13.0937	-45.9294	1.87135	35.3388	-68.6891	61.467	166.309
-49.6475	22.6176	-21.5075	-11.7334	53.3699	-69.2352	152.019
24.5157	-37.9704	11.443	39.7176	-66.6723	53.9534	149.371
-37.7271	35.2392	-16.1482	-11.9647	-32.2196	-48.4554	184.939
-4.15712	-33.7802	17.6093	3.20863	32.998	-48.1256	210.217
-38.429	16.9435	-31.1958	-14.8054	-71.2999	-67.272	182.555
19.0285	-48.5744	13.5014	44.5954	26.2406	34.4024	135.822
-12.8454	29.2357	-28.068	-19.9878	-35.7347	38.9938	111.259
26.7592	-13.6595	47.0763	15.2697	69.9486	64.5782	150.178
-30.6996	53.5338	-11.7796	-28.4324	-63.4628	-58.9665	187.231
23.792	-15.8679	41.4817	15.6769	59.0911	-59.003	168.706
-27.9325	36.0274	-16.0896	-22.7218	-36.5583	-55.5261	148.277
8.25909	-29.6701	19.814	22.5629	30.5746	7.86726	208.238
-35.4559	-40.44	20.095	-32.1999	-21.9375	27.4029	231.351
-6.15496	42.1274	-20.0406	-15.2635	-35.3203	58.0341	164.264
28.3971	-14.2745	48.8657	13.749	73.9764	64.703	156.927
-31.3934	53.6691	-11.9706	-27.9319	-3.35387	12.783	207.667
-24.7189	25.0476	-29.0569	-37.1467	-34.9511	-41.3855	176.07
13.5658	-49.8163	12.8321	36.4195	37.7017	26.4915	141.076
-30.8582	38.6521	-13.2543	-19.5836	-41.2792	-19.4784	156.923
17.8362	-57.9943	-1.8022	36.9103	37.0417	-23.2871	177.395
-27.0554	-29.9881	24.8151	-30.9665	-11.1977	-38.9113	153.646
-12.8311	19.2827	-21.211	-19.035	-0.0368017	-0.192656	54.9405
-9.17486	19.1841	-16.67	-11.4278	-13.3876	41.2129	56.5252
6.9393	-31.1678	15.9443	24.2333	46.2375	64.5399	152.953
-34.6169	30.9897	-21.1307	-15.4349	-53.3134	-38.1196	177.397
17.9312	-51.2292	15.704	43.0982	33.1698	56.5429	142.277
-14.7692	12.6363	-17.4603	-24.2437	45.8613	-51.9066	156.164
-58.6447	-57.141	-15.788	1.74207	-52.9975	-13.86	155.773
-1.45441	-42.151	6.04696	7.24117	42.0646	19.6004	139.085
-50.6705	54.5761	-32.839	-15.8675	-0.323389	0.112955	79.4399
-46.0613	52.8316	-24.622	-14.8856	-4.60108	20.1516	41.5427
-38.2007	17.071	-31.2502	-15.102	-31.4029	45.4739	135.875
-4.51669	-31.9409	18.9691	4.11327	0.0942845	-1.92178	111.41
-4.03822	-19.8009	20.1507	15.6897	43.2592	19.2794	131.973
-54.3526	-42.3242	22.1834	-8.45799	-0.42214	4.83959	138.295
-53.2254	59.239	-23.7145	-2.85571	-46.0034	67.7627	117.966
-12.6279	-0.715012	-6.1496	-5.34036	-20.594	36.6728	178.758
13.1645	-45.7656	1.71841	35.4079	10.4871	46.9141	135.077
0.963374	19.7702	-4.66037	-14.9725	23.1327	-24.0936	150.288
-30.8183	53.5752	-11.8368	-28.4162	-35.5295	-8.82686	168.56
16.0264	-54.7128	9.64007	40.8742	31.6375	57.8899	139.225
-15.0483	8.03868	-19.1	-18.5457	-1.34612	-1.07432	76.9789
-6.1031	15.7959	-18.3032	-5.19514	-56.5679	35.7591	77.4488
49.2534	-19.4196	22.9709	7.17761	-63.1738	-50.7091	144.083
-14.7883	25.9335	-19.0625	-21.0404	66.3707	-49.6666	154.21
47.0283	-50.3115	13.4839	-0.526657	47.6988	60.3846	146.173
3.32624	14.4468	-1.07245	-3.54322	27.6721	-15.1937	154.213
-35.8566	36.5099	-14.7821	-11.1216	33.7792	59.0774	150.028
51.1384	-20.9368	28.0617	11.7368	16.8481	50.6371	133.502
32.639	43.718	-32.3248	16.0889	18.0941	-38.4659	143.563
10.288	-29.2494	21.0491	22.3338	74.3826	-63.7907	155.626
-49.6862	22.5906	-21.4962	-11.7067	-36.4046	-11.3061	153.698
-2.61725	37.2302	-32.966	-21.4248	-42.0519	-30.9219	132.481
44.2833	-48.4863	12.6173	0.916391	-9.82238	-10.2979	158.759
-54.7887	-26.9505	26.2123	-9.30962	-52.679	-9.34463	163.973
2.77995	-16.4407	14.4574	18.3972	7.93031	-42.2554	115.97
-6.7071	35.358	-33.2128	-28.3777	-12.4247	-48.375	119.567
7.527	-30.0168	18.5496	23.0082	16.164	-46.0634	123.146
-11.068	23.0595	-19.8375	-21.3111	0.183433	-0.234603	61.0527
-15.551	24.8118	-18.488	-19.1755	73.2098	71.7935	89.2636
46.808	-32.1375	40.9938	3.69851	40.4609	-55.6909	151.107
7.59749	21.7663	-8.8554	4.40045	38.4622	-33.2039	152.209
-35.4369	59.1231	-0.601921	-29.7907	63.7702	-52.7299	178.438
28.182	-14.6927	48.104	14.1691	39.1278	-37.3268	151.945
-14.4013	26.2305	-19.5697	-21.4738	-40.26	-60.8562	132.793
23.6152	-36.9463	9.11207	36.6032	-12.4227	14.9522	169.654
46.3473	56.2416	-28.6949	11.3514	-77.3898	75.6029	180.101
-14.2673	-2.17263	-4.61429	-7.90713	-48.2708	67.2258	158.71
28.4778	58.881	-10.8442	26.4192	61.817	-64.5839	158.563
-24.0956	-6.67573	4.51187	-25.5524	19.889	38.4801	204.794
-48.0874	-53.4269	1.64907	-25.3174	-32.5866	-14.5944	247.144
-4.48348	-34.1078	17.2754	3.2708	-21.731	18.9066	224.256
28.3496	58.0923	-12.212	26.7044	56.3287	66.8157	172.895
-19.9613	0.693888	-11.3034	-24.7349	-9.68248	-22.629	115.182
-4.07683	37.5779	-30.9369	-25.0538	67.323	-64.401	132.734
-59.955	-29.1944	26.2813	0.645054	-51.0797	5.37934	155.902
-3.00667	-35.0907	15.6122	3.09664	-14.0714	10.9063	166.644
24.2316	-55.4288	0.929199	38.0427	19.1439	-15.2804	204.07
-7.116	-31.1804	19.8408	4.47203	-11.7597	9.58845	204.61
17.5248	-50.288	15.6078	41.8842	25.1149	-36.6974	185.918
-12.9045	-6.49777	10.765	-6.96579	52.5841	-30.7392	155.561
53.3319	25.3636	-18.2137	15.8323	63.7069	35.8311	142.169
-6.52519	-8.28837	13.5596	14.4202	-20.9298	28.1519	155.745
22.1873	-46.0811	13.5302	44.1349	22.5444	31.0741	137.029
-7.08586	33.4433	-30.8407	-29.3228	-36.0914	-33.6865	106.503
34.2258	-47.9376	14.0303	23.7108	35.1114	53.4283	120.812
-1.105	18.3862	-7.37612	-14.0544	-27.9872	-11.4183	108.653
39.9359	35.3086	-33.1933	17.9108	-51.2372	4.56729	107.566
-23.0208	30.0813	-25.9684	-34.2238	-13.9333	-39.9371	115.502
-5.57058	-40.5859	5.25008	5.96867	-54.8863	39.0912	118.216
47.9876	41.0381	-24.6371	14.0493	46.2892	49.2336	131.855
2.66022	-6.8901	25.1656	26.9343	58.5216	67.6433	160.469
-46.7555	55.9466	-29.1695	-22.4173	-47.6685	-66.9638	193.534
-4.82078	-4.98909	6.51623	16.5758	-45.3393	58.7874	177.146
37.5946	-59.3936	-19.6146	18.0774	-57.5652	38.068	152.665
-27.1315	23.6158	-28.2058	-33.9912	18.1077	-24.0891	175.053
-53.1139	59.1321	-24.0787	-3.30145	49.9345	-21.5499	159.795
12.3868	-37.5126	8.51276	30.1816	21.6732	56.6322	121.797
-9.76105	24.0386	-19.4533	-21.6575	-61.1133	-62.4662	137.525
42.6536	-42.2882	24.287	7.28041	44.5535	40.4891	137.4
-3.50255	35.7496	-33.1141	-24.095	1.67601	14.2749	92.9398
-6.7858	5.3663	-12.7302	3.95183	-42.7223	41.1011	92.3001
37.8213	-37.319	30.4917	10.925	14.9522	-1.34873	93.2794
6.43381	-34.2273	9.71395	23.1588	-6.59346	7.75449	133.878
23.6613	-53.3496	6.06577	40.4077	17.769	14.45	141.074
-6.25179	42.0393	-19.9745	-15.4796	37.5346	-12.6997	113.035
-53.7981	58.4968	-25.8106	-1.04484	-0.282501	0.0573254	79.169
-50.6214	54.806	-32.7227	-15.6548	-50.2067	37.465	83.9449
0.00829184	16.8501	-9.82156	-14.4519	-61.976	-54.2123	151.919
54.8613	-55.219	-2.26856	6.0716	-16.5476	52.1485	132.277
-47.3523	8.07139	-11.3326	-12.5148	2.40406	-30.7011	104.256
-50.916	52.7518	-31.0445	-17.1375	-39.6964	-20.0274	121.048
-3.27247	-43.2701	5.72375	6.55506	-8.1655	2.1724	100.219
19.9049	-49.4707	15.0986	46.2816	20.5671	43.0708	79.5168
-4.2271	20.5233	-6.27182	-13.8227	46.3468	-35.6761	136.519
-52.5319	58.2059	-27.0541	-5.94825	-9.14166	10.6665	111.325
-33.117	34.9038	-17.6567	-15.6637	-21.4899	16.5783	121.18
-0.300314	9.35587	-2.86279	-1.20502	3.84148	-9.9304	117.368
-9.40258	34.2634	-30.7552	-26.0322	-54.1226	-70.5049	102.512
36.769	-26.0949	31.7712	1.70811	31.4941	-36.6575	131.954
0.310667	16.3608	-9.16595	-13.5724	2.22812	-33.9141	102.767
-2.59199	-56.9237	7.33488	1.78672	13.2529	22.046	87.8196
-23.5689	27.8326	-29.0995	-37.0394	-53.884	-59.0338	112.792
24.794	-39.1288	13.5704	41.4017	60.3359	67.7412	148.209
-26.0429	23.7979	-28.5068	-36.1194	-51.4404	-46.0017	143.172
23.6917	-51.6966	8.90366	41.265	44.2327	37.9211	128.117
-22.9026	28.3517	-28.8585	-35.6154	-22.4136	28.741	109.936
7.16845	-9.77548	16.1128	13.8863	-26.9263	15.421	93.2767
46.0267	-31.9053	41.7436	5.28842	67.0331	61.8155	133.395
-10.4189	36.4877	-24.3001	-19.9424	-5.84107	49.1694	145.296
-3.61748	-19.7203	19.646	16.3247	-46.1973	13.8672	112.365
49.8367	-35.5443	30.291	2.3021	-1.81928	1.67243	168.277
58.9337	-43.383	16.4826	6.08772	-56.8595	45.6614	192.077
-7.92263	33.5124	-31.0412	-29.1407	51.3991	-29.1873	152.96
58.7738	-55.811	-8.38655	8.05778	3.65947	46.1292	128.128
54.2416	9.66199	-6.70541	13.4254	15.7526	30.3684	101.656
32.5328	-31.9581	26.8189	8.87128	46.3016	-15.4569	103.048
-20.6142	-13.9764	21.7093	-16.9117	49.8799	42.1071	161.581
50.1293	-55.7451	1.4176	-4.59912	1.07926	-8.92757	202.024
46.7854	-32.2366	40.8702	3.61309	43.6253	47.465	181.57
3.0867	40.694	-38.3312	-5.41813	-53.4596	-35.4714	149.291
56.7515	-43.9387	15.093	7.31989	-48.574	40.813	146.787
-14.6815	34.7548	-26.8389	-20.5084	-23.9958	-7.72446	123.15
23.9773	47.2704	-28.906	31.6812	30.4969	54.5445	104.149
-7.13955	-8.10037	12.774	12.2621	-21.9007	32.1983	147.45
21.2994	-49.1299	14.2094	45.7943	17.5646	44.3155	139.519
0.825516	19.1946	-4.83273	-15.5806	58.1448	-41.7208	131.933
-54.0121	58.9833	-24.6291	-0.306566	-56.7688	63.5991	166.417
-5.04661	3.61008	-7.34553	8.33247	-34.2298	37.0151	177.723
33.8966	-37.8595	28.6172	13.0209	59.7202	-53.4784	177.793
-19.7325	9.69368	-23.0767	-24.6559	-35.3995	-50.714	153.354
16.4558	-58.4722	-2.43577	36.7927	-37.6736	-15.3565	114.392
-56.1029	-39.2823	25.2234	-4.00535	-61.2925	48.9697	129.813
-0.941843	36.223	-31.9562	-14.9531	3.46186	2.91338	95.8675
-14.0744	25.0692	-17.6811	-21.3919	43.9326	-36.1202	100.382
59.5446	-56.2727	-11.1346	6.67896	-27.1727	25.5721	174.393
-25.1773	29.8578	-22.8277	-32.8118	48.5404	-40.8049	173.769
46.2821	-48.8575	12.1555	-0.768347	4.89233	0.0859462	101.099
27.7235	-49.539	13.0874	37.2805	54.5626	36.2926	83.442
-26.2324	34.4473	-21.2594	-28.1878	-45.7472	-33.7316	125.502
22.5727	-49.5787	12.4207	43.0049	-9.90494	0.86207	86.111
47.925	-52.1304	11.0028	-2.57273	62.5395	-63.8745	110.298
-5.27607	1.811	-1.28086	8.65318	-5.97408	30.8752	161.422
3.53113	-42.0929	5.33847	10.3464	-27.436	-15.0835	183.077
43.0445	-20.9626	28.3882	6.40422	2.48214	2.53203	122.014
31.5951	-31.4713	25.5429	9.49521	-56.8914	-56.0466	87.291
-37.2875	18.8782	-26.4083	-16.7738	-0.22627	-0.0451297	76.5694
-34.1038	15.26	-30.543	-23.0967	-62.1174	-65.6706	92.5623
17.9678	-49.2013	14.0136	42.1672	-1.05804	-3.32079	194.365
23.4912	-35.6801	11.0003	34.3262	-41.2362	-39.9111	167.506
-52.8715	6.77707	-3.06949	-12.0044	60.4826	-49.7122	131.851
12.1895	51.6996	-17.5314	24.762	15.8069	15.0323	108.643
-14.874	25.4888	-18.2884	-20.592	-38.2662	64.4068	107.075
20.7289	-34.0823	15.4143	35.3066	35.7624	54.6524	144.514
-14.9704	32.0067	-28.6544	-21.0844	2.78631	-1.10127	89.2954
-28.3807	36.6174	-14.0514	-21.1335	71.3826	63.422	95.0145
33.3735	-15.541	41.0509	4.14349	56.8118	-66.3527	155.844
-15.433	41.4198	-15.7228	-21.5539	-14.851	-28.8915	120.836
5.74932	-37.9443	11.1057	19.1287	56.425	28.6585	115.481
-50.9733	52.9377	-31.4519	-17.0894	14.2028	-22.5758	157.654
46.5969	-32.1547	41.1947	4.06131	51.3764	-37.3171	151.982
-5.06103	5.59882	-11.1118	6.17247	-52.6285	40.118	129.353
46.9287	-34.0273	33.2055	2.10807	-34.4468	-36.1962	122.136
-34.1015	7.24929	-16.5122	-18.9299	-23.3959	37.6725	175.283
-6.23962	-38.2067	7.66173	6.32586	-75.3638	71.3653	200.231
53.1021	25.6169	-18.5093	16.0377	-45.1018	31.0452	160.623
-18.2668	-8.04478	10.0427	-15.6008	34.6555	62.5575	185.389
-50.8451	52.7453	-31.0196	-17.1721	-48.2904	-27.3244	180.827
0.888154	-37.8074	13.4664	5.2756	46.7388	-67.0181	173.798
-40.31	21.5229	-16.658	-5.13365	74.6866	66.7942	179.683
19.7807	-31.8445	17.8553	32.2634	24.595	-40.109	135.363
-8.84191	15.2735	-18.6361	-10.3964	-30.5449	-46.1874	114.831
24.2525	-55.0381	2.01437	38.4794	-0.102243	-0.511646	65.8494
24.0989	-48.8913	13.2619	40.8282	40.7758	-35.7638	98.9622
-20.4499	-10.3147	10.6583	-20.7648	-36.0604	-61.1672	160.504
13.9216	47.9997	-25.3031	23.4635	-39.9447	-13.6018	119.814
-56.6852	-55.3519	-8.24312	-2.25611	-45.2368	-11.0091	120.444
-3.76587	-42.393	5.16337	6.32527	-39.2795	5.02056	119.046
46.548	-48.8403	12.1703	-0.723406	-36.1151	-31.0156	144.666
-31.5334	-12.9102	11.9029	-29.478	-55.328	0.142435	154.482
27.9257	-12.8705	45.6882	13.9952	53.6466	-48.5985	128.717
-22.5155	32.9951	-23.7503	-30.2623	19.411	-16.3163	161.293
-53.1183	59.0515	-24.3899	-3.23631	-40.2416	-18.9792	168.577
-5.0162	-38.0385	8.97294	4.5766	5.97728	-48.9854	140.04
-11.6621	17.7237	-19.3503	-15.2192	-3.11496	10.0129	90.6962
-3.7141	-7.15299	12.6031	19.9289	-34.6561	48.2517	104.986
32.4345	-57.0543	-10.8715	24.1491	5.73723	-1.81685	99.0821
12.9774	-51.583	13.5005	35.2444	16.5069	23.751	63.4844
-11.4851	32.7223	-29.4842	-21.7267	-0.40697	-0.0529418	50.5023
-4.81728	35.5165	-34.1137	-26.8123	-43.9678	-41.8527	69.6673
40.3565	-41.3814	23.9153	6.10714	-30.0048	-48.8703	137.933
-47.8698	10.1354	-15.5942	-9.64747	-31.668	51.6532	185.718
-15.4157	-42.8966	18.4842	-12.8751	57.3051	57.8465	196.692
53.9919	25.5331	-18.0779	14.4676	21.9593	-34.7033	138.105
26.3058	-50.8816	9.44883	39.9569	-44.2217	45.9349	115.811
