-14.8767	-21.3762	-36.4276	-1.53807	49.6035	-9.10437	82.6812
48.9716	-11.2992	-19.9687	15.1465	-50.9858	18.7347	116.334
-15.368	-31.7113	-21.567	-13.0648	39.6946	27.2853	115.107
58.5234	56.8234	-8.08663	0.147115	-33.0472	-36.1529	112.152
-23.4321	-21.6346	-32.2607	-34.4763	-54.9894	-2.91009	115.835
35.9974	-18.6416	-15.5819	19.2168	17.9292	29.8756	107.075
11.3254	-59.3136	-3.08219	16.2979	32.6751	-32.3824	102.097
-27.2413	-20.7682	-30.0289	-46.1432	-7.31388	0.293726	76.8779
-4.92784	-22.0704	-35.4646	1.18618	1.25948	-0.641025	33.3072
-14.9287	-17.597	-39.7208	-2.71843	-41.9939	-5.90248	63.4041
37.0271	-10.4265	-17.2027	19.3258	-3.43028	0.172656	158.319
51.1606	-11.367	-18.7954	11.2651	-25.4624	2.17406	146.78
-28.0756	-14.8176	-27.6533	-42.6362	60.1708	-50.6946	121.013
37.6013	31.0419	46.7476	29.6957	69.5553	66.1883	158.718
-19.3658	-23.1335	-27.9804	-22.0314	45.9684	-8.23026	133.452
46.6891	-13.2823	-16.8346	14.3226	61.2747	32.1622	123.545
-12.0734	-44.438	-11.8184	-13.134	8.29524	-13.4057	101.017
-29.2532	-17.0744	-30.5594	-47.3997	47.3601	-31.5319	109.786
40.6074	16.4229	28.2069	19.8269	-61.7491	36.0822	148.171
-21.1519	-17.9804	-37.0123	-25.1331	37.8732	-4.50297	120.258
49.6499	-11.9768	-20.4495	14.2986	-24.8963	13.2028	92.4704
-32.3928	-31.9835	-21.0366	-45.0173	-4.54932	-36.2048	91.5462
-26.5759	16.3064	24.2707	-15.2094	-18.6635	24.1183	93.2097
0.53932	-19.0675	-34.3353	16.7359	-0.379649	-1.2989	55.169
2.38634	-8.63144	-11.4325	12.5928	60.6044	57.2897	83.8889
-50.8021	-59.0546	-12.1098	-17.3557	-27.6399	-10.7422	117.283
-9.83831	-43.0144	-8.15854	-11.9751	35.5573	-9.90728	92.9666
-57.058	-30.0225	-27.7837	-0.675349	14.0144	29.9308	158.31
43.8956	47.992	6.49411	8.52825	-59.9059	-57.4067	193.823
-23.7037	-21.3297	-32.7172	-35.215	-1.66496	-4.89783	103.137
-17.0489	-3.90718	-6.7878	-15.6933	12.5824	19.5377	57.7003
-38.1346	-36.7752	-19.7247	-29.1808	64.804	41.8992	141.245
22.8457	45.2316	2.41514	19.9814	-18.6794	-4.42746	243.66
56.948	52.8295	-3.46554	2.15672	6.78183	-46.5854	196.673
49.1605	-12.516	-20.0577	14.4324	-27.119	1.49176	97.2329
-28.8942	-15.1269	-26.3623	-44.02	46.3042	1.52607	107.508
36.5626	-16.9163	-17.9744	19.9035	-47.1279	-3.00055	130.828
-28.6883	-13.3816	-25.1182	-40.0561	-1.5176	-10.5647	91.9379
-24.4176	12.8644	27.2612	-12.5078	58.1026	-17.7061	89.5753
35.9128	30.954	46.4933	30.1177	41.4701	50.2206	127.823
-5.45756	-18.9723	-37.9812	-0.118053	2.0107	6.88213	86.4859
-11.2919	-39.8178	-11.0517	-15.5548	-54.2924	-56.6825	92.7722
37.8454	11.6058	28.848	16.1902	48.2416	36.1097	133.533
-12.0956	-25.8184	-28.3617	-0.715638	44.7499	42.4187	125.327
-57.7439	50.8788	-8.18611	-12.9644	-40.1099	-35.853	121.925
-13.7561	-29.7933	-27.5288	-6.2264	-62.8687	63.3393	144.077
39.5224	36.5282	29.4126	30.554	59.1717	59.2672	158.532
-12.3669	-15.4715	-34.4867	0.723169	-41.5543	-23.163	128.985
36.1006	11.6181	28.4517	15.7442	-4.0244	-17.1595	89.3431
43.5443	44.6076	12.5104	15.4561	64.9428	-58.9734	123.159
-12.1585	-25.2414	-29.4974	-0.0934239	-30.3676	-35.3071	144.288
23.665	16.4224	47.2096	42.1457	49.7266	40.8153	119.407
-26.1386	-24.5008	-24.0001	-44.9765	30.0722	-7.20314	109.148
50.457	-13.8663	-20.0375	13.0004	-25.5631	-0.438394	85.6024
-28.6334	-13.2456	-25.0951	-39.6406	-0.186037	-0.0271431	44.485
-26.8461	-16.3368	-32.8534	-42.2694	-6.67776	10.1005	31.5934
-11.3681	-39.6971	-11.299	-15.5934	39.6312	25.594	83.208
-57.8531	50.5612	-7.89834	-12.9788	31.8199	25.1765	174.542
22.268	19.0292	49.6325	41.1488	20.318	30.1354	167.984
-4.94768	-21.269	-36.1791	1.1819	3.9447	-7.55304	72.5781
-15.5995	0.182547	2.44428	-13.9161	-0.763306	3.55434	40.223
-11.978	-15.6818	-34.2615	1.68023	-22.1026	0.156489	54.1758
25.9253	-15.6157	-16.6656	20.4725	12.278	0.997301	66.6159
-2.6959	-17.904	-35.2534	4.22907	70.9361	55.7046	104.772
57.5425	55.0477	-5.77983	2.02233	16.6202	29.9222	201.609
35.0547	14.1302	33.3946	17.0853	45.1308	33.2466	185.765
-13.4204	-21.5923	-38.0059	4.04949	-68.5938	72.835	143.125
41.7146	40.328	12.7118	29.1587	11.8964	52.949	142.156
28.6241	-17.4541	-16.0548	18.5582	-8.81272	-19.9551	97.1097
43.8599	17.2085	32.7376	12.1739	57.9907	27.6815	102.265
-14.203	-10.6521	-29.3739	-14.0858	12.5797	5.6563	94.2923
-41.4695	-22.9001	-28.1213	-29.7004	-16.272	-2.99328	62.9893
-8.93469	-16.8195	-36.3433	0.532852	6.85039	3.73797	56.1953
-29.2949	-27.7255	-20.3661	-48.8093	53.1742	-7.6615	85.753
32.7763	-19.1862	-13.4202	18.3482	-14.2607	1.07838	152.77
-57.3062	-21.5838	-23.0087	0.638555	11.761	41.2048	142.693
48.4882	47.7925	6.05125	12.5688	50.4512	-24.6307	123.987
-5.2645	-45.5537	-7.87174	-1.06147	15.4603	-17.3467	110.352
-31.4094	-16.6913	-25.2934	-42.3378	26.7551	-2.19675	80.5869
47.0699	-13.4962	-16.9543	14.1043	-0.899067	9.31231	66.6123
49.9903	-38.2938	-25.1571	-0.173387	46.4307	-50.1574	114.637
5.18032	10.5614	25.2427	10.4718	7.2261	13.3591	121.405
-10.0926	-17.2586	-36.3372	2.38432	0.133415	-0.377505	38.9215
-10.5745	-10.0899	-25.9781	-0.831811	-70.172	64.0922	89.0651
46.907	57.0346	-13.2503	10.7093	-63.2143	-49.8709	153.922
-16.5371	-18.3396	-40.0965	-10.0034	9.21171	-43.6536	125.667
-27.8202	34.0849	23.1923	-21.1013	20.8119	-36.3574	133.218
-53.7357	-41.1706	-20.9966	-2.51738	38.7485	58.7566	184.516
29.3778	22.8695	47.1407	34.9813	29.7738	34.5459	159.304
-6.16076	-18.2918	-38.4722	-1.61242	-23.9625	-31.44	105.063
24.5738	22.0078	54.5696	37.6932	14.5826	30.1414	97.3863
4.18362	-20.0104	-31.0022	22.6924	18.0629	7.54415	82.311
-28.7653	-33.5089	-18.8684	-45.7569	-0.5339	-2.66594	49.7614
-25.1749	-19.8171	-32.7402	-38.2952	19.256	29.2344	61.8871
-51.3585	-59.727	-11.0504	-17.1363	29.546	-33.4221	141.746
33.5188	-19.2983	-13.83	17.7157	15.183	-24.8988	137.527
10.6121	17.6968	34.0462	13.5228	-27.6889	-23.0372	165.539
47.7012	48.1643	5.16786	12.0575	-65.4253	-47.1846	194.131
-13.8367	-29.6295	-27.5752	-6.24917	-0.17493	-1.69925	83.0128
-13.7487	-18.7224	-37.6537	2.93432	-0.0815511	-0.907402	18.7828
-12.8644	-10.8969	-28.982	-9.15612	5.22464	1.32629	27.1212
-31.3455	-16.2682	-24.5231	-41.7176	-6.39847	-0.292121	40.3084
-10.3121	-15.1578	-31.482	3.06295	53.4471	60.7948	93.2685
-58.0826	50.6973	-7.75343	-12.2009	-42.6748	-46.7372	136.148
-14.9701	-22.0809	-34.0158	-3.24196	3.4402	-3.56271	82.2948
-28.241	-9.404	-17.7526	-29.0709	-9.40346	6.27887	45.9074
-5.37135	-24.7741	-34.0448	0.61419	-30.9527	-49.2562	88.7848
27.029	27.1812	39.0238	38.2489	28.5771	39.9276	117.631
-5.78523	-18.6915	-38.2651	-0.852148	1.89256	7.17227	78.4084
-11.191	-40.0246	-10.6105	-15.4919	9.02339	-11.0553	52.7431
-30.3588	-15.998	-25.6431	-43.2751	-15.4381	-2.59293	62.8627
1.38152	-11.0285	-22.4045	12.2403	22.7307	2.33312	70.86
-37.1472	-15.0011	-11.9439	-37.6583	61.7285	-41.5045	112.617
25.776	23.7232	46.5191	37.6098	-30.8674	-21.9021	195.479
-54.1599	52.0965	-12.2826	-12.0926	-43.6669	66.9293	193.586
-14.7898	-7.63057	-16.8723	-15.8397	46.2954	-64.4591	147.045
-56.6466	50.0716	-7.77285	-15.0667	-50.8967	-58.9029	145.899
-10.3433	-16.3079	-34.2558	3.26757	2.91256	0.61956	85.6825
-24.7254	-19.9512	-33.0786	-37.101	-38.4964	-28.7013	70.6116
20.0428	13.3157	44.9549	40.4428	58.0046	30.1497	120.749
-37.594	-16.6784	-16.187	-38.946	46.1482	-47.1945	153.193
37.2064	30.0919	46.5427	29.61	0.681496	0.2314	96.9018
29.1347	26.8917	41.2502	34.3693	0.13064	-0.0619559	13.6375
31.0043	31.4799	41.81	27.1824	41.1623	55.6848	71.8061
-8.69601	-22.307	-35.9636	0.266651	0.525533	-0.723724	75.7514
-12.414	-14.221	-32.3657	-1.53759	59.4573	24.0127	73.1537
48.0828	-38.4681	-26.3889	2.01607	-33.855	-18.6178	114.368
-27.9912	-14.346	-27.6014	-41.2723	-41.8046	-23.9659	105.765
20.2869	13.336	44.946	40.8032	40.9573	22.2298	110.617
-28.0189	-12.8885	-26.3057	-37.4048	50.5193	-1.90042	118.264
35.2389	-10.622	-17.7806	20.3648	-16.4602	13.4656	158.138
-56.5879	-34.3342	-31.6459	-3.44979	-52.4217	-18.3151	154.775
-0.000291174	-14.5826	-30.4491	9.63179	-22.5742	-33.5	110.936
28.3739	27.7961	41.3755	35.2756	-10.1044	-8.57879	191.963
50.4938	46.3568	8.04863	12.8587	-64.9301	54.5689	233.24
-12.8218	-0.828631	0.0480875	-10.3487	0.0742153	20.1255	128.649
-13.1751	-37.1988	-15.6276	-14.4811	5.28823	-7.01687	60.759
-27.586	-17.525	-33.5437	-46.2257	-68.7486	-52.5862	98.9713
31.7593	27.6517	43.9373	24.9666	-14.7537	-48.4286	197.25
48.062	-37.8754	-26.1464	1.85375	-39.1923	-19.0568	175.843
-24.1266	-14.5978	-38.1914	-29.4491	-56.0644	-12.4007	113.906
35.1798	-1.5307	-2.78337	16.5909	14.2762	-29.3723	106.76
14.8117	39.7492	10.9991	17.0898	-15.8313	40.5964	99.2051
34.1502	-9.78319	-17.1031	20.3652	4.71862	0.376129	71.2624
16.0756	-10.4993	-11.8531	25.1093	30.3619	28.5731	69.9021
-21.5443	-46.1274	-12.117	-29.0837	-7.7004	-15.096	85.293
-6.21508	-16.3632	-36.0511	-2.63706	-21.235	-23.9688	78.8972
23.9554	17.5851	48.7705	42.5403	12.6292	15.9907	82.0457
1.23717	-11.1467	-22.9387	11.9148	-43.455	29.1797	115.42
49.358	-43.4198	-25.7636	3.0166	-50.3752	-7.72736	136.237
-13.8707	-34.6507	-20.9609	-12.0033	-52.4965	66.7082	134.473
31.7297	27.4301	43.9058	25.066	43.6907	-54.2519	157.223
-10.4562	-40.7715	-9.15307	-14.0508	59.0719	-29.2733	145.335
51.2643	-11.6712	-19.1927	11.3707	35.0055	25.6209	148.996
8.9926	-43.1363	-23.8949	27.471	-55.4204	27.5394	153.561
-54.7845	48.7328	-4.45392	-14.6992	-65.2341	-73.3837	149.191
-1.92487	-11.905	-27.2136	1.58228	-51.8675	-60.9216	151.124
44.5122	42.6443	16.5762	20.3945	52.7797	63.104	144.452
-2.20374	-13.2074	-30.524	1.97919	-17.3697	2.86136	106.836
31.4187	-18.4108	-12.9162	19.6277	53.8776	6.86906	93.3025
-27.3927	-25.8482	-22.9049	-47.39	-30.1346	-30.8883	112.174
9.65282	11.9062	27.067	20.9678	-54.7661	59.4247	141.981
58.1787	-41.2716	-24.027	1.02342	-1.04492	26.3533	168.16
-59.9177	37.7788	15.9964	-3.25285	-71.6852	71.7993	159.846
-2.92947	-19.463	-36.972	4.23668	-24.9316	-39.3508	135.638
26.2398	27.0053	38.1453	38.0453	-36.0088	51.0948	153.51
-57.5665	-25.0273	-28.8079	-0.063838	-42.1709	-9.98572	151.67
-5.98616	-12.734	-28.6233	-0.426536	-0.149237	0.0151182	57.4782
-8.62805	-16.3188	-35.222	0.211692	-26.3333	-29.2611	55.0306
25.1867	21.2929	56.4989	37.9386	37.6392	27.284	105.474
-19.2318	-10.9663	-32.8627	-15.0182	-15.3533	5.12783	87.5702
11.8606	-21.0069	-26.9483	26.6973	2.82754	-0.543036	47.3747
-2.55436	-18.1195	-35.4555	4.64548	-30.4293	-40.3637	71.8548
32.0131	27.3955	44.0314	24.9079	-21.8939	-50.4505	173.892
55.4428	-38.1941	-26.4066	2.20725	-9.34469	14.2664	150.138
-45.9297	54.0825	-7.79299	-19.9243	-8.1162	-20.7118	71.5578
-32.2695	-30.2888	-21.8141	-45.6368	-5.37959	0.303866	57.1781
-13.3298	-32.0393	-23.2548	-8.22752	3.99686	-4.8277	39.7911
-26.9258	-16.3369	-32.7161	-42.5576	-2.80216	-0.599641	35.226
-12.6365	-14.1522	-32.7214	-2.17023	0.0681771	-0.107757	20.2228
-18.1733	-12.5376	-40.3924	-14.5449	-59.0331	30.1155	71.1818
40.1135	-42.2311	-26.576	15.8138	0.00567573	11.7778	93.1832
39.6766	50.0035	4.83199	16.0725	43.5985	-34.6552	87.7513
-7.17287	-32.5395	-30.1313	-1.19773	-1.19877	-6.31121	80.6328
-2.75458	-12.3674	-28.9476	0.726015	1.58914	6.12655	41.6048
-7.99203	-32.6566	-30.0334	-2.95921	-57.447	-20.782	85.8741
50.7797	-11.0772	-18.5881	11.7748	-27.7508	1.10064	107.525
-26.6525	-12.8554	-29.7384	-32.4325	-8.15065	17.3176	77.8698
-11.9326	-44.9013	-11.8381	-12.6646	-51.2814	24.6734	95.7457
42.6268	48.999	7.47123	9.25993	59.1224	-56.3809	133.039
-9.9206	-20.9662	-38.2652	-0.299187	5.71656	-2.45584	92.7375
-28.5519	-13.2153	-25.2783	-39.4656	-53.5677	-34.776	84.366
25.3748	21.5965	56.4352	37.4337	69.9886	-74.2086	147.085
-30.3357	-39.7915	-22.3611	-45.6855	-67.6675	-73.4414	163.062
23.9829	19.1638	51.405	42.8322	36.6834	47.5675	142.475
-14.0837	-30.1677	-26.6709	-7.41135	-31.2134	-38.9922	119.19
21.4588	14.239	46.0636	42.1118	27.4773	27.3831	107.092
-14.0878	-21.2263	-37.8249	2.75221	-72.5211	74.1124	134.562
43.147	40.7325	11.8399	28.801	-58.8522	68.879	175.933
-27.5938	-17.4353	-33.4848	-46.1791	-3.36986	4.24415	110.755
-15.127	-31.999	-21.3034	-12.5304	-1.07983	-2.19834	32.6216
-10.0874	-19.528	-39.1974	0.0391667	-49.5471	-35.2275	75.9446
40.9094	16.5941	28.4271	19.5064	-49.5605	31.0137	138.28
-27.4273	-16.1732	-31.4738	-43.9776	-1.55304	-0.204097	87.2056
-16.1654	-14.2853	-41.9254	-12.2654	-34.9211	-31.0879	66.2583
24.7112	22.2722	53.8923	37.2388	34.1778	29.4686	108.94
-16.2596	-13.0591	-40.9817	-14.6105	-57.7255	-46.8064	123.337
37.5157	30.5516	47.0175	29.3623	52.3576	-48.4756	158.746
-12.3897	-43.7544	-11.409	-13.8316	-5.38066	-10.0379	117.162
0.716163	-19.4049	-34.4441	17.7524	4.03278	4.10497	47.6909
-13.1921	-33.8304	-22.2661	-10.3767	6.60989	-7.07358	45.3928
-30.1176	-14.9525	-24.0054	-42.0852	-3.5937	-3.48762	43.8122
-16.3691	-2.6371	-4.6948	-14.9922	-31.4919	-18.2963	66.8756
25.5232	21.639	56.384	37.1841	39.1468	6.23576	99.161
-24.5737	13.5663	26.96	-12.4396	-11.3214	52.3138	109.497
-11.932	-43.8117	-11.1384	-13.5053	-5.54388	-9.5182	85.908
1.44876	-20.1836	-34.1082	20.7139	-48.6687	66.5973	101.967
44.3734	41.0897	12.9152	24.6294	-66.8905	69.484	161.707
-21.3195	-15.7884	-41.9491	-23.6373	-52.8812	-4.31968	145.476
37.0566	-10.8894	-17.581	19.4534	-11.4086	19.2073	165.003
55.8407	-43.7657	-22.5746	1.11847	-33.3496	-19.9568	156.678
-21.0048	-18.0084	-37.1127	-24.6414	2.58001	-0.511499	64.2908
-34.8863	-15.9452	-18.6364	-40.6194	-48.2056	-47.4007	80.061
12.3023	30.2371	30.0741	13.7474	41.6428	47.6822	129.978
-29.776	-17.9198	-31.277	-48.2387	-41.6999	-35.9043	123.617
15.4197	21.0347	37.8026	17.8369	-0.619328	0.876486	69.056
19.3755	12.5193	41.8039	39.2828	15.3977	19.4769	49.4956
-5.7236	-18.7624	-38.2126	-0.706945	-21.9043	0.0953621	77.9855
32.1555	-18.6581	-12.844	19.1983	34.4876	12.2988	86.6779
-13.8376	-34.9661	-20.4907	-12.3261	5.8166	-6.53381	72.8249
-29.4263	-16.6837	-29.2152	-46.4142	-5.99102	-0.143552	44.3426
-9.1099	-16.7123	-35.9603	0.957892	10.6596	21.0383	59.5638
-27.1121	-51.5875	-10.9558	-35.0655	-4.73944	-55.0163	99.0103
-21.901	7.94777	23.8809	-11.4405	61.3932	47.246	137.254
42.3935	-35.3079	-23.1886	10.0122	15.3543	-52.5322	136.974
25.5726	21.7476	56.1636	37.1198	-8.41883	-13.9721	153.758
42.6726	49.037	7.45251	9.21145	61.3092	-44.6076	164.176
-13.7763	-29.7349	-27.56	-6.21569	3.73412	-3.4287	88.1249
-27.1427	-17.3482	-33.7776	-44.5229	-2.34791	12.6879	47.5409
-21.5446	-46.1262	-12.1176	-29.0846	-2.61719	-9.37642	54.9499
