15.8208	-3.83979	2.53802	-10.605	-12.7518	-7.39465	108.868
42.8516	11.9418	-69.8789	69.0618	-25.4475	-36.604	84.8495
-46.665	55.9674	4.11005	30.3981	-48.8246	61.729	124.718
-2.65037	0.0410163	-7.50403	-38.0771	40.2145	-13.3131	123.588
-52.3702	16.6442	-32.2421	7.57847	71.7785	-68.3014	132.118
9.93979	-48.3661	31.4336	-28.2473	38.4665	-10.5545	152.3
-38.6953	-35.0312	58.3089	-9.19202	-29.6932	-29.2283	164.197
-1.84239	1.11318	-13.6771	-35.0711	59.0495	64.7353	173.948
-52.564	-54.0096	21.4458	31.5762	-18.4652	-20.1887	124.475
-23.9109	-23.1326	48.0949	-27.8602	1.19501	3.94701	59.3139
-29.2265	-39.4806	53.3051	-40.9763	-12.3059	-8.77446	48.8368
-3.60332	-20.9078	27.0285	-32.8529	-24.0891	43.1026	136.875
23.4864	49.6887	-4.38399	17.5887	-15.2633	16.3934	143.463
49.7804	21.9307	-47.2889	56.1861	-36.5734	56.9884	112.112
-34.5761	-33.3585	64.71	-17.9751	42.872	31.9848	132.705
38.327	51.3915	3.93789	35.0972	58.7865	-26.3915	125.887
-20.1097	-42.0206	47.478	-46.6196	45.3669	31.8503	126.941
50.8559	43.6077	-17.4923	54.34	-57.9919	58.9309	132.803
-17.8728	-8.24581	4.46063	-33.8843	33.0475	-23.658	124.299
-59.6246	21.6956	-34.5585	28.4639	24.0832	11.0581	92.7918
22.8539	4.16731	-36.0252	11.8687	-27.9861	-16.2579	87.3476
-57.4154	27.2189	-28.631	20.8781	14.0257	12.5499	81.1702
36.2754	3.77885	-24.4047	36.928	-10.6579	-6.20298	63.96
-58.9456	18.3061	-46.1463	32.541	13.2106	-24.9708	71.537
40.7662	56.0074	3.22495	42.2268	-46.7615	66.1252	115.063
-37.5357	-2.99514	-23.2038	-24.4087	-22.8208	19.2281	170.329
-3.92415	-30.8551	41.9012	-39.8961	-0.574239	-14.0855	188.308
-2.81945	-1.07695	-3.81145	-38.0787	54.0268	-12.21	150.008
58.9182	12.3053	-50.7631	45.1209	-19.9963	36.0658	139.062
-35.7859	-32.5556	59.5049	-18.0803	-65.7166	-40.8021	181.875
24.0266	4.36268	-38.9438	15.2226	54.3486	30.096	213.221
-31.1463	-25.9919	55.9174	-30.8799	-2.21027	2.8824	126.631
-22.0808	-39.1781	51.6345	-45.0131	74.5973	77.6478	99.1285
40.2201	20.9817	-58.368	61.6182	-48.9372	67.1921	158.07
-36.5459	-37.8027	57.404	-8.92928	45.7779	-36.8478	169.852
35.3567	0.378445	-11.0076	35.6697	24.2144	18.7831	220.956
0.371515	-26.5599	36.912	-28.5029	21.6039	16.6458	168.279
-33.0495	-52.378	20.0847	-21.6092	-27.0843	-42.2231	120.874
-2.15042	-4.69521	4.66739	-34.3669	31.3966	0.364408	123.81
-47.3176	-4.95421	-20.3669	6.4552	-3.5021	4.91651	150.336
-35.0341	-20.5061	44.7266	-37.4369	-0.0227194	-0.206073	108.929
-34.7117	-24.253	49.858	-33.8646	17.7767	-31.3611	85.4283
-58.5511	17.6363	-46.7182	32.1572	-51.0524	16.1354	140.424
-2.46061	0.138715	-7.98397	-37.4778	40.9166	-11.6346	111.304
-53.0025	14.5167	-37.2001	13.921	51.0245	9.86396	110.344
10.271	3.44789	-25.7739	-23.4969	-38.8532	-21.2198	111.382
57.3348	29.0689	-23.1381	36.479	-37.4016	48.6435	133.58
-24.453	-20.6535	45.7789	-28.7307	31.8386	-31.2674	171.344
57.0623	16.4994	-50.3502	45.0058	59.3932	35.9454	197.668
0.00840818	-17.8183	21.262	-23.6629	-56.3544	68.2495	199.192
47.728	43.8632	-17.7354	47.754	26.3299	10.3162	135.572
7.93915	28.3719	-38.0756	-23.5338	32.5829	-45.173	140.999
-26.6861	-42.9028	46.0938	-45.7945	31.5562	-58.9276	168.139
-57.8938	14.6194	-47.1725	35.8034	-56.2526	16.1401	131.266
1.20791	-2.12357	0.128844	-28.2979	48.6656	36.2111	158.503
-49.1225	-39.115	37.6744	28.7408	-42.6667	-13.9852	150.95
2.14437	-22.5567	29.0373	-23.8462	8.33225	-2.02477	77.9963
-21.3617	-17.1417	32.1292	-23.4202	58.9415	72.1246	101.443
49.8256	42.8924	-17.4586	54.8635	-14.8179	36.0498	127.464
-50.9017	-3.39901	-28.0043	20.0412	-39.9637	6.67316	101.253
-0.454674	-11.6054	21.7571	-26.5906	19.5223	13.1234	155.062
-33.1521	-32.9294	65.3401	-25.4113	19.0999	-10.1109	141.352
53.6815	-15.6449	17.0266	47.9049	-33.2033	19.3796	87.392
-23.1365	-40.8344	50.0779	-46.2394	3.41278	-1.18072	66.2209
-38.4187	-35.3724	59.0228	-9.0942	7.95956	13.9232	48.6062
-54.1406	56.3237	0.191025	21.3044	-46.9103	-49.2755	98.6463
-8.48263	-15.6456	23.9406	-40.4615	7.05277	-3.85269	178.181
-29.0573	-5.65016	-17.5084	-34.6744	-42.6427	8.66291	241.233
22.78	-15.7516	23.6535	9.36517	-48.7946	44.7897	194.715
-49.0801	59.9876	0.264444	23.8911	-61.8921	-51.6592	145.25
5.87499	-13.688	25.2739	-26.6502	25.0006	12.7854	164.677
-31.6231	-33.39	63.802	-33.6326	-37.651	-32.7896	198.247
10.8511	3.81496	-26.6675	-22.1516	8.3149	-53.3805	239.093
2.14156	-57.818	19.9578	-40.0954	50.908	-49.4174	213.625
-46.5378	-11.0763	1.70629	6.62086	3.22972	52.5331	150.213
-50.0085	51.0823	3.25179	26.5565	-16.3607	-34.6501	111.925
-28.6891	-24.0565	53.522	-29.3719	12.502	14.869	85.4508
-51.6459	-51.5027	29.5842	32.7407	52.7211	-6.87961	94.2764
10.3752	-43.7494	39.0073	-27.4813	60.2052	-61.4815	154.08
-41.4111	9.29182	-33.3097	-17.5128	2.81106	-1.39685	110.832
-54.9359	16.3292	-37.4091	20.1647	61.2194	33.5622	120.904
6.39453	-15.799	26.9765	-25.2777	42.6612	23.1036	181.741
-42.4389	-42.7045	36.054	15.8239	-38.7407	-0.156535	146.407
7.23708	-42.4091	37.9701	-33.6133	-36.2964	-62.0406	140.919
41.8128	16.0435	-69.2879	65.5921	-52.4656	60.6443	151.61
-31.1767	-37.9746	55.44	-38.4652	-62.0482	-47.6021	181.121
24.9374	4.95701	-42.0656	15.5108	-48.7706	-51.5192	167.765
-48.5575	54.1013	7.87756	30.25	-0.212758	-0.228661	70.2861
-50.3172	52.1522	7.10632	27.2278	19.5395	29.5152	50.3605
43.3664	12.3271	-71.9192	72.4252	-52.4761	49.5681	136.514
-26.9261	-34.1141	62.0893	-43.5757	67.4354	-50.2523	185.365
33.9801	9.48675	-49.8393	30.6881	-52.9319	45.1737	188.915
-34.9528	-33.5925	64.3441	-16.3726	65.8716	62.3271	168.745
29.566	33.8595	-34.1754	30.1591	-26.1502	-15.0749	120.8
-52.0164	56.0849	1.26816	23.2492	36.6537	42.3254	104.559
28.537	10.6414	-45.597	18.1953	1.9437	-7.11974	82.5637
23.1215	32.3643	-38.2107	18.1229	-24.0524	10.0621	63.639
-58.9212	16.2115	-48.3794	35.8825	-23.3462	34.6232	123.708
-29.9904	-26.5735	56.2882	-30.2561	44.078	50.8374	148.361
46.888	43.5883	-17.4035	44.547	-55.5543	-63.579	139.661
-24.5814	-20.8698	46.2994	-28.7648	34.7114	-44.4755	155.604
58.1046	26.2845	-31.2667	31.2906	-24.4272	-54.5306	143.994
-36.4788	-37.0025	60.1386	-8.92315	38.6841	64.3465	131.735
47.6862	23.3472	-42.7844	54.9229	-10.7548	14.1147	103.577
-51.4301	-3.47108	-27.8052	22.1628	-33.8112	19.0208	139.32
-7.82594	-27.5913	42.7945	-41.1913	13.043	-3.3357	135.12
-36.792	-20.6318	44.1627	-32.6584	0.206765	18.3544	64.462
-36.8152	-55.3034	18.2703	-3.0963	74.0266	76.8238	117.377
25.7201	5.21563	-42.7779	15.6606	-41.24	-42.4736	144.57
-51.1851	49.6003	-0.17217	25.1192	2.43061	30.1821	106.288
-54.9363	5.33556	-36.1434	34.8123	56.7803	20.5075	159.695
6.39597	-15.4388	26.9992	-25.4364	8.26365	-13.7338	254.354
-9.90416	11.8781	-43.1033	-48.8493	-46.1754	-52.4355	230.362
34.0544	-57.6263	24.686	31.755	54.7533	-15.6548	155.516
-23.8957	-41.0106	49.9482	-46.1186	-1.08635	-6.14947	84.619
-20.9417	-20.8429	44.6709	-25.4275	61.2604	-41.8978	119.794
41.9338	17.7984	-67.313	64.4539	-24.6193	-45.6711	157.368
-50.5419	-51.1967	29.0238	32.755	33.5669	56.8043	123.232
36.2574	12.6035	-61.8877	39.9609	-44.7254	37.3024	159.172
-36.5386	-26.2264	49.6649	-26.3619	34.0489	-28.3724	189.489
42.188	7.55237	-42.4111	59.2818	2.54956	1.53385	109.691
29.8308	0.762449	-16.4971	28.0572	-64.1384	43.1997	114.032
-31.5233	-38.3234	54.1168	-36.9984	7.035	-13.4337	193.896
-46.4889	-11.088	1.75142	6.44082	-22.0313	2.89476	215.672
-8.81939	-15.3565	23.7462	-40.607	-52.8369	-33.814	230.514
44.5931	18.592	-60.7005	63.4778	-39.918	50.4852	189.373
-35.2809	-31.5442	58.6146	-21.3847	29.0182	-26.8669	174.434
47.4277	2.3148	-29.3039	64.6085	-37.1911	35.4172	184.805
-30.7305	-36.9439	58.0499	-39.6321	29.1177	-57.0059	160.608
59.8785	19.8905	-43.8078	34.6148	-56.5192	19.2044	131.695
-1.32691	0.131057	-8.76477	-34.2921	-51.742	-36.7782	139.759
50.4224	37.3365	-9.85826	52.7016	17.8311	21.3858	120.219
23.4458	4.51386	-39.2512	14.4075	-65.1552	53.2739	135.768
-39.4599	-41.7181	42.252	-1.50321	49.0094	-60.5121	172.459
35.8147	12.9471	-61.8856	39.268	-25.6549	-28.0343	128.883
-50.6555	49.6407	-0.506991	25.0537	-45.0277	-59.3512	118.842
-8.8827	-15.2704	23.6818	-40.5812	50.6307	-36.232	167.351
59.4705	21.1899	-38.7149	33.7426	1.22644	-0.0400966	107.71
50.1384	22.9395	-43.4705	54.8936	-30.7814	45.5304	87.9865
-36.2911	-26.11	49.815	-27.3064	-26.035	-14.3685	184.99
2.13392	-5.435	7.1656	-27.4307	15.0777	21.6402	196.337
-21.7449	-38.8285	51.4573	-44.6518	-45.3182	-42.8177	196.474
24.2645	4.38187	-39.2274	15.4302	-50.0985	62.1098	185.429
-50.5692	-51.0552	29.3142	32.9616	-2.3944	7.38124	101.733
-43.9341	46.9852	-14.2286	11.4772	-50.1026	57.1747	92.784
2.15458	-5.49347	7.32898	-27.392	-24.5408	-12.2284	154.758
39.421	13.6272	-67.0646	51.6768	-6.3876	-3.47524	107.2
59.1844	23.9262	-32.6902	29.8606	4.03021	3.22093	41.3486
44.2078	12.1325	-71.6185	74.3594	-67.4673	65.5982	105.634
-19.8734	-41.7792	47.7162	-46.5713	4.4603	-19.9856	171.835
-28.1214	-6.6427	-13.4654	-33.9226	17.1535	33.987	164.635
-50.5687	-50.5119	30.0077	33.4634	23.7032	47.041	137.735
43.3035	17.2992	-66.2503	67.1345	-47.1885	58.6625	137.664
-32.9093	-36.5859	60.0811	-29.3934	42.3404	-51.626	160.525
45.3291	13.7472	-67.5303	68.6682	-19.1621	-28.1858	128.341
-48.1943	52.7199	7.1944	29.9378	70.0011	60.2167	124.219
13.3818	2.40486	-18.2243	-12.5252	40.4924	38.1558	187.284
-29.9701	-38.4451	55.4291	-40.039	49.6884	41.9617	174.99
40.5276	39.7244	-15.9134	38.5461	-0.292701	-0.090148	71.7246
46.7321	42.778	-16.7222	43.7224	10.1918	22.5332	47.1386
29.9687	6.21416	-39.7791	18.484	-43.0169	-38.7836	101.413
-44.6414	47.2496	-12.245	14.7996	43.548	-7.71826	114.709
22.6277	56.4018	8.92317	16.5447	-12.1577	5.03205	83.1516
50.0444	45.1591	-15.1562	53.8242	-58.0607	60.2492	102.893
-19.1703	-7.64233	1.07676	-35.4689	51.8984	-49.5238	141.295
51.615	39.3318	-12.3454	52.7054	-9.056	-2.26037	93.0677
-43.992	44.9584	-21.0362	9.4031	-33.7275	42.3561	84.0712
-7.37058	-1.34842	-10.4946	-44.4793	-62.6199	-48.5442	136.582
48.7344	42.59	-16.7269	51.731	-42.013	38.0045	138.076
-26.3568	2.00397	-26.1593	-43.2946	21.9285	-43.9841	116.951
-51.6049	52.4594	7.37317	26.3854	8.51088	35.8181	105.327
57.2543	4.83819	-43.8642	54.8419	-50.0968	23.2651	158.54
-8.55535	-19.8581	27.6426	-40.6311	-2.25268	-7.75792	208.349
-2.2515	1.62753	-16.7501	-36.5225	-57.059	-23.4141	165.217
55.7999	25.8103	-32.8193	41.2663	-57.6658	65.3181	147.596
-14.5057	-30.1056	41.7218	-44.0584	-65.75	-47.6207	180.394
43.8553	12.0422	-71.4204	73.9202	-33.0465	44.2608	180.271
-40.2329	-35.3855	57.1196	-5.22846	61.3853	-41.5267	180.75
22.454	2.93903	-25.6942	8.20458	49.4381	35.3211	208.579
-28.2791	-33.1579	62.7776	-42.693	71.9404	-68.6447	195.992
33.7475	21.7164	-54.8682	47.8094	-50.0489	43.111	179.455
-36.6707	-20.4745	43.8814	-33.3611	30.3974	-51.8263	166.098
51.6514	32.8318	-13.0141	50.814	13.0438	18.3024	111.923
29.497	1.84889	-20.3433	27.052	54.7396	46.4239	140.503
-22.1659	-41.8712	47.6272	-47.072	-26.9846	-38.0909	218.732
9.29763	2.68902	-23.2246	-24.6241	-52.1102	-30.1451	178.695
-56.7272	33.956	-13.7198	22.4261	48.4079	28.9039	122.766
11.4221	2.9997	-22.7056	-19.2726	1.40497	40.5449	129.54
9.85755	-47.867	31.9073	-28.8475	-58.0271	-50.5372	160.373
-56.999	-2.01082	-24.9864	43.1861	34.6837	56.1157	164.713
28.5349	-57.1032	24.8334	23.1007	17.2439	-10.8093	165.076
-1.90759	-37.9368	40.0211	-41.4691	-49.5318	-53.4001	193.187
44.3784	12.1407	-71.5129	74.3416	-35.177	54.0237	176.794
-40.2444	-41.5098	42.4082	1.81543	-14.2091	-21.9825	163.919
-17.8674	-7.36879	0.934156	-34.3335	-41.6532	53.6227	193.431
22.5456	-59.3337	16.0264	18.0602	-41.2491	63.5849	174.614
-59.3628	2.04466	-36.0225	48.9022	2.96409	-5.16233	90.2771
50.4644	19.6888	-51.8745	55.5256	-30.0774	42.3511	100.695
-35.913	-27.3577	52.2343	-26.5098	9.25464	20.1996	118.536
-51.8279	57.9076	-2.08537	22.7518	-8.83992	-14.1849	71.4726
-34.2764	-33.834	65.352	-18.7871	6.13642	25.9922	75.06
-43.9758	45.5125	-19.7004	9.89529	-21.4998	-55.4213	103.784
-21.5822	-16.6843	29.9994	-24.0075	41.3203	-25.2944	165.022
50.6124	12.0446	-60.996	61.5545	-25.7085	24.8997	196.753
-34.6236	-20.9209	46.4066	-37.7132	47.4342	-66.4383	168.222
43.1196	37.7215	-15.6411	39.191	-22.023	-59.065	138.314
-54.5402	-22.5037	30.142	29.8767	-39.8694	-1.98511	114.564
-3.84067	-20.2136	25.3967	-33.2914	-54.4061	-43.8882	154.261
48.105	21.7931	-47.5071	54.5765	-14.3213	-19.6394	143.43
-48.3516	54.031	7.9953	30.6155	46.6986	49.9298	106.35
26.288	5.49774	-43.1988	16.0308	-47.4397	63.408	142.823
-50.7651	-51.3249	29.053	32.7759	-27.0929	-36.7892	159.515
-18.5619	-7.95627	2.92486	-34.6183	-6.02937	0.505704	103.183
1.46943	-9.03769	18.9011	-25.8864	62.4697	62.7146	105.587
-51.9408	57.7619	-2.03757	22.6467	-37.248	-38.6437	144.341
-10.968	-20.0434	28.6049	-41.6916	-49.795	-49.5021	161.586
36.5043	27.1435	-34.9326	52.2025	58.5113	37.3583	176.116
-19.5671	-8.80888	3.86081	-33.6566	15.3883	23.378	161.495
-43.3147	-43.9171	33.4635	19.8205	13.8423	55.0754	148.741
-57.9814	17.2944	-45.89	30.413	-50.534	15.6208	118.988
-2.12403	0.258881	-8.70027	-36.3816	17.8019	13.1652	161.095
-32.9089	-21.7659	49.1371	-35.7513	51.2265	-35.5716	201.731
34.9999	14.0076	-61.0253	39.2408	-15.5487	7.62149	132.706
-54.5965	-0.464805	-31.9373	36.6043	-44.9298	26.7739	137.021
-4.79406	-29.9079	41.1805	-41.0728	-46.3918	-38.1358	211.631
43.0927	9.31603	-54.076	66.6933	-60.3219	43.0074	206.365
-20.5481	-30.4103	49.7044	-33.9778	57.8566	32.4934	163.531
42.4289	57.4669	7.21151	40.9899	-54.3796	-36.3013	130.429
-23.518	-26.4677	48.8457	-30.1361	18.6596	42.7175	119.935
-45.6322	43.223	-21.3571	12.7336	-40.8957	40.6975	115.893
-2.29877	0.377903	-9.24527	-36.8807	-1.68156	2.68976	75.4178
5.18598	-12.0169	22.439	-27.9905	16.345	-14.7444	52.506
-22.9834	13.5275	-39.5701	-40.2637	2.77379	21.8325	120.802
-27.5073	-23.8212	52.3213	-29.8471	43.7633	-38.3601	175.155
46.3559	16.145	-63.1121	63.1896	-29.7728	29.9559	183.645
-36.6274	-20.4342	43.7977	-33.5822	17.1656	-32.5115	171.932
-59.6047	22.2399	-32.923	27.5747	57.6683	-59.0816	153.565
9.58712	-45.4862	37.0987	-29.6738	18.8465	-15.2136	165.864
-20.8278	-20.6414	44.0029	-25.2592	23.1864	44.5197	149.95
-47.2964	48.8954	-3.13986	26.3215	68.7718	63.8483	134.551
