-19.8185	-1.56714e-11	-0.00359932	-1.30425e-15	0.04	-1.15702e-09	60.0021
-19.8176	-6.82542e-11	-0.00359935	-3.5764e-15	4.82524e-10	1.24673e-08	0.000970405
-19.8175	-3.34887e-11	-0.00359935	-2.07373e-15	2.60022e-10	1.36347e-08	9.46036e-05
-19.8175	7.82957e-12	-0.00359935	-2.88606e-16	1.97441e-10	-3.09238e-09	5.82801e-05
-19.8175	3.5312e-11	-0.00359935	8.98473e-16	1.76508e-10	-1.07279e-08	4.76375e-05
-19.8175	4.78189e-11	-0.00359935	1.43852e-15	1.69118e-10	-7.74176e-09	4.40292e-05
-19.8174	5.14631e-11	-0.00359935	1.59569e-15	1.67461e-10	-1.6561e-09	4.28777e-05
-19.8174	5.33051e-11	-0.00359936	1.67502e-15	1.6863e-10	1.31268e-09	4.28159e-05
-19.8174	5.657e-11	-0.00359936	1.81578e-15	1.71251e-10	1.15362e-09	4.32989e-05
-19.8174	6.1144e-11	-0.00359936	2.01302e-15	1.7475e-10	-1.4619e-10	4.40785e-05
-19.8174	6.56487e-11	-0.00359936	2.20724e-15	1.78726e-10	-1.11562e-09	4.50308e-05
-19.8173	6.89859e-11	-0.00359936	2.35102e-15	1.83088e-10	-1.61015e-09	4.6093e-05
-19.8173	7.05267e-11	-0.00359936	2.41722e-15	1.87685e-10	-8.9275e-10	4.72345e-05
-19.8173	7.10389e-11	-0.00359936	2.43899e-15	1.92536e-10	-1.27823e-09	4.84382e-05
-19.8173	6.99968e-11	-0.00359936	2.39368e-15	1.97566e-10	-8.13586e-10	4.9697e-05
-19.8172	6.79036e-11	-0.00359936	2.303e-15	2.0282e-10	-8.43981e-10	5.10072e-05
-19.8172	6.46643e-11	-0.00359936	2.16286e-15	2.08253e-10	-8.85974e-10	5.23688e-05
-19.8172	6.0163e-11	-0.00359936	1.9683e-15	2.13913e-10	-1.16597e-09	5.37821e-05
-19.8172	5.39506e-11	-0.00359936	1.69995e-15	2.19767e-10	-3.79744e-10	5.5249e-05
-19.8171	4.70367e-11	-0.00359936	1.40139e-15	2.25856e-10	-7.78281e-10	5.67706e-05
-19.8171	3.88114e-11	-0.00359936	1.04631e-15	2.32155e-10	-6.27135e-10	5.83488e-05
-19.8171	2.94294e-11	-0.00359937	6.41426e-16	2.38696e-10	-1.29949e-10	5.99846e-05
-19.817	1.95854e-11	-0.00359937	2.16706e-16	2.45454e-10	4.96707e-10	6.16789e-05
-19.817	1.02394e-11	-0.00359937	-1.86456e-16	2.52476e-10	-1.04764e-10	6.34346e-05
-19.817	4.57388e-13	-0.00359937	-6.08322e-16	2.59788e-10	1.21837e-09	6.52608e-05
-19.8169	-7.5917e-12	-0.00359937	-9.55373e-16	2.67414e-10	3.37985e-10	6.7164e-05
-19.8169	-1.53014e-11	-0.00359937	-1.28771e-15	2.75339e-10	1.50568e-09	6.91453e-05
-19.8169	-2.05988e-11	-0.00359937	-1.51602e-15	2.83583e-10	1.34052e-09	7.12053e-05
-19.8168	-2.36333e-11	-0.00359937	-1.64672e-15	2.9214e-10	1.53201e-09	7.33458e-05
-19.8168	-2.39084e-11	-0.00359937	-1.65852e-15	3.01048e-10	1.07289e-09	7.55711e-05
-19.8168	-2.21345e-11	-0.00359938	-1.58204e-15	3.10347e-10	1.26238e-09	7.78908e-05
-19.8167	-1.78103e-11	-0.00359938	-1.39573e-15	3.20059e-10	6.85269e-10	8.03129e-05
-19.8167	-1.19536e-11	-0.00359938	-1.14348e-15	3.30148e-10	3.83593e-10	8.28357e-05
-19.8166	-5.10554e-12	-0.00359938	-8.48625e-16	3.40624e-10	-3.76193e-10	8.54559e-05
-19.8166	1.14356e-12	-0.00359938	-5.79661e-16	3.51505e-10	-4.51279e-10	8.8177e-05
-19.8166	6.58184e-12	-0.00359938	-3.45675e-16	3.62884e-10	-9.25434e-10	9.10132e-05
-19.8165	1.0057e-11	-0.00359938	-1.96268e-16	3.74737e-10	-7.60405e-10	9.39732e-05
-19.8165	1.18305e-11	-0.00359938	-1.20147e-16	3.87012e-10	-6.94082e-10	9.70474e-05
-19.8164	1.1951e-11	-0.00359939	-1.15174e-16	3.99698e-10	-5.40111e-10	0.000100228
-19.8164	1.07003e-11	-0.00359939	-1.69186e-16	4.12879e-10	-1.90682e-10	0.000103524
-19.8163	8.90678e-12	-0.00359939	-2.46508e-16	4.26566e-10	-7.55015e-12	0.000106947
-19.8163	7.03332e-12	-0.00359939	-3.2727e-16	4.40634e-10	1.75042e-10	0.000110484
-19.8162	5.58939e-12	-0.00359939	-3.89522e-16	4.5503e-10	2.90403e-10	0.00011411
-19.8161	4.94004e-12	-0.00359939	-4.17608e-16	4.69818e-10	2.41682e-10	0.000117829
-19.8161	4.99291e-12	-0.0035994	-4.15522e-16	4.84882e-10	1.3105e-10	0.000121633
-19.816	5.45225e-12	-0.0035994	-3.95982e-16	4.9998e-10	4.20609e-11	0.000125476
-19.816	6.05986e-12	-0.0035994	-3.70086e-16	5.14939e-10	-2.09035e-11	0.000129306
-19.8159	6.61709e-12	-0.0035994	-3.46361e-16	5.29715e-10	-4.28783e-11	0.000133095
-19.8158	7.04561e-12	-0.0035994	-3.28201e-16	5.45591e-10	-2.60858e-11	0.000137
-19.8157	7.39632e-12	-0.00359941	-3.13387e-16	5.6284e-10	-3.45967e-11	0.000141221
-19.8157	7.63407e-12	-0.00359941	-3.03419e-16	5.81293e-10	-1.79362e-11	0.000145771
-19.8156	7.8132e-12	-0.00359941	-2.96008e-16	6.00804e-10	-1.59979e-11	0.000150608
-19.8155	7.93711e-12	-0.00359941	-2.90959e-16	6.21248e-10	-3.87594e-12	0.0001557
-19.8154	8.0499e-12	-0.00359942	-2.86409e-16	6.4277e-10	-3.34237e-12	0.000161047
-19.8154	8.15291e-12	-0.00359942	-2.82279e-16	6.65294e-10	6.90071e-12	0.00016666
-19.8153	8.28878e-12	-0.00359942	-2.76759e-16	6.88663e-10	2.02404e-12	0.000172508
-19.8152	8.4383e-12	-0.00359942	-2.70676e-16	7.12988e-10	-1.58231e-11	0.000178586
-19.8151	8.52124e-12	-0.00359943	-2.67457e-16	7.38145e-10	-8.66288e-12	0.000184892
-19.815	8.56636e-12	-0.00359943	-2.65869e-16	7.63876e-10	-1.03767e-11	0.000191377
-19.8149	8.56256e-12	-0.00359943	-2.66366e-16	7.90265e-10	-1.4021e-11	0.000198019
-19.8148	8.48804e-12	-0.00359944	-2.69932e-16	8.17055e-10	1.99849e-11	0.000204796
-19.8147	8.51501e-12	-0.00359944	-2.69154e-16	8.43975e-10	-7.62108e-12	0.000211641
-19.8146	8.50191e-12	-0.00359944	-2.70101e-16	8.71055e-10	-1.71848e-11	0.000218523
-19.8145	8.39301e-12	-0.00359944	-2.75157e-16	8.9787e-10	8.40268e-12	0.000225392
-19.8144	8.32883e-12	-0.00359945	-2.78313e-16	9.24158e-10	2.74403e-11	0.000232159
-19.8143	8.42433e-12	-0.00359945	-2.74654e-16	9.52297e-10	-9.1519e-12	0.000239096
-19.8141	8.46721e-12	-0.00359946	-2.73259e-16	9.82757e-10	-1.16224e-11	0.000246565
-19.814	8.43869e-12	-0.00359946	-2.74932e-16	1.01396e-09	-1.12604e-11	0.000254423
-19.8139	8.33653e-12	-0.00359946	-2.7975e-16	1.04549e-09	5.25295e-12	0.000262419
-19.8137	8.26618e-12	-0.00359947	-2.83225e-16	1.07687e-09	2.72755e-12	0.000270438
-19.8136	8.21243e-12	-0.00359947	-2.86004e-16	1.10831e-09	4.44469e-12	0.000278445
-19.8135	8.18849e-12	-0.00359948	-2.87535e-16	1.13974e-09	7.20545e-12	0.000286458
-19.8133	8.2162e-12	-0.00359948	-2.86865e-16	1.17144e-09	4.63312e-12	0.000294505
-19.8132	8.27926e-12	-0.00359948	-2.84728e-16	1.20481e-09	-6.49837e-12	0.000302798
-19.813	8.29424e-12	-0.00359949	-2.84634e-16	1.24074e-09	3.61926e-12	0.000311631
-19.8129	8.33827e-12	-0.00359949	-2.83336e-16	1.27672e-09	-7.88705e-12	0.000320798
-19.8127	8.31942e-12	-0.0035995	-2.84729e-16	1.31152e-09	-5.18541e-13	0.00032982
-19.8125	8.29572e-12	-0.0035995	-2.86316e-16	1.34511e-09	1.10181e-11	0.000338539
-19.8124	8.36585e-12	-0.00359951	-2.83964e-16	1.37849e-09	7.62261e-12	0.000347076
-19.8122	8.50467e-12	-0.00359951	-2.78736e-16	1.41215e-09	2.38908e-12	0.000355621
-19.812	8.66838e-12	-0.00359952	-2.72453e-16	1.44876e-09	-4.28775e-12	0.000364579
-19.8118	8.79675e-12	-0.00359953	-2.67697e-16	1.48704e-09	-5.59522e-12	0.000374126
-19.8116	8.8755e-12	-0.00359953	-2.65072e-16	1.52297e-09	-6.80795e-12	0.000383587
-19.8114	8.89009e-12	-0.00359954	-2.65164e-16	1.55764e-09	6.58007e-12	0.000392588
-19.8112	8.97031e-12	-0.00359954	-2.62521e-16	1.59144e-09	7.60589e-12	0.000401318
-19.811	9.12941e-12	-0.00359955	-2.56572e-16	1.62682e-09	-6.40271e-12	0.000410138
-19.8108	9.22568e-12	-0.00359956	-2.53276e-16	1.6648e-09	-7.76448e-12	0.00041949
-19.8106	9.24182e-12	-0.00359956	-2.53396e-16	1.70075e-09	-2.04843e-12	0.000428915
-19.8104	9.23612e-12	-0.00359957	-2.5445e-16	1.73516e-09	5.51213e-12	0.000437887
-19.8102	9.29125e-12	-0.00359957	-2.52966e-16	1.76869e-09	-1.41017e-12	0.000446551
-19.81	9.33154e-12	-0.00359958	-2.52116e-16	1.80426e-09	-4.75436e-12	0.000455361
-19.8097	9.31799e-12	-0.00359959	-2.53551e-16	1.84018e-09	-8.77444e-12	0.000464476
-19.8095	9.20127e-12	-0.00359959	-2.59321e-16	1.87398e-09	-2.53901e-12	0.000473365
-19.8092	9.05209e-12	-0.0035996	-2.66461e-16	1.9067e-09	8.75167e-12	0.000481847
-19.809	9.00664e-12	-0.00359961	-2.69249e-16	1.94e-09	-2.21468e-12	0.000490266
-19.8088	8.93302e-12	-0.00359962	-2.73254e-16	1.97425e-09	3.11693e-13	0.00049888
-19.8085	8.86201e-12	-0.00359962	-2.77148e-16	2.00632e-09	1.26297e-13	0.000507337
-19.8083	8.79147e-12	-0.00359963	-2.81023e-16	2.03744e-09	2.8682e-12	0.000515394
-19.808	8.75708e-12	-0.00359964	-2.83415e-16	2.06897e-09	-5.02e-12	0.000523383
-19.8077	8.65596e-12	-0.00359965	-2.88587e-16	2.10047e-09	-4.03481e-13	0.000531421
-19.8075	8.5479e-12	-0.00359965	-2.94044e-16	2.13014e-09	2.88055e-13	0.000539222
-19.8072	8.44222e-12	-0.00359966	-2.99418e-16	2.15909e-09	2.82667e-12	0.000546698
-19.8069	8.374e-12	-0.00359967	-3.0324e-16	2.18844e-09	1.86432e-13	0.000554132
-19.8066	8.30745e-12	-0.00359968	-3.07004e-16	2.21654e-09	-2.97974e-12	0.000561459
-19.8064	8.19796e-12	-0.00359969	-3.12542e-16	2.24337e-09	-3.83539e-12	0.000568464
-19.8061	8.03231e-12	-0.0035997	-3.20418e-16	2.27e-09	9.47328e-13	0.000575282
-19.8058	7.87839e-12	-0.0035997	-3.27786e-16	2.296e-09	3.34152e-12	0.000581994
-19.8055	7.7716e-12	-0.00359971	-3.33227e-16	2.32063e-09	-1.15362e-12	0.000588452
-19.8052	7.64661e-12	-0.00359972	-3.39408e-16	2.34462e-09	1.40953e-13	0.000594652
-19.8049	7.52243e-12	-0.00359973	-3.45561e-16	2.36807e-09	-2.81068e-12	0.000600703
-19.8046	7.35459e-12	-0.00359974	-3.53495e-16	2.39025e-09	4.45437e-13	0.000606523
-19.8043	7.19196e-12	-0.00359975	-3.61222e-16	2.41161e-09	-1.95161e-13	0.000612076
-19.804	7.02487e-12	-0.00359976	-3.69102e-16	2.43234e-09	-8.59175e-14	0.000617444
-19.8037	6.85502e-12	-0.00359976	-3.77107e-16	2.45181e-09	8.64675e-13	0.000622573
-19.8034	6.69732e-12	-0.00359977	-3.84598e-16	2.47054e-09	3.36414e-13	0.000627446
-19.803	6.5437e-12	-0.00359978	-3.91929e-16	2.4884e-09	-1.65774e-12	0.000632112
-19.8027	6.36269e-12	-0.00359979	-4.00354e-16	2.50508e-09	-2.18386e-13	0.000636518
-19.8024	6.17698e-12	-0.0035998	-4.08957e-16	2.52107e-09	-6.30016e-13	0.000640684
-19.8021	5.97995e-12	-0.00359981	-4.18017e-16	2.53602e-09	9.11311e-13	0.000644631
-19.8018	5.79649e-12	-0.00359982	-4.26491e-16	2.54982e-09	-2.31623e-12	0.000648299
-19.8014	5.57439e-12	-0.00359983	-4.3653e-16	2.56303e-09	1.90734e-12	0.000651744
-19.8011	5.38229e-12	-0.00359984	-4.45349e-16	2.57501e-09	1.60811e-12	0.000654956
-19.8008	5.21569e-12	-0.00359985	-4.53101e-16	2.58598e-09	1.09232e-12	0.000657884
-19.8004	5.06638e-12	-0.00359986	-4.60141e-16	2.59638e-09	-3.71969e-12	0.00066061
-19.8001	4.85491e-12	-0.00359987	-4.69686e-16	2.60541e-09	-2.60506e-12	0.000663088
-19.7998	4.59945e-12	-0.00359987	-4.80976e-16	2.61358e-09	-6.8084e-13	0.000665282
-19.7995	4.33185e-12	-0.00359988	-4.9274e-16	2.6212e-09	-5.45145e-13	0.000667296
-19.7991	4.05436e-12	-0.00359989	-5.0488e-16	2.62725e-09	4.42178e-12	0.000669039
-19.7988	3.85027e-12	-0.0035999	-5.14035e-16	2.63273e-09	2.68287e-12	0.000670511
-19.7984	3.69077e-12	-0.00359991	-5.2138e-16	2.63754e-09	-4.10206e-12	0.000671823
-19.7981	3.46203e-12	-0.00359992	-5.31476e-16	2.64076e-09	-2.41773e-12	0.000672848
-19.7978	3.19231e-12	-0.00359993	-5.43191e-16	2.64367e-09	-2.57075e-12	0.00067363
-19.7974	2.87897e-12	-0.00359994	-5.56628e-16	2.64572e-09	1.85914e-12	0.000674263
-19.7971	2.59675e-12	-0.00359995	-5.68778e-16	2.64625e-09	1.02566e-12	0.000674592
-19.7968	2.33176e-12	-0.00359996	-5.80205e-16	2.64671e-09	8.62819e-13	0.000674719
-19.7964	2.08129e-12	-0.00359997	-5.91038e-16	2.64595e-09	1.53417e-12	0.00067468
-19.7961	1.85676e-12	-0.00359998	-6.0081e-16	2.64402e-09	2.06464e-14	0.000674336
-19.7958	1.63274e-12	-0.00359999	-6.10532e-16	2.6421e-09	-2.05453e-12	0.000673846
-19.7954	1.37428e-12	-0.0036	-6.21599e-16	2.63859e-09	-1.02354e-12	0.000673152
-19.7951	1.09896e-12	-0.0036	-6.33299e-16	2.63441e-09	-1.77453e-12	0.000672171
-19.7947	7.9428e-13	-0.00360001	-6.4612e-16	2.63016e-09	7.76472e-13	0.000671095
-19.7944	5.03106e-13	-0.00360002	-6.58375e-16	2.62402e-09	-2.07779e-12	0.00066977
-19.7941	1.77862e-13	-0.00360003	-6.71944e-16	2.61778e-09	1.68376e-12	0.000668192
-19.7937	-1.18515e-13	-0.00360004	-6.84331e-16	2.61116e-09	-1.01829e-12	0.000666552
-19.7934	-4.3109e-13	-0.00360005	-6.97333e-16	2.60267e-09	1.02325e-12	0.000664624
-19.7931	-7.25672e-13	-0.00360006	-7.09581e-16	2.59447e-09	1.6431e-13	0.000662495
-19.7927	-1.01661e-12	-0.00360007	-7.21663e-16	2.58547e-09	-2.74664e-13	0.000660301
-19.7924	-1.31106e-12	-0.00360008	-7.33837e-16	2.57485e-09	-3.53705e-12	0.000657798
-19.7921	-1.66235e-12	-0.00360009	-7.48196e-16	2.56479e-09	8.56794e-13	0.00065516
-19.7918	-1.99826e-12	-0.00360009	-7.61908e-16	2.55344e-09	-1.22199e-12	0.000652429
-19.7914	-2.35257e-12	-0.0036001	-7.76307e-16	2.5409e-09	3.04648e-12	0.000649382
-19.7911	-2.6558e-12	-0.00360011	-7.88697e-16	2.52898e-09	-3.57249e-13	0.000646263
-19.7908	-2.96337e-12	-0.00360012	-8.01198e-16	2.51533e-09	8.3998e-13	0.000643001
-19.7905	-3.25581e-12	-0.00360013	-8.13067e-16	2.50097e-09	-1.50493e-12	0.000639428
-19.7901	-3.57057e-12	-0.00360014	-8.25783e-16	2.4872e-09	-3.0665e-13	0.000635841
-19.7898	-3.88846e-12	-0.00360015	-8.38582e-16	2.47132e-09	-1.48983e-12	0.000632059
-19.7895	-4.22778e-12	-0.00360015	-8.52163e-16	2.45518e-09	-3.48713e-12	0.000627975
-19.7892	-4.61944e-12	-0.00360016	-8.67729e-16	2.43955e-09	-6.97775e-14	0.000623922
-19.7889	-5.0097e-12	-0.00360017	-8.83195e-16	2.42153e-09	3.05036e-12	0.000619629
-19.7886	-5.35e-12	-0.00360018	-8.96696e-16	2.40351e-09	-8.78382e-13	0.000615034
-19.7883	-5.70122e-12	-0.00360019	-9.10588e-16	2.38599e-09	7.86245e-13	0.000610501
-19.788	-6.03792e-12	-0.00360019	-9.2388e-16	2.36586e-09	9.18423e-13	0.000605699
-19.7877	-6.35793e-12	-0.0036002	-9.36496e-16	2.34581e-09	-4.25531e-13	0.000600574
-19.7874	-6.68159e-12	-0.00360021	-9.492e-16	2.32636e-09	3.87781e-13	0.000595536
-19.7871	-6.99681e-12	-0.00360022	-9.61568e-16	2.30415e-09	-3.02256e-12	0.000590222
-19.7868	-7.35341e-12	-0.00360023	-9.7548e-16	2.28174e-09	-4.47018e-12	0.000584531
-19.7865	-7.77154e-12	-0.00360023	-9.91683e-16	2.26025e-09	1.73526e-12	0.000578933
-19.7862	-8.16073e-12	-0.00360024	-1.00676e-15	2.23609e-09	3.45214e-12	0.00057311
-19.7859	-8.49657e-12	-0.00360025	-1.01976e-15	2.21086e-09	2.9772e-12	0.000566812
-19.7856	-8.78667e-12	-0.00360026	-1.03099e-15	2.18699e-09	6.57814e-14	0.00056055
-19.7854	-9.07272e-12	-0.00360026	-1.04204e-15	2.16126e-09	-2.29478e-12	0.000554224
-19.7851	-9.387e-12	-0.00360027	-1.05412e-15	2.13269e-09	-2.48709e-12	0.0005473
-19.7848	-9.73094e-12	-0.00360028	-1.0673e-15	2.10579e-09	-6.08249e-12	0.000540226
-19.7845	-1.01522e-11	-0.00360028	-1.08337e-15	2.07866e-09	-5.26067e-12	0.000533336
-19.7843	-1.06376e-11	-0.00360029	-1.10181e-15	2.04714e-09	1.2121e-12	0.000525857
-19.784	-1.10999e-11	-0.0036003	-1.11934e-15	2.01601e-09	1.83306e-12	0.000517867
-19.7838	-1.15316e-11	-0.0036003	-1.13568e-15	1.98626e-09	1.20219e-11	0.000510103
-19.7835	-1.18048e-11	-0.00360031	-1.14602e-15	1.95432e-09	1.40986e-11	0.000502236
-19.7833	-1.1898e-11	-0.00360032	-1.14958e-15	1.91815e-09	1.43915e-11	0.000493551
-19.783	-1.18136e-11	-0.00360032	-1.14648e-15	1.88373e-09	1.91973e-12	0.00048455
-19.7828	-1.17076e-11	-0.00360033	-1.14256e-15	1.85034e-09	-1.79732e-11	0.000475904
-19.7825	-1.18154e-11	-0.00360033	-1.14667e-15	1.81418e-09	-2.80987e-11	0.000467036
-19.7823	-1.2246e-11	-0.00360034	-1.16282e-15	1.7738e-09	-2.01557e-11	0.000457277
-19.7821	-1.28948e-11	-0.00360035	-1.18709e-15	1.73522e-09	-9.48648e-12	0.000447208
-19.7819	-1.36343e-11	-0.00360035	-1.21469e-15	1.69815e-09	-8.17979e-12	0.000437563
-19.7816	-1.44466e-11	-0.00360036	-1.24495e-15	1.66009e-09	6.37196e-12	0.000427984
-19.7814	-1.51733e-11	-0.00360036	-1.27196e-15	1.61713e-09	2.40395e-11	0.000417655
-19.7812	-1.56334e-11	-0.00360037	-1.28901e-15	1.57436e-09	3.05609e-11	0.000406724
-19.781	-1.57748e-11	-0.00360037	-1.29418e-15	1.53402e-09	3.05286e-11	0.000396129
-19.7808	-1.56141e-11	-0.00360038	-1.28815e-15	1.49514e-09	2.96136e-11	0.000386029
-19.7806	-1.51754e-11	-0.00360038	-1.2718e-15	1.45582e-09	2.5236e-11	0.00037606
-19.7805	-1.45141e-11	-0.00360039	-1.24723e-15	1.41303e-09	1.24939e-11	0.000365593
-19.7803	-1.37598e-11	-0.00360039	-1.21927e-15	1.37055e-09	-5.74904e-12	0.000354723
-19.7801	-1.30784e-11	-0.0036004	-1.19404e-15	1.3312e-09	-2.96897e-11	0.000344291
-19.7799	-1.26684e-11	-0.0036004	-1.17888e-15	1.29473e-09	-5.82549e-11	0.000334624
-19.7798	-1.27502e-11	-0.0036004	-1.18192e-15	1.26067e-09	-7.89317e-11	0.000325634
-19.7796	-1.34639e-11	-0.00360041	-1.20829e-15	1.22758e-09	-6.89738e-11	0.000317074
-19.7794	-1.46982e-11	-0.00360041	-1.25383e-15	1.1937e-09	-2.896e-11	0.000308538
-19.7793	-1.61188e-11	-0.00360042	-1.30618e-15	1.16043e-09	-1.29388e-11	0.000299979
-19.7791	-1.75954e-11	-0.00360042	-1.36052e-15	1.1308e-09	2.24803e-11	0.000291962
-19.779	-1.88723e-11	-0.00360042	-1.40744e-15	1.10495e-09	3.06228e-11	0.00028489
-19.7789	-1.99045e-11	-0.00360043	-1.4453e-15	1.08256e-09	3.62439e-11	0.000278741
-19.7787	-2.06658e-11	-0.00360043	-1.47313e-15	1.06331e-09	2.55373e-11	0.000273434
-19.7786	-2.12405e-11	-0.00360043	-1.4941e-15	1.04672e-09	3.54099e-11	0.000268866
-19.7785	-2.15701e-11	-0.00360044	-1.50602e-15	1.0323e-09	4.91717e-11	0.000264914
-19.7783	-2.15717e-11	-0.00360044	-1.50591e-15	1.01931e-09	4.7151e-11	0.00026142
-19.7782	-2.12672e-11	-0.00360044	-1.49455e-15	1.00864e-09	2.88252e-11	0.000258405
-19.7781	-2.07806e-11	-0.00360045	-1.47654e-15	1.00193e-09	4.71696e-11	0.00025619
-19.7779	-1.99961e-11	-0.00360045	-1.44763e-15	9.98832e-10	2.98739e-11	0.000254939
-19.7778	-1.9024e-11	-0.00360045	-1.4119e-15	9.99144e-10	-4.07608e-12	0.000254584
-19.7777	-1.80775e-11	-0.00360046	-1.37712e-15	1.00274e-09	-1.90379e-11	0.000255082
-19.7776	-1.72492e-11	-0.00360046	-1.34672e-15	1.0094e-09	-1.96708e-11	0.000256389
-19.7774	-1.65419e-11	-0.00360046	-1.32079e-15	1.01898e-09	-1.72639e-11	0.000258459
-19.7773	-1.594e-11	-0.00360046	-1.29871e-15	1.03132e-09	-5.69382e-12	0.000261254
-19.7772	-1.53682e-11	-0.00360047	-1.27778e-15	1.04632e-09	-1.52741e-11	0.000264738
-19.777	-1.48899e-11	-0.00360047	-1.26028e-15	1.06379e-09	-4.69057e-11	0.000268876
-19.7769	-1.47215e-11	-0.00360047	-1.2541e-15	1.08375e-09	-1.13304e-11	0.000273648
-19.7768	-1.46282e-11	-0.00360048	-1.25066e-15	1.11327e-09	-3.70733e-11	0.000279954
-19.7766	-1.47953e-11	-0.00360048	-1.25673e-15	1.1574e-09	-9.02301e-12	0.000289342
-19.7765	-1.50355e-11	-0.00360049	-1.26544e-15	1.21033e-09	-9.19273e-12	0.000301713
-19.7763	-1.53577e-11	-0.00360049	-1.27712e-15	1.27128e-09	-1.19936e-11	0.000316229
-19.7761	-1.57932e-11	-0.00360049	-1.29289e-15	1.34034e-09	3.15893e-12	0.000332801
-19.776	-1.62254e-11	-0.0036005	-1.30852e-15	1.41844e-09	1.09759e-12	0.000351561
-19.7758	-1.66729e-11	-0.0036005	-1.32467e-15	1.50648e-09	7.52744e-12	0.000372741
-19.7756	-1.70759e-11	-0.00360051	-1.33916e-15	1.60625e-09	-1.08498e-11	0.000396684
-19.7754	-1.76167e-11	-0.00360051	-1.35863e-15	1.71959e-09	9.95771e-12	0.000423853
-19.7752	-1.80865e-11	-0.00360052	-1.37547e-15	1.85004e-09	4.85669e-13	0.000454936
-19.7749	-1.85863e-11	-0.00360052	-1.39336e-15	2.0019e-09	2.08336e-12	0.000490934
-19.7747	-1.91005e-11	-0.00360053	-1.4117e-15	2.1836e-09	3.02729e-12	0.00053347
-19.7744	-1.96193e-11	-0.00360053	-1.43013e-15	2.41098e-09	7.58434e-12	0.000585641
-19.7741	-2.00756e-11	-0.00360054	-1.44625e-15	2.73683e-09	1.25367e-11	0.000656204
-19.7738	-2.0375e-11	-0.00360055	-1.45661e-15	3.18273e-09	1.08455e-11	0.000754656
-19.7734	-2.05031e-11	-0.00360056	-1.46073e-15	3.79677e-09	5.40645e-12	0.000889906
-19.7729	-2.05251e-11	-0.00360057	-1.46094e-15	4.70623e-09	4.0532e-13	0.00108437
-19.7723	-2.05401e-11	-0.00360059	-1.46075e-15	6.24326e-09	-1.39786e-12	0.00139683
-19.7715	-2.06158e-11	-0.00360061	-1.46248e-15	9.513e-09	1.34286e-12	0.00201139
-19.7703	-2.06497e-11	-0.00360063	-1.46218e-15	1.94855e-08	4.46108e-12	0.00370947
-19.7678	-2.01628e-11	-0.00360069	-1.44211e-15	1.26888e-07	-4.26496e-13	0.0192181
-19.751	-1.72553e-11	-0.00360106	-1.32928e-15	-0.0559247	-3.4899e-12	59.9504
40.1827	4.02756e-12	-0.0133489	8.35533e-16	-0.0960468	4.73312e-15	119.935
