20.8085	-5.29295e-08	-0.00361522	-4.65177e-12	0.04	-6.85847e-08	60.0011
20.8086	-5.33702e-08	-0.00361523	-4.65508e-12	5.73046e-11	7.45157e-07	0.000137197
20.8086	-5.30744e-08	-0.00361523	-4.65278e-12	-6.88718e-12	8.11213e-07	1.34569e-05
20.8086	-5.27238e-08	-0.00361523	-4.65005e-12	4.10749e-11	-1.85943e-07	8.29469e-06
20.8086	-5.24907e-08	-0.00361523	-4.64824e-12	5.65428e-11	-6.39718e-07	6.78243e-06
20.8086	-5.23847e-08	-0.00361523	-4.64742e-12	3.40383e-11	-4.61057e-07	6.27059e-06
20.8086	-5.23539e-08	-0.00361523	-4.64718e-12	2.46087e-11	-9.86206e-08	6.10833e-06
20.8086	-5.23383e-08	-0.00361523	-4.64705e-12	2.34834e-11	7.78925e-08	6.10124e-06
20.8086	-5.23107e-08	-0.00361523	-4.64684e-12	2.36816e-11	6.83313e-08	6.17179e-06
20.8086	-5.2272e-08	-0.00361523	-4.64653e-12	2.50289e-11	-8.9011e-09	6.2847e-06
20.8086	-5.2234e-08	-0.00361523	-4.64624e-12	2.61803e-11	-6.63799e-08	6.42233e-06
20.8086	-5.22058e-08	-0.00361523	-4.64602e-12	2.67249e-11	-9.55868e-08	6.57578e-06
20.8086	-5.21929e-08	-0.00361523	-4.64591e-12	2.69248e-11	-5.29483e-08	6.74066e-06
20.8086	-5.21887e-08	-0.00361523	-4.64588e-12	2.74409e-11	-7.56765e-08	6.91459e-06
20.8086	-5.21976e-08	-0.00361523	-4.64594e-12	2.80374e-11	-4.80667e-08	7.09655e-06
20.8086	-5.22153e-08	-0.00361523	-4.64608e-12	2.86693e-11	-4.97771e-08	7.28602e-06
20.8086	-5.22428e-08	-0.00361523	-4.64629e-12	2.9308e-11	-5.21648e-08	7.48303e-06
20.8086	-5.22809e-08	-0.00361523	-4.64658e-12	2.97771e-11	-6.85876e-08	7.68763e-06
20.8086	-5.23334e-08	-0.00361523	-4.64699e-12	3.11221e-11	-2.20852e-08	7.90011e-06
20.8087	-5.23917e-08	-0.00361523	-4.64744e-12	3.15993e-11	-4.55177e-08	8.12064e-06
20.8087	-5.24611e-08	-0.00361523	-4.64797e-12	3.25798e-11	-3.65168e-08	8.34952e-06
20.8087	-5.25402e-08	-0.00361523	-4.64858e-12	3.40426e-11	-7.1793e-09	8.58689e-06
20.8087	-5.26231e-08	-0.00361523	-4.64922e-12	3.5703e-11	2.9685e-08	8.83294e-06
20.8087	-5.27017e-08	-0.00361523	-4.64982e-12	3.60801e-11	-5.68959e-09	9.08807e-06
20.8087	-5.27839e-08	-0.00361523	-4.65046e-12	3.83988e-11	7.1975e-08	9.35361e-06
20.8087	-5.28515e-08	-0.00361523	-4.65098e-12	3.86321e-11	2.0212e-08	9.63053e-06
20.8087	-5.29161e-08	-0.00361523	-4.65147e-12	4.04845e-11	8.85645e-08	9.91903e-06
20.8087	-5.29604e-08	-0.00361523	-4.65181e-12	4.12487e-11	7.86956e-08	1.02192e-05
20.8087	-5.29856e-08	-0.00361523	-4.652e-12	4.21948e-11	8.96969e-08	1.05314e-05
20.8087	-5.29876e-08	-0.00361523	-4.65202e-12	4.3186e-11	6.26594e-08	1.08561e-05
20.8087	-5.29725e-08	-0.00361523	-4.65189e-12	4.42818e-11	7.35436e-08	1.1195e-05
20.8087	-5.29359e-08	-0.00361523	-4.65161e-12	4.5745e-11	3.97124e-08	1.15491e-05
20.8087	-5.28866e-08	-0.00361523	-4.65122e-12	4.73193e-11	2.20351e-08	1.19182e-05
20.8087	-5.2829e-08	-0.00361523	-4.65077e-12	4.9251e-11	-2.22045e-08	1.23019e-05
20.8087	-5.27764e-08	-0.00361523	-4.65036e-12	5.08535e-11	-2.65074e-08	1.27008e-05
20.8087	-5.27308e-08	-0.00361523	-4.65e-12	5.26282e-11	-5.39279e-08	1.3117e-05
20.8087	-5.27015e-08	-0.00361523	-4.64977e-12	5.42062e-11	-4.4205e-08	1.35518e-05
20.8087	-5.26866e-08	-0.00361523	-4.64965e-12	5.59146e-11	-4.02267e-08	1.40039e-05
20.8088	-5.26854e-08	-0.00361523	-4.64963e-12	5.77176e-11	-3.11979e-08	1.44721e-05
20.8088	-5.26957e-08	-0.00361523	-4.6497e-12	5.96632e-11	-1.09349e-08	1.4958e-05
20.8088	-5.27104e-08	-0.00361523	-4.64981e-12	6.17025e-11	-3.46796e-10	1.54633e-05
20.8088	-5.27259e-08	-0.00361523	-4.64993e-12	6.38017e-11	1.0156e-08	1.59859e-05
20.8088	-5.27377e-08	-0.00361523	-4.65001e-12	6.5935e-11	1.67413e-08	1.65228e-05
20.8088	-5.27428e-08	-0.00361523	-4.65004e-12	6.81163e-11	1.38831e-08	1.70742e-05
20.8088	-5.27421e-08	-0.00361523	-4.65003e-12	7.03508e-11	7.49569e-09	1.76392e-05
20.8088	-5.27381e-08	-0.00361523	-4.64999e-12	7.2602e-11	2.38026e-09	1.82113e-05
20.8088	-5.27328e-08	-0.00361523	-4.64994e-12	7.48398e-11	-1.221e-09	1.87828e-05
20.8088	-5.27279e-08	-0.00361523	-4.6499e-12	7.70551e-11	-2.46689e-09	1.93498e-05
20.8088	-5.27241e-08	-0.00361523	-4.64986e-12	7.94355e-11	-1.50216e-09	1.99353e-05
20.8089	-5.2721e-08	-0.00361523	-4.64983e-12	8.20231e-11	-1.97794e-09	2.05683e-05
20.8089	-5.27187e-08	-0.00361523	-4.6498e-12	8.47934e-11	-1.02591e-09	2.12509e-05
20.8089	-5.2717e-08	-0.00361523	-4.64978e-12	8.77265e-11	-9.11532e-10	2.19775e-05
20.8089	-5.27157e-08	-0.00361523	-4.64976e-12	9.08047e-11	-2.23959e-10	2.27433e-05
20.8089	-5.27144e-08	-0.00361523	-4.64974e-12	9.40504e-11	-1.92966e-10	2.3549e-05
20.8089	-5.27133e-08	-0.00361523	-4.64973e-12	9.74533e-11	3.82393e-10	2.4396e-05
20.8089	-5.27119e-08	-0.00361523	-4.6497e-12	1.00992e-10	1.07113e-10	2.52802e-05
20.8089	-5.27103e-08	-0.00361523	-4.64968e-12	1.04682e-10	-8.89764e-10	2.62012e-05
20.8089	-5.27093e-08	-0.00361523	-4.64966e-12	1.08509e-10	-4.85762e-10	2.71588e-05
20.809	-5.27086e-08	-0.00361523	-4.64965e-12	1.12434e-10	-5.77739e-10	2.81463e-05
20.809	-5.27083e-08	-0.00361523	-4.64963e-12	1.1647e-10	-7.756e-10	2.91606e-05
20.809	-5.27085e-08	-0.00361523	-4.64962e-12	1.20582e-10	1.10719e-09	3.01987e-05
20.809	-5.27079e-08	-0.00361523	-4.64961e-12	1.2473e-10	-4.20257e-10	3.1251e-05
20.809	-5.27076e-08	-0.00361523	-4.64959e-12	1.28919e-10	-9.41862e-10	3.23131e-05
20.809	-5.27081e-08	-0.00361523	-4.64958e-12	1.33087e-10	4.65239e-10	3.33777e-05
20.8091	-5.27082e-08	-0.00361523	-4.64957e-12	1.37195e-10	1.49958e-09	3.4432e-05
20.8091	-5.27069e-08	-0.00361523	-4.64955e-12	1.41597e-10	-5.0125e-10	3.55162e-05
20.8091	-5.27061e-08	-0.00361523	-4.64953e-12	1.46366e-10	-6.30842e-10	3.66846e-05
20.8091	-5.27059e-08	-0.00361523	-4.64951e-12	1.51269e-10	-6.05719e-10	3.79168e-05
20.8091	-5.27062e-08	-0.00361523	-4.6495e-12	1.56247e-10	2.87713e-10	3.91756e-05
20.8091	-5.27063e-08	-0.00361523	-4.64948e-12	1.61228e-10	1.49886e-10	4.04443e-05
20.8092	-5.27062e-08	-0.00361524	-4.64946e-12	1.66244e-10	2.40186e-10	4.17178e-05
20.8092	-5.27058e-08	-0.00361524	-4.64944e-12	1.71285e-10	3.8453e-10	4.29992e-05
20.8092	-5.27051e-08	-0.00361524	-4.64942e-12	1.76397e-10	2.44489e-10	4.42927e-05
20.8092	-5.2704e-08	-0.00361524	-4.6494e-12	1.81789e-10	-3.44624e-10	4.56308e-05
20.8093	-5.27033e-08	-0.00361524	-4.64937e-12	1.87602e-10	1.89801e-10	4.70584e-05
20.8093	-5.27023e-08	-0.00361524	-4.64935e-12	1.93459e-10	-4.13182e-10	4.85451e-05
20.8093	-5.27018e-08	-0.00361524	-4.64932e-12	1.99172e-10	-2.54194e-11	5.00192e-05
20.8093	-5.27014e-08	-0.00361524	-4.6493e-12	2.0474e-10	5.71683e-10	5.14565e-05
20.8094	-5.27001e-08	-0.00361524	-4.64927e-12	2.1031e-10	3.89936e-10	5.28754e-05
20.8094	-5.26984e-08	-0.00361524	-4.64923e-12	2.15963e-10	1.16878e-10	5.43053e-05
20.8094	-5.26964e-08	-0.00361524	-4.6492e-12	2.22107e-10	-2.24987e-10	5.58082e-05
20.8094	-5.26947e-08	-0.00361524	-4.64916e-12	2.28553e-10	-2.88487e-10	5.74122e-05
20.8095	-5.26933e-08	-0.00361524	-4.64913e-12	2.34683e-10	-3.45818e-10	5.90144e-05
20.8095	-5.26924e-08	-0.00361524	-4.6491e-12	2.40665e-10	3.29981e-10	6.05576e-05
20.8095	-5.2691e-08	-0.00361524	-4.64906e-12	2.46558e-10	3.7637e-10	6.20705e-05
20.8096	-5.2689e-08	-0.00361524	-4.64902e-12	2.52742e-10	-3.23287e-10	6.36091e-05
20.8096	-5.26874e-08	-0.00361524	-4.64898e-12	2.5938e-10	-3.85701e-10	6.52427e-05
20.8096	-5.26865e-08	-0.00361524	-4.64895e-12	2.65756e-10	-1.00071e-10	6.69008e-05
20.8097	-5.26856e-08	-0.00361524	-4.64892e-12	2.71945e-10	2.69268e-10	6.85016e-05
20.8097	-5.26843e-08	-0.00361524	-4.64888e-12	2.78046e-10	-6.95914e-11	7.00674e-05
20.8097	-5.26831e-08	-0.00361524	-4.64884e-12	2.84522e-10	-2.29062e-10	7.16698e-05
20.8098	-5.26823e-08	-0.00361524	-4.64881e-12	2.91111e-10	-4.16976e-10	7.33344e-05
20.8098	-5.26822e-08	-0.00361524	-4.64878e-12	2.97421e-10	-1.14418e-10	7.49778e-05
20.8098	-5.26824e-08	-0.00361525	-4.64875e-12	3.03617e-10	4.18856e-10	7.65712e-05
20.8099	-5.26817e-08	-0.00361525	-4.64871e-12	3.09964e-10	-1.00598e-10	7.81694e-05
20.8099	-5.26813e-08	-0.00361525	-4.64868e-12	3.16523e-10	1.84444e-11	7.98136e-05
20.81	-5.26807e-08	-0.00361525	-4.64864e-12	3.22793e-10	9.68827e-12	8.14481e-05
20.81	-5.26802e-08	-0.00361525	-4.64861e-12	3.2897e-10	1.34886e-10	8.3034e-05
20.81	-5.26793e-08	-0.00361525	-4.64857e-12	3.35274e-10	-2.2526e-10	8.46242e-05
20.8101	-5.2679e-08	-0.00361525	-4.64853e-12	3.41635e-10	-1.31141e-11	8.62379e-05
20.8101	-5.26786e-08	-0.00361525	-4.64849e-12	3.47763e-10	1.81455e-11	8.78292e-05
20.8102	-5.26782e-08	-0.00361525	-4.64846e-12	3.53833e-10	1.30344e-10	8.93833e-05
20.8102	-5.26775e-08	-0.00361525	-4.64842e-12	3.60033e-10	1.18346e-11	9.09466e-05
20.8103	-5.26767e-08	-0.00361525	-4.64837e-12	3.66089e-10	-1.26237e-10	9.25081e-05
20.8103	-5.26763e-08	-0.00361525	-4.64833e-12	3.71999e-10	-1.6047e-10	9.40327e-05
20.8104	-5.26762e-08	-0.00361525	-4.64829e-12	3.77937e-10	4.794e-11	9.55423e-05
20.8104	-5.2676e-08	-0.00361525	-4.64826e-12	3.83834e-10	1.48765e-10	9.70502e-05
20.8105	-5.26754e-08	-0.00361526	-4.64821e-12	3.89562e-10	-4.35671e-11	9.85314e-05
20.8105	-5.26749e-08	-0.00361526	-4.64817e-12	3.95245e-10	1.15328e-11	9.99854e-05
20.8106	-5.26744e-08	-0.00361526	-4.64813e-12	4.00898e-10	-1.10672e-10	0.00010143
20.8106	-5.26742e-08	-0.00361526	-4.64808e-12	4.06396e-10	2.54251e-11	0.000102851
20.8107	-5.26739e-08	-0.00361526	-4.64804e-12	4.11815e-10	-1.01714e-12	0.000104242
20.8107	-5.26736e-08	-0.00361526	-4.648e-12	4.17185e-10	3.55889e-12	0.000105616
20.8108	-5.26732e-08	-0.00361526	-4.64795e-12	4.22397e-10	4.1521e-11	0.000106965
20.8108	-5.26728e-08	-0.00361526	-4.64791e-12	4.27538e-10	1.98362e-11	0.000108284
20.8109	-5.26723e-08	-0.00361526	-4.64786e-12	4.32583e-10	-5.85183e-11	0.000109582
20.8109	-5.2672e-08	-0.00361526	-4.64781e-12	4.37479e-10	-1.20062e-12	0.000110848
20.811	-5.26716e-08	-0.00361526	-4.64777e-12	4.42305e-10	-1.68208e-11	0.000112087
20.811	-5.26713e-08	-0.00361526	-4.64772e-12	4.47003e-10	4.23089e-11	0.000113301
20.8111	-5.26709e-08	-0.00361526	-4.64767e-12	4.51548e-10	-8.0029e-11	0.000114478
20.8112	-5.26707e-08	-0.00361527	-4.64763e-12	4.56036e-10	7.94614e-11	0.000115629
20.8112	-5.26703e-08	-0.00361527	-4.64758e-12	4.60352e-10	6.65925e-11	0.000116751
20.8113	-5.26697e-08	-0.00361527	-4.64753e-12	4.64534e-10	4.62163e-11	0.000117834
20.8113	-5.26689e-08	-0.00361527	-4.64747e-12	4.68657e-10	-1.28791e-10	0.000118892
20.8114	-5.26685e-08	-0.00361527	-4.64742e-12	4.72573e-10	-8.55184e-11	0.000119916
20.8114	-5.26684e-08	-0.00361527	-4.64738e-12	4.76375e-10	-1.50214e-11	0.0001209
20.8115	-5.26683e-08	-0.00361527	-4.64733e-12	4.80112e-10	-9.72279e-12	0.00012186
20.8116	-5.26682e-08	-0.00361527	-4.64728e-12	4.836e-10	1.63027e-10	0.000122781
20.8116	-5.26677e-08	-0.00361527	-4.64723e-12	4.87015e-10	9.92295e-11	0.00012366
20.8117	-5.26668e-08	-0.00361527	-4.64717e-12	4.90338e-10	-1.33798e-10	0.000124519
20.8118	-5.26663e-08	-0.00361527	-4.64712e-12	4.93397e-10	-7.35532e-11	0.000125332
20.8118	-5.26661e-08	-0.00361528	-4.64707e-12	4.96423e-10	-7.65765e-11	0.000126108
20.8119	-5.26661e-08	-0.00361528	-4.64702e-12	4.99313e-10	7.14374e-11	0.000126861
20.8119	-5.26658e-08	-0.00361528	-4.64696e-12	5.01941e-10	4.25546e-11	0.000127565
20.812	-5.26655e-08	-0.00361528	-4.64691e-12	5.04574e-10	3.63061e-11	0.000128235
20.8121	-5.2665e-08	-0.00361528	-4.64686e-12	5.06994e-10	5.6878e-11	0.000128879
20.8121	-5.26643e-08	-0.00361528	-4.6468e-12	5.09206e-10	7.71504e-12	0.000129469
20.8122	-5.26636e-08	-0.00361528	-4.64675e-12	5.11433e-10	-5.71747e-11	0.000130035
20.8123	-5.26631e-08	-0.00361528	-4.64669e-12	5.13364e-10	-2.37033e-11	0.000130564
20.8123	-5.26627e-08	-0.00361528	-4.64664e-12	5.15174e-10	-4.59011e-11	0.000131041
20.8124	-5.26624e-08	-0.00361528	-4.64658e-12	5.16977e-10	3.25615e-11	0.000131501
20.8125	-5.2662e-08	-0.00361529	-4.64653e-12	5.18414e-10	-5.35645e-11	0.000131914
20.8125	-5.26618e-08	-0.00361529	-4.64647e-12	5.19833e-10	5.92956e-11	0.000132278
20.8126	-5.26614e-08	-0.00361529	-4.64642e-12	5.21177e-10	-2.12871e-11	0.00013263
20.8127	-5.2661e-08	-0.00361529	-4.64636e-12	5.22143e-10	3.85209e-11	0.000132925
20.8127	-5.26606e-08	-0.00361529	-4.64631e-12	5.23166e-10	1.29763e-11	0.000133178
20.8128	-5.266e-08	-0.00361529	-4.64625e-12	5.24018e-10	2.81313e-13	0.000133417
20.8129	-5.26595e-08	-0.00361529	-4.6462e-12	5.24532e-10	-9.11377e-11	0.000133591
20.8129	-5.26593e-08	-0.00361529	-4.64614e-12	5.25149e-10	3.33171e-11	0.000133735
20.813	-5.2659e-08	-0.00361529	-4.64609e-12	5.25489e-10	-2.45465e-11	0.000133857
20.8131	-5.26587e-08	-0.00361529	-4.64603e-12	5.25568e-10	9.21572e-11	0.000133911
20.8131	-5.26582e-08	-0.0036153	-4.64597e-12	5.25756e-10	-1.69177e-12	0.000133945
20.8132	-5.26576e-08	-0.0036153	-4.64592e-12	5.25563e-10	3.02704e-11	0.000133944
20.8133	-5.2657e-08	-0.0036153	-4.64586e-12	5.25199e-10	-3.21697e-11	0.000133873
20.8133	-5.26564e-08	-0.0036153	-4.6458e-12	5.24934e-10	-5.08748e-14	0.000133793
20.8134	-5.26559e-08	-0.0036153	-4.64575e-12	5.24195e-10	-3.04701e-11	0.000133665
20.8135	-5.26554e-08	-0.0036153	-4.64569e-12	5.23371e-10	-8.05465e-11	0.000133466
20.8135	-5.26553e-08	-0.0036153	-4.64564e-12	5.22622e-10	7.87522e-12	0.000133265
20.8136	-5.26551e-08	-0.0036153	-4.64558e-12	5.2133e-10	8.56736e-11	0.000133005
20.8137	-5.26546e-08	-0.0036153	-4.64553e-12	5.19999e-10	-1.35995e-11	0.000132671
20.8137	-5.26542e-08	-0.0036153	-4.64547e-12	5.18738e-10	2.75356e-11	0.000132341
20.8138	-5.26536e-08	-0.00361531	-4.64542e-12	5.16867e-10	3.00852e-11	0.000131942
20.8139	-5.2653e-08	-0.00361531	-4.64536e-12	5.14967e-10	-2.86332e-12	0.000131461
20.8139	-5.26524e-08	-0.00361531	-4.64531e-12	5.13156e-10	1.65555e-11	0.000130988
20.814	-5.26517e-08	-0.00361531	-4.64525e-12	5.10687e-10	-6.39794e-11	0.000130443
20.8141	-5.26513e-08	-0.00361531	-4.6452e-12	5.08121e-10	-9.60454e-11	0.000129801
20.8141	-5.26512e-08	-0.00361531	-4.64514e-12	5.05707e-10	4.93539e-11	0.000129167
20.8142	-5.26509e-08	-0.00361531	-4.64509e-12	5.0264e-10	8.73509e-11	0.000128468
20.8143	-5.26503e-08	-0.00361531	-4.64504e-12	4.99273e-10	7.45173e-11	0.000127649
20.8143	-5.26495e-08	-0.00361531	-4.64498e-12	4.96151e-10	7.5619e-12	0.000126822
20.8144	-5.26487e-08	-0.00361531	-4.64493e-12	4.92546e-10	-4.49472e-11	0.000125965
20.8144	-5.2648e-08	-0.00361532	-4.64487e-12	4.88225e-10	-4.81053e-11	0.000124955
20.8145	-5.26475e-08	-0.00361532	-4.64482e-12	4.84215e-10	-1.2522e-10	0.000123893
20.8146	-5.26473e-08	-0.00361532	-4.64477e-12	4.80085e-10	-1.04602e-10	0.000122856
20.8146	-5.26475e-08	-0.00361532	-4.64472e-12	4.74865e-10	3.6077e-11	0.000121665
20.8147	-5.26476e-08	-0.00361532	-4.64468e-12	4.69653e-10	4.83802e-11	0.000120335
20.8147	-5.26475e-08	-0.00361532	-4.64463e-12	4.64687e-10	2.61122e-10	0.000119038
20.8148	-5.26467e-08	-0.00361532	-4.64458e-12	4.59128e-10	2.98549e-10	0.000117697
20.8149	-5.2645e-08	-0.00361532	-4.64452e-12	4.52488e-10	2.98097e-10	0.000116143
20.8149	-5.26424e-08	-0.00361532	-4.64446e-12	4.4617e-10	3.66324e-11	0.000114492
20.815	-5.26398e-08	-0.00361532	-4.64439e-12	4.40012e-10	-3.67625e-10	0.000112902
20.815	-5.26383e-08	-0.00361532	-4.64434e-12	4.33106e-10	-5.63737e-10	0.000111238
20.8151	-5.26383e-08	-0.00361532	-4.6443e-12	4.25094e-10	-3.93831e-10	0.000109337
20.8151	-5.26394e-08	-0.00361533	-4.64426e-12	4.17417e-10	-1.74852e-10	0.000107338
20.8152	-5.2641e-08	-0.00361533	-4.64423e-12	4.10009e-10	-1.45919e-10	0.000105416
20.8153	-5.26429e-08	-0.00361533	-4.6442e-12	4.02272e-10	1.40475e-10	0.000103486
20.8153	-5.26444e-08	-0.00361533	-4.64417e-12	3.93248e-10	4.79645e-10	0.00010135
20.8154	-5.26447e-08	-0.00361533	-4.64413e-12	3.84169e-10	5.96042e-10	9.90438e-05
20.8154	-5.26435e-08	-0.00361533	-4.64409e-12	3.75587e-10	5.84724e-10	9.67936e-05
20.8154	-5.26409e-08	-0.00361533	-4.64403e-12	3.67271e-10	5.57226e-10	9.46406e-05
20.8155	-5.26371e-08	-0.00361533	-4.64397e-12	3.5876e-10	4.65459e-10	9.24966e-05
20.8155	-5.26323e-08	-0.00361533	-4.6439e-12	3.49303e-10	2.19629e-10	9.02072e-05
20.8156	-5.26272e-08	-0.00361533	-4.64383e-12	3.3983e-10	-1.22697e-10	8.77953e-05
20.8156	-5.26224e-08	-0.00361533	-4.64377e-12	3.31045e-10	-5.6276e-10	8.54691e-05
20.8157	-5.2619e-08	-0.00361533	-4.64371e-12	3.229e-10	-1.07855e-09	8.3312e-05
20.8157	-5.26178e-08	-0.00361533	-4.64367e-12	3.15285e-10	-1.44e-09	8.13041e-05
20.8158	-5.26196e-08	-0.00361533	-4.64365e-12	3.07847e-10	-1.23856e-09	7.93863e-05
20.8158	-5.26238e-08	-0.00361533	-4.64365e-12	3.00146e-10	-4.99107e-10	7.74574e-05
20.8158	-5.26288e-08	-0.00361534	-4.64365e-12	2.92538e-10	-2.05102e-10	7.55069e-05
20.8159	-5.26341e-08	-0.00361534	-4.64366e-12	2.85786e-10	4.29767e-10	7.36774e-05
20.8159	-5.26385e-08	-0.00361534	-4.64366e-12	2.79941e-10	5.68407e-10	7.20724e-05
20.8159	-5.26418e-08	-0.00361534	-4.64365e-12	2.74932e-10	6.60222e-10	7.06895e-05
20.816	-5.26438e-08	-0.00361534	-4.64364e-12	2.70684e-10	4.63371e-10	6.951e-05
20.816	-5.2645e-08	-0.00361534	-4.64362e-12	2.67082e-10	6.30386e-10	6.85099e-05
20.816	-5.26452e-08	-0.00361534	-4.64359e-12	2.64011e-10	8.62426e-10	6.76598e-05
20.8161	-5.26439e-08	-0.00361534	-4.64356e-12	2.61281e-10	8.17001e-10	6.69207e-05
20.8161	-5.26412e-08	-0.00361534	-4.64351e-12	2.5913e-10	4.90998e-10	6.62988e-05
20.8161	-5.26377e-08	-0.00361534	-4.64347e-12	2.57982e-10	8.00358e-10	6.58785e-05
20.8162	-5.2633e-08	-0.00361534	-4.64341e-12	2.57757e-10	4.95179e-10	6.57035e-05
20.8162	-5.26274e-08	-0.00361534	-4.64335e-12	2.58412e-10	-8.85273e-11	6.57584e-05
20.8162	-5.2622e-08	-0.00361534	-4.64329e-12	2.59923e-10	-3.41102e-10	6.60343e-05
20.8163	-5.26171e-08	-0.00361534	-4.64323e-12	2.62237e-10	-3.47959e-10	6.65216e-05
20.8163	-5.26128e-08	-0.00361534	-4.64317e-12	2.6533e-10	-3.03654e-10	6.72106e-05
20.8163	-5.26089e-08	-0.00361534	-4.64312e-12	2.69161e-10	-1.07013e-10	6.80927e-05
20.8164	-5.26051e-08	-0.00361534	-4.64307e-12	2.73712e-10	-2.65145e-10	6.91606e-05
20.8164	-5.26017e-08	-0.00361534	-4.64302e-12	2.78944e-10	-7.85087e-10	7.0407e-05
20.8164	-5.25997e-08	-0.00361534	-4.64298e-12	2.84866e-10	-1.90096e-10	7.18281e-05
20.8165	-5.25979e-08	-0.00361535	-4.64294e-12	2.93351e-10	-6.09002e-10	7.36636e-05
20.8165	-5.25973e-08	-0.00361535	-4.64291e-12	3.05764e-10	-1.44288e-10	7.63261e-05
20.8166	-5.25969e-08	-0.00361535	-4.64288e-12	3.20604e-10	-1.44869e-10	7.97984e-05
20.8166	-5.25968e-08	-0.00361535	-4.64284e-12	3.37698e-10	-1.87553e-10	8.38672e-05
20.8166	-5.25971e-08	-0.00361535	-4.64281e-12	3.57102e-10	5.79635e-11	8.85174e-05
20.8167	-5.25972e-08	-0.00361535	-4.64278e-12	3.79099e-10	2.47426e-11	9.37923e-05
20.8167	-5.25973e-08	-0.00361535	-4.64274e-12	4.03974e-10	1.2622e-10	9.97645e-05
20.8168	-5.25971e-08	-0.00361535	-4.6427e-12	4.32263e-10	-1.63209e-10	0.000106538
20.8168	-5.25973e-08	-0.00361535	-4.64266e-12	4.64529e-10	1.63619e-10	0.000114254
20.8169	-5.25971e-08	-0.00361535	-4.64261e-12	5.01821e-10	1.5079e-11	0.000123117
20.817	-5.25968e-08	-0.00361535	-4.64256e-12	5.45428e-10	3.97719e-11	0.000133425
20.817	-5.25963e-08	-0.00361535	-4.6425e-12	5.97816e-10	5.38077e-11	0.000145657
20.8171	-5.25956e-08	-0.00361535	-4.64244e-12	6.63588e-10	1.2119e-10	0.000160714
20.8172	-5.25943e-08	-0.00361536	-4.64236e-12	7.57803e-10	1.91398e-10	0.000181102
20.8173	-5.25919e-08	-0.00361536	-4.64227e-12	8.87397e-10	1.60994e-10	0.000209624
20.8174	-5.25881e-08	-0.00361536	-4.64216e-12	1.06734e-09	7.72009e-11	0.000249073
20.8175	-5.25831e-08	-0.00361536	-4.64202e-12	1.33641e-09	3.34769e-12	0.000306305
20.8177	-5.25768e-08	-0.00361536	-4.64185e-12	1.79632e-09	-2.21458e-11	0.000399237
20.8179	-5.25685e-08	-0.00361537	-4.64162e-12	2.79031e-09	1.38772e-11	0.000584643
20.8183	-5.25554e-08	-0.00361537	-4.64127e-12	5.92931e-09	4.4464e-11	0.00111218
20.8191	-5.25259e-08	-0.00361538	-4.6405e-12	4.79539e-08	-7.62997e-11	0.00694176
20.8252	-5.23084e-08	-0.00361547	-4.63466e-12	-0.0560194	-7.66495e-10	59.9904
-39.1905	5.26013e-08	-0.0133497	4.53591e-12	-0.0960471	2.84245e-11	119.985
