14.2226	-1.66097e-09	-0.00361238	-1.47145e-13	0.04	-2.29226e-08	60.0034
14.2228	-1.91088e-09	-0.00361239	-1.51478e-13	1.15094e-10	2.46368e-07	0.000232854
14.2228	-1.74531e-09	-0.00361239	-1.48603e-13	5.79159e-11	2.68475e-07	2.28091e-05
14.2228	-1.5488e-09	-0.00361239	-1.45192e-13	4.90491e-11	-6.13968e-08	1.40576e-05
14.2228	-1.41818e-09	-0.00361239	-1.42925e-13	4.60274e-11	-2.11613e-07	1.14938e-05
14.2228	-1.35879e-09	-0.00361239	-1.41895e-13	4.19069e-11	-1.52556e-07	1.06257e-05
14.2229	-1.34154e-09	-0.00361239	-1.41595e-13	4.051e-11	-3.26325e-08	1.03501e-05
14.2229	-1.33286e-09	-0.00361239	-1.41445e-13	4.06595e-11	2.57938e-08	1.03374e-05
14.2229	-1.31742e-09	-0.00361239	-1.41177e-13	4.12815e-11	2.26365e-08	1.04563e-05
14.2229	-1.29578e-09	-0.00361239	-1.40802e-13	4.2228e-11	-2.93127e-09	1.0647e-05
14.2229	-1.27448e-09	-0.00361239	-1.40432e-13	4.32615e-11	-2.19684e-08	1.08794e-05
14.2229	-1.25873e-09	-0.00361239	-1.40159e-13	4.43165e-11	-3.16501e-08	1.11387e-05
14.2229	-1.25151e-09	-0.00361239	-1.40035e-13	4.53877e-11	-1.75356e-08	1.14172e-05
14.2229	-1.24918e-09	-0.00361239	-1.39994e-13	4.65516e-11	-2.50724e-08	1.1711e-05
14.2229	-1.25423e-09	-0.00361239	-1.40082e-13	4.77657e-11	-1.59323e-08	1.20183e-05
14.2229	-1.26425e-09	-0.00361239	-1.40256e-13	4.90351e-11	-1.65054e-08	1.23383e-05
14.2229	-1.27971e-09	-0.00361239	-1.40525e-13	5.03469e-11	-1.73036e-08	1.2671e-05
14.2229	-1.30113e-09	-0.00361239	-1.40896e-13	5.16921e-11	-2.27558e-08	1.30165e-05
14.2229	-1.33065e-09	-0.00361239	-1.41409e-13	5.31789e-11	-7.34576e-09	1.33752e-05
14.2229	-1.36348e-09	-0.00361239	-1.41978e-13	5.46243e-11	-1.51209e-08	1.37475e-05
14.2229	-1.4025e-09	-0.00361239	-1.42655e-13	5.61739e-11	-1.21426e-08	1.41338e-05
14.2229	-1.44696e-09	-0.00361239	-1.43426e-13	5.78327e-11	-2.41565e-09	1.45344e-05
14.2229	-1.49358e-09	-0.00361239	-1.44234e-13	5.95642e-11	9.81495e-09	1.49496e-05
14.223	-1.53782e-09	-0.00361239	-1.45001e-13	6.12153e-11	-1.92198e-09	1.538e-05
14.223	-1.58408e-09	-0.00361239	-1.45803e-13	6.3148e-11	2.38575e-08	1.58279e-05
14.223	-1.62213e-09	-0.00361239	-1.46462e-13	6.49235e-11	6.68197e-09	1.6295e-05
14.223	-1.65854e-09	-0.00361239	-1.47093e-13	6.69476e-11	2.93841e-08	1.67815e-05
14.223	-1.68354e-09	-0.00361239	-1.47526e-13	6.89256e-11	2.61209e-08	1.72877e-05
14.223	-1.69784e-09	-0.00361239	-1.47774e-13	7.0997e-11	2.979e-08	1.78139e-05
14.223	-1.6991e-09	-0.00361239	-1.47795e-13	7.31551e-11	2.08217e-08	1.83613e-05
14.223	-1.69071e-09	-0.00361239	-1.4765e-13	7.5416e-11	2.44518e-08	1.89323e-05
14.223	-1.67029e-09	-0.00361239	-1.47296e-13	7.78136e-11	1.32189e-08	1.95289e-05
14.223	-1.64268e-09	-0.00361239	-1.46817e-13	8.03121e-11	7.34898e-09	2.01507e-05
14.223	-1.61042e-09	-0.00361239	-1.46258e-13	8.29411e-11	-7.36154e-09	2.0797e-05
14.2231	-1.58102e-09	-0.00361239	-1.45749e-13	8.56292e-11	-8.79739e-09	2.14687e-05
14.2231	-1.55545e-09	-0.00361239	-1.45306e-13	8.84531e-11	-1.79289e-08	2.21694e-05
14.2231	-1.53915e-09	-0.00361239	-1.45024e-13	9.13671e-11	-1.47041e-08	2.29012e-05
14.2231	-1.53086e-09	-0.00361239	-1.4488e-13	9.43955e-11	-1.33897e-08	2.36619e-05
14.2231	-1.53034e-09	-0.00361239	-1.44871e-13	9.75323e-11	-1.03921e-08	2.44496e-05
14.2231	-1.53627e-09	-0.00361239	-1.44973e-13	1.00802e-10	-3.64823e-09	2.52668e-05
14.2231	-1.54473e-09	-0.00361239	-1.4512e-13	1.04203e-10	-1.22027e-10	2.61163e-05
14.2231	-1.55356e-09	-0.00361239	-1.45273e-13	1.07703e-10	3.37972e-09	2.69949e-05
14.2232	-1.56037e-09	-0.00361239	-1.4539e-13	1.11287e-10	5.57901e-09	2.7897e-05
14.2232	-1.56345e-09	-0.00361239	-1.45444e-13	1.14971e-10	4.63015e-09	2.88232e-05
14.2232	-1.56324e-09	-0.00361239	-1.4544e-13	1.18731e-10	2.50225e-09	2.97718e-05
14.2232	-1.56114e-09	-0.00361239	-1.45403e-13	1.22507e-10	7.96471e-10	3.07319e-05
14.2232	-1.55834e-09	-0.00361239	-1.45355e-13	1.26256e-10	-4.05717e-10	3.16906e-05
14.2232	-1.55579e-09	-0.00361239	-1.45311e-13	1.29968e-10	-8.22436e-10	3.2641e-05
14.2232	-1.55384e-09	-0.00361239	-1.45277e-13	1.33957e-10	-5.00699e-10	3.36221e-05
14.2233	-1.55225e-09	-0.00361239	-1.45249e-13	1.38293e-10	-6.60328e-10	3.46827e-05
14.2233	-1.5512e-09	-0.00361239	-1.45231e-13	1.42934e-10	-3.42454e-10	3.58263e-05
14.2233	-1.55043e-09	-0.00361239	-1.45218e-13	1.47846e-10	-3.0453e-10	3.70434e-05
14.2233	-1.54991e-09	-0.00361239	-1.45209e-13	1.52999e-10	-7.45775e-11	3.83257e-05
14.2233	-1.54945e-09	-0.00361239	-1.452e-13	1.58431e-10	-6.42715e-11	3.96742e-05
14.2234	-1.54904e-09	-0.00361239	-1.45193e-13	1.64124e-10	1.28569e-10	4.10914e-05
14.2234	-1.54848e-09	-0.00361239	-1.45183e-13	1.7004e-10	3.64052e-11	4.25704e-05
14.2234	-1.54786e-09	-0.00361239	-1.45173e-13	1.76208e-10	-2.98116e-10	4.41099e-05
14.2234	-1.54755e-09	-0.00361239	-1.45167e-13	1.82599e-10	-1.62849e-10	4.571e-05
14.2234	-1.54742e-09	-0.00361239	-1.45165e-13	1.89151e-10	-1.93986e-10	4.7359e-05
14.2235	-1.54752e-09	-0.00361239	-1.45166e-13	1.95886e-10	-2.60805e-10	4.90517e-05
14.2235	-1.54795e-09	-0.00361239	-1.45174e-13	2.02741e-10	3.72236e-10	5.07831e-05
14.2235	-1.54791e-09	-0.00361239	-1.45173e-13	2.0965e-10	-1.41399e-10	5.25366e-05
14.2235	-1.54806e-09	-0.00361239	-1.45175e-13	2.16621e-10	-3.17365e-10	5.4305e-05
14.2236	-1.54865e-09	-0.00361239	-1.45185e-13	2.2355e-10	1.56453e-10	5.6076e-05
14.2236	-1.54904e-09	-0.00361239	-1.45192e-13	2.30372e-10	5.05682e-10	5.78279e-05
14.2236	-1.5487e-09	-0.00361239	-1.45186e-13	2.37681e-10	-1.68908e-10	5.96281e-05
14.2237	-1.54861e-09	-0.00361239	-1.45184e-13	2.45597e-10	-2.13009e-10	6.15678e-05
14.2237	-1.54884e-09	-0.00361239	-1.45188e-13	2.53728e-10	-2.04934e-10	6.36122e-05
14.2237	-1.54941e-09	-0.00361239	-1.45198e-13	2.61976e-10	9.70032e-11	6.56991e-05
14.2238	-1.54984e-09	-0.00361239	-1.45205e-13	2.70218e-10	5.05135e-11	6.78e-05
14.2238	-1.5502e-09	-0.00361239	-1.45211e-13	2.7851e-10	8.123e-11	6.99065e-05
14.2238	-1.55042e-09	-0.00361239	-1.45214e-13	2.86834e-10	1.30384e-10	7.20235e-05
14.2239	-1.55041e-09	-0.00361239	-1.45214e-13	2.95264e-10	8.31237e-11	7.41582e-05
14.2239	-1.55024e-09	-0.00361239	-1.45211e-13	3.04153e-10	-1.16945e-10	7.63647e-05
14.2239	-1.5503e-09	-0.00361239	-1.45212e-13	3.13733e-10	6.46291e-11	7.87177e-05
14.224	-1.55023e-09	-0.00361239	-1.4521e-13	3.23371e-10	-1.40597e-10	8.11664e-05
14.224	-1.55045e-09	-0.00361239	-1.45214e-13	3.32758e-10	-8.74117e-12	8.35903e-05
14.2241	-1.55069e-09	-0.00361239	-1.45217e-13	3.41885e-10	1.95055e-10	8.59491e-05
14.2241	-1.55051e-09	-0.0036124	-1.45214e-13	3.51003e-10	1.33484e-10	8.82738e-05
14.2242	-1.55003e-09	-0.0036124	-1.45206e-13	3.60244e-10	4.04528e-11	9.0613e-05
14.2242	-1.54944e-09	-0.0036124	-1.45195e-13	3.70289e-10	-7.65089e-11	9.30702e-05
14.2242	-1.54902e-09	-0.0036124	-1.45188e-13	3.80819e-10	-9.84998e-11	9.56917e-05
14.2243	-1.54883e-09	-0.0036124	-1.45184e-13	3.90805e-10	-1.18475e-10	9.83058e-05
14.2243	-1.54892e-09	-0.0036124	-1.45186e-13	4.00528e-10	1.13477e-10	0.000100817
14.2244	-1.54873e-09	-0.0036124	-1.45182e-13	4.10084e-10	1.29814e-10	0.000103273
14.2245	-1.54819e-09	-0.0036124	-1.45173e-13	4.20105e-10	-1.10901e-10	0.000105768
14.2245	-1.54794e-09	-0.0036124	-1.45168e-13	4.30862e-10	-1.32806e-10	0.000108415
14.2246	-1.54805e-09	-0.0036124	-1.4517e-13	4.41162e-10	-3.45449e-11	0.000111098
14.2246	-1.54825e-09	-0.0036124	-1.45173e-13	4.51131e-10	9.31653e-11	0.000113681
14.2247	-1.54819e-09	-0.0036124	-1.45171e-13	4.60935e-10	-2.39484e-11	0.0001162
14.2247	-1.54821e-09	-0.0036124	-1.45171e-13	4.71337e-10	-7.9391e-11	0.000118775
14.2248	-1.54846e-09	-0.0036124	-1.45175e-13	4.81905e-10	-1.45021e-10	0.000121447
14.2249	-1.54916e-09	-0.0036124	-1.45187e-13	4.91987e-10	-4.0239e-11	0.000124078
14.2249	-1.55e-09	-0.0036124	-1.45201e-13	5.0186e-10	1.45572e-10	0.000126621
14.225	-1.55039e-09	-0.0036124	-1.45207e-13	5.11957e-10	-3.52974e-11	0.000129165
14.225	-1.55091e-09	-0.0036124	-1.45215e-13	5.2238e-10	6.20519e-12	0.00013178
14.2251	-1.55141e-09	-0.0036124	-1.45224e-13	5.32302e-10	3.15932e-12	0.000134372
14.2252	-1.55192e-09	-0.0036124	-1.45232e-13	5.42046e-10	4.71227e-11	0.000136878
14.2252	-1.55227e-09	-0.0036124	-1.45237e-13	5.51975e-10	-7.93343e-11	0.000139385
14.2253	-1.55291e-09	-0.0036124	-1.45248e-13	5.61973e-10	-4.94836e-12	0.000141924
14.2254	-1.55357e-09	-0.0036124	-1.45259e-13	5.7156e-10	6.05814e-12	0.00014442
14.2255	-1.55423e-09	-0.0036124	-1.45269e-13	5.81027e-10	4.57548e-11	0.000146848
14.2255	-1.55472e-09	-0.0036124	-1.45277e-13	5.90681e-10	3.98203e-12	0.000149285
14.2256	-1.55522e-09	-0.00361241	-1.45285e-13	6.00073e-10	-4.50105e-11	0.000151712
14.2257	-1.55589e-09	-0.00361241	-1.45296e-13	6.092e-10	-5.74061e-11	0.000154071
14.2258	-1.55679e-09	-0.00361241	-1.4531e-13	6.18346e-10	1.6569e-11	0.0001564
14.2258	-1.55764e-09	-0.00361241	-1.45324e-13	6.27399e-10	5.26452e-11	0.000158719
14.2259	-1.55829e-09	-0.00361241	-1.45335e-13	6.3615e-10	-1.59023e-11	0.000160988
14.226	-1.55902e-09	-0.00361241	-1.45346e-13	6.448e-10	3.76567e-12	0.000163205
14.2261	-1.55974e-09	-0.00361241	-1.45358e-13	6.53376e-10	-4.01202e-11	0.0001654
14.2262	-1.56064e-09	-0.00361241	-1.45372e-13	6.61673e-10	8.6582e-12	0.00016755
14.2263	-1.56151e-09	-0.00361241	-1.45386e-13	6.69814e-10	-8.3902e-13	0.000169645
14.2263	-1.5624e-09	-0.00361241	-1.454e-13	6.7785e-10	8.066e-13	0.000171706
14.2264	-1.56329e-09	-0.00361241	-1.45415e-13	6.85605e-10	1.45622e-11	0.000173719
14.2265	-1.56413e-09	-0.00361241	-1.45428e-13	6.93217e-10	6.76513e-12	0.000175677
14.2266	-1.56495e-09	-0.00361241	-1.45441e-13	7.00651e-10	-2.17194e-11	0.000177594
14.2267	-1.56588e-09	-0.00361241	-1.45456e-13	7.07817e-10	-9.37042e-13	0.000179455
14.2268	-1.56682e-09	-0.00361241	-1.45471e-13	7.14847e-10	-6.65703e-12	0.000181264
14.2269	-1.5678e-09	-0.00361241	-1.45486e-13	7.21646e-10	1.49704e-11	0.000183026
14.227	-1.56872e-09	-0.00361241	-1.45501e-13	7.28173e-10	-2.98835e-11	0.000184724
14.2271	-1.56979e-09	-0.00361242	-1.45518e-13	7.34586e-10	2.86607e-11	0.000186373
14.2272	-1.57073e-09	-0.00361242	-1.45532e-13	7.407e-10	2.40797e-11	0.00018797
14.2272	-1.57157e-09	-0.00361242	-1.45545e-13	7.46576e-10	1.66844e-11	0.000189498
14.2273	-1.57233e-09	-0.00361242	-1.45557e-13	7.52335e-10	-4.81182e-11	0.000190981
14.2274	-1.57333e-09	-0.00361242	-1.45573e-13	7.57742e-10	-3.23285e-11	0.000192404
14.2275	-1.57449e-09	-0.00361242	-1.45591e-13	7.62946e-10	-6.25758e-12	0.000193756
14.2276	-1.57569e-09	-0.00361242	-1.4561e-13	7.68027e-10	-4.32016e-12	0.000195066
14.2277	-1.57693e-09	-0.00361242	-1.45629e-13	7.72688e-10	6.03508e-11	0.000196308
14.2278	-1.57787e-09	-0.00361242	-1.45644e-13	7.77217e-10	3.67767e-11	0.000197479
14.2279	-1.57863e-09	-0.00361242	-1.45656e-13	7.81581e-10	-5.07057e-11	0.000198612
14.228	-1.57965e-09	-0.00361242	-1.45671e-13	7.85506e-10	-2.82965e-11	0.000199669
14.2281	-1.58082e-09	-0.00361242	-1.45689e-13	7.89365e-10	-2.96229e-11	0.000200661
14.2282	-1.58215e-09	-0.00361242	-1.4571e-13	7.92991e-10	2.63277e-11	0.000201615
14.2283	-1.58334e-09	-0.00361242	-1.45729e-13	7.96186e-10	1.55139e-11	0.000202484
14.2284	-1.58446e-09	-0.00361242	-1.45746e-13	7.99377e-10	1.3233e-11	0.000203298
14.2285	-1.58552e-09	-0.00361242	-1.45762e-13	8.02216e-10	2.1183e-11	0.000204066
14.2286	-1.58648e-09	-0.00361243	-1.45777e-13	8.04714e-10	2.48107e-12	0.000204746
14.2287	-1.58742e-09	-0.00361243	-1.45791e-13	8.07227e-10	-2.24376e-11	0.000205385
14.2288	-1.58849e-09	-0.00361243	-1.45807e-13	8.09259e-10	-9.69004e-12	0.000205964
14.2289	-1.5896e-09	-0.00361243	-1.45824e-13	8.11094e-10	-1.83284e-11	0.000206457
14.229	-1.59082e-09	-0.00361243	-1.45842e-13	8.12908e-10	1.19395e-11	0.000206922
14.2291	-1.59197e-09	-0.00361243	-1.4586e-13	8.14138e-10	-2.14255e-11	0.00020731
14.2293	-1.59324e-09	-0.00361243	-1.45879e-13	8.15335e-10	2.23771e-11	0.000207619
14.2294	-1.59439e-09	-0.00361243	-1.45896e-13	8.16407e-10	-8.93143e-12	0.000207908
14.2295	-1.59559e-09	-0.00361243	-1.45914e-13	8.16882e-10	1.44218e-11	0.000208106
14.2296	-1.59672e-09	-0.00361243	-1.45931e-13	8.17441e-10	4.49482e-12	0.000208237
14.2297	-1.59782e-09	-0.00361243	-1.45948e-13	8.17731e-10	-4.68591e-13	0.000208346
14.2298	-1.59893e-09	-0.00361243	-1.45964e-13	8.17492e-10	-3.65438e-11	0.000208352
14.2299	-1.60022e-09	-0.00361243	-1.45984e-13	8.17411e-10	1.24529e-11	0.000208311
14.23	-1.60146e-09	-0.00361243	-1.46002e-13	8.16897e-10	-1.04154e-11	0.000208236
14.2301	-1.60274e-09	-0.00361243	-1.46021e-13	8.15979e-10	3.59396e-11	0.000208053
14.2302	-1.60384e-09	-0.00361243	-1.46037e-13	8.15232e-10	-1.24559e-12	0.000207841
14.2303	-1.60494e-09	-0.00361244	-1.46054e-13	8.13895e-10	1.15311e-11	0.000207575
14.2304	-1.60598e-09	-0.00361244	-1.46069e-13	8.12298e-10	-1.34253e-11	0.000207201
14.2305	-1.60709e-09	-0.00361244	-1.46085e-13	8.10858e-10	-5.99215e-13	0.000206814
14.2306	-1.6082e-09	-0.00361244	-1.46101e-13	8.0869e-10	-1.28614e-11	0.000206354
14.2307	-1.60937e-09	-0.00361244	-1.46118e-13	8.06398e-10	-3.31854e-11	0.000205786
14.2308	-1.61071e-09	-0.00361244	-1.46138e-13	8.04228e-10	2.43153e-12	0.000205217
14.2309	-1.61203e-09	-0.00361244	-1.46158e-13	8.0123e-10	3.40635e-11	0.000204559
14.231	-1.61318e-09	-0.00361244	-1.46174e-13	7.98181e-10	-6.14809e-12	0.000203788
14.2311	-1.61435e-09	-0.00361244	-1.46191e-13	7.9525e-10	1.06185e-11	0.000203026
14.2312	-1.61546e-09	-0.00361244	-1.46207e-13	7.91395e-10	1.17374e-11	0.000202161
14.2313	-1.61651e-09	-0.00361244	-1.46222e-13	7.87508e-10	-1.70891e-12	0.000201175
14.2314	-1.61756e-09	-0.00361244	-1.46237e-13	7.83769e-10	6.27814e-12	0.000200203
14.2315	-1.61858e-09	-0.00361244	-1.46252e-13	7.79038e-10	-2.69144e-11	0.000199123
14.2316	-1.61972e-09	-0.00361244	-1.46268e-13	7.74176e-10	-4.0352e-11	0.000197901
14.2317	-1.62106e-09	-0.00361244	-1.46288e-13	7.69562e-10	1.97109e-11	0.000196693
14.2318	-1.62229e-09	-0.00361244	-1.46305e-13	7.6397e-10	3.56478e-11	0.000195393
14.2319	-1.62334e-09	-0.00361245	-1.4632e-13	7.57941e-10	3.05307e-11	0.000193912
14.232	-1.62423e-09	-0.00361245	-1.46332e-13	7.52304e-10	2.74365e-12	0.000192425
14.2321	-1.6251e-09	-0.00361245	-1.46344e-13	7.45955e-10	-1.92362e-11	0.000190897
14.2322	-1.62606e-09	-0.00361245	-1.46358e-13	7.38543e-10	-2.06772e-11	0.000189144
14.2323	-1.6271e-09	-0.00361245	-1.46372e-13	7.31625e-10	-5.32691e-11	0.000187318
14.2324	-1.62839e-09	-0.00361245	-1.46391e-13	7.2455e-10	-4.48841e-11	0.000185535
14.2325	-1.62987e-09	-0.00361245	-1.46412e-13	7.15855e-10	1.43759e-11	0.000183525
14.2326	-1.63126e-09	-0.00361245	-1.46432e-13	7.07201e-10	1.96926e-11	0.000181314
14.2327	-1.63255e-09	-0.00361245	-1.46451e-13	6.98942e-10	1.10254e-10	0.000179159
14.2327	-1.63333e-09	-0.00361245	-1.46461e-13	6.89821e-10	1.26855e-10	0.000176944
14.2328	-1.63355e-09	-0.00361245	-1.46463e-13	6.79108e-10	1.27396e-10	0.000174416
14.2329	-1.63321e-09	-0.00361245	-1.46456e-13	6.68909e-10	1.62128e-11	0.000171751
14.233	-1.63281e-09	-0.00361245	-1.46448e-13	6.58981e-10	-1.57104e-10	0.000169187
14.2331	-1.63307e-09	-0.00361245	-1.4645e-13	6.47966e-10	-2.42279e-10	0.000166518
14.2332	-1.63433e-09	-0.00361245	-1.46468e-13	6.3533e-10	-1.70394e-10	0.000163504
14.2333	-1.63625e-09	-0.00361245	-1.46497e-13	6.23232e-10	-7.67512e-11	0.000160352
14.2333	-1.63844e-09	-0.00361245	-1.46529e-13	6.1157e-10	-6.4607e-11	0.000157324
14.2334	-1.64084e-09	-0.00361245	-1.46565e-13	5.99453e-10	5.92299e-11	0.000154294
14.2335	-1.64297e-09	-0.00361245	-1.46597e-13	5.85452e-10	2.06865e-10	0.000150966
14.2336	-1.64428e-09	-0.00361245	-1.46615e-13	5.71409e-10	2.58557e-10	0.000147393
14.2336	-1.64461e-09	-0.00361246	-1.46619e-13	5.58141e-10	2.54875e-10	0.000143912
14.2337	-1.64403e-09	-0.00361246	-1.46608e-13	5.45303e-10	2.44052e-10	0.000140586
14.2338	-1.64262e-09	-0.00361246	-1.46585e-13	5.32209e-10	2.04993e-10	0.000137282
14.2338	-1.64054e-09	-0.00361246	-1.46551e-13	5.17745e-10	9.81188e-11	0.00013377
14.2339	-1.6382e-09	-0.00361246	-1.46513e-13	5.03294e-10	-5.18087e-11	0.000130086
14.234	-1.63609e-09	-0.00361246	-1.46479e-13	4.89894e-10	-2.45611e-10	0.000126537
14.234	-1.6348e-09	-0.00361246	-1.46458e-13	4.77472e-10	-4.73859e-10	0.000123247
14.2341	-1.63499e-09	-0.00361246	-1.4646e-13	4.65861e-10	-6.35241e-10	0.000120184
14.2342	-1.63705e-09	-0.00361246	-1.46491e-13	4.54536e-10	-5.4871e-10	0.000117262
14.2342	-1.64066e-09	-0.00361246	-1.46545e-13	4.42848e-10	-2.23537e-10	0.00011433
14.2343	-1.6448e-09	-0.00361246	-1.46608e-13	4.31321e-10	-9.3997e-11	0.000111371
14.2343	-1.6491e-09	-0.00361246	-1.46673e-13	4.21078e-10	1.87491e-10	0.000108598
14.2344	-1.65278e-09	-0.00361246	-1.46728e-13	4.12191e-10	2.49843e-10	0.00010616
14.2344	-1.65574e-09	-0.00361246	-1.46773e-13	4.0455e-10	2.91624e-10	0.000104054
14.2345	-1.65789e-09	-0.00361246	-1.46804e-13	3.98043e-10	2.04939e-10	0.000102252
14.2345	-1.65948e-09	-0.00361246	-1.46828e-13	3.92498e-10	2.80175e-10	0.000100716
14.2346	-1.66035e-09	-0.00361246	-1.4684e-13	3.87742e-10	3.8479e-10	9.94036e-05
14.2346	-1.66026e-09	-0.00361246	-1.46837e-13	3.83495e-10	3.65736e-10	9.82564e-05
14.2347	-1.65928e-09	-0.00361246	-1.46821e-13	3.80105e-10	2.20889e-10	9.72833e-05
14.2347	-1.65777e-09	-0.00361246	-1.46797e-13	3.7819e-10	3.60344e-10	9.66074e-05
14.2348	-1.6554e-09	-0.00361246	-1.46759e-13	3.77631e-10	2.24447e-10	9.62922e-05
14.2348	-1.6525e-09	-0.00361246	-1.46713e-13	3.78361e-10	-3.73014e-11	9.6314e-05
14.2349	-1.64968e-09	-0.00361246	-1.46669e-13	3.8034e-10	-1.51132e-10	9.66592e-05
14.2349	-1.64721e-09	-0.00361246	-1.4663e-13	3.83491e-10	-1.54704e-10	9.73129e-05
14.235	-1.6451e-09	-0.00361246	-1.46597e-13	3.87773e-10	-1.35193e-10	9.82599e-05
14.235	-1.6433e-09	-0.00361246	-1.46568e-13	3.93125e-10	-4.6741e-11	9.94874e-05
14.2351	-1.64159e-09	-0.00361246	-1.46541e-13	3.99516e-10	-1.18449e-10	0.000100984
14.2351	-1.64015e-09	-0.00361246	-1.46518e-13	4.06889e-10	-3.54484e-10	0.000102737
14.2352	-1.63961e-09	-0.00361246	-1.46508e-13	4.15251e-10	-8.56612e-11	0.000104742
14.2352	-1.63928e-09	-0.00361246	-1.46502e-13	4.27329e-10	-2.76354e-10	0.000107347
14.2353	-1.63969e-09	-0.00361246	-1.46507e-13	4.45097e-10	-6.58387e-11	0.000111149
14.2353	-1.64031e-09	-0.00361246	-1.46516e-13	4.66356e-10	-6.63669e-11	0.000116122
14.2354	-1.64116e-09	-0.00361246	-1.46527e-13	4.90841e-10	-8.61477e-11	0.000121951
14.2355	-1.64232e-09	-0.00361246	-1.46544e-13	5.1862e-10	2.57621e-11	0.00012861
14.2355	-1.64346e-09	-0.00361247	-1.46559e-13	5.5009e-10	1.06146e-11	0.00013616
14.2356	-1.64463e-09	-0.00361247	-1.46576e-13	5.85647e-10	5.72184e-11	0.000144701
14.2357	-1.64566e-09	-0.00361247	-1.4659e-13	6.26041e-10	-7.57083e-11	0.000154379
14.2358	-1.64707e-09	-0.00361247	-1.46609e-13	6.72064e-10	7.45508e-11	0.000165391
14.2358	-1.64826e-09	-0.00361247	-1.46626e-13	7.25193e-10	6.26468e-12	0.000178026
14.2359	-1.64952e-09	-0.00361247	-1.46642e-13	7.87241e-10	1.76958e-11	0.000192704
14.236	-1.65079e-09	-0.00361247	-1.46659e-13	8.61698e-10	2.42828e-11	0.0002101
14.2361	-1.65206e-09	-0.00361247	-1.46676e-13	9.55089e-10	5.58245e-11	0.000231492
14.2363	-1.65312e-09	-0.00361247	-1.46689e-13	1.08887e-09	8.9095e-11	0.000260445
14.2364	-1.65371e-09	-0.00361247	-1.46695e-13	1.27262e-09	7.56572e-11	0.000300918
14.2366	-1.65378e-09	-0.00361247	-1.46692e-13	1.52716e-09	3.70127e-11	0.000356788
14.2368	-1.65351e-09	-0.00361247	-1.46683e-13	1.90677e-09	2.6004e-12	0.000437637
14.237	-1.65315e-09	-0.00361247	-1.46672e-13	2.55352e-09	-9.26273e-12	0.000568519
14.2373	-1.65281e-09	-0.00361247	-1.46659e-13	3.94508e-09	8.5566e-12	0.000828565
14.2378	-1.65207e-09	-0.00361248	-1.46637e-13	8.29656e-09	2.5904e-11	0.00156219
14.2389	-1.64913e-09	-0.00361248	-1.46569e-13	6.2912e-08	-1.38193e-11	0.00920615
14.247	-1.63221e-09	-0.00361252	-1.46156e-13	-0.0560092	-4.34923e-11	59.9869
-45.7742	1.60587e-09	-0.0133463	1.49762e-13	-0.0960429	8.82923e-13	119.982
