51.8224	-4.5495e-12	-0.00358965	-5.5407e-16	0.04	-2.74979e-10	60.002
51.8242	-2.93852e-11	-0.00358977	-2.19907e-15	9.55808e-10	2.97052e-09	0.00192815
51.8243	-1.29709e-11	-0.00358978	-1.11166e-15	5.14954e-10	3.25616e-09	0.000187397
51.8244	6.55301e-12	-0.00358978	1.81046e-16	3.90925e-10	-7.34556e-10	0.000115412
51.8244	1.95448e-11	-0.00358979	1.04099e-15	3.49414e-10	-2.55904e-09	9.43196e-05
51.8245	2.54611e-11	-0.00358979	1.43243e-15	3.34749e-10	-1.84793e-09	8.7162e-05
51.8245	2.71887e-11	-0.00358979	1.54655e-15	3.31428e-10	-3.95322e-10	8.48704e-05
51.8246	2.80645e-11	-0.0035898	1.60428e-15	3.33696e-10	3.13908e-10	8.47363e-05
51.8246	2.96136e-11	-0.0035898	1.70657e-15	3.38835e-10	2.76118e-10	8.56801e-05
51.8247	3.17825e-11	-0.0035898	1.84983e-15	3.45707e-10	-3.44981e-11	8.72104e-05
51.8247	3.39194e-11	-0.0035898	1.99092e-15	3.53521e-10	-2.66415e-10	8.90816e-05
51.8248	3.55047e-11	-0.00358981	2.09551e-15	3.62094e-10	-3.8495e-10	9.11694e-05
51.8248	3.62405e-11	-0.00358981	2.14389e-15	3.71129e-10	-2.13536e-10	9.34129e-05
51.8248	3.64899e-11	-0.00358981	2.16006e-15	3.80661e-10	-3.06012e-10	9.57785e-05
51.8249	3.60036e-11	-0.00358982	2.12758e-15	3.90542e-10	-1.94981e-10	9.8252e-05
51.8249	3.50197e-11	-0.00358982	2.06219e-15	4.0086e-10	-2.02438e-10	0.000100826
51.825	3.34928e-11	-0.00358982	1.96091e-15	4.11529e-10	-2.12692e-10	0.0001035
51.825	3.13677e-11	-0.00358983	1.82012e-15	4.22638e-10	-2.80036e-10	0.000106275
51.8251	2.84314e-11	-0.00358983	1.62572e-15	4.34126e-10	-9.17208e-11	0.000109154
51.8252	2.51615e-11	-0.00358984	1.40936e-15	4.46071e-10	-1.87464e-10	0.00011214
51.8252	2.1269e-11	-0.00358984	1.15188e-15	4.58424e-10	-1.51387e-10	0.000115236
51.8253	1.68266e-11	-0.00358984	8.58166e-16	4.71246e-10	-3.21602e-11	0.000118443
51.8253	1.21633e-11	-0.00358985	5.49936e-16	4.84491e-10	1.18345e-10	0.000121765
51.8254	7.73428e-12	-0.00358985	2.57259e-16	4.98248e-10	-2.61307e-11	0.000125205
51.8255	3.0965e-12	-0.00358986	-4.91055e-17	5.12567e-10	2.92003e-10	0.000128783
51.8255	-7.21133e-13	-0.00358986	-3.01228e-16	5.27497e-10	8.04989e-11	0.00013251
51.8256	-4.37948e-12	-0.00358987	-5.42746e-16	5.43008e-10	3.61643e-10	0.000136389
51.8257	-6.89445e-12	-0.00358987	-7.08749e-16	5.59135e-10	3.22292e-10	0.00014042
51.8257	-8.33615e-12	-0.00358988	-8.03844e-16	5.75868e-10	3.68824e-10	0.000144607
51.8258	-8.46799e-12	-0.00358988	-8.12492e-16	5.93281e-10	2.58615e-10	0.000148958
51.8259	-7.62639e-12	-0.00358989	-7.56937e-16	6.11451e-10	3.04668e-10	0.000153493
51.826	-5.57227e-12	-0.00358989	-6.21408e-16	6.30419e-10	1.65819e-10	0.000158225
51.826	-2.78849e-12	-0.0035899	-4.37841e-16	6.50115e-10	9.32237e-11	0.000163152
51.8261	4.68376e-13	-0.0035899	-2.23175e-16	6.70556e-10	-9.01944e-11	0.000168267
51.8262	3.44237e-12	-0.00358991	-2.72426e-17	6.91776e-10	-1.08463e-10	0.000173576
51.8263	6.0325e-12	-0.00358991	1.43329e-16	7.13958e-10	-2.23317e-10	0.000179106
51.8264	7.68997e-12	-0.00358992	2.52374e-16	7.37051e-10	-1.83714e-10	0.000184876
51.8265	8.53845e-12	-0.00358993	3.08047e-16	7.60952e-10	-1.67945e-10	0.000190865
51.8266	8.60028e-12	-0.00358993	3.1192e-16	7.85638e-10	-1.30908e-10	0.000197057
51.8267	8.00892e-12	-0.00358994	2.72789e-16	8.11272e-10	-4.63813e-11	0.000203469
51.8268	7.15855e-12	-0.00358995	2.16588e-16	8.37872e-10	-2.01544e-12	0.000210126
51.8269	6.26953e-12	-0.00358995	1.57887e-16	8.65192e-10	4.23309e-11	0.000216998
51.827	5.58484e-12	-0.00358996	1.12672e-16	8.93126e-10	7.04554e-11	0.00022404
51.8271	5.27893e-12	-0.00358997	9.23602e-17	9.21794e-10	5.87399e-11	0.000231253
51.8272	5.30816e-12	-0.00358998	9.41103e-17	9.50973e-10	3.19193e-11	0.000238626
51.8273	5.5317e-12	-0.00358999	1.0861e-16	9.8018e-10	1.02993e-11	0.000246067
51.8275	5.82643e-12	-0.00358999	1.27761e-16	1.00908e-09	-5.03655e-12	0.000253473
51.8276	6.09747e-12	-0.00359	1.45353e-16	1.03758e-09	-1.04119e-11	0.00026079
51.8277	6.30733e-12	-0.00359001	1.5888e-16	1.0682e-09	-6.33089e-12	0.000268325
51.8279	6.48031e-12	-0.00359002	1.70015e-16	1.10147e-09	-8.42668e-12	0.000276468
51.828	6.59954e-12	-0.00359003	1.7758e-16	1.13704e-09	-4.36753e-12	0.000285241
51.8282	6.69098e-12	-0.00359004	1.833e-16	1.17462e-09	-3.90245e-12	0.000294566
51.8283	6.75624e-12	-0.00359005	1.87297e-16	1.21398e-09	-9.37526e-13	0.000304373
51.8285	6.81643e-12	-0.00359006	1.9098e-16	1.25537e-09	-8.09052e-13	0.000314665
51.8286	6.87221e-12	-0.00359007	1.9432e-16	1.29866e-09	1.70878e-12	0.00032546
51.8288	6.94405e-12	-0.00359008	1.98729e-16	1.34351e-09	5.13174e-13	0.000336695
51.829	7.02276e-12	-0.0035901	2.03553e-16	1.39016e-09	-3.88485e-12	0.00034836
51.8291	7.0698e-12	-0.00359011	2.063e-16	1.43834e-09	-2.12901e-12	0.000360448
51.8293	7.09896e-12	-0.00359012	2.07856e-16	1.48755e-09	-2.55947e-12	0.000372864
51.8295	7.10485e-12	-0.00359013	2.0789e-16	1.53795e-09	-3.46974e-12	0.000385562
51.8297	7.07694e-12	-0.00359015	2.05686e-16	1.58902e-09	4.94632e-12	0.000398498
51.8299	7.09819e-12	-0.00359016	2.06685e-16	1.64024e-09	-1.888e-12	0.000411541
51.8301	7.10039e-12	-0.00359017	2.0645e-16	1.69167e-09	-4.27231e-12	0.000424628
51.8303	7.05661e-12	-0.00359019	2.03177e-16	1.74247e-09	2.08164e-12	0.000437661
51.8305	7.03462e-12	-0.0035902	2.01331e-16	1.79213e-09	6.83688e-12	0.000450471
51.8308	7.09008e-12	-0.00359022	2.04501e-16	1.84526e-09	-2.27488e-12	0.000463577
51.831	7.12044e-12	-0.00359024	2.06034e-16	1.90276e-09	-2.90227e-12	0.000477683
51.8313	7.11656e-12	-0.00359025	2.05332e-16	1.96154e-09	-2.82423e-12	0.00049251
51.8315	7.07725e-12	-0.00359027	2.02303e-16	2.02083e-09	1.30926e-12	0.000507566
51.8318	7.05361e-12	-0.00359029	2.00267e-16	2.07966e-09	6.79819e-13	0.000522628
51.832	7.0383e-12	-0.00359031	1.98781e-16	2.13844e-09	1.1157e-12	0.000537627
51.8323	7.03775e-12	-0.00359032	1.9821e-16	2.19704e-09	1.81821e-12	0.000552596
51.8326	7.06265e-12	-0.00359034	1.99294e-16	2.256e-09	1.17637e-12	0.000567588
51.8329	7.10513e-12	-0.00359036	2.01516e-16	2.31798e-09	-1.63977e-12	0.000583012
51.8332	7.12456e-12	-0.00359038	2.02208e-16	2.3847e-09	9.22623e-13	0.000599427
51.8335	7.15856e-12	-0.0035904	2.03821e-16	2.45131e-09	-2.00226e-12	0.000616432
51.8338	7.16224e-12	-0.00359042	2.03486e-16	2.51544e-09	-1.33063e-13	0.000633108
51.8341	7.16388e-12	-0.00359045	2.02961e-16	2.57706e-09	2.81726e-12	0.000649147
51.8344	7.21183e-12	-0.00359047	2.05434e-16	2.63804e-09	1.96333e-12	0.000664786
51.8348	7.29393e-12	-0.00359049	2.10107e-16	2.69936e-09	6.30322e-13	0.000680387
51.8351	7.38878e-12	-0.00359051	2.15538e-16	2.76609e-09	-1.08564e-12	0.000696721
51.8355	7.46684e-12	-0.00359054	2.19876e-16	2.83575e-09	-1.4299e-12	0.00071412
51.8358	7.52103e-12	-0.00359056	2.22654e-16	2.90068e-09	-1.75293e-12	0.000731291
51.8362	7.54404e-12	-0.00359059	2.234e-16	2.96298e-09	1.71189e-12	0.000747523
51.8366	7.59988e-12	-0.00359061	2.26244e-16	3.02339e-09	1.99057e-12	0.000763178
51.837	7.69522e-12	-0.00359064	2.31595e-16	3.08653e-09	-1.65265e-12	0.00077894
51.8374	7.76004e-12	-0.00359066	2.34962e-16	3.15433e-09	-2.02062e-12	0.000795647
51.8378	7.78565e-12	-0.00359069	2.35785e-16	3.21801e-09	-5.34256e-13	0.000812423
51.8382	7.80082e-12	-0.00359072	2.35955e-16	3.27854e-09	1.453e-12	0.000828272
51.8386	7.84664e-12	-0.00359075	2.38036e-16	3.33712e-09	-3.64533e-13	0.00084347
51.839	7.88553e-12	-0.00359078	2.39657e-16	3.39927e-09	-1.25327e-12	0.000858876
51.8394	7.89799e-12	-0.0035908	2.39567e-16	3.4618e-09	-2.33144e-12	0.000874787
51.8399	7.85922e-12	-0.00359083	2.36194e-16	3.52005e-09	-6.87669e-13	0.000890201
51.8403	7.80436e-12	-0.00359086	2.31798e-16	3.57602e-09	2.32685e-12	0.000904776
51.8408	7.80169e-12	-0.00359089	2.30716e-16	3.6328e-09	-5.9721e-13	0.000919165
51.8412	7.78513e-12	-0.00359092	2.28742e-16	3.69106e-09	7.80822e-14	0.000933848
51.8417	7.77015e-12	-0.00359096	2.26844e-16	3.74497e-09	2.85967e-14	0.000948164
51.8422	7.75563e-12	-0.00359099	2.24968e-16	3.79683e-09	7.72023e-13	0.000961664
51.8427	7.7596e-12	-0.00359102	2.24248e-16	3.84919e-09	-1.3672e-12	0.000974966
51.8432	7.73007e-12	-0.00359105	2.21401e-16	3.9012e-09	-1.19079e-13	0.000988287
51.8437	7.69718e-12	-0.00359109	2.18329e-16	3.94957e-09	6.93637e-14	0.0010011
51.8442	7.66563e-12	-0.00359112	2.15327e-16	3.99631e-09	7.67885e-13	0.00101324
51.8447	7.65327e-12	-0.00359115	2.13534e-16	4.04354e-09	4.63148e-14	0.00102524
51.8452	7.64196e-12	-0.00359119	2.1181e-16	4.08819e-09	-8.30607e-13	0.00103696
51.8457	7.60888e-12	-0.00359122	2.08688e-16	4.13026e-09	-1.07644e-12	0.00104804
51.8462	7.5471e-12	-0.00359126	2.03794e-16	4.17171e-09	2.4825e-13	0.0010587
51.8468	7.49131e-12	-0.00359129	1.9927e-16	4.21177e-09	9.21666e-13	0.0010691
51.8473	7.45973e-12	-0.00359133	1.96229e-16	4.24907e-09	-3.34228e-13	0.00107898
51.8479	7.41881e-12	-0.00359136	1.92604e-16	4.28497e-09	2.81517e-14	0.00108832
51.8484	7.37832e-12	-0.0035914	1.8904e-16	4.31967e-09	-8.086e-13	0.00109734
51.849	7.31523e-12	-0.00359143	1.84052e-16	4.35183e-09	1.10252e-13	0.00110587
51.8495	7.25473e-12	-0.00359147	1.79222e-16	4.38231e-09	-7.18698e-14	0.00111387
51.8501	7.1918e-12	-0.00359151	1.74251e-16	4.41144e-09	-4.12983e-14	0.00112148
51.8506	7.12728e-12	-0.00359154	1.69188e-16	4.43811e-09	2.32227e-13	0.00112861
51.8512	7.06895e-12	-0.00359158	1.64495e-16	4.46325e-09	8.1659e-14	0.00113522
51.8518	7.01261e-12	-0.00359162	1.59934e-16	4.48665e-09	-4.96901e-13	0.00114142
51.8523	6.94176e-12	-0.00359165	1.545e-16	4.50777e-09	-8.21434e-14	0.0011471
51.8529	6.86821e-12	-0.00359169	1.48906e-16	4.52748e-09	-2.03772e-13	0.00115232
51.8535	6.78846e-12	-0.00359173	1.42945e-16	4.54522e-09	2.47829e-13	0.0011571
51.8541	6.71557e-12	-0.00359177	1.37407e-16	4.56075e-09	-7.03514e-13	0.00116134
51.8547	6.62198e-12	-0.0035918	1.30605e-16	4.5751e-09	5.42443e-13	0.00116516
51.8552	6.54392e-12	-0.00359184	1.24772e-16	4.58715e-09	4.59295e-13	0.00116853
51.8558	6.47909e-12	-0.00359188	1.19762e-16	4.59731e-09	3.0981e-13	0.00117137
51.8564	6.4232e-12	-0.00359192	1.15316e-16	4.60637e-09	-1.13349e-12	0.00117382
51.857	6.3339e-12	-0.00359196	1.0884e-16	4.61291e-09	-8.09134e-13	0.00117581
51.8576	6.22067e-12	-0.00359199	1.00908e-16	4.61789e-09	-2.34533e-13	0.00117728
51.8582	6.10042e-12	-0.00359203	9.2619e-17	4.62181e-09	-1.95614e-13	0.00117842
51.8588	5.97429e-12	-0.00359207	8.39623e-17	4.62293e-09	1.32162e-12	0.00117906
51.8594	5.8871e-12	-0.00359211	7.76842e-17	4.62302e-09	8.01889e-13	0.00117922
51.8599	5.82355e-12	-0.00359214	7.28407e-17	4.6219e-09	-1.28246e-12	0.00117909
51.8605	5.72221e-12	-0.00359218	6.57502e-17	4.61799e-09	-7.74588e-13	0.00117844
51.8611	5.59815e-12	-0.00359222	5.73124e-17	4.61353e-09	-8.30611e-13	0.00117738
51.8617	5.44977e-12	-0.00359226	4.74347e-17	4.60756e-09	5.45264e-13	0.00117604
51.8623	5.3176e-12	-0.00359229	3.8562e-17	4.59898e-09	2.89575e-13	0.00117419
51.8629	5.19418e-12	-0.00359233	3.02554e-17	4.59028e-09	2.41771e-13	0.00117198
51.8635	5.07806e-12	-0.00359237	2.23743e-17	4.5795e-09	4.57208e-13	0.00116949
51.8641	4.97557e-12	-0.00359241	1.53559e-17	4.56675e-09	-1.90654e-14	0.00116649
51.8646	4.87281e-12	-0.00359244	8.35074e-18	4.55406e-09	-6.81918e-13	0.00116324
51.8652	4.75054e-12	-0.00359248	1.94981e-19	4.53868e-09	-3.58364e-13	0.00115966
51.8658	4.6183e-12	-0.00359252	-8.5375e-18	4.52223e-09	-6.04153e-13	0.00115559
51.8664	4.46912e-12	-0.00359255	-1.82314e-17	4.50572e-09	2.15174e-13	0.00115138
51.8669	4.32667e-12	-0.00359259	-2.74931e-17	4.48606e-09	-7.09757e-13	0.00114676
51.8675	4.16454e-12	-0.00359262	-3.78918e-17	4.46633e-09	5.10273e-13	0.00114174
51.8681	4.01765e-12	-0.00359266	-4.73488e-17	4.44604e-09	-3.69214e-13	0.00113663
51.8687	3.86097e-12	-0.0035927	-5.73399e-17	4.42266e-09	2.98887e-13	0.00113105
51.8692	3.71354e-12	-0.00359273	-6.67754e-17	4.39991e-09	1.86789e-14	0.00112516
51.8698	3.56739e-12	-0.00359277	-7.60995e-17	4.37589e-09	-1.26518e-13	0.00111919
51.8703	3.41851e-12	-0.0035928	-8.55503e-17	4.34927e-09	-1.215e-12	0.00111272
51.8709	3.23685e-12	-0.00359283	-9.68902e-17	4.32372e-09	2.43335e-13	0.00110606
51.8714	3.06296e-12	-0.00359287	-1.07726e-16	4.29612e-09	-4.52359e-13	0.00109928
51.872	2.87778e-12	-0.0035929	-1.19197e-16	4.26668e-09	9.83753e-13	0.001092
51.8725	2.72065e-12	-0.00359294	-1.28988e-16	4.23842e-09	-1.58854e-13	0.00108463
51.8731	2.56026e-12	-0.00359297	-1.3894e-16	4.20739e-09	2.47268e-13	0.00107706
51.8736	2.40768e-12	-0.003593	-1.48428e-16	4.17535e-09	-5.50804e-13	0.00106901
51.8741	2.2416e-12	-0.00359304	-1.58642e-16	4.14445e-09	-1.45028e-13	0.00106097
51.8747	2.07292e-12	-0.00359307	-1.68967e-16	4.11019e-09	-5.53379e-13	0.00105266
51.8752	1.89113e-12	-0.0035931	-1.80016e-16	4.07568e-09	-1.24886e-12	0.00104388
51.8757	1.67842e-12	-0.00359313	-1.92836e-16	4.04217e-09	-7.47922e-14	0.00103519
51.8762	1.46553e-12	-0.00359317	-2.05605e-16	4.0049e-09	1.01226e-12	0.00102616
51.8767	1.28045e-12	-0.0035932	-2.16734e-16	3.9678e-09	-3.51349e-13	0.00101666
51.8772	1.0882e-12	-0.00359323	-2.28237e-16	3.93171e-09	2.30314e-13	0.00100732
51.8778	9.03471e-13	-0.00359326	-2.39282e-16	3.89151e-09	2.79682e-13	0.000997584
51.8782	7.27575e-13	-0.00359329	-2.49773e-16	3.85163e-09	-1.92403e-13	0.000987362
51.8787	5.48758e-13	-0.00359332	-2.60428e-16	3.81293e-09	9.50311e-14	0.000977332
51.8792	3.7405e-13	-0.00359335	-2.70772e-16	3.7699e-09	-1.11869e-12	0.000966901
51.8797	1.74428e-13	-0.00359338	-2.82536e-16	3.72677e-09	-1.64629e-12	0.000955904
51.8802	-6.20244e-14	-0.00359341	-2.96345e-16	3.68533e-09	5.67032e-13	0.000945109
51.8806	-2.82522e-13	-0.00359344	-3.09227e-16	3.63974e-09	1.19148e-12	0.000934003
51.8811	-4.72642e-13	-0.00359346	-3.20341e-16	3.59264e-09	1.03128e-12	0.000922173
51.8816	-6.36679e-13	-0.00359349	-3.29907e-16	3.54796e-09	-1.50967e-14	0.00091046
51.882	-7.99015e-13	-0.00359352	-3.3938e-16	3.50048e-09	-8.74029e-13	0.000898698
51.8825	-9.78682e-13	-0.00359355	-3.49802e-16	3.44862e-09	-9.50995e-13	0.000886021
51.8829	-1.17659e-12	-0.00359357	-3.61215e-16	3.3997e-09	-2.27601e-12	0.00087316
51.8833	-1.42102e-12	-0.0035936	-3.75234e-16	3.35063e-09	-1.99216e-12	0.000860655
51.8838	-1.70447e-12	-0.00359362	-3.91402e-16	3.29471e-09	3.80519e-13	0.000847258
51.8842	-1.97519e-12	-0.00359365	-4.06802e-16	3.23966e-09	6.14697e-13	0.000833098
51.8846	-2.22869e-12	-0.00359367	-4.21227e-16	3.18706e-09	4.40357e-12	0.000819362
51.885	-2.38861e-12	-0.0035937	-4.30341e-16	3.13118e-09	5.21279e-12	0.000805521
51.8854	-2.44168e-12	-0.00359372	-4.33439e-16	3.06879e-09	5.36318e-12	0.00079043
51.8858	-2.38877e-12	-0.00359375	-4.30581e-16	3.00943e-09	7.3128e-13	0.000774896
51.8862	-2.32286e-12	-0.00359377	-4.27023e-16	2.95197e-09	-6.73856e-12	0.000759992
51.8866	-2.38501e-12	-0.00359379	-4.30623e-16	2.89033e-09	-1.06037e-11	0.000744797
51.8869	-2.64121e-12	-0.00359381	-4.45027e-16	2.82221e-09	-7.67708e-12	0.000728242
51.8873	-3.02947e-12	-0.00359383	-4.66772e-16	2.75722e-09	-3.68593e-12	0.000711261
51.8876	-3.47356e-12	-0.00359386	-4.91575e-16	2.69486e-09	-3.21225e-12	0.000695016
51.888	-3.96277e-12	-0.00359388	-5.18837e-16	2.63118e-09	2.31274e-12	0.000678938
51.8883	-4.40163e-12	-0.0035939	-5.43243e-16	2.55996e-09	9.07867e-12	0.00066173
51.8886	-4.68048e-12	-0.00359392	-5.58719e-16	2.4893e-09	1.16359e-11	0.000643632
51.889	-4.76702e-12	-0.00359393	-5.63513e-16	2.42272e-09	1.16969e-11	0.000626128
51.8893	-4.67063e-12	-0.00359395	-5.58127e-16	2.35866e-09	1.14154e-11	0.000609465
51.8896	-4.40519e-12	-0.00359397	-5.43404e-16	2.29412e-09	9.79334e-12	0.000593063
51.8899	-4.00383e-12	-0.00359399	-5.21197e-16	2.22433e-09	4.92238e-12	0.000575931
51.8901	-3.5449e-12	-0.00359401	-4.95847e-16	2.15524e-09	-2.11913e-12	0.000558218
51.8904	-3.12935e-12	-0.00359402	-4.72921e-16	2.09125e-09	-1.14253e-11	0.000541247
51.8907	-2.87841e-12	-0.00359404	-4.59114e-16	2.03199e-09	-2.25966e-11	0.000525529
51.8909	-2.9272e-12	-0.00359405	-4.61866e-16	1.97666e-09	-3.07688e-11	0.000510916
51.8912	-3.36223e-12	-0.00359407	-4.8589e-16	1.923e-09	-2.70315e-11	0.000497019
51.8914	-4.11671e-12	-0.00359408	-5.27471e-16	1.86826e-09	-1.15055e-11	0.000483197
51.8917	-4.98667e-12	-0.0035941	-5.75352e-16	1.81462e-09	-5.27499e-12	0.000469376
51.8919	-5.89264e-12	-0.00359411	-6.25129e-16	1.76678e-09	8.61162e-12	0.000456438
51.8921	-6.67777e-12	-0.00359412	-6.68208e-16	1.72496e-09	1.18569e-11	0.000445006
51.8924	-7.31397e-12	-0.00359414	-7.03029e-16	1.68865e-09	1.41269e-11	0.000435044
51.8926	-7.78476e-12	-0.00359415	-7.28748e-16	1.6573e-09	9.96511e-12	0.000426418
51.8928	-8.14158e-12	-0.00359416	-7.48209e-16	1.63017e-09	1.39102e-11	0.000418963
51.893	-8.34805e-12	-0.00359417	-7.59381e-16	1.60649e-09	1.94161e-11	0.000412484
51.8932	-8.35277e-12	-0.00359419	-7.59504e-16	1.58506e-09	1.86938e-11	0.000406732
51.8934	-8.16862e-12	-0.0035942	-7.49283e-16	1.5673e-09	1.1491e-11	0.000401736
51.8936	-7.87178e-12	-0.00359421	-7.32901e-16	1.55571e-09	1.88319e-11	0.000397995
51.8938	-7.39045e-12	-0.00359422	-7.06476e-16	1.54975e-09	1.20156e-11	0.000395757
51.894	-6.79232e-12	-0.00359423	-6.73687e-16	1.54909e-09	-1.48256e-12	0.000394913
51.8942	-6.20907e-12	-0.00359424	-6.41758e-16	1.55351e-09	-7.46677e-12	0.000395392
51.8944	-5.69807e-12	-0.00359426	-6.13813e-16	1.56266e-09	-7.74953e-12	0.000397123
51.8946	-5.26123e-12	-0.00359427	-5.89941e-16	1.57632e-09	-6.81462e-12	0.00040003
51.8948	-4.88901e-12	-0.00359428	-5.69632e-16	1.5942e-09	-2.19599e-12	0.000404051
51.895	-4.53487e-12	-0.00359429	-5.50302e-16	1.61613e-09	-6.05652e-12	0.000409126
51.8952	-4.23824e-12	-0.0035943	-5.3415e-16	1.64184e-09	-1.88216e-11	0.0004152
51.8954	-4.13379e-12	-0.00359431	-5.28481e-16	1.67131e-09	-4.546e-12	0.000422236
51.8956	-4.07588e-12	-0.00359433	-5.25327e-16	1.71544e-09	-1.49696e-11	0.00043162
51.8958	-4.18008e-12	-0.00359434	-5.30999e-16	1.78194e-09	-3.67879e-12	0.000445724
51.8961	-4.33009e-12	-0.00359435	-5.39147e-16	1.86178e-09	-3.76587e-12	0.000464384
51.8963	-4.5315e-12	-0.00359437	-5.50064e-16	1.95373e-09	-4.92398e-12	0.000486289
51.8966	-4.80418e-12	-0.00359438	-5.64832e-16	2.05787e-09	1.219e-12	0.000511293
51.8968	-5.0754e-12	-0.0035944	-5.795e-16	2.17555e-09	3.80698e-13	0.00053958
51.8971	-5.35687e-12	-0.00359441	-5.94691e-16	2.30807e-09	3.00945e-12	0.000571487
51.8974	-5.61122e-12	-0.00359443	-6.08375e-16	2.45807e-09	-4.51249e-12	0.00060752
51.8977	-5.95281e-12	-0.00359445	-6.26764e-16	2.62825e-09	4.00902e-12	0.000648359
51.898	-6.25091e-12	-0.00359447	-6.42743e-16	2.82388e-09	1.25656e-13	0.000695022
51.8984	-6.56895e-12	-0.00359449	-6.59769e-16	3.0513e-09	7.8195e-13	0.000748992
51.8988	-6.89741e-12	-0.00359451	-6.77282e-16	3.32307e-09	1.17342e-12	0.000812683
51.8992	-7.2303e-12	-0.00359454	-6.95003e-16	3.6628e-09	3.07414e-12	0.000890715
51.8997	-7.52546e-12	-0.00359456	-7.10599e-16	4.14982e-09	5.16634e-12	0.000996235
51.9002	-7.72321e-12	-0.00359459	-7.209e-16	4.81522e-09	4.50545e-12	0.00114336
51.9008	-7.81435e-12	-0.00359463	-7.25435e-16	5.72912e-09	2.26102e-12	0.00134505
51.9016	-7.84019e-12	-0.00359467	-7.26361e-16	7.0786e-09	1.66862e-13	0.00163426
51.9025	-7.86459e-12	-0.00359472	-7.27102e-16	9.35121e-09	-6.05027e-13	0.00209745
51.9036	-7.93297e-12	-0.00359479	-7.29994e-16	1.41614e-08	5.65819e-13	0.00300465
51.9055	-7.98542e-12	-0.00359489	-7.31628e-16	2.86686e-08	1.97749e-12	0.00548968
51.9091	-7.72824e-12	-0.0035951	-7.15909e-16	1.74973e-07	6.58523e-14	0.0270622
51.9325	-6.01669e-12	-0.00359636	-6.19471e-16	-0.055843	-1.46702e-12	59.9135
-8.17739	-8.46646e-13	-0.0133483	1.23941e-16	-0.0960486	4.98217e-16	119.89
