-29.4556	-1.44215e-12	-0.00356935	-4.89439e-16	0.04	-8.08808e-11	60.0065
-29.4523	-1.45505e-11	-0.00356963	-1.76226e-15	1.7093e-09	8.76079e-10	0.00345923
-29.4521	-5.88916e-12	-0.00356965	-9.21581e-16	9.20703e-10	9.6256e-10	0.000335155
-29.452	4.42137e-12	-0.00356966	7.85159e-17	6.9883e-10	-2.15965e-10	0.000206353
-29.4519	1.12853e-11	-0.00356967	7.44055e-16	6.24531e-10	-7.55608e-10	0.000168609
-29.4518	1.44132e-11	-0.00356967	1.04711e-15	5.98233e-10	-5.45998e-10	0.00015579
-29.4517	1.53285e-11	-0.00356968	1.13564e-15	5.92215e-10	-1.16808e-10	0.000151672
-29.4517	1.5794e-11	-0.00356969	1.18053e-15	5.96185e-10	9.29211e-11	0.000151411
-29.4516	1.66155e-11	-0.00356969	1.25988e-15	6.05278e-10	8.18092e-11	0.000153076
-29.4515	1.7765e-11	-0.0035697	1.37101e-15	6.17465e-10	-1.00741e-11	0.000155788
-29.4514	1.8898e-11	-0.00356971	1.48053e-15	6.31326e-10	-7.87513e-11	0.000159107
-29.4513	1.97397e-11	-0.00356971	1.56174e-15	6.46537e-10	-1.13923e-10	0.000162812
-29.4513	2.01324e-11	-0.00356972	1.59948e-15	6.62565e-10	-6.32244e-11	0.000166792
-29.4512	2.02681e-11	-0.00356973	1.61226e-15	6.79473e-10	-9.06864e-11	0.000170989
-29.4511	2.00146e-11	-0.00356974	1.58741e-15	6.96994e-10	-5.78432e-11	0.000175377
-29.451	1.94978e-11	-0.00356974	1.53702e-15	7.15288e-10	-6.01072e-11	0.000179941
-29.4509	1.86935e-11	-0.00356975	1.45879e-15	7.34197e-10	-6.32071e-11	0.000184682
-29.4508	1.75723e-11	-0.00356976	1.34992e-15	7.53883e-10	-8.32583e-11	0.0001896
-29.4507	1.60212e-11	-0.00356977	1.19949e-15	7.74232e-10	-2.74236e-11	0.000194702
-29.4506	1.4293e-11	-0.00356978	1.03197e-15	7.95384e-10	-5.5897e-11	0.000199991
-29.4505	1.22342e-11	-0.00356979	8.32509e-16	8.17252e-10	-4.52388e-11	0.000205474
-29.4504	9.88338e-12	-0.0035698	6.04853e-16	8.39943e-10	-9.8459e-12	0.000211152
-29.4503	7.41453e-12	-0.0035698	3.659e-16	8.63375e-10	3.49005e-11	0.00021703
-29.4502	5.06877e-12	-0.00356981	1.3891e-16	8.87702e-10	-8.05949e-12	0.000223117
-29.4501	2.61131e-12	-0.00356982	-9.87623e-17	9.13016e-10	8.663e-11	0.000229444
-29.45	5.87667e-13	-0.00356983	-2.9444e-16	9.39401e-10	2.37302e-11	0.000236032
-29.4498	-1.35245e-12	-0.00356984	-4.81942e-16	9.66801e-10	1.07527e-10	0.000242887
-29.4497	-2.68686e-12	-0.00356986	-6.10895e-16	9.95279e-10	9.59211e-11	0.000250009
-29.4496	-3.45235e-12	-0.00356987	-6.848e-16	1.02482e-09	1.09919e-10	0.000257403
-29.4495	-3.52289e-12	-0.00356988	-6.91599e-16	1.05554e-09	7.71704e-11	0.000265084
-29.4493	-3.07657e-12	-0.00356989	-6.48482e-16	1.08759e-09	9.10261e-11	0.000273084
-29.4492	-1.98596e-12	-0.0035699	-5.43232e-16	1.12102e-09	4.96723e-11	0.000281431
-29.4491	-5.07037e-13	-0.00356991	-4.00538e-16	1.15573e-09	2.80471e-11	0.000290116
-29.4489	1.22421e-12	-0.00356993	-2.33628e-16	1.19173e-09	-2.67673e-11	0.000299129
-29.4488	2.80617e-12	-0.00356994	-8.12033e-17	1.22909e-09	-3.227e-11	0.000308479
-29.4486	4.18501e-12	-0.00356995	5.15706e-17	1.26811e-09	-6.67111e-11	0.000318216
-29.4484	5.06865e-12	-0.00356997	1.36524e-16	1.30872e-09	-5.49469e-11	0.000328367
-29.4483	5.52241e-12	-0.00356998	1.80025e-16	1.35073e-09	-5.03073e-11	0.000338899
-29.4481	5.55778e-12	-0.00357	1.83181e-16	1.39408e-09	-3.92789e-11	0.00034978
-29.4479	5.24538e-12	-0.00357001	1.52842e-16	1.43908e-09	-1.39662e-11	0.000361043
-29.4477	4.79483e-12	-0.00357003	1.09252e-16	1.48574e-09	-6.60721e-13	0.000372727
-29.4475	4.32342e-12	-0.00357004	6.36327e-17	1.53362e-09	1.26733e-11	0.00038478
-29.4474	3.96065e-12	-0.00357006	2.85178e-17	1.58254e-09	2.11618e-11	0.000397121
-29.4471	3.7997e-12	-0.00357008	1.28081e-17	1.6327e-09	1.76742e-11	0.000409753
-29.4469	3.81752e-12	-0.0035701	1.43097e-17	1.68371e-09	9.62521e-12	0.000422652
-29.4467	3.93917e-12	-0.00357012	2.57357e-17	1.7347e-09	3.12224e-12	0.000435657
-29.4465	4.09901e-12	-0.00357013	4.08362e-17	1.78509e-09	-1.50181e-12	0.000448583
-29.4463	4.24642e-12	-0.00357015	5.47128e-17	1.83471e-09	-3.12941e-12	0.000461334
-29.446	4.36134e-12	-0.00357017	6.54697e-17	1.88801e-09	-1.90183e-12	0.000474457
-29.4458	4.45672e-12	-0.00357019	7.42979e-17	1.94589e-09	-2.54068e-12	0.000488634
-29.4456	4.52352e-12	-0.00357022	8.04107e-17	2.00777e-09	-1.31618e-12	0.000503905
-29.4453	4.5756e-12	-0.00357024	8.50809e-17	2.07312e-09	-1.17806e-12	0.000520129
-29.445	4.61382e-12	-0.00357026	8.84086e-17	2.14147e-09	-2.80352e-13	0.000537179
-29.4448	4.64947e-12	-0.00357028	9.14661e-17	2.21332e-09	-2.42e-13	0.000555059
-29.4445	4.6829e-12	-0.00357031	9.43407e-17	2.28839e-09	5.24235e-13	0.000573795
-29.4442	4.72512e-12	-0.00357033	9.79888e-17	2.36609e-09	1.61314e-13	0.000593279
-29.4439	4.7712e-12	-0.00357036	1.02002e-16	2.44681e-09	-1.18029e-12	0.000613485
-29.4436	4.80045e-12	-0.00357039	1.04383e-16	2.53008e-09	-6.4727e-13	0.000634402
-29.4433	4.82025e-12	-0.00357041	1.05876e-16	2.61501e-09	-7.81029e-13	0.000655856
-29.4429	4.82771e-12	-0.00357044	1.06145e-16	2.70185e-09	-1.06258e-12	0.000677766
-29.4426	4.81711e-12	-0.00357047	1.04693e-16	2.78972e-09	1.51619e-12	0.000700053
-29.4422	4.83313e-12	-0.0035705	1.05752e-16	2.87766e-09	-5.7851e-13	0.000722481
-29.4419	4.83904e-12	-0.00357054	1.05862e-16	2.96577e-09	-1.31426e-12	0.000744941
-29.4415	4.82029e-12	-0.00357057	1.03596e-16	3.0526e-09	6.3893e-13	0.00076726
-29.4411	4.81342e-12	-0.0035706	1.02405e-16	3.13724e-09	2.10939e-12	0.000789137
-29.4407	4.84855e-12	-0.00357064	1.05247e-16	3.22775e-09	-6.99372e-13	0.000811485
-29.4403	4.8703e-12	-0.00357067	1.06762e-16	3.32566e-09	-8.96562e-13	0.000835528
-29.4398	4.8737e-12	-0.00357071	1.06556e-16	3.42558e-09	-8.76111e-13	0.000860773
-29.4394	4.85807e-12	-0.00357074	1.0449e-16	3.52613e-09	4.04665e-13	0.000886355
-29.439	4.85108e-12	-0.00357078	1.03232e-16	3.62562e-09	2.10372e-13	0.000911883
-29.4385	4.84875e-12	-0.00357082	1.02446e-16	3.72477e-09	3.47463e-13	0.000937234
-29.438	4.85461e-12	-0.00357086	1.02354e-16	3.82331e-09	5.68588e-13	0.000962465
-29.4375	4.87449e-12	-0.0035709	1.03638e-16	3.9222e-09	3.70477e-13	0.000987665
-29.437	4.90415e-12	-0.00357095	1.05752e-16	4.02605e-09	-5.11376e-13	0.00101354
-29.4365	4.92146e-12	-0.00357099	1.06729e-16	4.13781e-09	2.91873e-13	0.00104107
-29.436	4.94696e-12	-0.00357104	1.08422e-16	4.24903e-09	-6.2824e-13	0.00106953
-29.4355	4.95612e-12	-0.00357108	1.08595e-16	4.35561e-09	-4.13766e-14	0.00109734
-29.4349	4.96437e-12	-0.00357113	1.08624e-16	4.4575e-09	8.92331e-13	0.00112395
-29.4343	4.99817e-12	-0.00357118	1.1105e-16	4.55796e-09	6.26597e-13	0.00114979
-29.4337	5.05094e-12	-0.00357123	1.15226e-16	4.65866e-09	2.06516e-13	0.00117547
-29.4332	5.11102e-12	-0.00357128	1.20104e-16	4.7683e-09	-3.39253e-13	0.00120233
-29.4325	5.1622e-12	-0.00357133	1.24071e-16	4.88262e-09	-4.51126e-13	0.00123093
-29.4319	5.20055e-12	-0.00357138	1.26822e-16	4.98839e-09	-5.57393e-13	0.00125904
-29.4313	5.22201e-12	-0.00357144	1.27948e-16	5.08923e-09	5.51949e-13	0.00128543
-29.4306	5.26182e-12	-0.00357149	1.30804e-16	5.18645e-09	6.45464e-13	0.00131072
-29.43	5.32374e-12	-0.00357155	1.35655e-16	5.28796e-09	-5.26629e-13	0.00133611
-29.4293	5.36911e-12	-0.0035716	1.38956e-16	5.39703e-09	-6.49276e-13	0.001363
-29.4286	5.39307e-12	-0.00357166	1.40222e-16	5.49863e-09	-1.71147e-13	0.00138991
-29.4279	5.41147e-12	-0.00357172	1.40954e-16	5.59442e-09	4.74827e-13	0.00141513
-29.4272	5.44714e-12	-0.00357178	1.43289e-16	5.68649e-09	-1.15249e-13	0.00143913
-29.4265	5.47922e-12	-0.00357184	1.45241e-16	5.78423e-09	-4.07222e-13	0.00146338
-29.4257	5.49683e-12	-0.00357191	1.45837e-16	5.88218e-09	-7.6453e-13	0.00148838
-29.425	5.48605e-12	-0.00357197	1.43785e-16	5.97243e-09	-2.2861e-13	0.00151243
-29.4242	5.46639e-12	-0.00357203	1.40937e-16	6.0584e-09	7.66097e-13	0.00153495
-29.4235	5.47606e-12	-0.0035721	1.40732e-16	6.14534e-09	-1.97536e-13	0.00155704
-29.4227	5.47812e-12	-0.00357216	1.39819e-16	6.23437e-09	2.55417e-14	0.00157953
-29.4219	5.48123e-12	-0.00357223	1.39018e-16	6.31563e-09	9.17775e-15	0.00160129
-29.4211	5.48475e-12	-0.0035723	1.38219e-16	6.39305e-09	2.58278e-13	0.00162157
-29.4202	5.49884e-12	-0.00357237	1.38385e-16	6.4709e-09	-4.58408e-13	0.00164141
-29.4194	5.49419e-12	-0.00357243	1.36792e-16	6.54779e-09	-4.14459e-14	0.00166119
-29.4186	5.48774e-12	-0.0035725	1.35043e-16	6.61816e-09	2.18923e-14	0.00168001
-29.4177	5.48215e-12	-0.00357257	1.33359e-16	6.68546e-09	2.5921e-13	0.00169761
-29.4169	5.48756e-12	-0.00357265	1.3268e-16	6.75321e-09	1.56622e-14	0.00171487
-29.416	5.4937e-12	-0.00357272	1.32024e-16	6.81629e-09	-2.83974e-13	0.0017316
-29.4152	5.48755e-12	-0.00357279	1.30265e-16	6.87474e-09	-3.70883e-13	0.00174713
-29.4143	5.46508e-12	-0.00357286	1.27034e-16	6.93183e-09	8.18704e-14	0.0017619
-29.4134	5.44604e-12	-0.00357294	1.24067e-16	6.98628e-09	3.15306e-13	0.00177616
-29.4125	5.4409e-12	-0.00357301	1.22383e-16	7.03585e-09	-1.17369e-13	0.00178946
-29.4116	5.43046e-12	-0.00357308	1.20221e-16	7.08283e-09	7.65238e-15	0.00180181
-29.4107	5.4203e-12	-0.00357316	1.18048e-16	7.12755e-09	-2.84643e-13	0.00181353
-29.4098	5.39713e-12	-0.00357323	1.14739e-16	7.16782e-09	3.49318e-14	0.00182439
-29.4089	5.37542e-12	-0.00357331	1.11553e-16	7.20507e-09	-2.88911e-14	0.00183431
-29.408	5.35227e-12	-0.00357338	1.08216e-16	7.23987e-09	-1.83401e-14	0.00184352
-29.407	5.32816e-12	-0.00357346	1.04814e-16	7.27043e-09	7.85183e-14	0.00185188
-29.4061	5.3076e-12	-0.00357354	1.01709e-16	7.29828e-09	2.56274e-14	0.00185934
-29.4052	5.28814e-12	-0.00357361	9.87391e-17	7.32311e-09	-1.80917e-13	0.00186608
-29.4042	5.26017e-12	-0.00357369	9.50164e-17	7.34405e-09	-3.38761e-14	0.00187193
-29.4033	5.23053e-12	-0.00357377	9.11258e-17	7.36255e-09	-7.8026e-14	0.00187698
-29.4024	5.19715e-12	-0.00357384	8.69266e-17	7.37771e-09	8.46064e-14	0.00188128
-29.4014	5.16768e-12	-0.00357392	8.30947e-17	7.38918e-09	-2.60032e-13	0.00188468
-29.4005	5.1259e-12	-0.003574	7.81748e-17	7.39864e-09	1.9154e-13	0.00188736
-29.3995	5.09312e-12	-0.00357407	7.40585e-17	7.40429e-09	1.63133e-13	0.00188929
-29.3986	5.06802e-12	-0.00357415	7.06245e-17	7.40684e-09	1.09769e-13	0.00189034
-29.3976	5.0481e-12	-0.00357423	6.76446e-17	7.40757e-09	-4.21446e-13	0.00189076
-29.3967	5.00825e-12	-0.0035743	6.29276e-17	7.40421e-09	-3.05479e-13	0.00189042
-29.3958	4.95399e-12	-0.00357438	5.69938e-17	7.39833e-09	-9.50045e-14	0.00188924
-29.3948	4.89528e-12	-0.00357446	5.06779e-17	7.39075e-09	-8.12325e-14	0.00188752
-29.3939	4.83281e-12	-0.00357453	4.40773e-17	7.37872e-09	4.86344e-13	0.00188501
-29.3929	4.79334e-12	-0.00357461	3.94586e-17	7.36507e-09	2.95825e-13	0.00188173
-29.392	4.76784e-12	-0.00357468	3.60926e-17	7.34952e-09	-4.88405e-13	0.001878
-29.391	4.71949e-12	-0.00357476	3.07512e-17	7.32962e-09	-3.00626e-13	0.00187346
-29.3901	4.65721e-12	-0.00357483	2.42239e-17	7.3089e-09	-3.24944e-13	0.00186827
-29.3892	4.57996e-12	-0.00357491	1.64641e-17	7.28589e-09	1.97685e-13	0.00186268
-29.3882	4.51213e-12	-0.00357498	9.52487e-18	7.25884e-09	1.0163e-13	0.00185628
-29.3873	4.44927e-12	-0.00357506	3.00431e-18	7.23173e-09	8.42138e-14	0.00184935
-29.3864	4.39053e-12	-0.00357513	-3.08809e-18	7.20145e-09	1.6847e-13	0.00184201
-29.3855	4.33978e-12	-0.0035752	-8.48152e-18	7.16821e-09	-1.46964e-14	0.00183389
-29.3846	4.28858e-12	-0.00357528	-1.39182e-17	7.13522e-09	-2.72946e-13	0.00182543
-29.3837	4.2252e-12	-0.00357535	-2.03431e-17	7.09816e-09	-1.49088e-13	0.00181647
-29.3827	4.1554e-12	-0.00357542	-2.73048e-17	7.0596e-09	-2.46821e-13	0.0018068
-29.3818	4.07485e-12	-0.00357549	-3.51502e-17	7.02112e-09	7.36503e-14	0.00179695
-29.381	3.99805e-12	-0.00357556	-4.26501e-17	6.97793e-09	-2.91392e-13	0.00178651
-29.3801	3.90875e-12	-0.00357563	-5.11697e-17	6.93482e-09	1.90419e-13	0.00177548
-29.3792	3.82842e-12	-0.0035757	-5.88719e-17	6.89103e-09	-1.58224e-13	0.00176437
-29.3783	3.74165e-12	-0.00357577	-6.71156e-17	6.84267e-09	1.07649e-13	0.00175259
-29.3774	3.66018e-12	-0.00357584	-7.48657e-17	6.7955e-09	-3.66195e-15	0.00174038
-29.3766	3.57912e-12	-0.00357591	-8.25555e-17	6.74661e-09	-6.21426e-14	0.0017281
-29.3757	3.49597e-12	-0.00357598	-9.03787e-17	6.69392e-09	-5.02825e-13	0.00171511
-29.3748	3.39199e-12	-0.00357605	-9.99261e-17	6.64312e-09	8.46524e-14	0.00170188
-29.374	3.29239e-12	-0.00357611	-1.09054e-16	6.58943e-09	-1.9778e-13	0.00168853
-29.3732	3.18529e-12	-0.00357618	-1.18771e-16	6.53315e-09	3.87711e-13	0.00167447
-29.3723	3.09526e-12	-0.00357624	-1.27036e-16	6.47893e-09	-7.75298e-14	0.00166035
-29.3715	3.00277e-12	-0.00357631	-1.35491e-16	6.42074e-09	8.92572e-14	0.00164598
-29.3707	2.91477e-12	-0.00357637	-1.43512e-16	6.36127e-09	-2.39593e-13	0.00163094
-29.3699	2.81787e-12	-0.00357643	-1.52234e-16	6.3038e-09	-7.32956e-14	0.001616
-29.3691	2.71889e-12	-0.0035765	-1.61094e-16	6.24149e-09	-2.43622e-13	0.00160069
-29.3683	2.61119e-12	-0.00357656	-1.7065e-16	6.17908e-09	-5.35972e-13	0.00158475
-29.3675	2.48345e-12	-0.00357662	-1.81817e-16	6.11845e-09	-4.84057e-14	0.00156903
-29.3667	2.35507e-12	-0.00357668	-1.92992e-16	6.05241e-09	4.08074e-13	0.00155284
-29.3659	2.24383e-12	-0.00357674	-2.02708e-16	5.98693e-09	-1.63169e-13	0.00153603
-29.3652	2.12757e-12	-0.0035768	-2.12827e-16	5.92325e-09	8.19326e-14	0.00151953
-29.3644	2.01564e-12	-0.00357686	-2.22535e-16	5.85365e-09	1.03515e-13	0.0015025
-29.3637	1.9089e-12	-0.00357692	-2.31757e-16	5.78484e-09	-9.63428e-14	0.00148482
-29.3629	1.79985e-12	-0.00357697	-2.41156e-16	5.71809e-09	2.59456e-14	0.0014675
-29.3622	1.69302e-12	-0.00357703	-2.50342e-16	5.64515e-09	-4.93741e-13	0.00144965
-29.3615	1.56977e-12	-0.00357709	-2.60848e-16	5.57235e-09	-7.24091e-13	0.00143103
-29.3608	1.42237e-12	-0.00357714	-2.73246e-16	5.50238e-09	2.24729e-13	0.00141279
-29.3601	1.28471e-12	-0.00357719	-2.84802e-16	5.42652e-09	4.96774e-13	0.00139416
-29.3594	1.16615e-12	-0.00357725	-2.94808e-16	5.34871e-09	4.31369e-13	0.00137453
-29.3587	1.06401e-12	-0.0035773	-3.03435e-16	5.27481e-09	-2.02907e-14	0.00135515
-29.358	9.62599e-13	-0.00357735	-3.11991e-16	5.19705e-09	-3.94954e-13	0.00133578
-29.3573	8.49593e-13	-0.0035774	-3.21422e-16	5.11311e-09	-4.31148e-13	0.00131513
-29.3567	7.24355e-13	-0.00357745	-3.31829e-16	5.03383e-09	-1.0153e-12	0.00129428
-29.356	5.68466e-13	-0.0035775	-3.44639e-16	4.95464e-09	-8.97232e-13	0.00127404
-29.3554	3.86682e-13	-0.00357755	-3.59482e-16	4.86564e-09	1.43689e-13	0.00125256
-29.3548	2.12626e-13	-0.0035776	-3.73682e-16	4.77825e-09	2.4869e-13	0.00123004
-29.3542	4.92775e-14	-0.00357764	-3.8697e-16	4.6948e-09	1.93111e-12	0.00120822
-29.3536	-5.33986e-14	-0.00357769	-3.9538e-16	4.60681e-09	2.30403e-12	0.00118633
-29.353	-8.6462e-14	-0.00357773	-3.98227e-16	4.50957e-09	2.38612e-12	0.00116267
-29.3524	-5.02104e-14	-0.00357778	-3.9555e-16	4.41712e-09	3.3145e-13	0.00113845
-29.3519	-5.36714e-15	-0.00357782	-3.92185e-16	4.32777e-09	-3.01271e-12	0.00111524
-29.3513	-4.45704e-14	-0.00357786	-3.95524e-16	4.2326e-09	-4.7665e-12	0.00109169
-29.3508	-2.11551e-13	-0.0035779	-4.08948e-16	4.12827e-09	-3.47742e-12	0.00106622
-29.3502	-4.65945e-13	-0.00357794	-4.29244e-16	4.02885e-09	-1.69641e-12	0.0010402
-29.3497	-7.57783e-13	-0.00357798	-4.52459e-16	3.93357e-09	-1.49096e-12	0.00101535
-29.3492	-1.08011e-12	-0.00357802	-4.78015e-16	3.83666e-09	1.00507e-12	0.000990821
-29.3487	-1.36989e-12	-0.00357806	-5.00951e-16	3.72907e-09	4.0835e-12	0.000964718
-29.3483	-1.55446e-12	-0.00357809	-5.15563e-16	3.62261e-09	5.26931e-12	0.000937398
-29.3478	-1.61206e-12	-0.00357813	-5.20126e-16	3.52238e-09	5.32455e-12	0.000911019
-29.3474	-1.5485e-12	-0.00357816	-5.15164e-16	3.42607e-09	5.22233e-12	0.000885938
-29.3469	-1.37262e-12	-0.00357819	-5.01388e-16	3.32934e-09	4.50483e-12	0.000861304
-29.3465	-1.10609e-12	-0.00357823	-4.80546e-16	3.22524e-09	2.29188e-12	0.000835676
-29.3461	-8.0079e-13	-0.00357826	-4.56687e-16	3.12242e-09	-9.32744e-13	0.000809274
-29.3457	-5.23791e-13	-0.00357829	-4.35084e-16	3.02724e-09	-5.21951e-12	0.000784012
-29.3453	-3.55961e-13	-0.00357832	-4.2205e-16	2.93912e-09	-1.03906e-11	0.000760624
-29.3449	-3.87685e-13	-0.00357834	-4.24667e-16	2.85688e-09	-1.4206e-11	0.00073889
-29.3446	-6.7721e-13	-0.00357837	-4.47396e-16	2.77725e-09	-1.25351e-11	0.00071824
-29.3442	-1.18056e-12	-0.0035784	-4.86782e-16	2.69621e-09	-5.3939e-12	0.000697743
-29.3439	-1.7619e-12	-0.00357842	-5.32151e-16	2.61695e-09	-2.52332e-12	0.000677295
-29.3435	-2.36823e-12	-0.00357845	-5.7943e-16	2.5462e-09	3.91817e-12	0.00065816
-29.3432	-2.89457e-12	-0.00357847	-6.20397e-16	2.48427e-09	5.44353e-12	0.000641236
-29.3429	-3.32191e-12	-0.0035785	-6.53627e-16	2.43037e-09	6.52123e-12	0.000626461
-29.3426	-3.63896e-12	-0.00357852	-6.78199e-16	2.38372e-09	4.60426e-12	0.000613636
-29.3423	-3.87998e-12	-0.00357854	-6.96853e-16	2.34321e-09	6.46261e-12	0.00060252
-29.342	-4.02038e-12	-0.00357856	-7.07659e-16	2.30772e-09	9.05879e-12	0.000592827
-29.3417	-4.02543e-12	-0.00357859	-7.07952e-16	2.27554e-09	8.75041e-12	0.000584196
-29.3414	-3.9035e-12	-0.00357861	-6.98393e-16	2.24868e-09	5.40274e-12	0.000576665
-29.3411	-3.70559e-12	-0.00357863	-6.82953e-16	2.2307e-09	8.86491e-12	0.000570948
-29.3408	-3.38323e-12	-0.00357865	-6.57921e-16	2.22083e-09	5.68987e-12	0.000567396
-29.3405	-2.98177e-12	-0.00357867	-6.26781e-16	2.21854e-09	-6.43119e-13	0.000565845
-29.3403	-2.58981e-12	-0.00357869	-5.96391e-16	2.22354e-09	-3.46434e-12	0.000566192
-29.34	-2.24607e-12	-0.00357871	-5.69789e-16	2.23529e-09	-3.60856e-12	0.000568327
-29.3397	-1.95191e-12	-0.00357874	-5.47071e-16	2.25346e-09	-3.17845e-12	0.000572142
-29.3394	-1.70101e-12	-0.00357876	-5.27732e-16	2.27761e-09	-1.0042e-12	0.000577539
-29.3391	-1.46199e-12	-0.00357878	-5.09288e-16	2.30751e-09	-2.83529e-12	0.000584433
-29.3388	-1.26154e-12	-0.0035788	-4.93872e-16	2.34273e-09	-8.89675e-12	0.000592739
-29.3385	-1.19085e-12	-0.00357882	-4.88454e-16	2.38326e-09	-2.14873e-12	0.0006024
-29.3382	-1.15158e-12	-0.00357884	-4.85496e-16	2.44457e-09	-7.11184e-12	0.000615389
-29.3379	-1.2221e-12	-0.00357887	-4.90963e-16	2.5376e-09	-1.7613e-12	0.000635075
-29.3376	-1.32379e-12	-0.00357889	-4.98845e-16	2.64942e-09	-1.80986e-12	0.000661205
-29.3372	-1.46053e-12	-0.00357892	-5.09386e-16	2.7782e-09	-2.37064e-12	0.000691895
-29.3369	-1.6459e-12	-0.00357894	-5.23646e-16	2.92399e-09	5.57159e-13	0.000726921
-29.3365	-1.83063e-12	-0.00357897	-5.37842e-16	3.08863e-09	1.56633e-13	0.000766526
-29.3361	-2.02267e-12	-0.003579	-5.52578e-16	3.27389e-09	1.41785e-12	0.000811171
-29.3357	-2.19666e-12	-0.00357903	-5.65913e-16	3.48341e-09	-2.19508e-12	0.000861546
-29.3353	-2.43053e-12	-0.00357906	-5.83778e-16	3.72087e-09	1.89952e-12	0.000918588
-29.3348	-2.63531e-12	-0.0035791	-5.99387e-16	3.99355e-09	3.18059e-14	0.000983697
-29.3343	-2.85429e-12	-0.00357914	-6.16036e-16	4.31019e-09	3.47693e-13	0.00105892
-29.3337	-3.0811e-12	-0.00357918	-6.33249e-16	4.6882e-09	5.37532e-13	0.00114761
-29.3331	-3.31176e-12	-0.00357922	-6.50684e-16	5.16039e-09	1.46396e-12	0.00125618
-29.3325	-3.51749e-12	-0.00357927	-6.6618e-16	5.83748e-09	2.49414e-12	0.00140298
-29.3317	-3.65739e-12	-0.00357932	-6.7658e-16	6.76137e-09	2.1889e-12	0.00160755
-29.3309	-3.72503e-12	-0.00357939	-6.81468e-16	8.02764e-09	1.10386e-12	0.00188754
-29.3298	-3.74882e-12	-0.00357946	-6.82953e-16	9.89287e-09	7.93753e-14	0.00228816
-29.3286	-3.77312e-12	-0.00357956	-6.84434e-16	1.3025e-08	-3.05156e-13	0.00292821
-29.3269	-3.83055e-12	-0.00357968	-6.882e-16	1.96272e-08	2.75945e-13	0.00417769
-29.3244	-3.88257e-12	-0.00357986	-6.91286e-16	3.93545e-08	1.00746e-12	0.00757753
-29.3193	-3.73229e-12	-0.00358023	-6.78569e-16	2.2781e-07	1.2535e-13	0.0359989
-29.2884	-2.62049e-12	-0.0035824	-5.93002e-16	-0.055742	-7.19704e-13	59.8671
30.5477	-1.11963e-12	-0.0133311	-1.63046e-17	-0.0960429	-3.07895e-16	119.839
