29.1809	-1.33227e-09	-0.00361418	-1.17741e-13	0.04	-2.10052e-08	60.0101
29.1812	-1.57107e-09	-0.00361419	-1.21989e-13	1.20255e-10	2.2574e-07	0.000242814
29.1812	-1.41289e-09	-0.00361419	-1.19172e-13	6.13605e-11	2.46018e-07	2.3782e-05
29.1812	-1.22515e-09	-0.00361419	-1.15828e-13	5.08529e-11	-5.62501e-08	1.46571e-05
29.1812	-1.10035e-09	-0.00361419	-1.13606e-13	4.72924e-11	-1.93904e-07	1.19838e-05
29.1812	-1.04361e-09	-0.00361419	-1.12596e-13	4.34725e-11	-1.39793e-07	1.10787e-05
29.1812	-1.02713e-09	-0.00361419	-1.12303e-13	4.22201e-11	-2.99024e-08	1.07913e-05
29.1812	-1.01883e-09	-0.00361419	-1.12155e-13	4.24045e-11	2.36374e-08	1.0778e-05
29.1812	-1.00408e-09	-0.00361419	-1.11893e-13	4.30568e-11	2.07448e-08	1.09019e-05
29.1812	-9.83402e-10	-0.00361419	-1.11525e-13	4.40247e-11	-2.68493e-09	1.11006e-05
29.1812	-9.63049e-10	-0.00361419	-1.11163e-13	4.50893e-11	-2.01308e-08	1.13429e-05
29.1812	-9.48001e-10	-0.00361419	-1.10895e-13	4.61908e-11	-2.90039e-08	1.16131e-05
29.1812	-9.41106e-10	-0.00361419	-1.10773e-13	4.73177e-11	-1.60697e-08	1.19035e-05
29.1813	-9.38877e-10	-0.00361419	-1.10733e-13	4.8535e-11	-2.29773e-08	1.22097e-05
29.1813	-9.43695e-10	-0.00361419	-1.10819e-13	4.98034e-11	-1.46015e-08	1.25301e-05
29.1813	-9.53273e-10	-0.00361419	-1.1099e-13	5.11294e-11	-1.51273e-08	1.28636e-05
29.1813	-9.68037e-10	-0.00361419	-1.11253e-13	5.24999e-11	-1.58593e-08	1.32104e-05
29.1813	-9.88509e-10	-0.00361419	-1.11618e-13	5.39099e-11	-2.08568e-08	1.35705e-05
29.1813	-1.01671e-09	-0.00361419	-1.1212e-13	5.54485e-11	-6.73418e-09	1.39444e-05
29.1813	-1.04808e-09	-0.00361419	-1.12678e-13	5.69641e-11	-1.38605e-08	1.43324e-05
29.1813	-1.08536e-09	-0.00361419	-1.13341e-13	5.85777e-11	-1.11314e-08	1.4735e-05
29.1813	-1.12784e-09	-0.00361419	-1.14097e-13	6.02952e-11	-2.21671e-09	1.51526e-05
29.1813	-1.17239e-09	-0.00361419	-1.1489e-13	6.20847e-11	8.99322e-09	1.55853e-05
29.1813	-1.21466e-09	-0.00361419	-1.15642e-13	6.38199e-11	-1.76427e-09	1.60339e-05
29.1813	-1.25887e-09	-0.00361419	-1.16428e-13	6.58062e-11	2.18648e-08	1.65007e-05
29.1813	-1.29523e-09	-0.00361419	-1.17074e-13	6.76762e-11	6.12247e-09	1.69875e-05
29.1813	-1.33002e-09	-0.00361419	-1.17693e-13	6.977e-11	2.6932e-08	1.74946e-05
29.1814	-1.35391e-09	-0.00361419	-1.18117e-13	7.18413e-11	2.3942e-08	1.80221e-05
29.1814	-1.36757e-09	-0.00361419	-1.1836e-13	7.40067e-11	2.73063e-08	1.85705e-05
29.1814	-1.36879e-09	-0.00361419	-1.18381e-13	7.62626e-11	1.90866e-08	1.9141e-05
29.1814	-1.36076e-09	-0.00361419	-1.18239e-13	7.86247e-11	2.24153e-08	1.97361e-05
29.1814	-1.34126e-09	-0.00361419	-1.17892e-13	8.11223e-11	1.21191e-08	2.03578e-05
29.1814	-1.31487e-09	-0.00361419	-1.17422e-13	8.37239e-11	6.7387e-09	2.10058e-05
29.1814	-1.28405e-09	-0.00361419	-1.16875e-13	8.64546e-11	-6.74678e-09	2.16793e-05
29.1814	-1.25595e-09	-0.00361419	-1.16375e-13	8.92557e-11	-8.06346e-09	2.23792e-05
29.1814	-1.23152e-09	-0.00361419	-1.15941e-13	9.2196e-11	-1.64356e-08	2.31094e-05
29.1814	-1.21594e-09	-0.00361419	-1.15664e-13	9.5236e-11	-1.348e-08	2.38719e-05
29.1815	-1.20802e-09	-0.00361419	-1.15524e-13	9.83938e-11	-1.22758e-08	2.46646e-05
29.1815	-1.20753e-09	-0.00361419	-1.15515e-13	1.01664e-10	-9.52812e-09	2.54854e-05
29.1815	-1.21319e-09	-0.00361419	-1.15615e-13	1.05071e-10	-3.34537e-09	2.63368e-05
29.1815	-1.22128e-09	-0.00361419	-1.15759e-13	1.08614e-10	-1.12394e-10	2.7222e-05
29.1815	-1.22972e-09	-0.00361419	-1.15909e-13	1.1226e-10	3.09848e-09	2.81374e-05
29.1815	-1.23623e-09	-0.00361419	-1.16024e-13	1.15994e-10	5.11536e-09	2.90773e-05
29.1815	-1.23917e-09	-0.00361419	-1.16077e-13	1.19833e-10	4.24564e-09	3.00422e-05
29.1816	-1.23898e-09	-0.00361419	-1.16073e-13	1.2375e-10	2.29463e-09	3.10305e-05
29.1816	-1.23696e-09	-0.00361419	-1.16037e-13	1.27683e-10	7.30532e-10	3.20307e-05
29.1816	-1.23429e-09	-0.00361419	-1.1599e-13	1.31589e-10	-3.71909e-10	3.30294e-05
29.1816	-1.23185e-09	-0.00361419	-1.15946e-13	1.35455e-10	-7.54118e-10	3.40194e-05
29.1816	-1.22999e-09	-0.00361419	-1.15913e-13	1.39611e-10	-4.59099e-10	3.50414e-05
29.1816	-1.22848e-09	-0.00361419	-1.15887e-13	1.44126e-10	-6.05547e-10	3.61461e-05
29.1817	-1.22747e-09	-0.00361419	-1.15869e-13	1.48961e-10	-3.14043e-10	3.73373e-05
29.1817	-1.22674e-09	-0.00361419	-1.15856e-13	1.54077e-10	-2.79285e-10	3.8605e-05
29.1817	-1.22624e-09	-0.00361419	-1.15847e-13	1.59444e-10	-6.83785e-11	3.99406e-05
29.1817	-1.22581e-09	-0.00361419	-1.15839e-13	1.65101e-10	-5.89309e-11	4.13451e-05
29.1817	-1.22541e-09	-0.00361419	-1.15832e-13	1.7103e-10	1.17971e-10	4.28212e-05
29.1818	-1.22488e-09	-0.00361419	-1.15823e-13	1.77191e-10	3.34313e-11	4.43614e-05
29.1818	-1.22429e-09	-0.00361419	-1.15812e-13	1.83615e-10	-2.73471e-10	4.59647e-05
29.1818	-1.224e-09	-0.00361419	-1.15807e-13	1.90271e-10	-1.49396e-10	4.76311e-05
29.1818	-1.22387e-09	-0.00361419	-1.15805e-13	1.97094e-10	-1.77982e-10	4.93482e-05
29.1819	-1.22397e-09	-0.00361419	-1.15806e-13	2.04106e-10	-2.39318e-10	5.11108e-05
29.1819	-1.22438e-09	-0.00361419	-1.15814e-13	2.11243e-10	3.41554e-10	5.29135e-05
29.1819	-1.22435e-09	-0.00361419	-1.15813e-13	2.18436e-10	-1.29759e-10	5.47392e-05
29.1819	-1.22449e-09	-0.00361419	-1.15815e-13	2.25693e-10	-2.91269e-10	5.65802e-05
29.182	-1.22506e-09	-0.00361419	-1.15825e-13	2.32906e-10	1.43557e-10	5.84237e-05
29.182	-1.22543e-09	-0.00361419	-1.15832e-13	2.40006e-10	4.64121e-10	6.02473e-05
29.182	-1.22511e-09	-0.00361419	-1.15826e-13	2.47613e-10	-1.55023e-10	6.2121e-05
29.1821	-1.22502e-09	-0.00361419	-1.15825e-13	2.55852e-10	-1.95531e-10	6.41398e-05
29.1821	-1.22525e-09	-0.00361419	-1.15828e-13	2.64314e-10	-1.88152e-10	6.62676e-05
29.1821	-1.2258e-09	-0.00361419	-1.15838e-13	2.72898e-10	8.90245e-11	6.84393e-05
29.1822	-1.22621e-09	-0.00361419	-1.15845e-13	2.81473e-10	4.63541e-11	7.06255e-05
29.1822	-1.22655e-09	-0.00361419	-1.15851e-13	2.90101e-10	7.4567e-11	7.28173e-05
29.1822	-1.22677e-09	-0.00361419	-1.15855e-13	2.9876e-10	1.19719e-10	7.50198e-05
29.1823	-1.22676e-09	-0.00361419	-1.15855e-13	3.0753e-10	7.63392e-11	7.72404e-05
29.1823	-1.22661e-09	-0.0036142	-1.15852e-13	3.16775e-10	-1.07398e-10	7.95356e-05
29.1823	-1.22666e-09	-0.0036142	-1.15853e-13	3.2674e-10	5.93602e-11	8.19832e-05
29.1824	-1.2266e-09	-0.0036142	-1.15852e-13	3.36764e-10	-1.2915e-10	8.453e-05
29.1824	-1.22681e-09	-0.0036142	-1.15855e-13	3.46525e-10	-8.04309e-12	8.70507e-05
29.1825	-1.22704e-09	-0.0036142	-1.15859e-13	3.56014e-10	1.79196e-10	8.95034e-05
29.1825	-1.22687e-09	-0.0036142	-1.15856e-13	3.65494e-10	1.22663e-10	9.19203e-05
29.1826	-1.22642e-09	-0.0036142	-1.15848e-13	3.75099e-10	3.72025e-11	9.43518e-05
29.1826	-1.22586e-09	-0.0036142	-1.15838e-13	3.85539e-10	-7.02798e-11	9.6906e-05
29.1827	-1.22546e-09	-0.0036142	-1.15831e-13	3.96484e-10	-9.05089e-11	9.96308e-05
29.1827	-1.22528e-09	-0.0036142	-1.15828e-13	4.06861e-10	-1.08894e-10	0.000102347
29.1828	-1.22537e-09	-0.0036142	-1.1583e-13	4.16962e-10	1.04316e-10	0.000104957
29.1828	-1.22519e-09	-0.0036142	-1.15826e-13	4.26888e-10	1.19365e-10	0.000107508
29.1829	-1.22468e-09	-0.0036142	-1.15817e-13	4.37296e-10	-1.01945e-10	0.000110099
29.1829	-1.22445e-09	-0.0036142	-1.15813e-13	4.4847e-10	-1.22118e-10	0.000112849
29.183	-1.22455e-09	-0.0036142	-1.15815e-13	4.59165e-10	-3.1779e-11	0.000115636
29.183	-1.22475e-09	-0.0036142	-1.15818e-13	4.69514e-10	8.56858e-11	0.000118317
29.1831	-1.2247e-09	-0.0036142	-1.15817e-13	4.79689e-10	-2.20284e-11	0.000120932
29.1832	-1.22472e-09	-0.0036142	-1.15817e-13	4.90485e-10	-7.30469e-11	0.000123604
29.1832	-1.22496e-09	-0.0036142	-1.15822e-13	5.01452e-10	-1.33463e-10	0.000126377
29.1833	-1.22564e-09	-0.0036142	-1.15833e-13	5.11911e-10	-3.70745e-11	0.000129107
29.1834	-1.22645e-09	-0.0036142	-1.15847e-13	5.2215e-10	1.3394e-10	0.000131745
29.1834	-1.22683e-09	-0.0036142	-1.15854e-13	5.32621e-10	-3.25173e-11	0.000134384
29.1835	-1.22733e-09	-0.0036142	-1.15862e-13	5.43429e-10	5.68236e-12	0.000137095
29.1836	-1.22782e-09	-0.0036142	-1.15871e-13	5.53713e-10	2.87876e-12	0.000139783
29.1836	-1.22831e-09	-0.00361421	-1.15879e-13	5.6381e-10	4.33677e-11	0.00014238
29.1837	-1.22865e-09	-0.00361421	-1.15885e-13	5.74098e-10	-7.30956e-11	0.000144977
29.1838	-1.22926e-09	-0.00361421	-1.15895e-13	5.84455e-10	-4.59679e-12	0.000147608
29.1839	-1.22991e-09	-0.00361421	-1.15906e-13	5.94383e-10	5.54195e-12	0.000150193
29.1839	-1.23054e-09	-0.00361421	-1.15917e-13	6.04183e-10	4.21245e-11	0.000152707
29.184	-1.23102e-09	-0.00361421	-1.15925e-13	6.14176e-10	3.64027e-12	0.000155229
29.1841	-1.2315e-09	-0.00361421	-1.15933e-13	6.23894e-10	-4.15205e-11	0.000157741
29.1842	-1.23215e-09	-0.00361421	-1.15944e-13	6.33334e-10	-5.29662e-11	0.000160182
29.1842	-1.23302e-09	-0.00361421	-1.15959e-13	6.42792e-10	1.52245e-11	0.00016259
29.1843	-1.23384e-09	-0.00361421	-1.15973e-13	6.52151e-10	4.85019e-11	0.000164988
29.1844	-1.23448e-09	-0.00361421	-1.15984e-13	6.61194e-10	-1.47078e-11	0.000167333
29.1845	-1.23518e-09	-0.00361421	-1.15996e-13	6.7013e-10	3.43066e-12	0.000169624
29.1846	-1.23588e-09	-0.00361421	-1.16007e-13	6.78986e-10	-3.7064e-11	0.000171891
29.1847	-1.23675e-09	-0.00361421	-1.16022e-13	6.8755e-10	7.93701e-12	0.000174111
29.1848	-1.23759e-09	-0.00361421	-1.16036e-13	6.95951e-10	-8.26569e-13	0.000176273
29.1848	-1.23845e-09	-0.00361421	-1.16051e-13	7.0424e-10	6.91456e-13	0.0001784
29.1849	-1.23931e-09	-0.00361421	-1.16065e-13	7.12235e-10	1.33935e-11	0.000180475
29.185	-1.24013e-09	-0.00361421	-1.16079e-13	7.20079e-10	6.19758e-12	0.000182494
29.1851	-1.24092e-09	-0.00361422	-1.16092e-13	7.27737e-10	-2.01124e-11	0.000184469
29.1852	-1.24182e-09	-0.00361422	-1.16107e-13	7.35113e-10	-9.21271e-13	0.000186385
29.1853	-1.24273e-09	-0.00361422	-1.16122e-13	7.42346e-10	-6.20783e-12	0.000188247
29.1854	-1.24368e-09	-0.00361422	-1.16138e-13	7.49339e-10	1.3778e-11	0.00019006
29.1855	-1.24457e-09	-0.00361422	-1.16153e-13	7.56046e-10	-2.76809e-11	0.000191805
29.1856	-1.2456e-09	-0.00361422	-1.1617e-13	7.62633e-10	2.64371e-11	0.0001935
29.1857	-1.24652e-09	-0.00361422	-1.16185e-13	7.68908e-10	2.22128e-11	0.000195139
29.1858	-1.24733e-09	-0.00361422	-1.16198e-13	7.74934e-10	1.53831e-11	0.000196707
29.1859	-1.24807e-09	-0.00361422	-1.1621e-13	7.80838e-10	-4.45644e-11	0.000198227
29.186	-1.24904e-09	-0.00361422	-1.16226e-13	7.86374e-10	-2.9976e-11	0.000199685
29.1861	-1.25017e-09	-0.00361422	-1.16245e-13	7.91698e-10	-5.86122e-12	0.000201069
29.1862	-1.25133e-09	-0.00361422	-1.16264e-13	7.96892e-10	-4.07146e-12	0.000202409
29.1863	-1.25253e-09	-0.00361422	-1.16284e-13	8.01649e-10	5.58083e-11	0.000203677
29.1864	-1.25344e-09	-0.00361422	-1.16298e-13	8.06269e-10	3.4004e-11	0.000204872
29.1865	-1.25419e-09	-0.00361423	-1.1631e-13	8.10714e-10	-4.70163e-11	0.000206028
29.1866	-1.25518e-09	-0.00361423	-1.16326e-13	8.14705e-10	-2.62786e-11	0.000207103
29.1867	-1.25631e-09	-0.00361423	-1.16345e-13	8.18625e-10	-2.75222e-11	0.000208111
29.1868	-1.25759e-09	-0.00361423	-1.16366e-13	8.22303e-10	2.43246e-11	0.000209079
29.1869	-1.25875e-09	-0.00361423	-1.16385e-13	8.25532e-10	1.43117e-11	0.000209959
29.187	-1.25985e-09	-0.00361423	-1.16402e-13	8.28756e-10	1.22039e-11	0.000210782
29.1871	-1.26087e-09	-0.00361423	-1.16419e-13	8.31614e-10	1.95842e-11	0.000211557
29.1872	-1.2618e-09	-0.00361423	-1.16433e-13	8.34119e-10	2.24445e-12	0.00021224
29.1873	-1.26273e-09	-0.00361423	-1.16448e-13	8.36637e-10	-2.08768e-11	0.000212881
29.1874	-1.26376e-09	-0.00361423	-1.16465e-13	8.38657e-10	-9.05717e-12	0.000213459
29.1875	-1.26485e-09	-0.00361423	-1.16482e-13	8.40471e-10	-1.70814e-11	0.000213947
29.1876	-1.26602e-09	-0.00361423	-1.16501e-13	8.42264e-10	1.10133e-11	0.000214407
29.1878	-1.26715e-09	-0.00361423	-1.16519e-13	8.43451e-10	-1.99673e-11	0.000214787
29.1879	-1.26838e-09	-0.00361423	-1.16538e-13	8.44603e-10	2.07107e-11	0.000215085
29.188	-1.2695e-09	-0.00361424	-1.16556e-13	8.45626e-10	-8.36738e-12	0.000215362
29.1881	-1.27067e-09	-0.00361424	-1.16574e-13	8.4603e-10	1.33308e-11	0.000215544
29.1882	-1.27177e-09	-0.00361424	-1.16592e-13	8.46521e-10	4.11051e-12	0.000215658
29.1883	-1.27284e-09	-0.00361424	-1.16608e-13	8.46733e-10	-5.01828e-13	0.000215748
29.1884	-1.27392e-09	-0.00361424	-1.16625e-13	8.46397e-10	-3.40497e-11	0.000215732
29.1885	-1.27518e-09	-0.00361424	-1.16645e-13	8.46225e-10	1.15054e-11	0.000215667
29.1886	-1.27638e-09	-0.00361424	-1.16664e-13	8.45605e-10	-9.76375e-12	0.000215566
29.1887	-1.27763e-09	-0.00361424	-1.16683e-13	8.44567e-10	3.33667e-11	0.000215355
29.1888	-1.2787e-09	-0.00361424	-1.167e-13	8.43706e-10	-1.22512e-12	0.000215113
29.1889	-1.27978e-09	-0.00361424	-1.16717e-13	8.42235e-10	1.06688e-11	0.000214816
29.189	-1.28079e-09	-0.00361424	-1.16732e-13	8.40495e-10	-1.25634e-11	0.000214407
29.1892	-1.28188e-09	-0.00361424	-1.16749e-13	8.38918e-10	-6.24542e-13	0.000213984
29.1893	-1.28296e-09	-0.00361424	-1.16765e-13	8.36589e-10	-1.20476e-11	0.000213486
29.1894	-1.2841e-09	-0.00361424	-1.16783e-13	8.34132e-10	-3.0991e-11	0.000212876
29.1895	-1.28541e-09	-0.00361424	-1.16803e-13	8.31802e-10	2.18593e-12	0.000212266
29.1896	-1.2867e-09	-0.00361425	-1.16823e-13	8.28617e-10	3.16732e-11	0.000211563
29.1897	-1.28782e-09	-0.00361425	-1.1684e-13	8.2538e-10	-5.80075e-12	0.000210745
29.1898	-1.28896e-09	-0.00361425	-1.16857e-13	8.22265e-10	9.83204e-12	0.000209935
29.1899	-1.29005e-09	-0.00361425	-1.16874e-13	8.18196e-10	1.08814e-11	0.00020902
29.19	-1.29108e-09	-0.00361425	-1.16889e-13	8.14096e-10	-1.65727e-12	0.000207979
29.1901	-1.29211e-09	-0.00361425	-1.16905e-13	8.10149e-10	5.79525e-12	0.000206953
29.1902	-1.2931e-09	-0.00361425	-1.1692e-13	8.05179e-10	-2.51812e-11	0.000205817
29.1903	-1.29422e-09	-0.00361425	-1.16936e-13	8.00075e-10	-3.77385e-11	0.000204533
29.1904	-1.29552e-09	-0.00361425	-1.16956e-13	7.95228e-10	1.83247e-11	0.000203265
29.1905	-1.29672e-09	-0.00361425	-1.16974e-13	7.89373e-10	3.32183e-11	0.000201901
29.1906	-1.29775e-09	-0.00361425	-1.1699e-13	7.83068e-10	2.8456e-11	0.000200351
29.1907	-1.29863e-09	-0.00361425	-1.17003e-13	7.77169e-10	2.50978e-12	0.000198796
29.1908	-1.29948e-09	-0.00361425	-1.17015e-13	7.70536e-10	-1.80283e-11	0.000197199
29.1909	-1.30042e-09	-0.00361425	-1.17029e-13	7.62808e-10	-1.93834e-11	0.000195369
29.191	-1.30145e-09	-0.00361425	-1.17044e-13	7.55593e-10	-4.98612e-11	0.000193464
29.1911	-1.3027e-09	-0.00361425	-1.17063e-13	7.48217e-10	-4.20445e-11	0.000191605
29.1912	-1.30414e-09	-0.00361426	-1.17085e-13	7.3917e-10	1.33561e-11	0.000189512
29.1913	-1.3055e-09	-0.00361426	-1.17105e-13	7.30168e-10	1.83369e-11	0.000187212
29.1914	-1.30676e-09	-0.00361426	-1.17124e-13	7.21577e-10	1.03072e-10	0.00018497
29.1915	-1.30753e-09	-0.00361426	-1.17135e-13	7.12097e-10	1.18655e-10	0.000182667
29.1916	-1.30776e-09	-0.00361426	-1.17137e-13	7.00977e-10	1.19217e-10	0.000180042
29.1917	-1.30744e-09	-0.00361426	-1.17131e-13	6.90391e-10	1.51958e-11	0.000177276
29.1917	-1.30707e-09	-0.00361426	-1.17123e-13	6.80086e-10	-1.47063e-10	0.000174614
29.1918	-1.30733e-09	-0.00361426	-1.17126e-13	6.68663e-10	-2.26885e-10	0.000171845
29.1919	-1.30856e-09	-0.00361426	-1.17144e-13	6.5557e-10	-1.59659e-10	0.000168721
29.192	-1.31043e-09	-0.00361426	-1.17173e-13	6.43035e-10	-7.20081e-11	0.000165455
29.1921	-1.31257e-09	-0.00361426	-1.17206e-13	6.30953e-10	-6.06585e-11	0.000162318
29.1922	-1.3149e-09	-0.00361426	-1.17242e-13	6.18404e-10	5.53568e-11	0.000159179
29.1922	-1.31697e-09	-0.00361426	-1.17273e-13	6.03915e-10	1.9374e-10	0.000155734
29.1923	-1.31825e-09	-0.00361426	-1.17292e-13	5.89386e-10	2.4227e-10	0.000152036
29.1924	-1.31858e-09	-0.00361426	-1.17296e-13	5.7566e-10	2.38912e-10	0.000148435
29.1925	-1.31804e-09	-0.00361426	-1.17286e-13	5.62379e-10	2.28854e-10	0.000144994
29.1925	-1.31668e-09	-0.00361426	-1.17264e-13	5.48837e-10	1.92309e-10	0.000141576
29.1926	-1.31469e-09	-0.00361426	-1.17231e-13	5.33886e-10	9.21427e-11	0.000137946
29.1927	-1.31243e-09	-0.00361426	-1.17194e-13	5.18951e-10	-4.84578e-11	0.000134137
29.1927	-1.3104e-09	-0.00361426	-1.1716e-13	5.05102e-10	-2.30284e-10	0.00013047
29.1928	-1.30917e-09	-0.00361427	-1.1714e-13	4.92265e-10	-4.44509e-10	0.000127069
29.1929	-1.30936e-09	-0.00361427	-1.17142e-13	4.80265e-10	-5.96082e-10	0.000123904
29.1929	-1.31137e-09	-0.00361427	-1.17173e-13	4.68562e-10	-5.15061e-10	0.000120884
29.193	-1.31486e-09	-0.00361427	-1.17227e-13	4.56487e-10	-2.10017e-10	0.000117855
29.1931	-1.31888e-09	-0.00361427	-1.1729e-13	4.4458e-10	-8.84775e-11	0.000114799
29.1931	-1.32305e-09	-0.00361427	-1.17354e-13	4.33999e-10	1.75758e-10	0.000111934
29.1932	-1.32662e-09	-0.00361427	-1.1741e-13	4.24817e-10	2.34355e-10	0.000109415
29.1932	-1.32949e-09	-0.00361427	-1.17454e-13	4.1692e-10	2.73655e-10	0.000107239
29.1933	-1.33158e-09	-0.00361427	-1.17486e-13	4.10193e-10	1.92327e-10	0.000105376
29.1933	-1.33313e-09	-0.00361427	-1.1751e-13	4.04459e-10	2.6304e-10	0.000103788
29.1934	-1.33399e-09	-0.00361427	-1.17522e-13	3.99538e-10	3.61373e-10	0.000102431
29.1934	-1.33391e-09	-0.00361427	-1.1752e-13	3.95142e-10	3.43569e-10	0.000101243
29.1935	-1.33297e-09	-0.00361427	-1.17504e-13	3.91631e-10	2.07577e-10	0.000100236
29.1935	-1.33152e-09	-0.00361427	-1.1748e-13	3.89638e-10	3.38658e-10	9.95346e-05
29.1936	-1.32923e-09	-0.00361427	-1.17443e-13	3.89044e-10	2.11046e-10	9.92051e-05
29.1936	-1.32643e-09	-0.00361427	-1.17398e-13	3.89778e-10	-3.48802e-11	9.92228e-05
29.1937	-1.32371e-09	-0.00361427	-1.17354e-13	3.91798e-10	-1.41873e-10	9.95736e-05
29.1937	-1.32133e-09	-0.00361427	-1.17316e-13	3.95024e-10	-1.45265e-10	0.000100242
29.1938	-1.31929e-09	-0.00361427	-1.17283e-13	3.99416e-10	-1.26961e-10	0.000101213
29.1938	-1.31756e-09	-0.00361427	-1.17255e-13	4.04908e-10	-4.38348e-11	0.000102472
29.1939	-1.31591e-09	-0.00361427	-1.17228e-13	4.1147e-10	-1.11268e-10	0.000104008
29.1939	-1.31453e-09	-0.00361427	-1.17206e-13	4.19041e-10	-3.3325e-10	0.000105809
29.194	-1.31401e-09	-0.00361427	-1.17197e-13	4.27631e-10	-8.05273e-11	0.000107868
29.194	-1.3137e-09	-0.00361427	-1.17191e-13	4.40045e-10	-2.59906e-10	0.000110544
29.1941	-1.31411e-09	-0.00361427	-1.17197e-13	4.58316e-10	-6.19579e-11	0.000114454
29.1942	-1.31472e-09	-0.00361427	-1.17205e-13	4.8018e-10	-6.24749e-11	0.000119568
29.1942	-1.31555e-09	-0.00361427	-1.17217e-13	5.05359e-10	-8.1109e-11	0.000125562
29.1943	-1.31668e-09	-0.00361427	-1.17234e-13	5.33926e-10	2.41711e-11	0.000132411
29.1943	-1.3178e-09	-0.00361427	-1.1725e-13	5.66286e-10	9.91921e-12	0.000140174
29.1944	-1.31895e-09	-0.00361427	-1.17267e-13	6.02845e-10	5.37872e-11	0.000148956
29.1945	-1.31996e-09	-0.00361427	-1.17281e-13	6.44377e-10	-7.13414e-11	0.000158907
29.1946	-1.32134e-09	-0.00361428	-1.17301e-13	6.91689e-10	7.01113e-11	0.000170229
29.1947	-1.32251e-09	-0.00361428	-1.17318e-13	7.46304e-10	5.82521e-12	0.000183218
29.1948	-1.32374e-09	-0.00361428	-1.17335e-13	8.1008e-10	1.65902e-11	0.000198305
29.1949	-1.325e-09	-0.00361428	-1.17353e-13	8.86604e-10	2.27987e-11	0.000216185
29.195	-1.32624e-09	-0.00361428	-1.1737e-13	9.82579e-10	5.2531e-11	0.000238169
29.1951	-1.32729e-09	-0.00361428	-1.17384e-13	1.12007e-09	8.39222e-11	0.000267925
29.1952	-1.32789e-09	-0.00361428	-1.1739e-13	1.30888e-09	7.1307e-11	0.000309516
29.1954	-1.328e-09	-0.00361428	-1.17388e-13	1.57039e-09	3.49112e-11	0.000366922
29.1956	-1.32777e-09	-0.00361428	-1.17381e-13	1.96031e-09	2.47091e-12	0.000449976
29.1959	-1.32746e-09	-0.00361428	-1.17372e-13	2.62447e-09	-8.72449e-12	0.000584397
29.1962	-1.32719e-09	-0.00361428	-1.17361e-13	4.05298e-09	8.11211e-12	0.000851388
29.1967	-1.32657e-09	-0.00361429	-1.17342e-13	8.5166e-09	2.45997e-11	0.00160412
29.1978	-1.32391e-09	-0.00361429	-1.17281e-13	6.42658e-08	-1.25285e-11	0.00941264
29.2061	-1.3088e-09	-0.00361433	-1.16919e-13	-0.0560204	-3.78533e-11	59.9931
-30.8091	1.28055e-09	-0.0133474	1.19602e-13	-0.0960304	7.06224e-13	119.995
