27.348	-2.38015e-10	-0.00361032	-2.04952e-14	0.04	-9.44066e-09	60.0101
27.3483	-3.95289e-10	-0.00361033	-2.39217e-14	1.77329e-10	1.01469e-07	0.000355798
27.3484	-2.91218e-10	-0.00361033	-2.16532e-14	9.48906e-11	1.10675e-07	3.48095e-05
27.3484	-1.67649e-10	-0.00361033	-1.89607e-14	7.29226e-11	-2.52565e-08	2.14512e-05
27.3484	-8.54994e-11	-0.00361033	-1.7171e-14	6.55694e-11	-8.71948e-08	1.75377e-05
27.3484	-4.81417e-11	-0.00361033	-1.63573e-14	6.24623e-11	-6.28769e-08	1.62121e-05
27.3484	-3.72828e-11	-0.00361033	-1.6121e-14	6.1692e-11	-1.34499e-08	1.57908e-05
27.3484	-3.18123e-11	-0.00361033	-1.60021e-14	6.21088e-11	1.06388e-08	1.57706e-05
27.3484	-2.20933e-11	-0.00361033	-1.57906e-14	6.30811e-11	9.33991e-09	1.59511e-05
27.3484	-8.46809e-12	-0.00361033	-1.54941e-14	6.43966e-11	-1.20283e-09	1.6241e-05
27.3484	4.94449e-12	-0.00361033	-1.52023e-14	6.58837e-11	-9.05605e-09	1.65946e-05
27.3484	1.4865e-11	-0.00361033	-1.49866e-14	6.75015e-11	-1.30531e-08	1.6989e-05
27.3484	1.9418e-11	-0.00361033	-1.48878e-14	6.92e-11	-7.23336e-09	1.74128e-05
27.3484	2.08981e-11	-0.00361033	-1.48559e-14	7.09981e-11	-1.0346e-08	1.78597e-05
27.3485	1.7738e-11	-0.00361033	-1.49251e-14	7.28641e-11	-6.57712e-09	1.83273e-05
27.3485	1.1442e-11	-0.00361033	-1.50626e-14	7.4814e-11	-6.81607e-09	1.8814e-05
27.3485	1.72906e-12	-0.00361033	-1.52744e-14	7.68309e-11	-7.14812e-09	1.932e-05
27.3485	-1.17446e-11	-0.00361033	-1.5568e-14	7.89287e-11	-9.40212e-09	1.98454e-05
27.3485	-3.0315e-11	-0.00361033	-1.59726e-14	8.11155e-11	-3.04206e-09	2.03909e-05
27.3485	-5.09696e-11	-0.00361033	-1.64225e-14	8.33733e-11	-6.25487e-09	2.09569e-05
27.3485	-7.55231e-11	-0.00361033	-1.69571e-14	8.57191e-11	-5.0273e-09	2.15442e-05
27.3485	-1.03512e-10	-0.00361033	-1.75664e-14	8.8164e-11	-1.01088e-09	2.21531e-05
27.3485	-1.32864e-10	-0.00361033	-1.82053e-14	9.06944e-11	4.04246e-09	2.27841e-05
27.3485	-1.60719e-10	-0.00361033	-1.88115e-14	9.32991e-11	-8.07113e-10	2.34382e-05
27.3486	-1.89858e-10	-0.00361033	-1.94455e-14	9.60485e-11	9.84897e-09	2.41188e-05
27.3486	-2.13824e-10	-0.00361033	-1.99668e-14	9.88761e-11	2.75175e-09	2.48283e-05
27.3486	-2.36766e-10	-0.00361033	-2.04659e-14	1.01846e-10	1.2141e-08	2.55674e-05
27.3486	-2.5252e-10	-0.00361033	-2.08084e-14	1.04915e-10	1.07969e-08	2.63361e-05
27.3486	-2.61536e-10	-0.00361033	-2.10044e-14	1.08105e-10	1.23201e-08	2.71352e-05
27.3486	-2.62343e-10	-0.00361033	-2.10218e-14	1.11427e-10	8.61544e-09	2.79663e-05
27.3486	-2.57061e-10	-0.00361033	-2.09069e-14	1.14899e-10	1.01225e-08	2.88331e-05
27.3487	-2.44204e-10	-0.00361033	-2.06273e-14	1.18531e-10	5.47813e-09	2.97386e-05
27.3487	-2.26805e-10	-0.00361033	-2.02491e-14	1.22308e-10	3.05095e-09	3.06822e-05
27.3487	-2.06476e-10	-0.00361033	-1.98072e-14	1.26237e-10	-3.03957e-09	3.16628e-05
27.3487	-1.87938e-10	-0.00361033	-1.94044e-14	1.30314e-10	-3.63595e-09	3.26818e-05
27.3487	-1.71819e-10	-0.00361033	-1.90543e-14	1.34581e-10	-7.4218e-09	3.37444e-05
27.3487	-1.61535e-10	-0.00361033	-1.8831e-14	1.39023e-10	-6.08982e-09	3.48541e-05
27.3488	-1.56304e-10	-0.00361033	-1.87175e-14	1.43628e-10	-5.54884e-09	3.60073e-05
27.3488	-1.55976e-10	-0.00361034	-1.87106e-14	1.48391e-10	-4.30951e-09	3.72013e-05
27.3488	-1.5971e-10	-0.00361034	-1.87919e-14	1.53346e-10	-1.51509e-09	3.84394e-05
27.3488	-1.65049e-10	-0.00361034	-1.8908e-14	1.58494e-10	-5.30844e-11	3.97264e-05
27.3488	-1.70621e-10	-0.00361034	-1.90291e-14	1.6379e-10	1.40027e-09	4.10569e-05
27.3489	-1.74918e-10	-0.00361034	-1.91226e-14	1.69215e-10	2.31447e-09	4.24228e-05
27.3489	-1.76863e-10	-0.00361034	-1.91649e-14	1.74792e-10	1.9222e-09	4.38245e-05
27.3489	-1.76731e-10	-0.00361034	-1.91622e-14	1.80481e-10	1.0397e-09	4.52597e-05
27.3489	-1.754e-10	-0.00361034	-1.91335e-14	1.86189e-10	3.31647e-10	4.67117e-05
27.3489	-1.73634e-10	-0.00361034	-1.90954e-14	1.91854e-10	-1.67878e-10	4.81607e-05
27.349	-1.72019e-10	-0.00361034	-1.90605e-14	1.9746e-10	-3.41337e-10	4.95966e-05
27.349	-1.70786e-10	-0.00361034	-1.9034e-14	2.03484e-10	-2.07772e-10	5.10782e-05
27.349	-1.69785e-10	-0.00361034	-1.90125e-14	2.1003e-10	-2.74405e-10	5.26798e-05
27.349	-1.69119e-10	-0.00361034	-1.89983e-14	2.17037e-10	-1.42301e-10	5.44065e-05
27.3491	-1.68627e-10	-0.00361034	-1.89879e-14	2.24451e-10	-1.26643e-10	5.62437e-05
27.3491	-1.683e-10	-0.00361034	-1.8981e-14	2.32227e-10	-3.09326e-11	5.81789e-05
27.3491	-1.68007e-10	-0.00361034	-1.89749e-14	2.4042e-10	-2.66661e-11	6.02133e-05
27.3492	-1.67745e-10	-0.00361034	-1.89695e-14	2.49003e-10	5.37546e-11	6.23507e-05
27.3492	-1.67388e-10	-0.00361034	-1.8962e-14	2.5792e-10	1.53565e-11	6.45803e-05
27.3492	-1.66992e-10	-0.00361034	-1.89538e-14	2.67212e-10	-1.24305e-10	6.69002e-05
27.3493	-1.66795e-10	-0.00361034	-1.89498e-14	2.76837e-10	-6.79471e-11	6.93104e-05
27.3493	-1.6671e-10	-0.00361034	-1.89482e-14	2.86697e-10	-8.10519e-11	7.17929e-05
27.3493	-1.66769e-10	-0.00361034	-1.89498e-14	2.96826e-10	-1.09111e-10	7.43396e-05
27.3494	-1.67038e-10	-0.00361034	-1.8956e-14	3.07129e-10	1.55652e-10	7.69429e-05
27.3494	-1.67011e-10	-0.00361034	-1.89557e-14	3.17506e-10	-5.9199e-11	7.95777e-05
27.3494	-1.67103e-10	-0.00361034	-1.89581e-14	3.27968e-10	-1.3302e-10	8.22327e-05
27.3495	-1.67476e-10	-0.00361034	-1.89665e-14	3.38357e-10	6.54221e-11	8.48893e-05
27.3495	-1.67719e-10	-0.00361035	-1.89721e-14	3.48573e-10	2.12039e-10	8.75146e-05
27.3496	-1.675e-10	-0.00361035	-1.89677e-14	3.59516e-10	-7.08122e-11	9.02106e-05
27.3496	-1.67435e-10	-0.00361035	-1.89667e-14	3.71367e-10	-8.94605e-11	9.31148e-05
27.3497	-1.6758e-10	-0.00361035	-1.89703e-14	3.83531e-10	-8.62274e-11	9.61746e-05
27.3497	-1.67941e-10	-0.00361035	-1.89784e-14	3.95859e-10	4.06434e-11	9.92952e-05
27.3498	-1.6821e-10	-0.00361035	-1.89847e-14	4.08164e-10	2.11437e-11	0.000102434
27.3498	-1.68433e-10	-0.00361035	-1.89899e-14	4.20532e-10	3.41243e-11	0.000105578
27.3499	-1.68571e-10	-0.00361035	-1.89933e-14	4.32933e-10	5.49209e-11	0.000108733
27.3499	-1.68562e-10	-0.00361035	-1.89936e-14	4.4548e-10	3.50869e-11	0.000111912
27.35	-1.68453e-10	-0.00361035	-1.89917e-14	4.58702e-10	-4.93553e-11	0.000115196
27.35	-1.68485e-10	-0.00361035	-1.89929e-14	4.7295e-10	2.73094e-11	0.000118696
27.3501	-1.68436e-10	-0.00361035	-1.89923e-14	4.87267e-10	-5.94832e-11	0.000122336
27.3502	-1.6857e-10	-0.00361035	-1.89957e-14	5.01186e-10	-3.76704e-12	0.000125934
27.3502	-1.68719e-10	-0.00361035	-1.89995e-14	5.14697e-10	8.26371e-11	0.000129429
27.3503	-1.68602e-10	-0.00361036	-1.89975e-14	5.28174e-10	5.67079e-11	0.000132867
27.3504	-1.68291e-10	-0.00361036	-1.89914e-14	5.41816e-10	1.7328e-11	0.000136323
27.3504	-1.67912e-10	-0.00361036	-1.89838e-14	5.56646e-10	-3.237e-11	0.000139951
27.3505	-1.67638e-10	-0.00361036	-1.89786e-14	5.72182e-10	-4.18169e-11	0.00014382
27.3506	-1.67508e-10	-0.00361036	-1.89764e-14	5.86878e-10	-5.04454e-11	0.000147673
27.3507	-1.67564e-10	-0.00361036	-1.89782e-14	6.01153e-10	4.83972e-11	0.000151364
27.3507	-1.67435e-10	-0.00361036	-1.89761e-14	6.15156e-10	5.55179e-11	0.000154968
27.3508	-1.67086e-10	-0.00361036	-1.89693e-14	6.29832e-10	-4.72813e-11	0.000158622
27.3509	-1.66919e-10	-0.00361036	-1.89664e-14	6.45585e-10	-5.68042e-11	0.0001625
27.351	-1.6698e-10	-0.00361036	-1.89685e-14	6.60625e-10	-1.48455e-11	0.000166424
27.3511	-1.67106e-10	-0.00361036	-1.89719e-14	6.75144e-10	3.99391e-11	0.000170191
27.3511	-1.67063e-10	-0.00361037	-1.89717e-14	6.89387e-10	-1.02796e-11	0.000173856
27.3512	-1.67064e-10	-0.00361037	-1.89725e-14	7.04498e-10	-3.41821e-11	0.000177596
27.3513	-1.67218e-10	-0.00361037	-1.89765e-14	7.19826e-10	-6.25917e-11	0.000181476
27.3514	-1.67663e-10	-0.00361037	-1.89868e-14	7.344e-10	-1.75801e-11	0.000185286
27.3515	-1.68199e-10	-0.00361037	-1.89989e-14	7.48631e-10	6.26804e-11	0.000188957
27.3516	-1.68446e-10	-0.00361037	-1.9005e-14	7.63167e-10	-1.54e-11	0.000192623
27.3517	-1.68773e-10	-0.00361037	-1.90127e-14	7.78157e-10	2.53548e-12	0.000196386
27.3518	-1.69094e-10	-0.00361037	-1.90203e-14	7.9237e-10	1.21947e-12	0.000200107
27.3519	-1.69415e-10	-0.00361038	-1.9028e-14	8.06287e-10	2.03409e-11	0.000203692
27.352	-1.69637e-10	-0.00361038	-1.90335e-14	8.20447e-10	-3.46619e-11	0.00020727
27.3521	-1.70044e-10	-0.00361038	-1.9043e-14	8.34677e-10	-2.35094e-12	0.000210888
27.3522	-1.7047e-10	-0.00361038	-1.90528e-14	8.48265e-10	2.44615e-12	0.000214433
27.3523	-1.70891e-10	-0.00361038	-1.90625e-14	8.61642e-10	1.98277e-11	0.00021787
27.3524	-1.71209e-10	-0.00361038	-1.90701e-14	8.75264e-10	1.59494e-12	0.000221311
27.3525	-1.71523e-10	-0.00361038	-1.90776e-14	8.88464e-10	-1.99161e-11	0.000224729
27.3527	-1.71954e-10	-0.00361039	-1.90876e-14	9.01239e-10	-2.54574e-11	0.00022804
27.3528	-1.72538e-10	-0.00361039	-1.91007e-14	9.14011e-10	7.02774e-12	0.000231296
27.3529	-1.7309e-10	-0.00361039	-1.91132e-14	9.26612e-10	2.29823e-11	0.000234529
27.353	-1.73513e-10	-0.00361039	-1.9123e-14	9.38735e-10	-7.23285e-12	0.00023768
27.3531	-1.73985e-10	-0.00361039	-1.91338e-14	9.50676e-10	1.44636e-12	0.000240747
27.3532	-1.74454e-10	-0.00361039	-1.91445e-14	9.62477e-10	-1.80296e-11	0.000243773
27.3534	-1.7504e-10	-0.00361039	-1.91576e-14	9.73834e-10	3.57554e-12	0.000246725
27.3535	-1.7561e-10	-0.0036104	-1.91704e-14	9.84932e-10	-6.41342e-13	0.000249587
27.3536	-1.76191e-10	-0.0036104	-1.91834e-14	9.95843e-10	8.74969e-14	0.000252392
27.3537	-1.76778e-10	-0.0036104	-1.91966e-14	1.00631e-09	6.23798e-12	0.000255117
27.3539	-1.77331e-10	-0.0036104	-1.9209e-14	1.01654e-09	2.77187e-12	0.000257755
27.354	-1.77872e-10	-0.0036104	-1.92211e-14	1.02648e-09	-1.0006e-11	0.000260325
27.3541	-1.78483e-10	-0.0036104	-1.92347e-14	1.03599e-09	-7.08205e-13	0.000262804
27.3543	-1.79105e-10	-0.00361041	-1.92484e-14	1.04528e-09	-3.29259e-12	0.000265201
27.3544	-1.79754e-10	-0.00361041	-1.92628e-14	1.05421e-09	6.45871e-12	0.000267522
27.3545	-1.80365e-10	-0.00361041	-1.92763e-14	1.06271e-09	-1.38133e-11	0.000269743
27.3547	-1.81075e-10	-0.00361041	-1.92918e-14	1.07101e-09	1.26681e-11	0.000271885
27.3548	-1.81704e-10	-0.00361041	-1.93057e-14	1.07886e-09	1.06507e-11	0.000273944
27.3549	-1.82265e-10	-0.00361041	-1.9318e-14	1.08633e-09	7.33688e-12	0.000275897
27.3551	-1.82778e-10	-0.00361042	-1.93295e-14	1.09361e-09	-2.22045e-11	0.000277777
27.3552	-1.8345e-10	-0.00361042	-1.93441e-14	1.10036e-09	-1.51018e-11	0.000279565
27.3554	-1.84231e-10	-0.00361042	-1.9361e-14	1.10679e-09	-3.23377e-12	0.000281245
27.3555	-1.8504e-10	-0.00361042	-1.93784e-14	1.11302e-09	-2.36242e-12	0.000282858
27.3556	-1.85871e-10	-0.00361042	-1.93962e-14	1.11862e-09	2.73967e-11	0.000284366
27.3558	-1.8651e-10	-0.00361042	-1.94101e-14	1.12401e-09	1.66697e-11	0.000285767
27.3559	-1.87033e-10	-0.00361043	-1.94215e-14	1.12915e-09	-2.36908e-11	0.000287109
27.3561	-1.87729e-10	-0.00361043	-1.94365e-14	1.13363e-09	-1.34379e-11	0.000288335
27.3562	-1.88524e-10	-0.00361043	-1.94534e-14	1.138e-09	-1.41293e-11	0.000289464
27.3564	-1.89425e-10	-0.00361043	-1.94725e-14	1.14202e-09	1.18343e-11	0.000290534
27.3565	-1.90244e-10	-0.00361043	-1.94898e-14	1.14541e-09	6.85543e-12	0.000291478
27.3567	-1.91014e-10	-0.00361044	-1.95062e-14	1.14878e-09	5.82759e-12	0.000292339
27.3568	-1.91744e-10	-0.00361044	-1.95217e-14	1.15163e-09	9.5855e-12	0.000293132
27.3569	-1.92406e-10	-0.00361044	-1.95357e-14	1.15398e-09	8.56694e-13	0.000293795
27.3571	-1.93063e-10	-0.00361044	-1.95496e-14	1.15635e-09	-1.08676e-11	0.000294396
27.3572	-1.93801e-10	-0.00361044	-1.95652e-14	1.15801e-09	-4.91545e-12	0.000294909
27.3574	-1.94576e-10	-0.00361044	-1.95814e-14	1.15939e-09	-9.02801e-12	0.000295297
27.3575	-1.95419e-10	-0.00361045	-1.9599e-14	1.16073e-09	5.26545e-12	0.000295643
27.3577	-1.96225e-10	-0.00361045	-1.96158e-14	1.16123e-09	-1.05517e-11	0.000295878
27.3578	-1.97108e-10	-0.00361045	-1.96341e-14	1.16168e-09	1.02409e-11	0.000296
27.358	-1.97916e-10	-0.00361045	-1.96508e-14	1.16195e-09	-4.63788e-12	0.000296092
27.3581	-1.98759e-10	-0.00361045	-1.96682e-14	1.16137e-09	6.5046e-12	0.000296052
27.3583	-1.99553e-10	-0.00361045	-1.96846e-14	1.16091e-09	1.78476e-12	0.000295919
27.3584	-2.00333e-10	-0.00361046	-1.97007e-14	1.16006e-09	-5.88436e-13	0.000295752
27.3586	-2.01118e-10	-0.00361046	-1.97168e-14	1.15847e-09	-1.79602e-11	0.000295442
27.3587	-2.02033e-10	-0.00361046	-1.97354e-14	1.1571e-09	5.58298e-12	0.000295064
27.3589	-2.02907e-10	-0.00361046	-1.97532e-14	1.15513e-09	-5.44413e-12	0.000294639
27.359	-2.03819e-10	-0.00361046	-1.97718e-14	1.15259e-09	1.6998e-11	0.000294063
27.3592	-2.04604e-10	-0.00361047	-1.97877e-14	1.15029e-09	-9.70197e-13	0.000293446
27.3593	-2.05395e-10	-0.00361047	-1.98037e-14	1.14717e-09	5.24749e-12	0.000292756
27.3595	-2.06146e-10	-0.00361047	-1.98189e-14	1.14369e-09	-6.90046e-12	0.000291915
27.3596	-2.06944e-10	-0.00361047	-1.9835e-14	1.14045e-09	-6.64095e-13	0.000291058
27.3597	-2.07745e-10	-0.00361047	-1.98511e-14	1.13618e-09	-6.6773e-12	0.000290101
27.3599	-2.08591e-10	-0.00361047	-1.9868e-14	1.13176e-09	-1.66986e-11	0.000288994
27.36	-2.09555e-10	-0.00361048	-1.98872e-14	1.12752e-09	7.49032e-13	0.000287889
27.3602	-2.10509e-10	-0.00361048	-1.99062e-14	1.12213e-09	1.63674e-11	0.000286662
27.3603	-2.11342e-10	-0.00361048	-1.99228e-14	1.11669e-09	-3.42748e-12	0.000285281
27.3605	-2.12195e-10	-0.00361048	-1.99397e-14	1.11142e-09	4.86721e-12	0.000283916
27.3606	-2.13009e-10	-0.00361048	-1.99558e-14	1.10488e-09	5.45307e-12	0.000282412
27.3607	-2.13781e-10	-0.00361048	-1.9971e-14	1.09832e-09	-1.20842e-12	0.000280741
27.3609	-2.14556e-10	-0.00361049	-1.99863e-14	1.09198e-09	2.77309e-12	0.000279096
27.361	-2.15308e-10	-0.00361049	-2.0001e-14	1.08428e-09	-1.38055e-11	0.000277307
27.3612	-2.1615e-10	-0.00361049	-2.00175e-14	1.07641e-09	-2.06096e-11	0.000275323
27.3613	-2.17126e-10	-0.00361049	-2.00366e-14	1.06892e-09	9.44328e-12	0.000273365
27.3614	-2.18032e-10	-0.00361049	-2.00542e-14	1.06009e-09	1.75172e-11	0.000271284
27.3616	-2.18812e-10	-0.00361049	-2.00693e-14	1.05067e-09	1.50339e-11	0.000268959
27.3617	-2.19485e-10	-0.00361049	-2.00824e-14	1.04183e-09	1.07585e-12	0.000266632
27.3618	-2.20144e-10	-0.0036105	-2.00951e-14	1.03203e-09	-1.00438e-11	0.000264255
27.362	-2.20864e-10	-0.0036105	-2.0109e-14	1.02078e-09	-1.08229e-11	0.000261573
27.3621	-2.21646e-10	-0.0036105	-2.0124e-14	1.01025e-09	-2.74422e-11	0.000258797
27.3622	-2.22596e-10	-0.0036105	-2.01423e-14	9.99533e-10	-2.33045e-11	0.000256089
27.3624	-2.23685e-10	-0.0036105	-2.01632e-14	9.8661e-10	6.83083e-12	0.000253076
27.3625	-2.24717e-10	-0.0036105	-2.0183e-14	9.73779e-10	9.59111e-12	0.000249794
27.3626	-2.25676e-10	-0.00361051	-2.02013e-14	9.61527e-10	5.60436e-11	0.000246597
27.3627	-2.26279e-10	-0.00361051	-2.02128e-14	9.48122e-10	6.48407e-11	0.000243327
27.3628	-2.26483e-10	-0.00361051	-2.02165e-14	9.32566e-10	6.54294e-11	0.000239635
27.363	-2.26294e-10	-0.00361051	-2.02126e-14	9.17756e-10	8.45046e-12	0.000235765
27.3631	-2.26059e-10	-0.00361051	-2.02079e-14	9.03354e-10	-8.09715e-11	0.000232042
27.3632	-2.26294e-10	-0.00361051	-2.02122e-14	8.87501e-10	-1.25378e-10	0.000228186
27.3633	-2.27233e-10	-0.00361051	-2.023e-14	8.69469e-10	-8.86955e-11	0.000223868
27.3634	-2.28645e-10	-0.00361051	-2.02568e-14	8.52216e-10	-4.04814e-11	0.000219371
27.3635	-2.30248e-10	-0.00361052	-2.02873e-14	8.356e-10	-3.43279e-11	0.000215055
27.3636	-2.32003e-10	-0.00361052	-2.03206e-14	8.184e-10	3.00132e-11	0.000210745
27.3637	-2.33565e-10	-0.00361052	-2.03501e-14	7.98672e-10	1.07134e-10	0.000206039
27.3638	-2.34545e-10	-0.00361052	-2.03685e-14	7.78931e-10	1.34573e-10	0.000201009
27.3639	-2.34832e-10	-0.00361052	-2.03737e-14	7.60289e-10	1.3318e-10	0.000196117
27.364	-2.34468e-10	-0.00361052	-2.03664e-14	7.4227e-10	1.28017e-10	0.000191445
27.3641	-2.33507e-10	-0.00361052	-2.03478e-14	7.23942e-10	1.07995e-10	0.000186814
27.3642	-2.32071e-10	-0.00361052	-2.03202e-14	7.03789e-10	5.22274e-11	0.00018191
27.3643	-2.30441e-10	-0.00361052	-2.0289e-14	6.83694e-10	-2.64781e-11	0.000176781
27.3644	-2.28974e-10	-0.00361053	-2.02609e-14	6.65064e-10	-1.28675e-10	0.000171846
27.3645	-2.28091e-10	-0.00361053	-2.02439e-14	6.47795e-10	-2.49506e-10	0.000167271
27.3646	-2.28261e-10	-0.00361053	-2.0247e-14	6.31657e-10	-3.35548e-10	0.000163014
27.3646	-2.29777e-10	-0.00361053	-2.02755e-14	6.15935e-10	-2.90846e-10	0.000158954
27.3647	-2.32396e-10	-0.00361053	-2.03249e-14	5.99749e-10	-1.19573e-10	0.000154888
27.3648	-2.35404e-10	-0.00361053	-2.03816e-14	5.83808e-10	-5.1236e-11	0.000150794
27.3649	-2.38522e-10	-0.00361053	-2.04403e-14	5.69631e-10	9.80181e-11	0.000146957
27.365	-2.41208e-10	-0.00361053	-2.04908e-14	5.57309e-10	1.31456e-10	0.00014358
27.365	-2.4337e-10	-0.00361053	-2.05313e-14	5.4669e-10	1.54069e-10	0.000140657
27.3651	-2.44954e-10	-0.00361053	-2.05608e-14	5.37617e-10	1.08361e-10	0.000138147
27.3652	-2.4614e-10	-0.00361053	-2.05828e-14	5.29859e-10	1.48762e-10	0.000136003
27.3652	-2.46808e-10	-0.00361053	-2.05951e-14	5.23175e-10	2.04982e-10	0.000134162
27.3653	-2.46784e-10	-0.00361054	-2.05942e-14	5.17186e-10	1.95349e-10	0.000132548
27.3654	-2.46116e-10	-0.00361054	-2.05813e-14	5.12363e-10	1.18418e-10	0.00013117
27.3654	-2.45068e-10	-0.00361054	-2.05613e-14	5.09532e-10	1.93356e-10	0.000130195
27.3655	-2.43398e-10	-0.00361054	-2.05295e-14	5.08531e-10	1.21049e-10	0.000129706
27.3656	-2.4134e-10	-0.00361054	-2.04905e-14	5.09266e-10	-1.9007e-11	0.000129672
27.3656	-2.3934e-10	-0.00361054	-2.04527e-14	5.1168e-10	-8.01611e-11	0.000130074
27.3657	-2.37592e-10	-0.00361054	-2.04196e-14	5.15664e-10	-8.22833e-11	0.000130889
27.3658	-2.36101e-10	-0.00361054	-2.03914e-14	5.21163e-10	-7.19983e-11	0.000132097
27.3658	-2.34833e-10	-0.00361054	-2.03674e-14	5.2809e-10	-2.45507e-11	0.000133681
27.3659	-2.3363e-10	-0.00361054	-2.03447e-14	5.36401e-10	-6.32648e-11	0.000135622
27.366	-2.32625e-10	-0.00361054	-2.03256e-14	5.46016e-10	-1.90813e-10	0.000137906
27.366	-2.32265e-10	-0.00361054	-2.03187e-14	5.56942e-10	-4.61006e-11	0.000140524
27.3661	-2.32062e-10	-0.00361054	-2.03147e-14	5.7283e-10	-1.49373e-10	0.000143941
27.3662	-2.32398e-10	-0.00361055	-2.03208e-14	5.96312e-10	-3.58137e-11	0.000148957
27.3662	-2.32884e-10	-0.00361055	-2.03296e-14	6.24426e-10	-3.62183e-11	0.000155532
27.3663	-2.33537e-10	-0.00361055	-2.03416e-14	6.56804e-10	-4.70878e-11	0.000163241
27.3664	-2.34421e-10	-0.00361055	-2.03578e-14	6.93525e-10	1.35751e-11	0.000172046
27.3665	-2.35294e-10	-0.00361055	-2.03738e-14	7.35101e-10	5.35336e-12	0.000182024
27.3666	-2.36195e-10	-0.00361055	-2.03902e-14	7.82043e-10	3.07624e-11	0.000193304
27.3667	-2.37e-10	-0.00361055	-2.04048e-14	8.35331e-10	-4.17463e-11	0.000206077
27.3668	-2.38081e-10	-0.00361055	-2.04245e-14	8.95989e-10	4.02627e-11	0.000220599
27.3669	-2.39012e-10	-0.00361055	-2.04413e-14	9.6595e-10	2.97832e-12	0.000237246
27.367	-2.39997e-10	-0.00361055	-2.04591e-14	1.04757e-09	9.23792e-12	0.000256566
27.3672	-2.41003e-10	-0.00361056	-2.04771e-14	1.14544e-09	1.28745e-11	0.000279443
27.3673	-2.4201e-10	-0.00361056	-2.04951e-14	1.26809e-09	3.03182e-11	0.000307551
27.3675	-2.4288e-10	-0.00361056	-2.05104e-14	1.44381e-09	4.88885e-11	0.000345585
27.3677	-2.4342e-10	-0.00361056	-2.05194e-14	1.68488e-09	4.17577e-11	0.000398719
27.3679	-2.43602e-10	-0.00361056	-2.05217e-14	2.01823e-09	2.05659e-11	0.000471958
27.3681	-2.43556e-10	-0.00361057	-2.05196e-14	2.5143e-09	1.51291e-12	0.000577729
27.3684	-2.43474e-10	-0.00361057	-2.05166e-14	3.35738e-09	-5.13708e-12	0.000748556
27.3689	-2.43474e-10	-0.00361057	-2.05145e-14	5.16502e-09	4.92979e-12	0.00108689
27.3695	-2.43313e-10	-0.00361058	-2.05084e-14	1.07745e-08	1.5271e-11	0.00203516
27.3709	-2.41924e-10	-0.0036106	-2.04769e-14	7.78508e-08	-5.36148e-12	0.0114985
27.381	-2.34426e-10	-0.0036107	-2.03092e-14	-0.0560053	-1.50794e-11	59.9868
-32.6423	2.05214e-10	-0.0133363	2.01954e-14	-0.0960308	1.19652e-13	119.986
