-46.2932	-1.22953e-10	-0.0036101	-1.01999e-14	0.04	-6.42515e-09	60.0075
-46.2928	-2.51612e-10	-0.00361011	-1.27679e-14	2.13174e-10	6.90798e-08	0.000427649
-46.2927	-1.66496e-10	-0.00361011	-1.10682e-14	1.14584e-10	7.53802e-08	4.1815e-05
-46.2927	-6.54184e-11	-0.00361011	-9.05074e-15	8.74145e-11	-1.71849e-08	2.5767e-05
-46.2927	1.78436e-12	-0.00361012	-7.70967e-15	7.83268e-11	-5.93752e-08	2.10653e-05
-46.2927	3.23486e-11	-0.00361012	-7.09995e-15	7.48867e-11	-4.28212e-08	1.94726e-05
-46.2927	4.1236e-11	-0.00361012	-6.92286e-15	7.40856e-11	-9.15988e-09	1.8966e-05
-46.2927	4.57157e-11	-0.00361012	-6.83373e-15	7.4602e-11	7.24785e-09	1.89412e-05
-46.2927	5.36715e-11	-0.00361012	-6.67527e-15	7.57703e-11	6.36404e-09	1.91575e-05
-46.2927	6.48237e-11	-0.00361012	-6.45307e-15	7.73366e-11	-8.17448e-10	1.95051e-05
-46.2927	7.58027e-11	-0.00361012	-6.23438e-15	7.91125e-11	-6.168e-09	1.99293e-05
-46.2927	8.39253e-11	-0.00361012	-6.07271e-15	8.10542e-11	-8.89224e-09	2.04024e-05
-46.2926	8.76567e-11	-0.00361012	-5.99863e-15	8.30978e-11	-4.92807e-09	2.09107e-05
-46.2926	8.8874e-11	-0.00361012	-5.97472e-15	8.52571e-11	-7.04986e-09	2.14468e-05
-46.2926	8.62945e-11	-0.00361012	-6.02653e-15	8.7497e-11	-4.48262e-09	2.20076e-05
-46.2926	8.11489e-11	-0.00361012	-6.12951e-15	8.98373e-11	-4.64623e-09	2.25914e-05
-46.2926	7.32068e-11	-0.00361012	-6.28822e-15	9.22582e-11	-4.87336e-09	2.31983e-05
-46.2926	6.21867e-11	-0.00361012	-6.50826e-15	9.47787e-11	-6.41062e-09	2.38283e-05
-46.2926	4.69948e-11	-0.00361012	-6.81143e-15	9.73942e-11	-2.0764e-09	2.44825e-05
-46.2926	3.00962e-11	-0.00361012	-7.14854e-15	1.00107e-10	-4.26708e-09	2.51612e-05
-46.2926	1.00052e-11	-0.00361012	-7.54922e-15	1.02919e-10	-3.43106e-09	2.58654e-05
-46.2925	-1.28993e-11	-0.00361012	-8.00586e-15	1.05843e-10	-6.93357e-10	2.65955e-05
-46.2925	-3.6921e-11	-0.00361012	-8.48467e-15	1.08867e-10	2.75213e-09	2.7352e-05
-46.2925	-5.97194e-11	-0.00361012	-8.939e-15	1.11999e-10	-5.54496e-10	2.81361e-05
-46.2925	-8.35704e-11	-0.00361012	-9.41419e-15	1.15277e-10	6.7126e-09	2.8952e-05
-46.2925	-1.03189e-10	-0.00361012	-9.80497e-15	1.18678e-10	1.8733e-09	2.98025e-05
-46.2925	-1.21971e-10	-0.00361012	-1.0179e-14	1.22229e-10	8.2781e-09	3.06883e-05
-46.2925	-1.3487e-10	-0.00361012	-1.04358e-14	1.25913e-10	7.36305e-09	3.16096e-05
-46.2924	-1.42253e-10	-0.00361012	-1.05827e-14	1.29739e-10	8.40392e-09	3.25673e-05
-46.2924	-1.42916e-10	-0.00361012	-1.05958e-14	1.33725e-10	5.87825e-09	3.35633e-05
-46.2924	-1.38592e-10	-0.00361012	-1.05097e-14	1.37888e-10	6.90813e-09	3.4602e-05
-46.2924	-1.28066e-10	-0.00361012	-1.03001e-14	1.42239e-10	3.74043e-09	3.56869e-05
-46.2924	-1.13819e-10	-0.00361012	-1.00167e-14	1.46762e-10	2.0849e-09	3.68174e-05
-46.2923	-9.71702e-11	-0.00361012	-9.68546e-15	1.51464e-10	-2.0718e-09	3.79921e-05
-46.2923	-8.19869e-11	-0.00361013	-9.38353e-15	1.56346e-10	-2.47943e-09	3.92126e-05
-46.2923	-6.87834e-11	-0.00361013	-9.12108e-15	1.61455e-10	-5.0649e-09	4.04854e-05
-46.2923	-6.03572e-11	-0.00361013	-8.95371e-15	1.66777e-10	-4.15685e-09	4.18143e-05
-46.2923	-5.60691e-11	-0.00361013	-8.86865e-15	1.72293e-10	-3.78868e-09	4.31953e-05
-46.2922	-5.5797e-11	-0.00361013	-8.86346e-15	1.77997e-10	-2.94341e-09	4.46248e-05
-46.2922	-5.88531e-11	-0.00361013	-8.92441e-15	1.83928e-10	-1.03552e-09	4.61072e-05
-46.2922	-6.32242e-11	-0.00361013	-9.01146e-15	1.9009e-10	-3.70556e-11	4.76478e-05
-46.2922	-6.77866e-11	-0.00361013	-9.10229e-15	1.96428e-10	9.55986e-10	4.92403e-05
-46.2922	-7.13051e-11	-0.00361013	-9.17234e-15	2.0292e-10	1.58108e-09	5.08749e-05
-46.2921	-7.28962e-11	-0.00361013	-9.20412e-15	2.09593e-10	1.31356e-09	5.25521e-05
-46.2921	-7.27859e-11	-0.00361013	-9.20211e-15	2.16397e-10	7.10778e-10	5.42691e-05
-46.2921	-7.16924e-11	-0.00361013	-9.1806e-15	2.23224e-10	2.26954e-10	5.60058e-05
-46.292	-7.02416e-11	-0.00361013	-9.15201e-15	2.29998e-10	-1.14542e-10	5.77386e-05
-46.292	-6.89146e-11	-0.00361013	-9.12591e-15	2.36698e-10	-2.33224e-10	5.94552e-05
-46.292	-6.79006e-11	-0.00361013	-9.10602e-15	2.43899e-10	-1.41952e-10	6.12262e-05
-46.292	-6.70763e-11	-0.00361013	-9.08992e-15	2.51723e-10	-1.87605e-10	6.31405e-05
-46.2919	-6.65264e-11	-0.00361014	-9.07927e-15	2.60097e-10	-9.72841e-11	6.52043e-05
-46.2919	-6.61193e-11	-0.00361014	-9.07147e-15	2.68957e-10	-8.66116e-11	6.73999e-05
-46.2919	-6.58467e-11	-0.00361014	-9.06634e-15	2.78247e-10	-2.11288e-11	6.97123e-05
-46.2918	-6.56022e-11	-0.00361014	-9.06177e-15	2.88035e-10	-1.82158e-11	7.2143e-05
-46.2918	-6.53825e-11	-0.00361014	-9.05773e-15	2.98287e-10	3.68561e-11	7.46963e-05
-46.2917	-6.5085e-11	-0.00361014	-9.05215e-15	3.08935e-10	1.05743e-11	7.73591e-05
-46.2917	-6.4756e-11	-0.00361014	-9.04596e-15	3.2003e-10	-8.51195e-11	8.01294e-05
-46.2917	-6.45887e-11	-0.00361014	-9.04299e-15	3.31519e-10	-4.65413e-11	8.30067e-05
-46.2916	-6.45137e-11	-0.00361014	-9.04185e-15	3.43285e-10	-5.55543e-11	8.59696e-05
-46.2916	-6.45576e-11	-0.00361014	-9.04308e-15	3.55369e-10	-7.48316e-11	8.90085e-05
-46.2915	-6.47723e-11	-0.00361015	-9.04769e-15	3.67658e-10	1.06729e-10	9.21139e-05
-46.2915	-6.47446e-11	-0.00361015	-9.04753e-15	3.80029e-10	-4.06141e-11	9.52558e-05
-46.2914	-6.48142e-11	-0.00361015	-9.0493e-15	3.92497e-10	-9.13086e-11	9.84207e-05
-46.2914	-6.51144e-11	-0.00361015	-9.05563e-15	4.04873e-10	4.48598e-11	0.000101586
-46.2913	-6.53083e-11	-0.00361015	-9.05987e-15	4.17037e-10	1.45582e-10	0.000104713
-46.2913	-6.51214e-11	-0.00361015	-9.05662e-15	4.30065e-10	-4.86122e-11	0.000107923
-46.2912	-6.50618e-11	-0.00361015	-9.05588e-15	4.44172e-10	-6.14664e-11	0.00011138
-46.2912	-6.51741e-11	-0.00361015	-9.05855e-15	4.58647e-10	-5.92957e-11	0.000115022
-46.2911	-6.54634e-11	-0.00361016	-9.06472e-15	4.73311e-10	2.78962e-11	0.000118735
-46.291	-6.56777e-11	-0.00361016	-9.06943e-15	4.87941e-10	1.45055e-11	0.000122468
-46.291	-6.58537e-11	-0.00361016	-9.07338e-15	5.02637e-10	2.34507e-11	0.000126204
-46.2909	-6.59598e-11	-0.00361016	-9.07598e-15	5.17366e-10	3.77896e-11	0.000129954
-46.2909	-6.59445e-11	-0.00361016	-9.0762e-15	5.3226e-10	2.41663e-11	0.000133728
-46.2908	-6.58468e-11	-0.00361016	-9.07483e-15	5.47953e-10	-3.39883e-11	0.000137626
-46.2907	-6.58649e-11	-0.00361017	-9.07574e-15	5.64862e-10	1.88197e-11	0.00014178
-46.2906	-6.58158e-11	-0.00361017	-9.07535e-15	5.81843e-10	-4.10093e-11	0.000146098
-46.2906	-6.59173e-11	-0.00361017	-9.07793e-15	5.98338e-10	-2.61817e-12	0.000150364
-46.2905	-6.60316e-11	-0.00361017	-9.08078e-15	6.14335e-10	5.7013e-11	0.000154504
-46.2904	-6.59258e-11	-0.00361017	-9.07933e-15	6.30282e-10	3.91751e-11	0.000158575
-46.2903	-6.566e-11	-0.00361017	-9.07478e-15	6.46414e-10	1.20181e-11	0.000162663
-46.2903	-6.53379e-11	-0.00361018	-9.06915e-15	6.63952e-10	-2.23162e-11	0.000166954
-46.2902	-6.51015e-11	-0.00361018	-9.06522e-15	6.8232e-10	-2.88756e-11	0.000171529
-46.2901	-6.4984e-11	-0.00361018	-9.06362e-15	6.99673e-10	-3.48819e-11	0.000176081
-46.29	-6.5019e-11	-0.00361018	-9.06504e-15	7.16512e-10	3.34952e-11	0.000180438
-46.2899	-6.4902e-11	-0.00361019	-9.06351e-15	7.33013e-10	3.84733e-11	0.000184687
-46.2898	-6.46026e-11	-0.00361019	-9.05844e-15	7.50302e-10	-3.27136e-11	0.000188993
-46.2897	-6.44525e-11	-0.00361019	-9.0563e-15	7.68861e-10	-3.9362e-11	0.000193562
-46.2896	-6.44915e-11	-0.00361019	-9.05787e-15	7.86556e-10	-1.03082e-11	0.000198182
-46.2895	-6.45831e-11	-0.0036102	-9.06047e-15	8.03615e-10	2.77087e-11	0.000202611
-46.2894	-6.45348e-11	-0.0036102	-9.06037e-15	8.20331e-10	-7.13275e-12	0.000206915
-46.2893	-6.45227e-11	-0.0036102	-9.061e-15	8.38066e-10	-2.37583e-11	0.000211305
-46.2892	-6.46372e-11	-0.0036102	-9.06409e-15	8.56042e-10	-4.35552e-11	0.000215856
-46.2891	-6.49918e-11	-0.00361021	-9.07184e-15	8.73105e-10	-1.23002e-11	0.000220322
-46.289	-6.54218e-11	-0.00361021	-9.08105e-15	8.89744e-10	4.35734e-11	0.000224617
-46.2889	-6.5613e-11	-0.00361021	-9.08565e-15	9.06731e-10	-1.07679e-11	0.000228903
-46.2888	-6.58701e-11	-0.00361021	-9.09153e-15	9.2424e-10	1.7207e-12	0.000233299
-46.2886	-6.6122e-11	-0.00361022	-9.09732e-15	9.40808e-10	8.04071e-13	0.000237642
-46.2885	-6.63736e-11	-0.00361022	-9.10311e-15	9.57009e-10	1.41587e-11	0.000241819
-46.2884	-6.65433e-11	-0.00361022	-9.10733e-15	9.73481e-10	-2.42558e-11	0.000245983
-46.2883	-6.68662e-11	-0.00361023	-9.11451e-15	9.9002e-10	-1.70358e-12	0.00025019
-46.2881	-6.72054e-11	-0.00361023	-9.122e-15	1.00578e-09	1.64951e-12	0.000254307
-46.288	-6.75395e-11	-0.00361023	-9.12938e-15	1.02127e-09	1.38263e-11	0.00025829
-46.2879	-6.77887e-11	-0.00361024	-9.13515e-15	1.03704e-09	1.07181e-12	0.000262274
-46.2878	-6.80347e-11	-0.00361024	-9.14086e-15	1.05229e-09	-1.40173e-11	0.000266227
-46.2876	-6.83783e-11	-0.00361024	-9.14844e-15	1.06701e-09	-1.79364e-11	0.000270047
-46.2875	-6.88486e-11	-0.00361025	-9.15842e-15	1.08172e-09	4.85211e-12	0.000273799
-46.2873	-6.9292e-11	-0.00361025	-9.16789e-15	1.09621e-09	1.60802e-11	0.00027752
-46.2872	-6.9629e-11	-0.00361025	-9.17533e-15	1.11011e-09	-5.15262e-12	0.000281139
-46.2871	-7.00067e-11	-0.00361026	-9.18354e-15	1.12379e-09	9.49459e-13	0.000284654
-46.2869	-7.03823e-11	-0.00361026	-9.19169e-15	1.13728e-09	-1.27798e-11	0.000288117
-46.2868	-7.0855e-11	-0.00361026	-9.20169e-15	1.15023e-09	2.4364e-12	0.000291487
-46.2866	-7.13152e-11	-0.00361027	-9.21143e-15	1.16286e-09	-5.37151e-13	0.000294747
-46.2865	-7.17845e-11	-0.00361027	-9.22134e-15	1.17525e-09	-2.41557e-14	0.000297936
-46.2863	-7.22589e-11	-0.00361027	-9.23132e-15	1.1871e-09	4.32625e-12	0.000301027
-46.2862	-7.27054e-11	-0.00361028	-9.24077e-15	1.19866e-09	1.8809e-12	0.000304011
-46.286	-7.31419e-11	-0.00361028	-9.25002e-15	1.20986e-09	-7.17141e-12	0.000306911
-46.2859	-7.36377e-11	-0.00361028	-9.26036e-15	1.22054e-09	-5.93142e-13	0.000309701
-46.2857	-7.41426e-11	-0.00361029	-9.27086e-15	1.23095e-09	-2.43008e-12	0.000312389
-46.2856	-7.46708e-11	-0.00361029	-9.28177e-15	1.24091e-09	4.49367e-12	0.000314985
-46.2854	-7.51677e-11	-0.0036103	-9.29209e-15	1.25036e-09	-9.91689e-12	0.000317459
-46.2852	-7.57475e-11	-0.0036103	-9.30393e-15	1.25957e-09	8.91403e-12	0.000319838
-46.2851	-7.626e-11	-0.0036103	-9.31449e-15	1.26822e-09	7.4972e-12	0.000322115
-46.2849	-7.67154e-11	-0.00361031	-9.32396e-15	1.27643e-09	5.15044e-12	0.000324264
-46.2848	-7.71318e-11	-0.00361031	-9.33269e-15	1.28439e-09	-1.59317e-11	0.000326326
-46.2846	-7.76813e-11	-0.00361032	-9.34388e-15	1.29172e-09	-1.08943e-11	0.000328275
-46.2844	-7.83235e-11	-0.00361032	-9.35677e-15	1.29867e-09	-2.4306e-12	0.000330095
-46.2843	-7.89894e-11	-0.00361032	-9.37004e-15	1.30537e-09	-1.81309e-12	0.000331834
-46.2841	-7.96737e-11	-0.00361033	-9.38364e-15	1.31132e-09	1.95149e-11	0.000333448
-46.2839	-8.01981e-11	-0.00361033	-9.39424e-15	1.31703e-09	1.18659e-11	0.000334934
-46.2838	-8.06252e-11	-0.00361034	-9.40303e-15	1.32242e-09	-1.70947e-11	0.000336348
-46.2836	-8.11981e-11	-0.00361034	-9.41447e-15	1.32704e-09	-9.76607e-12	0.000337624
-46.2834	-8.18556e-11	-0.00361034	-9.42745e-15	1.33152e-09	-1.02887e-11	0.000338785
-46.2833	-8.26026e-11	-0.00361035	-9.44202e-15	1.33559e-09	8.39007e-12	0.000339875
-46.2831	-8.32805e-11	-0.00361035	-9.45529e-15	1.33891e-09	4.82061e-12	0.000340817
-46.2829	-8.39189e-11	-0.00361036	-9.4678e-15	1.3422e-09	4.09067e-12	0.00034166
-46.2827	-8.45239e-11	-0.00361036	-9.47966e-15	1.34489e-09	6.81655e-12	0.000342422
-46.2826	-8.50718e-11	-0.00361036	-9.49046e-15	1.34698e-09	5.19944e-13	0.000343031
-46.2824	-8.5616e-11	-0.00361037	-9.50115e-15	1.34909e-09	-7.9682e-12	0.000343567
-46.2822	-8.62295e-11	-0.00361037	-9.51307e-15	1.35038e-09	-3.67433e-12	0.000344
-46.2821	-8.68753e-11	-0.00361038	-9.52555e-15	1.35133e-09	-6.66788e-12	0.000344285
-46.2819	-8.75789e-11	-0.00361038	-9.53902e-15	1.35224e-09	3.69661e-12	0.000344522
-46.2817	-8.82512e-11	-0.00361038	-9.5519e-15	1.35216e-09	-7.79372e-12	0.000344628
-46.2815	-8.89905e-11	-0.00361039	-9.56594e-15	1.35203e-09	7.31892e-12	0.000344603
-46.2814	-8.96668e-11	-0.00361039	-9.57879e-15	1.35169e-09	-3.50169e-12	0.000344542
-46.2812	-9.0373e-11	-0.0036104	-9.59215e-15	1.35036e-09	4.61551e-12	0.000344329
-46.281	-9.10388e-11	-0.0036104	-9.60475e-15	1.34917e-09	1.18194e-12	0.000344007
-46.2809	-9.16939e-11	-0.0036104	-9.6171e-15	1.34753e-09	-5.49016e-13	0.000343647
-46.2807	-9.23529e-11	-0.00361041	-9.6295e-15	1.34503e-09	-1.32573e-11	0.00034312
-46.2805	-9.31242e-11	-0.00361041	-9.64386e-15	1.3428e-09	3.94831e-12	0.000342516
-46.2803	-9.38606e-11	-0.00361042	-9.65753e-15	1.33986e-09	-4.12405e-12	0.000341857
-46.2802	-9.46305e-11	-0.00361042	-9.67178e-15	1.33627e-09	1.23321e-11	0.000341024
-46.28	-9.52933e-11	-0.00361043	-9.68406e-15	1.33297e-09	-8.32804e-13	0.000340146
-46.2798	-9.59616e-11	-0.00361043	-9.69642e-15	1.32872e-09	3.7369e-12	0.000339183
-46.2797	-9.65961e-11	-0.00361043	-9.70811e-15	1.32406e-09	-5.1934e-12	0.000338047
-46.2795	-9.72722e-11	-0.00361044	-9.72052e-15	1.31967e-09	-6.11783e-13	0.000336894
-46.2793	-9.79512e-11	-0.00361044	-9.73294e-15	1.31411e-09	-5.04684e-12	0.000335626
-46.2792	-9.86696e-11	-0.00361044	-9.74601e-15	1.30838e-09	-1.24559e-11	0.000334187
-46.279	-9.94887e-11	-0.00361045	-9.7608e-15	1.30286e-09	4.05099e-13	0.000332753
-46.2788	-1.00301e-10	-0.00361045	-9.77543e-15	1.29603e-09	1.1958e-11	0.000331179
-46.2787	-1.0101e-10	-0.00361046	-9.7882e-15	1.28914e-09	-2.66568e-12	0.00032943
-46.2785	-1.01738e-10	-0.00361046	-9.80126e-15	1.28247e-09	3.47486e-12	0.000327702
-46.2783	-1.02433e-10	-0.00361046	-9.8137e-15	1.27434e-09	3.91907e-12	0.000325814
-46.2782	-1.03092e-10	-0.00361047	-9.82548e-15	1.26619e-09	-1.01635e-12	0.000323739
-46.278	-1.03755e-10	-0.00361047	-9.83728e-15	1.2583e-09	1.94083e-12	0.000321695
-46.2778	-1.04398e-10	-0.00361048	-9.8487e-15	1.24886e-09	-1.03859e-11	0.000319487
-46.2777	-1.05119e-10	-0.00361048	-9.86144e-15	1.23925e-09	-1.54755e-11	0.000317058
-46.2775	-1.05957e-10	-0.00361048	-9.87616e-15	1.23007e-09	6.88621e-12	0.000314663
-46.2774	-1.06735e-10	-0.00361049	-9.88979e-15	1.21937e-09	1.29266e-11	0.000312129
-46.2772	-1.07405e-10	-0.00361049	-9.90152e-15	1.20802e-09	1.11038e-11	0.000309317
-46.2771	-1.07984e-10	-0.00361049	-9.91164e-15	1.19733e-09	6.99507e-13	0.000306507
-46.2769	-1.08552e-10	-0.0036105	-9.92154e-15	1.18555e-09	-7.61529e-12	0.000303644
-46.2768	-1.09172e-10	-0.0036105	-9.9323e-15	1.17214e-09	-8.21454e-12	0.000300433
-46.2766	-1.09847e-10	-0.0036105	-9.94397e-15	1.15956e-09	-2.0685e-11	0.000297119
-46.2765	-1.10667e-10	-0.00361051	-9.9581e-15	1.14678e-09	-1.76257e-11	0.000293887
-46.2763	-1.11607e-10	-0.00361051	-9.97424e-15	1.13148e-09	4.95789e-12	0.000290308
-46.2762	-1.12498e-10	-0.00361051	-9.9895e-15	1.11632e-09	7.04466e-12	0.000286426
-46.276	-1.13328e-10	-0.00361052	-1.00037e-14	1.10183e-09	4.19894e-11	0.000282646
-46.2759	-1.13851e-10	-0.00361052	-1.00126e-14	1.08604e-09	4.86993e-11	0.000278787
-46.2757	-1.14031e-10	-0.00361052	-1.00156e-14	1.0678e-09	4.92447e-11	0.00027445
-46.2756	-1.13872e-10	-0.00361053	-1.00129e-14	1.05044e-09	6.3984e-12	0.000269913
-46.2755	-1.13674e-10	-0.00361053	-1.00094e-14	1.03357e-09	-6.10432e-11	0.00026555
-46.2753	-1.1388e-10	-0.00361053	-1.00129e-14	1.01505e-09	-9.46867e-11	0.000261039
-46.2752	-1.14695e-10	-0.00361054	-1.00267e-14	9.94071e-10	-6.71549e-11	0.000256005
-46.2751	-1.15918e-10	-0.00361054	-1.00473e-14	9.73998e-10	-3.08263e-11	0.000250772
-46.275	-1.17308e-10	-0.00361054	-1.00707e-14	9.54675e-10	-2.62225e-11	0.000245751
-46.2748	-1.1883e-10	-0.00361054	-1.00963e-14	9.34704e-10	2.24504e-11	0.000240743
-46.2747	-1.20187e-10	-0.00361055	-1.01191e-14	9.11868e-10	8.09285e-11	0.000235288
-46.2746	-1.2104e-10	-0.00361055	-1.01333e-14	8.89039e-10	1.01878e-10	0.000229468
-46.2745	-1.21294e-10	-0.00361055	-1.01374e-14	8.67486e-10	1.00997e-10	0.000223811
-46.2744	-1.20985e-10	-0.00361055	-1.0132e-14	8.46665e-10	9.7245e-11	0.000218411
-46.2743	-1.20158e-10	-0.00361056	-1.0118e-14	8.25508e-10	8.2189e-11	0.000213061
-46.2742	-1.1892e-10	-0.00361056	-1.0097e-14	8.02292e-10	3.99226e-11	0.000207406
-46.2741	-1.17512e-10	-0.00361056	-1.00733e-14	7.79162e-10	-1.98857e-11	0.0002015
-46.274	-1.16244e-10	-0.00361056	-1.0052e-14	7.57719e-10	-9.76968e-11	0.000195819
-46.2739	-1.15482e-10	-0.00361057	-1.00392e-14	7.37845e-10	-1.89851e-10	0.000190554
-46.2738	-1.15633e-10	-0.00361057	-1.00417e-14	7.19273e-10	-2.55674e-10	0.000185655
-46.2737	-1.16951e-10	-0.00361057	-1.00636e-14	7.0119e-10	-2.21946e-10	0.000180984
-46.2736	-1.19228e-10	-0.00361057	-1.01015e-14	6.82593e-10	-9.16062e-11	0.000176309
-46.2735	-1.21843e-10	-0.00361057	-1.01449e-14	6.64288e-10	-3.95673e-11	0.000171607
-46.2734	-1.24554e-10	-0.00361058	-1.01899e-14	6.48002e-10	7.43444e-11	0.000167199
-46.2733	-1.26893e-10	-0.00361058	-1.02286e-14	6.33837e-10	9.99884e-11	0.000163318
-46.2733	-1.28777e-10	-0.00361058	-1.02597e-14	6.21619e-10	1.17398e-10	0.000159956
-46.2732	-1.30159e-10	-0.00361058	-1.02825e-14	6.11166e-10	8.2598e-11	0.000157067
-46.2731	-1.31197e-10	-0.00361058	-1.02994e-14	6.02213e-10	1.13601e-10	0.000154595
-46.273	-1.31783e-10	-0.00361059	-1.03089e-14	5.94487e-10	1.56756e-10	0.000152469
-46.273	-1.31769e-10	-0.00361059	-1.03084e-14	5.87557e-10	1.49561e-10	0.000150602
-46.2729	-1.31195e-10	-0.00361059	-1.02986e-14	5.81953e-10	9.08058e-11	0.000149004
-46.2728	-1.30289e-10	-0.00361059	-1.02834e-14	5.78616e-10	1.48328e-10	0.000147865
-46.2727	-1.28842e-10	-0.00361059	-1.02593e-14	5.77358e-10	9.30622e-11	0.00014728
-46.2727	-1.27056e-10	-0.00361059	-1.02296e-14	5.78071e-10	-1.42509e-11	0.00014721
-46.2726	-1.25321e-10	-0.0036106	-1.02008e-14	5.80688e-10	-6.11889e-11	0.000147634
-46.2725	-1.23803e-10	-0.0036106	-1.01756e-14	5.85086e-10	-6.28843e-11	0.000148528
-46.2724	-1.22509e-10	-0.0036106	-1.01541e-14	5.91199e-10	-5.50553e-11	0.000149868
-46.2724	-1.21408e-10	-0.0036106	-1.01359e-14	5.98926e-10	-1.86601e-11	0.000151631
-46.2723	-1.20365e-10	-0.0036106	-1.01186e-14	6.08219e-10	-4.84382e-11	0.0001538
-46.2722	-1.19492e-10	-0.0036106	-1.01041e-14	6.18982e-10	-1.46583e-10	0.000156356
-46.2721	-1.19183e-10	-0.00361061	-1.0099e-14	6.31225e-10	-3.54128e-11	0.000159287
-46.2721	-1.19009e-10	-0.00361061	-1.0096e-14	6.4908e-10	-1.14954e-10	0.000163123
-46.272	-1.19306e-10	-0.00361061	-1.01008e-14	6.75524e-10	-2.76384e-11	0.000168768
-46.2719	-1.19734e-10	-0.00361061	-1.01077e-14	7.07195e-10	-2.79894e-11	0.000176174
-46.2718	-1.20309e-10	-0.00361061	-1.0117e-14	7.43668e-10	-3.64137e-11	0.000184858
-46.2717	-1.21085e-10	-0.00361062	-1.01295e-14	7.85025e-10	1.03274e-11	0.000194776
-46.2716	-1.21853e-10	-0.00361062	-1.01419e-14	8.3184e-10	3.98883e-12	0.000206013
-46.2715	-1.22645e-10	-0.00361062	-1.01546e-14	8.84682e-10	2.36144e-11	0.000218713
-46.2714	-1.23355e-10	-0.00361062	-1.0166e-14	9.44647e-10	-3.24055e-11	0.00023309
-46.2713	-1.24308e-10	-0.00361063	-1.01813e-14	1.01288e-09	3.09682e-11	0.000249429
-46.2711	-1.2513e-10	-0.00361063	-1.01943e-14	1.09155e-09	2.15051e-12	0.000268152
-46.271	-1.26001e-10	-0.00361063	-1.02082e-14	1.18329e-09	6.99336e-12	0.000289873
-46.2708	-1.26892e-10	-0.00361064	-1.02222e-14	1.29324e-09	9.81688e-12	0.000315582
-46.2707	-1.27786e-10	-0.00361064	-1.02363e-14	1.43101e-09	2.33718e-11	0.000347159
-46.2705	-1.28561e-10	-0.00361064	-1.02483e-14	1.62838e-09	3.78589e-11	0.000389884
-46.2703	-1.2905e-10	-0.00361065	-1.02556e-14	1.89904e-09	3.24154e-11	0.000449557
-46.27	-1.29229e-10	-0.00361065	-1.02577e-14	2.27299e-09	1.60045e-11	0.000531754
-46.2698	-1.29211e-10	-0.00361066	-1.02566e-14	2.82901e-09	1.18802e-12	0.000650364
-46.2694	-1.29168e-10	-0.00361067	-1.02548e-14	3.77296e-09	-4.01346e-12	0.000841738
-46.2689	-1.29206e-10	-0.00361068	-1.0254e-14	5.79388e-09	3.87382e-12	0.00122026
-46.2682	-1.29121e-10	-0.00361069	-1.02505e-14	1.20448e-08	1.21451e-11	0.00227827
-46.2666	-1.28011e-10	-0.00361073	-1.02288e-14	8.53022e-08	-3.57629e-12	0.0126526
-46.2555	-1.21979e-10	-0.00361096	-1.01163e-14	-0.0559916	-1.09856e-11	59.9805
13.7139	9.58247e-11	-0.0133408	9.41575e-15	-0.0960358	5.87917e-14	119.976
