9.40681	-1.46448e-13	0.00358738	-3.45149e-17	0.0399879	2.91577e-16	100.617
10.5707	-1.29611e-13	0.00343591	-3.38208e-17	9.7833e-07	5.07215e-16	1.42754
10.8344	-1.19112e-13	0.00335427	-3.12564e-17	8.76137e-07	6.33579e-17	0.431814
11.0025	-1.11882e-13	0.00329406	-2.91151e-17	7.95173e-07	-1.74753e-16	0.30931
11.1437	-1.07048e-13	0.00323985	-2.77691e-17	7.79067e-07	-1.98724e-16	0.277652
11.2802	-1.03728e-13	0.00318768	-2.69102e-17	7.92269e-07	-9.96571e-17	0.276806
11.4205	-1.01017e-13	0.00313428	-2.65867e-17	8.18506e-07	-2.05836e-17	0.288474
11.5687	-9.83046e-14	0.00307807	-2.65235e-17	8.49825e-07	7.6717e-18	0.306694
11.7272	-9.53431e-14	0.00301817	-2.64329e-17	8.81483e-07	7.17012e-18	0.328791
11.8975	-9.21007e-14	0.00295413	-2.61678e-17	9.10845e-07	-6.93489e-18	0.353319
12.0805	-8.86791e-14	0.00288613	-2.58946e-17	9.36119e-07	-1.27031e-17	0.379419
12.2769	-8.51329e-14	0.00281593	-2.56854e-17	9.56312e-07	-1.63526e-17	0.40653
12.487	-8.15101e-14	0.00274313	-2.55228e-17	9.70582e-07	-1.4024e-17	0.434078
12.7109	-7.78069e-14	0.0026678	-2.51283e-17	9.78837e-07	-1.45573e-17	0.461536
12.9486	-7.40508e-14	0.00259088	-2.44983e-17	9.81233e-07	-1.505e-17	0.488636
13.1996	-7.02714e-14	0.00251485	-2.36153e-17	9.7807e-07	-1.62579e-17	0.515265
13.4638	-6.65083e-14	0.00243886	-2.2404e-17	9.69924e-07	-1.43207e-17	0.541091
13.7407	-6.27638e-14	0.00236242	-2.07858e-17	9.57519e-07	-1.33843e-17	0.565737
14.0296	-5.90502e-14	0.00228703	-1.94131e-17	9.41329e-07	-1.26333e-17	0.589304
14.33	-5.53781e-14	0.00221455	-1.80503e-17	9.22038e-07	-1.14986e-17	0.611838
14.6414	-5.1751e-14	0.00214291	-1.69007e-17	9.00729e-07	-1.03202e-17	0.633027
14.963	-4.81711e-14	0.00207259	-1.6047e-17	8.77489e-07	-9.95339e-18	0.65291
15.2943	-4.46485e-14	0.00200578	-1.54643e-17	8.52832e-07	-9.31301e-18	0.671736
15.6347	-4.11873e-14	0.00194057	-1.50912e-17	8.27782e-07	-8.26055e-18	0.689309
15.9836	-3.77847e-14	0.00187704	-1.43572e-17	8.0214e-07	-7.89863e-18	0.705678
16.3404	-3.44457e-14	0.00181692	-1.31392e-17	7.76188e-07	-7.57973e-18	0.721096
16.7047	-3.11749e-14	0.00175839	-1.14614e-17	7.50927e-07	-6.83861e-18	0.735407
17.0758	-2.79697e-14	0.00170195	-9.71123e-18	7.25512e-07	-6.29585e-18	0.74875
17.4535	-2.48274e-14	0.00164833	-8.1205e-18	7.00802e-07	-5.95563e-18	0.761281
17.8371	-2.17492e-14	0.00159612	-6.70172e-18	6.76953e-07	-5.61268e-18	0.772871
18.2263	-1.87357e-14	0.00154637	-5.43965e-18	6.53326e-07	-5.61774e-18	0.783742
18.6208	-1.57921e-14	0.00149853	-4.36926e-18	6.30953e-07	-5.28089e-18	0.793895
19.0202	-1.29179e-14	0.00145219	-3.18442e-18	6.09115e-07	-4.98655e-18	0.803329
19.4242	-1.01114e-14	0.00140819	-1.66273e-18	5.88068e-07	-4.79548e-18	0.812208
19.8324	-7.37309e-15	0.00136542	-1.49184e-19	5.68196e-07	-3.83651e-18	0.820452
20.2446	-4.68742e-15	0.00132453	1.01475e-18	5.48637e-07	-5.1237e-18	0.828198
20.6606	-2.08367e-15	0.00128513	1.76972e-18	5.30429e-07	-3.38755e-18	0.835451
21.0801	4.70609e-16	0.00124701	2.28221e-18	5.12603e-07	-3.97061e-18	0.842226
21.5029	2.96109e-15	0.00121059	2.65587e-18	4.95778e-07	-3.6517e-18	0.848618
21.9287	5.39188e-15	0.00117514	3.09802e-18	4.79727e-07	-3.04677e-18	0.854575
22.3574	7.77375e-15	0.00114125	3.71875e-18	4.64184e-07	-3.43581e-18	0.860207
22.7889	1.00967e-14	0.00110834	4.64623e-18	4.497e-07	-3.46967e-18	0.86548
23.2229	1.23579e-14	0.00107663	5.76152e-18	4.35467e-07	-2.9099e-18	0.870451
23.6594	1.45683e-14	0.001046	7.1173e-18	4.22278e-07	-2.9283e-18	0.875137
24.098	1.67258e-14	0.00101627	8.59674e-18	4.0938e-07	-2.81867e-18	0.879541
24.5389	1.88317e-14	0.000987678	1.02392e-17	3.97266e-07	-2.75233e-18	0.883717
24.9818	2.08863e-14	0.000959787	1.18899e-17	3.85657e-07	-2.78809e-18	0.887635
25.4265	2.28877e-14	0.000932972	1.35745e-17	3.74491e-07	-2.50249e-18	0.89136
25.8731	2.48413e-14	0.000906798	1.5165e-17	3.64041e-07	-2.35643e-18	0.894863
26.3214	2.67495e-14	0.000881535	1.65417e-17	3.53768e-07	-2.34773e-18	0.898192
26.7713	2.86118e-14	0.00085693	1.76338e-17	3.44307e-07	-2.41303e-18	0.901336
27.2227	3.04258e-14	0.000833058	1.83591e-17	3.34905e-07	-2.36784e-18	0.904319
27.6756	3.21921e-14	0.000809867	1.87732e-17	3.26274e-07	-2.42878e-18	0.90715
28.1299	3.39085e-14	0.000787262	1.92062e-17	3.17717e-07	-2.13864e-18	0.909831
28.5855	3.55812e-14	0.000765342	1.97531e-17	3.09785e-07	-1.6624e-18	0.912386
29.0423	3.72204e-14	0.000743897	2.07808e-17	3.02031e-07	-1.98118e-18	0.914801
29.5003	3.88185e-14	0.000723114	2.22462e-17	2.94704e-07	-2.1072e-18	0.917111
29.9594	4.0372e-14	0.000702741	2.39379e-17	2.87692e-07	-1.94525e-18	0.919295
30.4196	4.18844e-14	0.000682974	2.55026e-17	2.80909e-07	-1.84333e-18	0.921385
30.8808	4.33577e-14	0.000663589	2.66591e-17	2.74558e-07	-1.50367e-18	0.923366
31.3429	4.47992e-14	0.00064473	2.73827e-17	2.68286e-07	-1.2403e-18	0.925261
31.806	4.62149e-14	0.000626249	2.76292e-17	2.62509e-07	-1.70533e-18	0.927062
32.27	4.75937e-14	0.000608212	2.78293e-17	2.56727e-07	-1.98388e-18	0.928783
32.7348	4.89289e-14	0.000590553	2.81091e-17	2.51446e-07	-1.77653e-18	0.930423
33.2004	5.0225e-14	0.000573267	2.86637e-17	2.46133e-07	-1.42826e-18	0.931988
33.6668	5.14899e-14	0.000556354	2.94857e-17	2.4128e-07	-1.39156e-18	0.933484
34.1339	5.27243e-14	0.000539754	3.03713e-17	2.36416e-07	-1.38588e-18	0.93491
34.6017	5.39281e-14	0.000523518	3.12039e-17	2.31934e-07	-1.37956e-18	0.936277
35.0702	5.51012e-14	0.000507547	3.19206e-17	2.27497e-07	-1.28073e-18	0.937577
35.5393	5.6246e-14	0.000491925	3.25216e-17	2.2334e-07	-1.30224e-18	0.938826
36.009	5.73616e-14	0.000476532	3.31471e-17	2.19306e-07	-1.30597e-18	0.940013
36.4793	5.84478e-14	0.000461466	3.38714e-17	2.15441e-07	-1.33853e-18	0.941155
36.9502	5.95038e-14	0.000446606	3.45801e-17	2.11778e-07	-1.30038e-18	0.942241
37.4215	6.05304e-14	0.000432041	3.50918e-17	2.08182e-07	-1.11379e-18	0.943285
37.8934	6.15318e-14	0.000417668	3.55052e-17	2.04856e-07	-1.10911e-18	0.944279
38.3658	6.2508e-14	0.000403557	3.60778e-17	2.01516e-07	-1.12714e-18	0.945233
38.8387	6.34585e-14	0.000389631	3.69045e-17	1.98493e-07	-1.12158e-18	0.946143
39.312	6.43833e-14	0.000375933	3.80527e-17	1.95399e-07	-1.01484e-18	0.947015
39.7857	6.5285e-14	0.000362413	3.93086e-17	1.92646e-07	-1.10769e-18	0.947848
40.2598	6.61611e-14	0.000349089	4.01431e-17	1.8979e-07	-9.71908e-19	0.948645
40.7343	6.70149e-14	0.000335938	4.03815e-17	1.87278e-07	-1.11636e-18	0.949406
41.2092	6.78429e-14	0.000322955	4.01304e-17	1.84654e-07	-1.1871e-18	0.950133
41.6845	6.86433e-14	0.000310137	3.9501e-17	1.82356e-07	-1.02175e-18	0.950829
42.16	6.94199e-14	0.000297463	3.90674e-17	1.79958e-07	-6.70088e-19	0.951492
42.636	7.01811e-14	0.000284947	3.89754e-17	1.77853e-07	-5.9942e-19	0.952127
43.1122	7.09285e-14	0.000272552	3.93163e-17	1.75674e-07	-7.13554e-19	0.95273
43.5887	7.16594e-14	0.000260306	3.9991e-17	1.73743e-07	-8.57343e-19	0.953308
44.0655	7.23702e-14	0.000248164	4.08946e-17	1.71776e-07	-7.56123e-19	0.953855
44.5425	7.30635e-14	0.000236159	4.18893e-17	1.70004e-07	-9.41306e-19	0.95438
45.0199	7.37346e-14	0.000224244	4.27268e-17	1.68242e-07	-1.16146e-18	0.954875
45.4974	7.43783e-14	0.000212454	4.33295e-17	1.66616e-07	-1.09223e-18	0.955349
45.9752	7.49962e-14	0.000200741	4.37174e-17	1.6505e-07	-8.34426e-19	0.955795
46.4532	7.55945e-14	0.000189139	4.40099e-17	1.63562e-07	-7.08925e-19	0.956222
46.9314	7.61761e-14	0.000177606	4.42358e-17	1.62182e-07	-5.50915e-19	0.956622
47.4098	7.67447e-14	0.000166168	4.44695e-17	1.60828e-07	-4.89835e-19	0.957003
47.8884	7.73018e-14	0.000154792	4.46035e-17	1.59622e-07	-6.9735e-19	0.95736
48.3672	7.78424e-14	0.000143496	4.45733e-17	1.58399e-07	-7.47471e-19	0.957698
48.8461	7.83653e-14	0.000132255	4.43947e-17	1.57357e-07	-9.38844e-19	0.958013
49.3252	7.88659e-14	0.00012108	4.41901e-17	1.56263e-07	-8.13805e-19	0.95831
49.8044	7.93471e-14	0.000109952	4.41086e-17	1.55373e-07	-6.42063e-19	0.958586
50.2838	7.98131e-14	9.88772e-05	4.43416e-17	1.5441e-07	-3.90265e-19	0.958843
50.7633	8.02698e-14	8.78428e-05	4.4939e-17	1.53661e-07	-3.27509e-19	0.959081
51.2429	8.07188e-14	7.68488e-05	4.56594e-17	1.52829e-07	-3.25846e-19	0.9593
51.7226	8.11601e-14	6.58876e-05	4.6429e-17	1.52212e-07	-1.12252e-18	0.959501
52.2024	8.15745e-14	5.49557e-05	4.70612e-17	1.51513e-07	-1.07876e-18	0.959684
52.6823	8.19631e-14	4.40483e-05	4.75159e-17	1.51018e-07	-7.52785e-19	0.959849
53.1622	8.23337e-14	3.31602e-05	4.77416e-17	1.50454e-07	-3.254e-19	0.959996
53.6423	8.26965e-14	2.22877e-05	4.77807e-17	1.50075e-07	-3.93179e-19	0.960126
54.1224	8.30499e-14	1.14255e-05	4.74279e-17	1.49646e-07	-3.23944e-19	0.960238
54.6025	8.33956e-14	5.6944e-07	4.67697e-17	1.49376e-07	-9.12921e-19	0.960335
55.0827	8.37194e-14	-1.02846e-05	4.63274e-17	1.49084e-07	-8.4196e-19	0.960413
55.5629	8.40231e-14	-2.11424e-05	4.63071e-17	1.48918e-07	-9.04814e-19	0.960476
56.0432	8.4305e-14	-3.20057e-05	4.6792e-17	1.48763e-07	-4.92159e-19	0.96052
56.5234	8.45751e-14	-4.2883e-05	4.76157e-17	1.48698e-07	-4.06879e-19	0.960551
57.0037	8.48354e-14	-5.37732e-05	4.87026e-17	1.48681e-07	-1.0676e-19	0.960562
57.484	8.50931e-14	-6.46876e-05	4.98763e-17	1.48714e-07	-6.68915e-19	0.96056
57.9643	8.53348e-14	-7.56223e-05	5.07769e-17	1.48834e-07	-7.8479e-19	0.960538
58.4445	8.55577e-14	-8.65909e-05	5.11804e-17	1.48967e-07	-9.20131e-19	0.960504
58.9248	8.57584e-14	-9.75877e-05	5.1026e-17	1.49222e-07	-4.36188e-19	0.96045
59.405	8.59487e-14	-0.000108628	5.06042e-17	1.49455e-07	-5.39826e-19	0.960382
59.8852	8.61259e-14	-0.000119705	5.00973e-17	1.49843e-07	-3.53293e-19	0.960296
-59.6347	8.62947e-14	-0.000130833	4.9835e-17	1.5018e-07	-8.78463e-19	0.960196
-59.1546	8.64424e-14	-0.000142008	4.97337e-17	1.50697e-07	-1.08846e-18	0.960078
-58.6746	8.65639e-14	-0.000153243	4.94832e-17	1.51143e-07	-1.0653e-18	0.959945
-58.1947	8.66598e-14	-0.000164534	4.92424e-17	1.51787e-07	-6.27676e-20	0.959794
-57.7148	8.67542e-14	-0.000175892	4.94798e-17	1.52347e-07	-1.11776e-19	0.959627
-57.2351	8.68459e-14	-0.000187317	5.02405e-17	1.53114e-07	-3.07713e-19	0.959443
-56.7554	8.69303e-14	-0.000198816	5.12499e-17	1.53794e-07	-6.54431e-19	0.959242
-56.2758	8.69989e-14	-0.000210395	5.23382e-17	1.54681e-07	-9.20378e-19	0.959025
-55.7964	8.70454e-14	-0.000222053	5.29663e-17	1.55488e-07	-1.14886e-18	0.95879
-55.317	8.70644e-14	-0.000233804	5.3066e-17	1.56493e-07	-7.70593e-19	0.958538
-54.8378	8.70649e-14	-0.00024564	5.2773e-17	1.57435e-07	-7.01088e-19	0.958267
-54.3588	8.70486e-14	-0.000257584	5.22236e-17	1.58556e-07	-3.02198e-19	0.957981
-53.8799	8.70251e-14	-0.000269617	5.14942e-17	1.5964e-07	-4.46258e-19	0.957674
-53.4011	8.69909e-14	-0.000281772	5.06869e-17	1.60875e-07	-5.15985e-19	0.957351
-52.9225	8.69443e-14	-0.000294022	5.00505e-17	1.6211e-07	-6.47094e-19	0.957007
-52.4441	8.68824e-14	-0.00030641	4.96604e-17	1.63459e-07	-6.63217e-19	0.956647
-51.9659	8.68045e-14	-0.000318899	4.98972e-17	1.64853e-07	-7.30147e-19	0.956264
-51.4878	8.67093e-14	-0.00033154	5.07035e-17	1.66317e-07	-6.948e-19	0.955865
-51.01	8.65975e-14	-0.000344289	5.17745e-17	1.67876e-07	-8.04366e-19	0.955442
-50.5324	8.64665e-14	-0.000357205	5.26999e-17	1.6946e-07	-9.8669e-19	0.955002
-50.055	8.63121e-14	-0.000370239	5.30814e-17	1.71189e-07	-9.58856e-19	0.954538
-49.5778	8.61349e-14	-0.00038345	5.28034e-17	1.729e-07	-8.10198e-19	0.954056
-49.1009	8.59384e-14	-0.000396794	5.19143e-17	1.74804e-07	-7.27557e-19	0.953549
-48.6243	8.57247e-14	-0.000410324	5.09391e-17	1.76651e-07	-6.21403e-19	0.953022
-48.1479	8.54963e-14	-0.000424003	5.02247e-17	1.78732e-07	-6.38293e-19	0.952469
-47.6718	8.52529e-14	-0.000437876	5.03246e-17	1.80728e-07	-9.33246e-19	0.951895
-47.196	8.49874e-14	-0.000451918	5.11329e-17	1.82987e-07	-9.69979e-19	0.951295
-46.7205	8.4699e-14	-0.000466159	5.17979e-17	1.85147e-07	-8.88685e-19	0.95067
-46.2454	8.43897e-14	-0.000480592	5.21476e-17	1.87587e-07	-7.46781e-19	0.95002
-45.7705	8.40629e-14	-0.000495228	5.21996e-17	1.89928e-07	-5.22533e-19	0.949343
-45.296	8.3724e-14	-0.000510083	5.20892e-17	1.92549e-07	-6.59182e-19	0.948639
-44.8219	8.33697e-14	-0.000525144	5.23733e-17	1.9509e-07	-1.04785e-18	0.947905
-44.3481	8.29908e-14	-0.000540451	5.30959e-17	1.97895e-07	-1.39251e-18	0.947144
-43.8747	8.25793e-14	-0.000555967	5.33111e-17	2.00657e-07	-1.40191e-18	0.946351
-43.4018	8.2135e-14	-0.000571762	5.27984e-17	2.03648e-07	-1.11156e-18	0.945529
-42.9292	8.16648e-14	-0.000587768	5.19312e-17	2.06652e-07	-1.05415e-18	0.944671
-42.4571	8.11702e-14	-0.000604084	5.10586e-17	2.09835e-07	-6.18024e-19	0.943784
-41.9854	8.06615e-14	-0.000620618	5.04544e-17	2.13105e-07	-6.56932e-19	0.942857
-41.5142	8.01378e-14	-0.000637491	5.01725e-17	2.1649e-07	-1.20319e-18	0.941899
-41.0435	7.95864e-14	-0.000654597	4.99347e-17	2.20042e-07	-1.34643e-18	0.940897
-40.5733	7.90039e-14	-0.000672062	4.94896e-17	2.23646e-07	-1.47594e-18	0.939862
-40.1037	7.83874e-14	-0.000689787	4.89208e-17	2.27497e-07	-1.45429e-18	0.938782
-39.6345	7.77375e-14	-0.000707885	4.84935e-17	2.31345e-07	-1.26021e-18	0.937663
-39.166	7.70589e-14	-0.000726278	4.82987e-17	2.35506e-07	-1.11711e-18	0.936495
-38.6981	7.63551e-14	-0.00074505	4.82828e-17	2.39628e-07	-1.36302e-18	0.935285
-38.2307	7.56203e-14	-0.000764165	4.83148e-17	2.44109e-07	-1.29675e-18	0.934024
-37.764	7.48563e-14	-0.00078366	4.79555e-17	2.48546e-07	-1.32474e-18	0.932714
-37.298	7.40625e-14	-0.000803554	4.72289e-17	2.53353e-07	-1.39912e-18	0.931351
-36.8327	7.32374e-14	-0.000823823	4.66673e-17	2.58149e-07	-1.60866e-18	0.92993
-36.3681	7.23762e-14	-0.000844557	4.63229e-17	2.63292e-07	-1.58505e-18	0.928455
-35.9042	7.14796e-14	-0.000865662	4.63321e-17	2.68497e-07	-1.46902e-18	0.926914
-35.4412	7.05505e-14	-0.000887299	4.65237e-17	2.73987e-07	-1.59048e-18	0.925315
-34.9789	6.95864e-14	-0.00090931	4.66944e-17	2.79652e-07	-1.63134e-18	0.923641
-34.5175	6.85864e-14	-0.000931915	4.66276e-17	2.8551e-07	-1.67292e-18	0.921905
-34.057	6.75498e-14	-0.00095492	4.62674e-17	2.91679e-07	-1.85292e-18	0.920085
-33.5974	6.64728e-14	-0.000978555	4.57576e-17	2.97946e-07	-1.91011e-18	0.918196
-33.1388	6.53542e-14	-0.00100265	4.50181e-17	3.04651e-07	-1.74627e-18	0.916215
-32.6812	6.41982e-14	-0.00102738	4.40561e-17	3.11384e-07	-1.84727e-18	0.914153
-32.2247	6.30026e-14	-0.00105267	4.28815e-17	3.18648e-07	-2.02205e-18	0.911995
-31.7692	6.1764e-14	-0.00107858	4.17941e-17	3.25927e-07	-2.17866e-18	0.909741
-31.3149	6.04789e-14	-0.00110516	4.08749e-17	3.33762e-07	-2.28625e-18	0.907384
-30.8618	5.91456e-14	-0.00113235	4.01398e-17	3.41681e-07	-2.26417e-18	0.904913
-30.41	5.77648e-14	-0.00116034	3.95179e-17	3.50101e-07	-2.23005e-18	0.902335
-29.9595	5.63379e-14	-0.00118892	3.88102e-17	3.58762e-07	-2.26454e-18	0.899621
-29.5104	5.48645e-14	-0.00121843	3.79469e-17	3.67795e-07	-2.22659e-18	0.896791
-29.0627	5.3346e-14	-0.00124856	3.71515e-17	3.77287e-07	-2.28008e-18	0.893805
-28.6166	5.1782e-14	-0.0012797	3.6643e-17	3.87e-07	-2.66359e-18	0.890687
-28.172	5.01643e-14	-0.00131157	3.6391e-17	3.9737e-07	-2.85282e-18	0.887398
-27.7292	4.84897e-14	-0.00134442	3.61135e-17	4.0788e-07	-2.93189e-18	0.88395
-27.2881	4.6757e-14	-0.00137821	3.56878e-17	4.19142e-07	-2.73379e-18	0.88032
-26.8489	4.49718e-14	-0.00141292	3.48522e-17	4.30608e-07	-2.62488e-18	0.876494
-26.4116	4.3137e-14	-0.00144883	3.36301e-17	4.42756e-07	-2.67428e-18	0.872477
-25.9764	4.12529e-14	-0.00148558	3.24346e-17	4.55351e-07	-3.09301e-18	0.868221
-25.5434	3.93113e-14	-0.00152378	3.14841e-17	4.68412e-07	-3.58408e-18	0.863755
-25.1126	3.73027e-14	-0.00156288	3.08841e-17	4.8225e-07	-3.73992e-18	0.859013
-24.6843	3.52256e-14	-0.00160346	3.0492e-17	4.9634e-07	-3.66152e-18	0.854023
-24.2586	3.30829e-14	-0.00164524	3.02234e-17	5.11416e-07	-3.3992e-18	0.848735
-23.8356	3.08822e-14	-0.00168834	2.95349e-17	5.26753e-07	-3.43315e-18	0.843134
-23.4155	2.86243e-14	-0.00173309	2.85264e-17	5.42988e-07	-3.65187e-18	0.837221
-22.9984	2.63068e-14	-0.00177898	2.7103e-17	5.5981e-07	-3.79689e-18	0.830917
-22.5845	2.39287e-14	-0.00182692	2.56067e-17	5.77176e-07	-4.5997e-18	0.824267
-22.1741	2.14759e-14	-0.00187615	2.40048e-17	5.95537e-07	-5.27158e-18	0.817169
-21.7674	1.89381e-14	-0.00192727	2.24334e-17	6.14191e-07	-5.29305e-18	0.809645
-21.3645	1.63176e-14	-0.00198031	2.09712e-17	6.33866e-07	-4.74168e-18	0.801653
-20.9657	1.36297e-14	-0.00203481	1.96891e-17	6.5408e-07	-5.09911e-18	0.793106
-20.5714	1.08709e-14	-0.00209196	1.85336e-17	6.74821e-07	-5.48191e-18	0.784063
-20.1817	8.038e-15	-0.00215063	1.74775e-17	6.96557e-07	-5.08616e-18	0.774366
-19.797	5.14402e-15	-0.00221162	1.64687e-17	7.18395e-07	-5.19497e-18	0.764052
-19.4176	2.19123e-15	-0.00227514	1.55895e-17	7.41048e-07	-7.30954e-18	0.753083
-19.0439	-8.53647e-16	-0.00234022	1.43885e-17	7.64102e-07	-7.73797e-18	0.741297
-18.6763	-3.99104e-15	-0.00240854	1.29647e-17	7.87136e-07	-7.80017e-18	0.728799
-18.3151	-7.21446e-15	-0.00247896	1.13984e-17	8.10653e-07	-8.31089e-18	0.715434
-17.9609	-1.05229e-14	-0.00255123	9.91876e-18	8.33906e-07	-6.97656e-18	0.701116
-17.614	-1.38834e-14	-0.00262725	8.41104e-18	8.56659e-07	-8.14832e-18	0.685959
-17.2749	-1.73064e-14	-0.002705	7.12609e-18	8.79143e-07	-1.16289e-17	0.669728
-16.9443	-2.08363e-14	-0.00278466	5.94532e-18	9.00382e-07	-9.39249e-18	0.652414
-16.6225	-2.44225e-14	-0.00286821	4.82809e-18	9.20159e-07	-1.15127e-17	0.634149
-16.3101	-2.80836e-14	-0.00295316	3.81144e-18	9.38269e-07	-1.19473e-17	0.614702
-16.0078	-3.18073e-14	-0.00303926	2.87991e-18	9.53906e-07	-1.29929e-17	0.594056
-15.7161	-3.55899e-14	-0.00312889	1.80249e-18	9.66439e-07	-1.34213e-17	0.572448
-15.4354	-3.94178e-14	-0.00321973	7.70694e-19	9.75544e-07	-1.53439e-17	0.54978
-15.1663	-4.32931e-14	-0.00331031	-1.16891e-19	9.80503e-07	-1.76828e-17	0.525963
-14.9094	-4.72201e-14	-0.00340171	-1.32137e-18	9.80759e-07	-1.79073e-17	0.501303
-14.665	-5.11747e-14	-0.00349457	-2.36492e-18	9.75945e-07	-1.73229e-17	0.476023
-14.4334	-5.51229e-14	-0.00358598	-3.69889e-18	9.65685e-07	-1.81229e-17	0.450131
-14.2149	-5.90455e-14	-0.00367499	-4.7959e-18	9.49902e-07	-1.63321e-17	0.423829
-14.0095	-6.28987e-14	-0.00376186	-5.52096e-18	9.28796e-07	-1.84743e-17	0.397514
-13.8173	-6.66831e-14	-0.00384693	-6.451e-18	9.02902e-07	-1.9001e-17	0.371556
-13.638	-7.03849e-14	-0.00392814	-7.30142e-18	8.72801e-07	-1.9942e-17	0.346246
-13.4711	-7.39955e-14	-0.00400487	-7.89661e-18	8.39953e-07	-1.06685e-17	0.322021
-13.316	-7.74344e-14	-0.00407712	-8.68728e-18	8.06122e-07	1.1217e-19	0.299517
-13.1716	-8.06342e-14	-0.00414526	-9.26908e-18	7.74385e-07	4.91429e-18	0.279597
-13.0364	-8.35973e-14	-0.0042101	-1.00691e-17	7.49218e-07	-3.32776e-17	0.263643
-12.9079	-8.66254e-14	-0.00427147	-1.08107e-17	7.38734e-07	-1.27328e-16	0.254145
-12.7822	-9.03896e-14	-0.00432816	-1.1933e-17	7.61e-07	-2.28075e-16	0.257272
-12.6507	-9.58289e-14	-0.00438483	-1.38541e-17	8.40834e-07	-2.15085e-16	0.286986
-12.4952	-1.03926e-13	-0.00444891	-1.65277e-17	9.8066e-07	7.62653e-17	0.399296
-12.2514	-1.15701e-13	-0.00454351	-2.02157e-17	-1.0654e-05	6.30558e-16	1.35474
-11.1405	-1.34322e-13	-0.0047317	-2.20652e-17	-0.0464671	3.36628e-16	100.564
