-46.708	-2.31201e-11	-0.00360102	-1.91394e-15	0.04	-1.72411e-09	60.0016
-46.7072	-8.78614e-11	-0.00360104	-4.33854e-15	3.99003e-10	1.85667e-08	0.000801843
-46.7072	-4.50523e-11	-0.00360104	-2.73479e-15	2.15013e-10	2.02938e-08	7.82297e-05
-46.7072	5.8156e-12	-0.00360104	-8.29975e-16	1.6329e-10	-4.6087e-09	4.81964e-05
-46.7071	3.96462e-11	-0.00360104	4.36583e-16	1.45991e-10	-1.59717e-08	3.93969e-05
-46.7071	5.50397e-11	-0.00360104	1.0127e-15	1.39876e-10	-1.15242e-08	3.64141e-05
-46.7071	5.95226e-11	-0.00360104	1.18029e-15	1.38506e-10	-2.4652e-09	3.54631e-05
-46.7071	6.17869e-11	-0.00360104	1.2648e-15	1.39478e-10	1.95314e-09	3.54132e-05
-46.7071	6.58023e-11	-0.00360104	1.41485e-15	1.4165e-10	1.71609e-09	3.58139e-05
-46.707	7.14287e-11	-0.00360104	1.62517e-15	1.4455e-10	-2.18217e-10	3.646e-05
-46.707	7.69692e-11	-0.00360104	1.83222e-15	1.47845e-10	-1.6605e-09	3.72491e-05
-46.707	8.10724e-11	-0.00360104	1.98545e-15	1.51458e-10	-2.39587e-09	3.81291e-05
-46.707	8.29644e-11	-0.00360104	2.05591e-15	1.55267e-10	-1.32825e-09	3.90748e-05
-46.707	8.35904e-11	-0.00360104	2.079e-15	1.59286e-10	-1.90135e-09	4.00721e-05
-46.707	8.23035e-11	-0.00360104	2.0305e-15	1.63454e-10	-1.20989e-09	4.11151e-05
-46.7069	7.97232e-11	-0.00360105	1.93363e-15	1.67808e-10	-1.25482e-09	4.22008e-05
-46.7069	7.57329e-11	-0.00360105	1.78402e-15	1.7231e-10	-1.31698e-09	4.33291e-05
-46.7069	7.01901e-11	-0.00360105	1.57638e-15	1.77001e-10	-1.73299e-09	4.45003e-05
-46.7069	6.25426e-11	-0.00360105	1.29006e-15	1.81853e-10	-5.63632e-10	4.57161e-05
-46.7068	5.40325e-11	-0.00360105	9.71548e-16	1.869e-10	-1.15595e-09	4.69772e-05
-46.7068	4.391e-11	-0.00360105	5.92801e-16	1.92121e-10	-9.30954e-10	4.82854e-05
-46.7068	3.23655e-11	-0.00360105	1.60978e-16	1.97544e-10	-1.91697e-10	4.96414e-05
-46.7068	2.02539e-11	-0.00360105	-2.91959e-16	2.03148e-10	7.39709e-10	5.10461e-05
-46.7067	8.75599e-12	-0.00360105	-7.2185e-16	2.0897e-10	-1.54239e-10	5.25017e-05
-46.7067	-3.27682e-12	-0.00360105	-1.17164e-15	2.15033e-10	1.81183e-09	5.4016e-05
-46.7067	-1.31771e-11	-0.00360105	-1.54164e-15	2.21357e-10	5.03379e-10	5.55941e-05
-46.7067	-2.26588e-11	-0.00360105	-1.8959e-15	2.2793e-10	2.23788e-09	5.72373e-05
-46.7066	-2.91729e-11	-0.00360105	-2.13922e-15	2.34768e-10	1.99193e-09	5.89458e-05
-46.7066	-3.29037e-11	-0.00360105	-2.27853e-15	2.41866e-10	2.27572e-09	6.07214e-05
-46.7066	-3.32413e-11	-0.00360105	-2.29106e-15	2.49256e-10	1.59323e-09	6.25673e-05
-46.7065	-3.10595e-11	-0.00360106	-2.20952e-15	2.56972e-10	1.87405e-09	6.44919e-05
-46.7065	-2.57426e-11	-0.00360106	-2.01095e-15	2.6503e-10	1.01665e-09	6.65015e-05
-46.7065	-1.85427e-11	-0.00360106	-1.74217e-15	2.73403e-10	5.6848e-10	6.85949e-05
-46.7064	-1.01252e-11	-0.00360106	-1.428e-15	2.82098e-10	-5.59376e-10	7.07694e-05
-46.7064	-2.44522e-12	-0.00360106	-1.14147e-15	2.9113e-10	-6.70622e-10	7.3028e-05
-46.7064	4.23705e-12	-0.00360106	-8.92251e-16	3.00577e-10	-1.37389e-09	7.53823e-05
-46.7063	8.50566e-12	-0.00360106	-7.33175e-16	3.10418e-10	-1.12855e-09	7.78397e-05
-46.7063	1.06825e-11	-0.00360106	-6.52183e-16	3.20611e-10	-1.02974e-09	8.03923e-05
-46.7062	1.08278e-11	-0.00360106	-6.46969e-16	3.31148e-10	-8.00975e-10	8.30335e-05
-46.7062	9.28833e-12	-0.00360106	-7.04587e-16	3.42097e-10	-2.82528e-10	8.5771e-05
-46.7062	7.08228e-12	-0.00360107	-7.87024e-16	3.53468e-10	-1.09156e-11	8.86148e-05
-46.7061	4.77831e-12	-0.00360107	-8.73091e-16	3.65157e-10	2.59726e-10	9.1553e-05
-46.7061	3.00228e-12	-0.00360107	-9.39451e-16	3.77123e-10	4.30557e-10	9.45669e-05
-46.706	2.20237e-12	-0.00360107	-9.69439e-16	3.89415e-10	3.58167e-10	9.76577e-05
-46.706	2.26485e-12	-0.00360107	-9.6729e-16	4.01941e-10	1.9411e-10	0.00010082
-46.7059	2.82634e-12	-0.00360107	-9.46568e-16	4.14498e-10	6.22189e-11	0.000104016
-46.7059	3.56965e-12	-0.00360107	-9.191e-16	4.26944e-10	-3.10431e-11	0.000107202
-46.7058	4.25086e-12	-0.00360107	-8.93967e-16	4.39242e-10	-6.3558e-11	0.000110354
-46.7058	4.77385e-12	-0.00360108	-8.74729e-16	4.52457e-10	-3.86709e-11	0.000113605
-46.7057	5.20113e-12	-0.00360108	-8.59068e-16	4.66815e-10	-5.12425e-11	0.000117118
-46.7056	5.48958e-12	-0.00360108	-8.48596e-16	4.82176e-10	-2.65681e-11	0.000120905
-46.7056	5.70592e-12	-0.00360108	-8.40809e-16	4.98421e-10	-2.36858e-11	0.000124932
-46.7055	5.85435e-12	-0.00360108	-8.35572e-16	5.15446e-10	-5.7491e-12	0.000129172
-46.7054	5.98897e-12	-0.00360108	-8.30841e-16	5.33372e-10	-4.95741e-12	0.000133625
-46.7054	6.11143e-12	-0.00360109	-8.26596e-16	5.52137e-10	1.0181e-11	0.000138301
-46.7053	6.27401e-12	-0.00360109	-8.20861e-16	5.7161e-10	2.96926e-12	0.000143173
-46.7052	6.45313e-12	-0.00360109	-8.14523e-16	5.91886e-10	-2.33893e-11	0.000148238
-46.7052	6.55042e-12	-0.00360109	-8.11246e-16	6.12863e-10	-1.28016e-11	0.000153495
-46.7051	6.60118e-12	-0.00360109	-8.09706e-16	6.34324e-10	-1.53202e-11	0.000158903
-46.705	6.59181e-12	-0.0036011	-8.10416e-16	6.56342e-10	-2.06849e-11	0.000164443
-46.7049	6.49562e-12	-0.0036011	-8.14352e-16	6.78705e-10	2.94857e-11	0.000170099
-46.7048	6.52365e-12	-0.0036011	-8.13684e-16	7.01187e-10	-1.12393e-11	0.000175813
-46.7047	6.50239e-12	-0.0036011	-8.14873e-16	7.23813e-10	-2.53236e-11	0.000181562
-46.7047	6.36368e-12	-0.0036011	-8.20421e-16	7.46231e-10	1.23959e-11	0.000187302
-46.7046	6.27961e-12	-0.00360111	-8.23929e-16	7.68223e-10	4.04176e-11	0.000192961
-46.7045	6.39086e-12	-0.00360111	-8.20244e-16	7.91767e-10	-1.34853e-11	0.000198764
-46.7044	6.4375e-12	-0.00360111	-8.18962e-16	8.17255e-10	-1.71072e-11	0.000205013
-46.7043	6.39658e-12	-0.00360111	-8.20932e-16	8.43373e-10	-1.6556e-11	0.00021159
-46.7041	6.26539e-12	-0.00360112	-8.26245e-16	8.6979e-10	7.73808e-12	0.000218285
-46.704	6.17297e-12	-0.00360112	-8.30133e-16	8.96091e-10	4.01892e-12	0.000225004
-46.7039	6.1007e-12	-0.00360112	-8.33313e-16	9.22461e-10	6.5368e-12	0.000231716
-46.7038	6.06472e-12	-0.00360113	-8.35139e-16	9.48838e-10	1.05815e-11	0.000238439
-46.7037	6.09167e-12	-0.00360113	-8.34668e-16	9.75462e-10	6.79394e-12	0.000245194
-46.7036	6.16161e-12	-0.00360113	-8.32637e-16	1.00349e-09	-9.53871e-12	0.000252159
-46.7034	6.17257e-12	-0.00360114	-8.32786e-16	1.03368e-09	5.30279e-12	0.000259579
-46.7033	6.21878e-12	-0.00360114	-8.31662e-16	1.06393e-09	-1.15602e-11	0.000267283
-46.7032	6.18798e-12	-0.00360114	-8.3338e-16	1.09322e-09	-7.55725e-13	0.000274872
-46.703	6.15107e-12	-0.00360115	-8.35349e-16	1.12153e-09	1.61264e-11	0.000282214
-46.7029	6.22844e-12	-0.00360115	-8.3312e-16	1.14968e-09	1.11372e-11	0.00028941
-46.7027	6.38933e-12	-0.00360115	-8.27858e-16	1.17809e-09	3.47104e-12	0.00029662
-46.7026	6.58025e-12	-0.00360116	-8.21512e-16	1.20899e-09	-6.28704e-12	0.00030418
-46.7024	6.72776e-12	-0.00360116	-8.16792e-16	1.24131e-09	-8.18632e-12	0.000312238
-46.7023	6.81446e-12	-0.00360116	-8.14309e-16	1.2717e-09	-9.94227e-12	0.000320231
-46.7021	6.82272e-12	-0.00360117	-8.14734e-16	1.30106e-09	9.59053e-12	0.000327848
-46.7019	6.91068e-12	-0.00360117	-8.1226e-16	1.32973e-09	1.10684e-11	0.000335245
-46.7018	7.09436e-12	-0.00360118	-8.06311e-16	1.35974e-09	-9.34411e-12	0.000342725
-46.7016	7.20122e-12	-0.00360118	-8.03189e-16	1.39195e-09	-1.13093e-11	0.000350657
-46.7014	7.21032e-12	-0.00360119	-8.03653e-16	1.4225e-09	-2.97932e-12	0.000358658
-46.7012	7.19261e-12	-0.00360119	-8.05108e-16	1.45181e-09	8.00821e-12	0.000366288
-46.7011	7.24862e-12	-0.0036012	-8.03906e-16	1.4804e-09	-2.05441e-12	0.000373669
-46.7009	7.28636e-12	-0.0036012	-8.034e-16	1.51072e-09	-6.90093e-12	0.000381179
-46.7007	7.25843e-12	-0.0036012	-8.0528e-16	1.54138e-09	-1.27132e-11	0.000388954
-46.7005	7.10508e-12	-0.00360121	-8.11742e-16	1.57029e-09	-3.65831e-12	0.000396548
-46.7003	6.91225e-12	-0.00360121	-8.19635e-16	1.59833e-09	1.26856e-11	0.000403808
-46.7001	6.84516e-12	-0.00360122	-8.22984e-16	1.62689e-09	-3.19405e-12	0.000411025
-46.6999	6.74377e-12	-0.00360122	-8.27585e-16	1.65628e-09	4.61941e-13	0.000418414
-46.6997	6.64542e-12	-0.00360123	-8.32069e-16	1.68388e-09	1.93804e-13	0.000425679
-46.6994	6.54751e-12	-0.00360124	-8.3657e-16	1.71071e-09	4.14695e-12	0.000432619
-46.6992	6.49325e-12	-0.00360124	-8.39484e-16	1.73792e-09	-7.22594e-12	0.000439509
-46.699	6.35809e-12	-0.00360125	-8.45326e-16	1.76514e-09	-5.64909e-13	0.000446448
-46.6988	6.21447e-12	-0.00360125	-8.51507e-16	1.79086e-09	4.31201e-13	0.000453198
-46.6986	6.07367e-12	-0.00360126	-8.57555e-16	1.81599e-09	4.07767e-12	0.000459683
-46.6983	5.97809e-12	-0.00360126	-8.61996e-16	1.84151e-09	2.78543e-13	0.000466142
-46.6981	5.88443e-12	-0.00360127	-8.66366e-16	1.866e-09	-4.26205e-12	0.000472518
-46.6978	5.73884e-12	-0.00360127	-8.72615e-16	1.88946e-09	-5.47731e-12	0.000478632
-46.6976	5.52547e-12	-0.00360128	-8.8128e-16	1.91278e-09	1.38133e-12	0.000484596
-46.6974	5.32631e-12	-0.00360129	-8.89446e-16	1.9356e-09	4.80129e-12	0.00049048
-46.6971	5.18399e-12	-0.00360129	-8.9558e-16	1.9573e-09	-1.6311e-12	0.000496157
-46.6969	5.01973e-12	-0.0036013	-9.02485e-16	1.97849e-09	2.20543e-13	0.000501625
-46.6966	4.85647e-12	-0.00360131	-9.09353e-16	1.99925e-09	-3.98712e-12	0.000506975
-46.6964	4.64069e-12	-0.00360131	-9.18089e-16	2.01897e-09	6.60011e-13	0.000512137
-46.6961	4.43129e-12	-0.00360132	-9.26593e-16	2.03802e-09	-2.52676e-13	0.000517081
-46.6958	4.21662e-12	-0.00360132	-9.35268e-16	2.05657e-09	-9.65113e-14	0.000521876
-46.6956	3.99873e-12	-0.00360133	-9.44051e-16	2.07409e-09	1.25326e-12	0.000526475
-46.6953	3.79555e-12	-0.00360134	-9.52319e-16	2.09099e-09	5.0114e-13	0.000530865
-46.695	3.59739e-12	-0.00360134	-9.60375e-16	2.10719e-09	-2.32444e-12	0.000535087
-46.6948	3.36648e-12	-0.00360135	-9.6959e-16	2.12241e-09	-2.8153e-13	0.000539094
-46.6945	3.1301e-12	-0.00360136	-9.78976e-16	2.13707e-09	-8.62276e-13	0.000542904
-46.6942	2.88034e-12	-0.00360136	-9.88835e-16	2.15087e-09	1.3164e-12	0.000546533
-46.694	2.647e-12	-0.00360137	-9.98088e-16	2.16372e-09	-3.23859e-12	0.000549932
-46.6937	2.36762e-12	-0.00360138	-1.00895e-15	2.17608e-09	2.72016e-12	0.000553146
-46.6934	2.12436e-12	-0.00360138	-1.01853e-15	2.18741e-09	2.29176e-12	0.000556167
-46.6931	1.91179e-12	-0.00360139	-1.027e-15	2.19791e-09	1.56041e-12	0.000558952
-46.6929	1.72005e-12	-0.0036014	-1.03473e-15	2.20793e-09	-5.19938e-12	0.000561569
-46.6926	1.45427e-12	-0.0036014	-1.04504e-15	2.2168e-09	-3.6215e-12	0.000563979
-46.6923	1.13626e-12	-0.00360141	-1.05715e-15	2.22497e-09	-9.15493e-13	0.000566151
-46.692	8.04096e-13	-0.00360142	-1.06972e-15	2.23266e-09	-7.22953e-13	0.000568173
-46.6917	4.60498e-13	-0.00360142	-1.08267e-15	2.23903e-09	6.22081e-12	0.000569967
-46.6914	2.04686e-13	-0.00360143	-1.09253e-15	2.24493e-09	3.77564e-12	0.000571532
-46.6911	2.21806e-15	-0.00360144	-1.10052e-15	2.25026e-09	-5.69577e-12	0.000572964
-46.6909	-2.82414e-13	-0.00360144	-1.11135e-15	2.25425e-09	-3.33318e-12	0.000574153
-46.6906	-6.15437e-13	-0.00360145	-1.12382e-15	2.25797e-09	-3.53635e-12	0.000575136
-46.6903	-9.999e-13	-0.00360146	-1.13803e-15	2.26096e-09	2.62944e-12	0.000575992
-46.69	-1.34698e-12	-0.00360146	-1.15094e-15	2.26266e-09	1.46515e-12	0.000576591
-46.6897	-1.6732e-12	-0.00360147	-1.16306e-15	2.2643e-09	1.2352e-12	0.000577017
-46.6894	-1.98183e-12	-0.00360148	-1.17457e-15	2.2649e-09	2.16125e-12	0.000577301
-46.6891	-2.25934e-12	-0.00360148	-1.18496e-15	2.26449e-09	6.17221e-14	0.000577325
-46.6888	-2.53591e-12	-0.00360149	-1.19532e-15	2.26409e-09	-2.80541e-12	0.000577223
-46.6886	-2.85292e-12	-0.0036015	-1.20701e-15	2.26232e-09	-1.37451e-12	0.000576946
-46.6883	-3.18949e-12	-0.00360151	-1.21934e-15	2.25998e-09	-2.40561e-12	0.000576422
-46.688	-3.56037e-12	-0.00360151	-1.23283e-15	2.25757e-09	1.11347e-12	0.000575816
-46.6877	-3.91482e-12	-0.00360152	-1.24571e-15	2.25353e-09	-2.81495e-12	0.000574994
-46.6874	-4.30907e-12	-0.00360153	-1.2599e-15	2.24941e-09	2.3602e-12	0.000573953
-46.6871	-4.66877e-12	-0.00360153	-1.27289e-15	2.24494e-09	-1.35412e-12	0.000572857
-46.6868	-5.04712e-12	-0.00360154	-1.28648e-15	2.23885e-09	1.44772e-12	0.000571511
-46.6865	-5.40379e-12	-0.00360155	-1.29928e-15	2.23302e-09	2.67652e-13	0.00056999
-46.6863	-5.75572e-12	-0.00360155	-1.31189e-15	2.22647e-09	-3.33396e-13	0.000568411
-46.686	-6.11135e-12	-0.00360156	-1.32459e-15	2.21852e-09	-4.78845e-12	0.000566562
-46.6857	-6.53341e-12	-0.00360156	-1.3395e-15	2.21104e-09	1.21958e-12	0.000564593
-46.6854	-6.93686e-12	-0.00360157	-1.35374e-15	2.20243e-09	-1.61694e-12	0.000562541
-46.6851	-7.36144e-12	-0.00360158	-1.36865e-15	2.19278e-09	4.198e-12	0.000560213
-46.6849	-7.72548e-12	-0.00360158	-1.38148e-15	2.18365e-09	-4.42199e-13	0.000557818
-46.6846	-8.09417e-12	-0.00360159	-1.39442e-15	2.173e-09	1.1851e-12	0.000555296
-46.6843	-8.44465e-12	-0.0036016	-1.40671e-15	2.16173e-09	-1.99988e-12	0.000552501
-46.684	-8.82085e-12	-0.0036016	-1.41984e-15	2.15096e-09	-3.70469e-13	0.000549689
-46.6837	-9.20026e-12	-0.00360161	-1.43304e-15	2.13833e-09	-1.97151e-12	0.000546704
-46.6835	-9.60431e-12	-0.00360162	-1.44701e-15	2.12546e-09	-4.66726e-12	0.000543453
-46.6832	-1.00691e-11	-0.00360162	-1.46297e-15	2.113e-09	-3.84905e-14	0.000540223
-46.6829	-1.05318e-11	-0.00360163	-1.47883e-15	2.09847e-09	4.17175e-12	0.000536781
-46.6827	-1.09354e-11	-0.00360163	-1.49268e-15	2.0839e-09	-1.13563e-12	0.00053307
-46.6824	-1.13514e-11	-0.00360164	-1.50688e-15	2.06975e-09	1.10858e-12	0.000529409
-46.6821	-1.17498e-11	-0.00360165	-1.52048e-15	2.05331e-09	1.28321e-12	0.000525507
-46.6819	-1.21284e-11	-0.00360165	-1.53336e-15	2.03691e-09	-5.26462e-13	0.000521319
-46.6816	-1.25107e-11	-0.00360166	-1.54633e-15	2.02101e-09	5.66358e-13	0.0005172
-46.6814	-1.28827e-11	-0.00360166	-1.55894e-15	2.00269e-09	-4.00886e-12	0.000512836
-46.6811	-1.33026e-11	-0.00360167	-1.57308e-15	1.98416e-09	-5.93843e-12	0.000508137
-46.6809	-1.37936e-11	-0.00360168	-1.58954e-15	1.96641e-09	2.38127e-12	0.000503511
-46.6806	-1.42504e-11	-0.00360168	-1.60483e-15	1.94631e-09	4.6704e-12	0.000498684
-46.6804	-1.46446e-11	-0.00360169	-1.61801e-15	1.92525e-09	4.02412e-12	0.000493435
-46.6801	-1.49852e-11	-0.00360169	-1.62939e-15	1.90534e-09	1.28469e-13	0.000488211
-46.6799	-1.53207e-11	-0.0036017	-1.64058e-15	1.88378e-09	-3.01918e-12	0.000482924
-46.6796	-1.56886e-11	-0.0036017	-1.6528e-15	1.85972e-09	-3.26858e-12	0.000477107
-46.6794	-1.60906e-11	-0.00360171	-1.66611e-15	1.83708e-09	-8.0459e-12	0.000471151
-46.6792	-1.65819e-11	-0.00360171	-1.68229e-15	1.81421e-09	-6.93498e-12	0.000465348
-46.6789	-1.71472e-11	-0.00360172	-1.70086e-15	1.78747e-09	1.67763e-12	0.000459024
-46.6787	-1.7685e-11	-0.00360172	-1.71848e-15	1.76104e-09	2.49695e-12	0.000452244
-46.6785	-1.81869e-11	-0.00360173	-1.7349e-15	1.73578e-09	1.6e-11	0.000445653
-46.6782	-1.85047e-11	-0.00360173	-1.74528e-15	1.70857e-09	1.87153e-11	0.000438963
-46.678	-1.86136e-11	-0.00360174	-1.74885e-15	1.67763e-09	1.9062e-11	0.00043155
-46.6778	-1.85169e-11	-0.00360174	-1.74575e-15	1.64818e-09	2.52734e-12	0.000423851
-46.6776	-1.83952e-11	-0.00360175	-1.74183e-15	1.61961e-09	-2.37652e-11	0.000416453
-46.6774	-1.8521e-11	-0.00360175	-1.74592e-15	1.58857e-09	-3.70859e-11	0.000408853
-46.6772	-1.90197e-11	-0.00360176	-1.76209e-15	1.55379e-09	-2.65328e-11	0.000400462
-46.677	-1.97703e-11	-0.00360176	-1.78636e-15	1.52056e-09	-1.24168e-11	0.000391791
-46.6768	-2.0625e-11	-0.00360176	-1.81393e-15	1.48861e-09	-1.06735e-11	0.000383481
-46.6766	-2.1563e-11	-0.00360177	-1.84414e-15	1.45577e-09	8.49951e-12	0.000375221
-46.6764	-2.24015e-11	-0.00360177	-1.87108e-15	1.41858e-09	3.17215e-11	0.000366293
-46.6762	-2.29319e-11	-0.00360178	-1.88807e-15	1.38152e-09	4.0235e-11	0.000356828
-46.6761	-2.30942e-11	-0.00360178	-1.89317e-15	1.34657e-09	4.01213e-11	0.000347648
-46.6759	-2.29081e-11	-0.00360178	-1.8871e-15	1.31285e-09	3.88522e-11	0.000338895
-46.6757	-2.24017e-11	-0.00360179	-1.87074e-15	1.27873e-09	3.30461e-11	0.000330247
-46.6756	-2.16393e-11	-0.00360179	-1.84619e-15	1.24152e-09	1.62895e-11	0.000321153
-46.6754	-2.07702e-11	-0.0036018	-1.81829e-15	1.20455e-09	-7.63558e-12	0.000311698
-46.6753	-1.99856e-11	-0.0036018	-1.79312e-15	1.17029e-09	-3.89706e-11	0.000302618
-46.6751	-1.95139e-11	-0.0036018	-1.77801e-15	1.13854e-09	-7.62945e-11	0.000294205
-46.675	-1.96084e-11	-0.0036018	-1.78103e-15	1.10889e-09	-1.03229e-10	0.000286379
-46.6748	-2.04297e-11	-0.00360181	-1.80725e-15	1.08006e-09	-9.00687e-11	0.000278925
-46.6747	-2.18495e-11	-0.00360181	-1.85256e-15	1.05052e-09	-3.76696e-11	0.000271486
-46.6746	-2.34826e-11	-0.00360181	-1.90459e-15	1.0215e-09	-1.67029e-11	0.000264022
-46.6744	-2.51793e-11	-0.00360182	-1.95858e-15	9.95657e-10	2.95434e-11	0.000257029
-46.6743	-2.66456e-11	-0.00360182	-2.00516e-15	9.73125e-10	4.01243e-11	0.000250863
-46.6742	-2.78299e-11	-0.00360182	-2.0427e-15	9.53628e-10	4.74014e-11	0.000245506
-46.674	-2.87026e-11	-0.00360182	-2.07029e-15	9.36882e-10	3.33878e-11	0.000240887
-46.6739	-2.93606e-11	-0.00360183	-2.09101e-15	9.22469e-10	4.62081e-11	0.000236916
-46.6738	-2.97369e-11	-0.00360183	-2.10276e-15	9.09964e-10	6.40731e-11	0.000233486
-46.6737	-2.97367e-11	-0.00360183	-2.10255e-15	8.98703e-10	6.13691e-11	0.000230457
-46.6736	-2.93851e-11	-0.00360183	-2.09118e-15	8.89492e-10	3.74584e-11	0.000227847
-46.6735	-2.88249e-11	-0.00360184	-2.07323e-15	8.8376e-10	6.12713e-11	0.000225943
-46.6734	-2.79232e-11	-0.00360184	-2.04446e-15	8.81212e-10	3.8722e-11	0.000224888
-46.6732	-2.68068e-11	-0.00360184	-2.00894e-15	8.81673e-10	-5.42976e-12	0.000224622
-46.6731	-2.57203e-11	-0.00360184	-1.97441e-15	8.85035e-10	-2.48543e-11	0.000225109
-46.673	-2.47698e-11	-0.00360185	-1.94422e-15	8.91099e-10	-2.56484e-11	0.00022631
-46.6729	-2.39584e-11	-0.00360185	-1.91845e-15	8.99757e-10	-2.24976e-11	0.000228187
-46.6728	-2.32681e-11	-0.00360185	-1.89655e-15	9.10851e-10	-7.46768e-12	0.000230704
-46.6727	-2.26126e-11	-0.00360185	-1.87578e-15	9.24297e-10	-1.9879e-11	0.000233831
-46.6726	-2.20645e-11	-0.00360186	-1.85842e-15	9.39945e-10	-6.08409e-11	0.000237539
-46.6724	-2.18714e-11	-0.00360186	-1.85227e-15	9.57799e-10	-1.46971e-11	0.000241809
-46.6723	-2.17643e-11	-0.00360186	-1.84885e-15	9.84117e-10	-4.80017e-11	0.000247439
-46.6722	-2.19553e-11	-0.00360186	-1.8548e-15	1.02338e-09	-1.165e-11	0.000255797
-46.6721	-2.22298e-11	-0.00360187	-1.86339e-15	1.07044e-09	-1.18532e-11	0.0002668
-46.6719	-2.25979e-11	-0.00360187	-1.87489e-15	1.12465e-09	-1.54546e-11	0.000279708
-46.6718	-2.30952e-11	-0.00360187	-1.89044e-15	1.18607e-09	4.1416e-12	0.000294446
-46.6716	-2.35885e-11	-0.00360188	-1.90583e-15	1.25556e-09	1.47746e-12	0.000311133
-46.6715	-2.40989e-11	-0.00360188	-1.92172e-15	1.3339e-09	9.77321e-12	0.000329976
-46.6713	-2.4558e-11	-0.00360188	-1.93596e-15	1.42272e-09	-1.39287e-11	0.000351285
-46.6711	-2.5174e-11	-0.00360189	-1.95508e-15	1.52364e-09	1.29027e-11	0.000375473
-46.6709	-2.57084e-11	-0.00360189	-1.97161e-15	1.63986e-09	6.9182e-13	0.000403156
-46.6707	-2.62764e-11	-0.0036019	-1.98912e-15	1.7752e-09	2.74992e-12	0.000435229
-46.6705	-2.68602e-11	-0.0036019	-2.00706e-15	1.9372e-09	3.96245e-12	0.000473141
-46.6702	-2.74484e-11	-0.00360191	-2.02507e-15	2.13997e-09	9.80757e-12	0.000519655
-46.67	-2.79644e-11	-0.00360191	-2.04075e-15	2.43054e-09	1.61359e-11	0.000582572
-46.6697	-2.83006e-11	-0.00360192	-2.05071e-15	2.82836e-09	1.39267e-11	0.000670375
-46.6693	-2.84407e-11	-0.00360193	-2.0545e-15	3.37659e-09	6.92809e-12	0.00079107
-46.6689	-2.8459e-11	-0.00360193	-2.05439e-15	4.18929e-09	5.19924e-13	0.000964748
-46.6683	-2.84677e-11	-0.00360195	-2.05381e-15	5.56422e-09	-1.77631e-12	0.00124406
-46.6676	-2.85423e-11	-0.00360196	-2.05498e-15	8.49333e-09	1.71377e-12	0.00179413
-46.6665	-2.85634e-11	-0.00360198	-2.0539e-15	1.74556e-08	5.61504e-12	0.00331792
-46.6643	-2.79798e-11	-0.00360203	-2.03275e-15	1.15826e-07	-7.66711e-13	0.0174517
-46.6491	-2.45869e-11	-0.00360232	-1.91634e-15	-0.0559402	-4.47916e-12	59.9572
13.2929	8.8765e-12	-0.0133412	1.39273e-15	-0.0960473	8.05854e-15	119.943
