21.7022	-1.48746e-09	-0.00361256	-1.29166e-13	0.04	-2.19558e-08	60.004
21.7025	-1.73178e-09	-0.00361256	-1.32157e-13	1.17596e-10	2.35966e-07	0.000237671
21.7025	-1.56994e-09	-0.00361256	-1.30171e-13	5.9606e-11	2.5715e-07	2.32796e-05
21.7025	-1.37784e-09	-0.00361256	-1.27816e-13	4.99142e-11	-5.88014e-08	1.43475e-05
21.7025	-1.25015e-09	-0.00361256	-1.2625e-13	4.66217e-11	-2.02683e-07	1.17307e-05
21.7025	-1.19209e-09	-0.00361256	-1.25539e-13	4.26585e-11	-1.4612e-07	1.08447e-05
21.7025	-1.17523e-09	-0.00361256	-1.25332e-13	4.13366e-11	-3.12558e-08	1.05634e-05
21.7025	-1.16674e-09	-0.00361256	-1.25228e-13	4.15037e-11	2.47064e-08	1.05505e-05
21.7025	-1.15165e-09	-0.00361256	-1.25044e-13	4.21404e-11	2.16826e-08	1.06718e-05
21.7025	-1.13049e-09	-0.00361256	-1.24785e-13	4.30968e-11	-2.80703e-09	1.08664e-05
21.7025	-1.10967e-09	-0.00361256	-1.2453e-13	4.4145e-11	-2.10417e-08	1.11036e-05
21.7025	-1.09427e-09	-0.00361256	-1.24341e-13	4.52226e-11	-3.03157e-08	1.13681e-05
21.7025	-1.08722e-09	-0.00361256	-1.24255e-13	4.6321e-11	-1.67964e-08	1.16524e-05
21.7025	-1.08494e-09	-0.00361256	-1.24227e-13	4.75108e-11	-2.40159e-08	1.19522e-05
21.7026	-1.08987e-09	-0.00361256	-1.24288e-13	4.87512e-11	-1.52612e-08	1.22658e-05
21.7026	-1.09967e-09	-0.00361256	-1.24408e-13	5.00481e-11	-1.58105e-08	1.25924e-05
21.7026	-1.11477e-09	-0.00361256	-1.24594e-13	5.13884e-11	-1.65753e-08	1.29319e-05
21.7026	-1.13572e-09	-0.00361256	-1.2485e-13	5.27651e-11	-2.17982e-08	1.32844e-05
21.7026	-1.16458e-09	-0.00361256	-1.25204e-13	5.42766e-11	-7.03739e-09	1.36505e-05
21.7026	-1.19667e-09	-0.00361256	-1.25597e-13	5.57562e-11	-1.44854e-08	1.40304e-05
21.7026	-1.23481e-09	-0.00361256	-1.26064e-13	5.73368e-11	-1.16327e-08	1.44246e-05
21.7026	-1.27828e-09	-0.00361256	-1.26597e-13	5.90237e-11	-2.31537e-09	1.48334e-05
21.7026	-1.32386e-09	-0.00361256	-1.27155e-13	6.07828e-11	9.40056e-09	1.5257e-05
21.7026	-1.3671e-09	-0.00361256	-1.27684e-13	6.2475e-11	-1.84248e-09	1.56962e-05
21.7026	-1.41234e-09	-0.00361256	-1.28237e-13	6.44329e-11	2.28527e-08	1.61533e-05
21.7026	-1.44953e-09	-0.00361256	-1.28693e-13	6.62546e-11	6.39981e-09	1.66299e-05
21.7026	-1.48513e-09	-0.00361256	-1.29128e-13	6.8312e-11	2.81476e-08	1.71264e-05
21.7026	-1.50957e-09	-0.00361256	-1.29427e-13	7.03354e-11	2.50222e-08	1.76428e-05
21.7027	-1.52355e-09	-0.00361256	-1.29597e-13	7.24524e-11	2.85376e-08	1.81798e-05
21.7027	-1.52479e-09	-0.00361256	-1.29612e-13	7.4658e-11	1.99468e-08	1.87384e-05
21.7027	-1.51658e-09	-0.00361256	-1.29512e-13	7.6968e-11	2.34249e-08	1.9321e-05
21.7027	-1.49662e-09	-0.00361256	-1.29267e-13	7.94139e-11	1.26644e-08	1.99298e-05
21.7027	-1.46963e-09	-0.00361257	-1.28937e-13	8.19622e-11	7.04128e-09	2.05642e-05
21.7027	-1.43809e-09	-0.00361257	-1.28551e-13	8.46402e-11	-7.05154e-09	2.12237e-05
21.7027	-1.40934e-09	-0.00361257	-1.282e-13	8.7383e-11	-8.4273e-09	2.19091e-05
21.7027	-1.38435e-09	-0.00361257	-1.27894e-13	9.02631e-11	-1.71759e-08	2.2624e-05
21.7027	-1.36841e-09	-0.00361257	-1.277e-13	9.32381e-11	-1.40869e-08	2.33707e-05
21.7028	-1.36031e-09	-0.00361257	-1.27601e-13	9.63291e-11	-1.2828e-08	2.41468e-05
21.7028	-1.3598e-09	-0.00361257	-1.27594e-13	9.95304e-11	-9.95648e-09	2.49506e-05
21.7028	-1.36559e-09	-0.00361257	-1.27665e-13	1.02867e-10	-3.49553e-09	2.57843e-05
21.7028	-1.37387e-09	-0.00361257	-1.27766e-13	1.06336e-10	-1.17175e-10	2.66511e-05
21.7028	-1.3825e-09	-0.00361257	-1.27872e-13	1.09907e-10	3.23791e-09	2.75474e-05
21.7028	-1.38916e-09	-0.00361257	-1.27953e-13	1.13563e-10	5.34523e-09	2.84679e-05
21.7028	-1.39217e-09	-0.00361257	-1.27989e-13	1.17322e-10	4.43627e-09	2.94128e-05
21.7028	-1.39197e-09	-0.00361257	-1.27987e-13	1.21158e-10	2.39757e-09	3.03806e-05
21.7029	-1.38991e-09	-0.00361257	-1.27962e-13	1.2501e-10	7.63227e-10	3.13601e-05
21.7029	-1.38718e-09	-0.00361257	-1.27928e-13	1.28835e-10	-3.88669e-10	3.23381e-05
21.7029	-1.38468e-09	-0.00361257	-1.27898e-13	1.32622e-10	-7.8799e-10	3.33077e-05
21.7029	-1.38278e-09	-0.00361257	-1.27874e-13	1.36691e-10	-4.79723e-10	3.43086e-05
21.7029	-1.38123e-09	-0.00361257	-1.27855e-13	1.41114e-10	-6.32709e-10	3.53905e-05
21.7029	-1.3802e-09	-0.00361257	-1.27843e-13	1.45849e-10	-3.28129e-10	3.65571e-05
21.703	-1.37945e-09	-0.00361257	-1.27833e-13	1.5086e-10	-2.91802e-10	3.77986e-05
21.703	-1.37894e-09	-0.00361257	-1.27827e-13	1.56116e-10	-7.14517e-11	3.91067e-05
21.703	-1.3785e-09	-0.00361257	-1.27822e-13	1.61657e-10	-6.15786e-11	4.04824e-05
21.703	-1.37809e-09	-0.00361257	-1.27817e-13	1.67464e-10	1.23226e-10	4.19281e-05
21.703	-1.37755e-09	-0.00361257	-1.2781e-13	1.73499e-10	3.49063e-11	4.34367e-05
21.7031	-1.37694e-09	-0.00361257	-1.27802e-13	1.79791e-10	-2.85691e-10	4.5007e-05
21.7031	-1.37664e-09	-0.00361257	-1.27799e-13	1.8631e-10	-1.56066e-10	4.66392e-05
21.7031	-1.37651e-09	-0.00361257	-1.27797e-13	1.92993e-10	-1.85918e-10	4.83212e-05
21.7031	-1.37661e-09	-0.00361257	-1.27798e-13	1.99862e-10	-2.49973e-10	5.00477e-05
21.7032	-1.37703e-09	-0.00361257	-1.27803e-13	2.06853e-10	3.56768e-10	5.18135e-05
21.7032	-1.377e-09	-0.00361257	-1.27803e-13	2.139e-10	-1.35531e-10	5.3602e-05
21.7032	-1.37714e-09	-0.00361257	-1.27804e-13	2.21009e-10	-3.0421e-10	5.54055e-05
21.7032	-1.37772e-09	-0.00361258	-1.27811e-13	2.28076e-10	1.49952e-10	5.72116e-05
21.7033	-1.37811e-09	-0.00361258	-1.27816e-13	2.35032e-10	4.84731e-10	5.89981e-05
21.7033	-1.37777e-09	-0.00361258	-1.27812e-13	2.42485e-10	-1.61908e-10	6.08339e-05
21.7033	-1.37768e-09	-0.00361258	-1.2781e-13	2.50557e-10	-2.04198e-10	6.28119e-05
21.7034	-1.37791e-09	-0.00361258	-1.27813e-13	2.58848e-10	-1.96475e-10	6.48967e-05
21.7034	-1.37847e-09	-0.00361258	-1.2782e-13	2.67259e-10	9.29811e-11	6.70246e-05
21.7034	-1.37889e-09	-0.00361258	-1.27825e-13	2.75663e-10	4.84166e-11	6.91668e-05
21.7035	-1.37924e-09	-0.00361258	-1.27829e-13	2.84117e-10	7.78714e-11	7.13146e-05
21.7035	-1.37946e-09	-0.00361258	-1.27831e-13	2.92603e-10	1.25008e-10	7.34729e-05
21.7035	-1.37945e-09	-0.00361258	-1.27831e-13	3.01198e-10	7.97041e-11	7.56491e-05
21.7036	-1.37929e-09	-0.00361258	-1.27829e-13	3.10259e-10	-1.12133e-10	7.78986e-05
21.7036	-1.37935e-09	-0.00361258	-1.27829e-13	3.20025e-10	6.19734e-11	8.02974e-05
21.7037	-1.37928e-09	-0.00361258	-1.27828e-13	3.2985e-10	-1.34828e-10	8.27935e-05
21.7037	-1.3795e-09	-0.00361258	-1.27831e-13	3.39418e-10	-8.38936e-12	8.52643e-05
21.7037	-1.37973e-09	-0.00361258	-1.27833e-13	3.4872e-10	1.87062e-10	8.76686e-05
21.7038	-1.37956e-09	-0.00361258	-1.27831e-13	3.58013e-10	1.28031e-10	9.00379e-05
21.7038	-1.37909e-09	-0.00361259	-1.27825e-13	3.6743e-10	3.88151e-11	9.24218e-05
21.7039	-1.37852e-09	-0.00361259	-1.27818e-13	3.77667e-10	-7.33693e-11	9.49259e-05
21.7039	-1.37811e-09	-0.00361259	-1.27813e-13	3.88398e-10	-9.44726e-11	9.75974e-05
21.704	-1.37792e-09	-0.00361259	-1.27811e-13	3.98573e-10	-1.13647e-10	0.000100261
21.704	-1.37802e-09	-0.00361259	-1.27811e-13	4.08479e-10	1.08861e-10	0.00010282
21.7041	-1.37783e-09	-0.00361259	-1.27809e-13	4.18214e-10	1.24549e-10	0.000105322
21.7041	-1.37731e-09	-0.00361259	-1.27802e-13	4.28423e-10	-1.06388e-10	0.000107863
21.7042	-1.37706e-09	-0.00361259	-1.27799e-13	4.39381e-10	-1.27421e-10	0.00011056
21.7042	-1.37717e-09	-0.00361259	-1.278e-13	4.49873e-10	-3.31515e-11	0.000113294
21.7043	-1.37737e-09	-0.00361259	-1.27803e-13	4.60026e-10	8.93968e-11	0.000115924
21.7044	-1.37732e-09	-0.0036126	-1.27802e-13	4.70009e-10	-2.29812e-11	0.00011849
21.7044	-1.37733e-09	-0.0036126	-1.27802e-13	4.80602e-10	-7.61946e-11	0.000121112
21.7045	-1.37758e-09	-0.0036126	-1.27804e-13	4.91363e-10	-1.39198e-10	0.000123833
21.7045	-1.37827e-09	-0.0036126	-1.27812e-13	5.01628e-10	-3.86452e-11	0.000126512
21.7046	-1.3791e-09	-0.0036126	-1.27822e-13	5.11678e-10	1.39712e-10	0.0001291
21.7047	-1.37948e-09	-0.0036126	-1.27826e-13	5.21956e-10	-3.38971e-11	0.000131691
21.7047	-1.37999e-09	-0.0036126	-1.27832e-13	5.32565e-10	5.94153e-12	0.000134352
21.7048	-1.38049e-09	-0.0036126	-1.27837e-13	5.42663e-10	3.0177e-12	0.000136991
21.7049	-1.38099e-09	-0.0036126	-1.27843e-13	5.52578e-10	4.52309e-11	0.000139541
21.705	-1.38133e-09	-0.00361261	-1.27847e-13	5.62681e-10	-7.61921e-11	0.000142091
21.705	-1.38196e-09	-0.00361261	-1.27854e-13	5.72853e-10	-4.77152e-12	0.000144675
21.7051	-1.38262e-09	-0.00361261	-1.27861e-13	5.82605e-10	5.79766e-12	0.000147214
21.7052	-1.38326e-09	-0.00361261	-1.27868e-13	5.92234e-10	4.3926e-11	0.000149683
21.7052	-1.38375e-09	-0.00361261	-1.27874e-13	6.02052e-10	3.80962e-12	0.000152162
21.7053	-1.38423e-09	-0.00361261	-1.27879e-13	6.11602e-10	-4.32532e-11	0.00015463
21.7054	-1.38489e-09	-0.00361261	-1.27886e-13	6.20881e-10	-5.51706e-11	0.000157029
21.7055	-1.38578e-09	-0.00361262	-1.27896e-13	6.30178e-10	1.58914e-11	0.000159396
21.7056	-1.38662e-09	-0.00361262	-1.27906e-13	6.3938e-10	5.05583e-11	0.000161753
21.7056	-1.38726e-09	-0.00361262	-1.27913e-13	6.48272e-10	-1.53012e-11	0.000164059
21.7057	-1.38798e-09	-0.00361262	-1.27921e-13	6.57061e-10	3.59659e-12	0.000166312
21.7058	-1.38869e-09	-0.00361262	-1.27928e-13	6.65773e-10	-3.85819e-11	0.000168542
21.7059	-1.38957e-09	-0.00361262	-1.27938e-13	6.74199e-10	8.29469e-12	0.000170726
21.706	-1.39043e-09	-0.00361262	-1.27948e-13	6.82466e-10	-8.33388e-13	0.000172853
21.7061	-1.3913e-09	-0.00361263	-1.27957e-13	6.90625e-10	7.48183e-13	0.000174947
21.7062	-1.39218e-09	-0.00361263	-1.27967e-13	6.98497e-10	1.39734e-11	0.000176989
21.7062	-1.39301e-09	-0.00361263	-1.27976e-13	7.06221e-10	6.47893e-12	0.000178977
21.7063	-1.39382e-09	-0.00361263	-1.27985e-13	7.13764e-10	-2.09109e-11	0.000180923
21.7064	-1.39473e-09	-0.00361263	-1.27995e-13	7.21032e-10	-9.29685e-13	0.00018281
21.7065	-1.39566e-09	-0.00361263	-1.28005e-13	7.2816e-10	-6.43147e-12	0.000184645
21.7066	-1.39662e-09	-0.00361264	-1.28015e-13	7.35054e-10	1.43697e-11	0.000186431
21.7067	-1.39753e-09	-0.00361264	-1.28025e-13	7.41668e-10	-2.87755e-11	0.000188153
21.7068	-1.39858e-09	-0.00361264	-1.28036e-13	7.48166e-10	2.7541e-11	0.000189824
21.7069	-1.3995e-09	-0.00361264	-1.28046e-13	7.54358e-10	2.31396e-11	0.000191441
21.707	-1.40033e-09	-0.00361264	-1.28055e-13	7.60307e-10	1.60292e-11	0.000192988
21.7071	-1.40108e-09	-0.00361264	-1.28063e-13	7.66137e-10	-4.63305e-11	0.000194489
21.7072	-1.40207e-09	-0.00361265	-1.28073e-13	7.71607e-10	-3.11453e-11	0.000195929
21.7073	-1.40321e-09	-0.00361265	-1.28085e-13	7.76869e-10	-6.05881e-12	0.000197297
21.7074	-1.4044e-09	-0.00361265	-1.28098e-13	7.82005e-10	-4.19573e-12	0.000198622
21.7075	-1.40561e-09	-0.00361265	-1.28111e-13	7.86713e-10	5.80648e-11	0.000199877
21.7076	-1.40654e-09	-0.00361265	-1.28121e-13	7.91287e-10	3.53813e-11	0.00020106
21.7077	-1.40729e-09	-0.00361265	-1.28128e-13	7.9569e-10	-4.88501e-11	0.000202204
21.7078	-1.4083e-09	-0.00361266	-1.28139e-13	7.99648e-10	-2.7282e-11	0.000203269
21.7079	-1.40945e-09	-0.00361266	-1.28151e-13	8.03536e-10	-2.85669e-11	0.000204269
21.708	-1.41076e-09	-0.00361266	-1.28165e-13	8.07188e-10	2.53194e-11	0.00020523
21.7081	-1.41193e-09	-0.00361266	-1.28177e-13	8.104e-10	1.49085e-11	0.000206105
21.7082	-1.41304e-09	-0.00361266	-1.28188e-13	8.13607e-10	1.27149e-11	0.000206923
21.7083	-1.41409e-09	-0.00361266	-1.28199e-13	8.16456e-10	2.03783e-11	0.000207694
21.7084	-1.41503e-09	-0.00361267	-1.28208e-13	8.18958e-10	2.36165e-12	0.000208376
21.7085	-1.41596e-09	-0.00361267	-1.28218e-13	8.21474e-10	-2.16533e-11	0.000209016
21.7086	-1.41701e-09	-0.00361267	-1.28228e-13	8.235e-10	-9.37234e-12	0.000209595
21.7087	-1.41811e-09	-0.00361267	-1.2824e-13	8.25325e-10	-1.7702e-11	0.000210086
21.7088	-1.41931e-09	-0.00361267	-1.28252e-13	8.27129e-10	1.14732e-11	0.000210548
21.7089	-1.42045e-09	-0.00361268	-1.28263e-13	8.28339e-10	-2.0693e-11	0.000210932
21.709	-1.4217e-09	-0.00361268	-1.28276e-13	8.29515e-10	2.15386e-11	0.000211236
21.7091	-1.42284e-09	-0.00361268	-1.28287e-13	8.30563e-10	-8.6485e-12	0.00021152
21.7092	-1.42402e-09	-0.00361268	-1.28299e-13	8.31004e-10	1.38727e-11	0.000211709
21.7093	-1.42513e-09	-0.00361268	-1.2831e-13	8.3153e-10	4.30104e-12	0.000211833
21.7095	-1.42622e-09	-0.00361269	-1.28321e-13	8.31784e-10	-4.85781e-13	0.000211932
21.7096	-1.42732e-09	-0.00361269	-1.28332e-13	8.31498e-10	-3.52909e-11	0.000211928
21.7097	-1.4286e-09	-0.00361269	-1.28344e-13	8.31373e-10	1.19761e-11	0.000211876
21.7098	-1.42981e-09	-0.00361269	-1.28356e-13	8.30808e-10	-1.00885e-11	0.000211788
21.7099	-1.43108e-09	-0.00361269	-1.28369e-13	8.29832e-10	3.46459e-11	0.000211591
21.71	-1.43216e-09	-0.00361269	-1.28379e-13	8.2903e-10	-1.23583e-12	0.000211365
21.7101	-1.43325e-09	-0.0036127	-1.2839e-13	8.27629e-10	1.10973e-11	0.000211084
21.7102	-1.43428e-09	-0.0036127	-1.284e-13	8.25963e-10	-1.29927e-11	0.000210693
21.7103	-1.43538e-09	-0.0036127	-1.2841e-13	8.24457e-10	-6.12532e-13	0.000210289
21.7104	-1.43647e-09	-0.0036127	-1.2842e-13	8.22211e-10	-1.24531e-11	0.000209811
21.7105	-1.43763e-09	-0.0036127	-1.28432e-13	8.19839e-10	-3.20835e-11	0.000209222
21.7106	-1.43895e-09	-0.00361271	-1.28444e-13	8.17593e-10	2.30749e-12	0.000208634
21.7107	-1.44026e-09	-0.00361271	-1.28457e-13	8.14504e-10	3.28621e-11	0.000207954
21.7108	-1.44139e-09	-0.00361271	-1.28468e-13	8.11364e-10	-5.97419e-12	0.00020716
21.7109	-1.44255e-09	-0.00361271	-1.28479e-13	8.08344e-10	1.02229e-11	0.000206375
21.711	-1.44365e-09	-0.00361271	-1.28489e-13	8.04386e-10	1.1307e-11	0.000205486
21.7111	-1.44469e-09	-0.00361271	-1.28498e-13	8.00396e-10	-1.68343e-12	0.000204473
21.7112	-1.44573e-09	-0.00361272	-1.28508e-13	7.96557e-10	6.03502e-12	0.000203475
21.7113	-1.44674e-09	-0.00361272	-1.28517e-13	7.9171e-10	-2.60445e-11	0.000202368
21.7114	-1.44787e-09	-0.00361272	-1.28528e-13	7.86731e-10	-3.90403e-11	0.000201116
21.7115	-1.44919e-09	-0.00361272	-1.2854e-13	7.82004e-10	1.90142e-11	0.000199879
21.7116	-1.45041e-09	-0.00361272	-1.28552e-13	7.76285e-10	3.44273e-11	0.000198548
21.7117	-1.45144e-09	-0.00361272	-1.28561e-13	7.70122e-10	2.94886e-11	0.000197033
21.7118	-1.45233e-09	-0.00361273	-1.28569e-13	7.64359e-10	2.62576e-12	0.000195514
21.7119	-1.45319e-09	-0.00361273	-1.28576e-13	7.57872e-10	-1.86302e-11	0.000193952
21.712	-1.45414e-09	-0.00361273	-1.28585e-13	7.50307e-10	-2.00282e-11	0.000192162
21.7121	-1.45518e-09	-0.00361273	-1.28594e-13	7.43246e-10	-5.15589e-11	0.000190298
21.7122	-1.45645e-09	-0.00361273	-1.28606e-13	7.36025e-10	-4.34593e-11	0.000188478
21.7123	-1.45791e-09	-0.00361273	-1.28619e-13	7.2716e-10	1.38633e-11	0.000186428
21.7124	-1.45928e-09	-0.00361274	-1.28632e-13	7.18337e-10	1.90115e-11	0.000184174
21.7125	-1.46056e-09	-0.00361274	-1.28644e-13	7.09917e-10	1.06649e-10	0.000181976
21.7126	-1.46134e-09	-0.00361274	-1.2865e-13	7.00623e-10	1.22739e-10	0.000179719
21.7127	-1.46156e-09	-0.00361274	-1.28651e-13	6.89712e-10	1.23292e-10	0.000177144
21.7128	-1.46123e-09	-0.00361274	-1.28646e-13	6.79326e-10	1.57027e-11	0.00017443
21.7128	-1.46084e-09	-0.00361274	-1.2864e-13	6.69215e-10	-1.52065e-10	0.000171818
21.7129	-1.46111e-09	-0.00361274	-1.28641e-13	6.58002e-10	-2.34555e-10	0.000169101
21.713	-1.46235e-09	-0.00361275	-1.28653e-13	6.45145e-10	-1.65008e-10	0.000166034
21.7131	-1.46425e-09	-0.00361275	-1.28671e-13	6.32836e-10	-7.43724e-11	0.000162827
21.7132	-1.46641e-09	-0.00361275	-1.28692e-13	6.2097e-10	-6.26273e-11	0.000159746
21.7133	-1.46878e-09	-0.00361275	-1.28715e-13	6.08643e-10	5.72856e-11	0.000156663
21.7133	-1.47088e-09	-0.00361275	-1.28735e-13	5.94406e-10	2.00279e-10	0.000153278
21.7134	-1.47217e-09	-0.00361275	-1.28747e-13	5.80127e-10	2.50386e-10	0.000149644
21.7135	-1.47251e-09	-0.00361275	-1.28749e-13	5.66638e-10	2.46867e-10	0.000146106
21.7136	-1.47194e-09	-0.00361276	-1.28742e-13	5.53585e-10	2.36429e-10	0.000142724
21.7136	-1.47056e-09	-0.00361276	-1.28726e-13	5.40274e-10	1.98631e-10	0.000139365
21.7137	-1.46852e-09	-0.00361276	-1.28704e-13	5.25574e-10	9.51225e-11	0.000135795
21.7138	-1.46623e-09	-0.00361276	-1.28679e-13	5.10888e-10	-5.01265e-11	0.000132051
21.7138	-1.46416e-09	-0.00361276	-1.28656e-13	4.9727e-10	-2.37923e-10	0.000128444
21.7139	-1.4629e-09	-0.00361276	-1.28642e-13	4.84647e-10	-4.59138e-10	0.000125101
21.714	-1.46308e-09	-0.00361276	-1.28643e-13	4.72847e-10	-6.15602e-10	0.000121989
21.714	-1.46512e-09	-0.00361276	-1.28662e-13	4.61339e-10	-5.31836e-10	0.000119019
21.7141	-1.46867e-09	-0.00361276	-1.28698e-13	4.49464e-10	-2.16758e-10	0.000116039
21.7141	-1.47275e-09	-0.00361276	-1.28738e-13	4.37752e-10	-9.12314e-11	0.000113034
21.7142	-1.47698e-09	-0.00361277	-1.28781e-13	4.27346e-10	1.81605e-10	0.000110216
21.7142	-1.48062e-09	-0.00361277	-1.28817e-13	4.18315e-10	2.42074e-10	0.000107739
21.7143	-1.48353e-09	-0.00361277	-1.28845e-13	4.10551e-10	2.82612e-10	0.000105599
21.7143	-1.48565e-09	-0.00361277	-1.28866e-13	4.03937e-10	1.98614e-10	0.000103767
21.7144	-1.48722e-09	-0.00361277	-1.2888e-13	3.983e-10	2.71582e-10	0.000102206
21.7144	-1.48808e-09	-0.00361277	-1.28888e-13	3.93464e-10	3.73048e-10	0.000100872
21.7145	-1.488e-09	-0.00361277	-1.28886e-13	3.89145e-10	3.54622e-10	9.97054e-05
21.7145	-1.48704e-09	-0.00361277	-1.28875e-13	3.85696e-10	2.14215e-10	9.87156e-05
21.7146	-1.48556e-09	-0.00361277	-1.28859e-13	3.83744e-10	3.49472e-10	9.80274e-05
21.7146	-1.48323e-09	-0.00361277	-1.28834e-13	3.83168e-10	2.1773e-10	9.77053e-05
21.7147	-1.48038e-09	-0.00361277	-1.28804e-13	3.83899e-10	-3.60859e-11	9.77251e-05
21.7147	-1.47761e-09	-0.00361277	-1.28775e-13	3.85899e-10	-1.46489e-10	9.80731e-05
21.7148	-1.47518e-09	-0.00361278	-1.28749e-13	3.89086e-10	-1.4997e-10	9.87339e-05
21.7148	-1.47311e-09	-0.00361278	-1.28727e-13	3.93421e-10	-1.31065e-10	9.96924e-05
21.7149	-1.47134e-09	-0.00361278	-1.28708e-13	3.98841e-10	-4.5283e-11	0.000100935
21.7149	-1.46966e-09	-0.00361278	-1.2869e-13	4.05315e-10	-1.14848e-10	0.000102451
21.715	-1.46826e-09	-0.00361278	-1.28675e-13	4.12785e-10	-3.4384e-10	0.000104227
21.715	-1.46773e-09	-0.00361278	-1.28669e-13	4.21257e-10	-8.30875e-11	0.000106259
21.7151	-1.46741e-09	-0.00361278	-1.28664e-13	4.33498e-10	-2.68109e-10	0.000108898
21.7152	-1.46782e-09	-0.00361278	-1.28667e-13	4.5151e-10	-6.38938e-11	0.000112753
21.7152	-1.46843e-09	-0.00361278	-1.28672e-13	4.73063e-10	-6.44165e-11	0.000117794
21.7153	-1.46927e-09	-0.00361278	-1.2868e-13	4.97885e-10	-8.36228e-11	0.000123703
21.7153	-1.47042e-09	-0.00361278	-1.2869e-13	5.26046e-10	2.49642e-11	0.000130454
21.7154	-1.47155e-09	-0.00361279	-1.287e-13	5.57948e-10	1.02655e-11	0.000138108
21.7155	-1.47271e-09	-0.00361279	-1.2871e-13	5.93991e-10	5.54984e-11	0.000146765
21.7156	-1.47373e-09	-0.00361279	-1.28719e-13	6.34938e-10	-7.35206e-11	0.000156576
21.7156	-1.47512e-09	-0.00361279	-1.28731e-13	6.81586e-10	7.23257e-11	0.000167738
21.7157	-1.4763e-09	-0.00361279	-1.28741e-13	7.35437e-10	6.04382e-12	0.000180545
21.7158	-1.47755e-09	-0.00361279	-1.28751e-13	7.98323e-10	1.71413e-11	0.000195422
21.7159	-1.47882e-09	-0.00361279	-1.28762e-13	8.73784e-10	2.35387e-11	0.000213053
21.716	-1.48007e-09	-0.0036128	-1.28772e-13	9.68428e-10	5.4174e-11	0.000234732
21.7161	-1.48113e-09	-0.0036128	-1.28779e-13	1.10401e-09	8.65034e-11	0.000264075
21.7163	-1.48172e-09	-0.0036128	-1.28782e-13	1.29022e-09	7.34781e-11	0.00030509
21.7165	-1.48181e-09	-0.0036128	-1.28779e-13	1.54814e-09	3.59604e-11	0.000361706
21.7167	-1.48157e-09	-0.00361281	-1.28772e-13	1.93275e-09	2.53601e-12	0.000443625
21.7169	-1.48123e-09	-0.00361281	-1.28764e-13	2.58796e-09	-8.9926e-12	0.000576225
21.7172	-1.48093e-09	-0.00361282	-1.28753e-13	3.99745e-09	8.33492e-12	0.000839642
21.7177	-1.48025e-09	-0.00361282	-1.28735e-13	8.40338e-09	2.52532e-11	0.00158254
21.7188	-1.47746e-09	-0.00361284	-1.28685e-13	6.35697e-08	-1.31626e-11	0.00930643
21.727	-1.46148e-09	-0.00361297	-1.28378e-13	-0.0560095	-4.0545e-11	59.9872
-38.294	1.43411e-09	-0.0133414	1.2584e-13	-0.0960419	7.89682e-13	119.983
