-19.8857	-1.62966e-08	-0.00361685	-1.45148e-12	0.04	-4.95732e-08	60.0099
-19.8855	-1.66699e-08	-0.00361685	-1.45655e-12	7.45763e-11	5.3482e-07	0.000160789
-19.8855	-1.64214e-08	-0.00361685	-1.45314e-12	2.07416e-11	5.82394e-07	1.57649e-05
-19.8855	-1.61266e-08	-0.00361685	-1.44911e-12	3.96032e-11	-1.33407e-07	9.717e-06
-19.8855	-1.59306e-08	-0.00361685	-1.44643e-12	4.56215e-11	-4.59209e-07	7.94526e-06
-19.8855	-1.58415e-08	-0.00361685	-1.44521e-12	3.33412e-11	-3.30987e-07	7.34553e-06
-19.8855	-1.58157e-08	-0.00361685	-1.44485e-12	2.83346e-11	-7.07987e-08	7.15533e-06
-19.8855	-1.58026e-08	-0.00361685	-1.44467e-12	2.78697e-11	5.59306e-08	7.1469e-06
-19.8855	-1.57795e-08	-0.00361685	-1.44436e-12	2.82207e-11	4.90706e-08	7.22941e-06
-19.8855	-1.5747e-08	-0.00361685	-1.44391e-12	2.92457e-11	-6.38144e-09	7.36154e-06
-19.8855	-1.5715e-08	-0.00361685	-1.44347e-12	3.02149e-11	-4.76559e-08	7.52262e-06
-19.8855	-1.56914e-08	-0.00361685	-1.44315e-12	3.09081e-11	-6.8634e-08	7.70221e-06
-19.8855	-1.56806e-08	-0.00361685	-1.443e-12	3.14466e-11	-3.80206e-08	7.89519e-06
-19.8855	-1.56771e-08	-0.00361685	-1.44295e-12	3.21714e-11	-5.4347e-08	8.09875e-06
-19.8855	-1.56846e-08	-0.00361685	-1.44305e-12	3.29555e-11	-3.45235e-08	8.31171e-06
-19.8855	-1.56996e-08	-0.00361685	-1.44326e-12	3.37787e-11	-3.57559e-08	8.53345e-06
-19.8855	-1.57228e-08	-0.00361685	-1.44358e-12	3.46228e-11	-3.74749e-08	8.764e-06
-19.8855	-1.57549e-08	-0.00361685	-1.44401e-12	3.54009e-11	-4.92758e-08	9.00344e-06
-19.8855	-1.57991e-08	-0.00361685	-1.44462e-12	3.66502e-11	-1.58781e-08	9.25208e-06
-19.8855	-1.58483e-08	-0.00361685	-1.44529e-12	3.74736e-11	-3.27134e-08	9.51014e-06
-19.8855	-1.59067e-08	-0.00361685	-1.44609e-12	3.85773e-11	-2.62516e-08	9.77795e-06
-19.8855	-1.59733e-08	-0.00361685	-1.447e-12	3.99534e-11	-5.17863e-09	1.00557e-05
-19.8854	-1.60431e-08	-0.00361685	-1.44795e-12	4.14529e-11	2.1306e-08	1.03436e-05
-19.8854	-1.61094e-08	-0.00361685	-1.44885e-12	4.23145e-11	-4.10869e-09	1.06421e-05
-19.8854	-1.61786e-08	-0.00361685	-1.4498e-12	4.42078e-11	5.16958e-08	1.09527e-05
-19.8854	-1.62356e-08	-0.00361685	-1.45058e-12	4.50533e-11	1.45064e-08	1.12767e-05
-19.8854	-1.629e-08	-0.00361685	-1.45132e-12	4.67651e-11	6.36282e-08	1.16142e-05
-19.8854	-1.63274e-08	-0.00361685	-1.45183e-12	4.7945e-11	5.65448e-08	1.19653e-05
-19.8854	-1.63488e-08	-0.00361685	-1.45212e-12	4.92494e-11	6.44603e-08	1.23305e-05
-19.8854	-1.63506e-08	-0.00361685	-1.45214e-12	5.06106e-11	4.50369e-08	1.27103e-05
-19.8854	-1.63379e-08	-0.00361685	-1.45197e-12	5.20641e-11	5.28682e-08	1.31067e-05
-19.8854	-1.63073e-08	-0.00361685	-1.45155e-12	5.3747e-11	2.85574e-08	1.35208e-05
-19.8854	-1.62659e-08	-0.00361685	-1.45098e-12	5.55242e-11	1.58544e-08	1.39524e-05
-19.8854	-1.62175e-08	-0.00361685	-1.45032e-12	5.75238e-11	-1.59492e-08	1.44012e-05
-19.8854	-1.61734e-08	-0.00361685	-1.44972e-12	5.93935e-11	-1.90456e-08	1.48676e-05
-19.8854	-1.61351e-08	-0.00361685	-1.44919e-12	6.14004e-11	-3.87664e-08	1.53542e-05
-19.8854	-1.61106e-08	-0.00361685	-1.44885e-12	6.33526e-11	-3.17817e-08	1.58626e-05
-19.8853	-1.60982e-08	-0.00361685	-1.44868e-12	6.54138e-11	-2.8927e-08	1.63911e-05
-19.8853	-1.60973e-08	-0.00361685	-1.44867e-12	6.75647e-11	-2.24391e-08	1.69385e-05
-19.8853	-1.61061e-08	-0.00361685	-1.44879e-12	6.98384e-11	-7.86847e-09	1.75064e-05
-19.8853	-1.61187e-08	-0.00361685	-1.44896e-12	7.22106e-11	-2.53402e-10	1.8097e-05
-19.8853	-1.61318e-08	-0.00361685	-1.44913e-12	7.46523e-11	7.30275e-09	1.87079e-05
-19.8853	-1.61419e-08	-0.00361685	-1.44927e-12	7.71453e-11	1.20427e-08	1.93353e-05
-19.8853	-1.61464e-08	-0.00361685	-1.44933e-12	7.97028e-11	9.98894e-09	1.99796e-05
-19.8853	-1.6146e-08	-0.00361685	-1.44932e-12	8.2317e-11	5.39463e-09	2.06398e-05
-19.8853	-1.61428e-08	-0.00361685	-1.44928e-12	8.49461e-11	1.71424e-09	2.13081e-05
-19.8853	-1.61385e-08	-0.00361685	-1.44921e-12	8.75584e-11	-8.77561e-10	2.19756e-05
-19.8853	-1.61346e-08	-0.00361685	-1.44916e-12	9.0145e-11	-1.77471e-09	2.26378e-05
-19.8852	-1.61316e-08	-0.00361685	-1.44911e-12	9.2925e-11	-1.0806e-09	2.33215e-05
-19.8852	-1.61291e-08	-0.00361685	-1.44908e-12	9.59465e-11	-1.4235e-09	2.40606e-05
-19.8852	-1.61274e-08	-0.00361685	-1.44905e-12	9.91812e-11	-7.38291e-10	2.48576e-05
-19.8852	-1.61262e-08	-0.00361685	-1.44903e-12	1.02606e-10	-6.56136e-10	2.5706e-05
-19.8852	-1.61253e-08	-0.00361685	-1.44902e-12	1.06199e-10	-1.61029e-10	2.66001e-05
-19.8852	-1.61245e-08	-0.00361685	-1.449e-12	1.09988e-10	-1.38751e-10	2.75405e-05
-19.8852	-1.61237e-08	-0.00361685	-1.44899e-12	1.1396e-10	2.75806e-10	2.85292e-05
-19.8851	-1.61228e-08	-0.00361685	-1.44898e-12	1.18089e-10	7.75254e-11	2.95612e-05
-19.8851	-1.61217e-08	-0.00361685	-1.44896e-12	1.22395e-10	-6.40982e-10	3.06358e-05
-19.8851	-1.61211e-08	-0.00361685	-1.44895e-12	1.26859e-10	-3.49977e-10	3.17532e-05
-19.8851	-1.61208e-08	-0.00361685	-1.44894e-12	1.31438e-10	-4.16438e-10	3.29051e-05
-19.8851	-1.61208e-08	-0.00361685	-1.44893e-12	1.36145e-10	-5.59303e-10	3.40882e-05
-19.8851	-1.61213e-08	-0.00361685	-1.44894e-12	1.4094e-10	7.98496e-10	3.52987e-05
-19.885	-1.61211e-08	-0.00361685	-1.44893e-12	1.45775e-10	-3.03083e-10	3.65256e-05
-19.885	-1.61211e-08	-0.00361685	-1.44893e-12	1.50657e-10	-6.796e-10	3.77635e-05
-19.885	-1.61219e-08	-0.00361685	-1.44893e-12	1.55513e-10	3.35584e-10	3.90041e-05
-19.885	-1.61223e-08	-0.00361685	-1.44893e-12	1.60298e-10	1.0824e-09	4.02323e-05
-19.885	-1.61216e-08	-0.00361685	-1.44892e-12	1.65425e-10	-3.61652e-10	4.1495e-05
-19.885	-1.61212e-08	-0.00361685	-1.44891e-12	1.70979e-10	-4.55432e-10	4.28558e-05
-19.8849	-1.61214e-08	-0.00361685	-1.44891e-12	1.76687e-10	-4.37537e-10	4.42906e-05
-19.8849	-1.61221e-08	-0.00361685	-1.44891e-12	1.82481e-10	2.07714e-10	4.5756e-05
-19.8849	-1.61225e-08	-0.00361685	-1.44891e-12	1.88276e-10	1.0823e-10	4.72325e-05
-19.8849	-1.61228e-08	-0.00361685	-1.44891e-12	1.94111e-10	1.73569e-10	4.87142e-05
-19.8848	-1.61229e-08	-0.00361685	-1.44891e-12	1.99974e-10	2.78045e-10	5.02044e-05
-19.8848	-1.61227e-08	-0.00361685	-1.4489e-12	2.05916e-10	1.76948e-10	5.17083e-05
-19.8848	-1.61222e-08	-0.00361685	-1.44889e-12	2.12183e-10	-2.49109e-10	5.32638e-05
-19.8848	-1.61221e-08	-0.00361685	-1.44888e-12	2.18939e-10	1.37448e-10	5.4923e-05
-19.8847	-1.61217e-08	-0.00361685	-1.44887e-12	2.25742e-10	-2.98911e-10	5.66505e-05
-19.8847	-1.61218e-08	-0.00361685	-1.44887e-12	2.32377e-10	-1.83689e-11	5.83626e-05
-19.8847	-1.61219e-08	-0.00361685	-1.44886e-12	2.38838e-10	4.14086e-10	6.0031e-05
-19.8846	-1.61214e-08	-0.00361685	-1.44885e-12	2.453e-10	2.82737e-10	6.16774e-05
-19.8846	-1.61204e-08	-0.00361685	-1.44883e-12	2.51854e-10	8.50768e-11	6.33357e-05
-19.8846	-1.61192e-08	-0.00361685	-1.4488e-12	2.58979e-10	-1.62687e-10	6.50785e-05
-19.8845	-1.61183e-08	-0.00361685	-1.44878e-12	2.66451e-10	-2.08867e-10	6.69382e-05
-19.8845	-1.61177e-08	-0.00361685	-1.44877e-12	2.73552e-10	-2.50633e-10	6.8795e-05
-19.8845	-1.61176e-08	-0.00361685	-1.44876e-12	2.80477e-10	2.39602e-10	7.0582e-05
-19.8844	-1.6117e-08	-0.00361685	-1.44874e-12	2.87295e-10	2.73506e-10	7.23329e-05
-19.8844	-1.61159e-08	-0.00361686	-1.44872e-12	2.94447e-10	-2.34378e-10	7.41128e-05
-19.8844	-1.61152e-08	-0.00361686	-1.4487e-12	3.02126e-10	-2.79942e-10	7.60023e-05
-19.8843	-1.6115e-08	-0.00361686	-1.44869e-12	3.09494e-10	-7.26037e-11	7.79194e-05
-19.8843	-1.6115e-08	-0.00361686	-1.44868e-12	3.1664e-10	1.9589e-10	7.97686e-05
-19.8842	-1.61145e-08	-0.00361686	-1.44867e-12	3.2368e-10	-5.04074e-11	8.15761e-05
-19.8842	-1.61142e-08	-0.00361686	-1.44866e-12	3.31152e-10	-1.66514e-10	8.34251e-05
-19.8842	-1.61142e-08	-0.00361686	-1.44865e-12	3.38751e-10	-3.03505e-10	8.53452e-05
-19.8841	-1.61149e-08	-0.00361686	-1.44865e-12	3.4602e-10	-8.34612e-11	8.72396e-05
-19.8841	-1.61157e-08	-0.00361686	-1.44865e-12	3.53153e-10	3.05055e-10	8.90746e-05
-19.884	-1.61159e-08	-0.00361686	-1.44864e-12	3.60456e-10	-7.33111e-11	9.09139e-05
-19.884	-1.61163e-08	-0.00361686	-1.44864e-12	3.68e-10	1.34339e-11	9.28056e-05
-19.8839	-1.61166e-08	-0.00361686	-1.44863e-12	3.75204e-10	7.06018e-12	9.46847e-05
-19.8839	-1.61169e-08	-0.00361686	-1.44863e-12	3.82295e-10	9.84782e-11	9.6506e-05
-19.8838	-1.6117e-08	-0.00361686	-1.44862e-12	3.89528e-10	-1.6448e-10	9.8331e-05
-19.8838	-1.61175e-08	-0.00361686	-1.44861e-12	3.96822e-10	-9.6408e-12	0.000100182
-19.8837	-1.61181e-08	-0.00361686	-1.44861e-12	4.0384e-10	1.32042e-11	0.000102006
-19.8837	-1.61186e-08	-0.00361686	-1.44861e-12	4.10786e-10	9.53076e-11	0.000103785
-19.8836	-1.61189e-08	-0.00361686	-1.4486e-12	4.17876e-10	8.68402e-12	0.000105573
-19.8836	-1.61191e-08	-0.00361686	-1.44859e-12	4.24795e-10	-9.24294e-11	0.000107358
-19.8835	-1.61196e-08	-0.00361686	-1.44859e-12	4.31538e-10	-1.17646e-10	0.000109099
-19.8835	-1.61205e-08	-0.00361686	-1.44859e-12	4.38309e-10	3.50013e-11	0.000110821
-19.8834	-1.61212e-08	-0.00361686	-1.44858e-12	4.45027e-10	1.09022e-10	0.000112539
-19.8834	-1.61217e-08	-0.00361686	-1.44858e-12	4.51543e-10	-3.20095e-11	0.000114226
-19.8833	-1.61222e-08	-0.00361686	-1.44857e-12	4.58001e-10	8.41487e-12	0.000115879
-19.8832	-1.61228e-08	-0.00361686	-1.44857e-12	4.6442e-10	-8.13893e-11	0.00011752
-19.8832	-1.61236e-08	-0.00361686	-1.44856e-12	4.70654e-10	1.85726e-11	0.000119132
-19.8831	-1.61243e-08	-0.00361686	-1.44856e-12	4.76789e-10	-8.57565e-13	0.000120708
-19.8831	-1.61251e-08	-0.00361686	-1.44856e-12	4.82863e-10	2.50931e-12	0.000122264
-19.883	-1.61258e-08	-0.00361686	-1.44856e-12	4.8875e-10	3.04812e-11	0.000123788
-19.8829	-1.61265e-08	-0.00361686	-1.44855e-12	4.94547e-10	1.45429e-11	0.000125276
-19.8829	-1.61271e-08	-0.00361686	-1.44855e-12	5.0023e-10	-4.32402e-11	0.000126739
-19.8828	-1.61279e-08	-0.00361686	-1.44854e-12	5.05733e-10	-9.9834e-13	0.000128165
-19.8828	-1.61287e-08	-0.00361686	-1.44854e-12	5.11151e-10	-1.25403e-11	0.000129556
-19.8827	-1.61295e-08	-0.00361686	-1.44854e-12	5.16417e-10	3.11463e-11	0.000130918
-19.8826	-1.61303e-08	-0.00361686	-1.44853e-12	5.215e-10	-5.92948e-11	0.000132236
-19.8826	-1.61312e-08	-0.00361686	-1.44853e-12	5.26512e-10	5.86571e-11	0.000133522
-19.8825	-1.6132e-08	-0.00361686	-1.44853e-12	5.31322e-10	4.92255e-11	0.000134774
-19.8824	-1.61326e-08	-0.00361686	-1.44852e-12	5.35971e-10	3.42074e-11	0.000135979
-19.8824	-1.61331e-08	-0.00361686	-1.44851e-12	5.40548e-10	-9.55423e-11	0.000137155
-19.8823	-1.61339e-08	-0.00361687	-1.44851e-12	5.44882e-10	-6.35931e-11	0.00013829
-19.8822	-1.6135e-08	-0.00361687	-1.4485e-12	5.4908e-10	-1.13425e-11	0.000139378
-19.8821	-1.61361e-08	-0.00361687	-1.4485e-12	5.53199e-10	-7.4262e-12	0.000140437
-19.8821	-1.61372e-08	-0.00361687	-1.4485e-12	5.57025e-10	1.21061e-10	0.00014145
-19.882	-1.61379e-08	-0.00361687	-1.4485e-12	5.60765e-10	7.37906e-11	0.000142414
-19.8819	-1.61384e-08	-0.00361687	-1.44849e-12	5.64394e-10	-9.9667e-11	0.000143353
-19.8819	-1.61392e-08	-0.00361687	-1.44848e-12	5.67716e-10	-5.4939e-11	0.000144239
-19.8818	-1.61402e-08	-0.00361687	-1.44848e-12	5.70996e-10	-5.72978e-11	0.00014508
-19.8817	-1.61414e-08	-0.00361687	-1.44848e-12	5.74117e-10	5.31013e-11	0.000145896
-19.8816	-1.61425e-08	-0.00361687	-1.44848e-12	5.76932e-10	3.16205e-11	0.000146652
-19.8816	-1.61434e-08	-0.00361687	-1.44847e-12	5.79751e-10	2.70077e-11	0.00014737
-19.8815	-1.61443e-08	-0.00361687	-1.44847e-12	5.82321e-10	4.24527e-11	0.000148057
-19.8814	-1.61449e-08	-0.00361687	-1.44846e-12	5.8465e-10	5.71699e-12	0.000148681
-19.8813	-1.61456e-08	-0.00361687	-1.44845e-12	5.86995e-10	-4.29017e-11	0.000149276
-19.8813	-1.61464e-08	-0.00361687	-1.44845e-12	5.88995e-10	-1.78815e-11	0.00014983
-19.8812	-1.61473e-08	-0.00361687	-1.44844e-12	5.90856e-10	-3.45766e-11	0.000150322
-19.8811	-1.61484e-08	-0.00361687	-1.44844e-12	5.92706e-10	2.42928e-11	0.000150795
-19.881	-1.61493e-08	-0.00361687	-1.44844e-12	5.94134e-10	-4.04039e-11	0.000151213
-19.881	-1.61504e-08	-0.00361687	-1.44843e-12	5.95541e-10	4.44238e-11	0.000151574
-19.8809	-1.61514e-08	-0.00361687	-1.44843e-12	5.9686e-10	-1.61601e-11	0.000151921
-19.8808	-1.61524e-08	-0.00361687	-1.44843e-12	5.97745e-10	2.88721e-11	0.000152202
-19.8807	-1.61532e-08	-0.00361687	-1.44842e-12	5.98692e-10	9.66681e-12	0.000152436
-19.8807	-1.61541e-08	-0.00361687	-1.44841e-12	5.99445e-10	1.05323e-13	0.000152652
-19.8806	-1.61549e-08	-0.00361687	-1.44841e-12	5.99809e-10	-6.8939e-11	0.000152795
-19.8805	-1.61561e-08	-0.00361687	-1.44841e-12	6.00291e-10	2.49935e-11	0.000152902
-19.8804	-1.61571e-08	-0.00361687	-1.4484e-12	6.00455e-10	-1.87271e-11	0.000152985
-19.8804	-1.61582e-08	-0.00361687	-1.4484e-12	6.00321e-10	6.95837e-11	0.000152989
-19.8803	-1.6159e-08	-0.00361687	-1.44839e-12	6.00312e-10	-1.38004e-12	0.00015297
-19.8802	-1.61599e-08	-0.00361687	-1.44839e-12	5.99867e-10	2.28514e-11	0.000152912
-19.8801	-1.61606e-08	-0.00361687	-1.44838e-12	5.99228e-10	-2.44833e-11	0.000152774
-19.8801	-1.61614e-08	-0.00361688	-1.44837e-12	5.98703e-10	-1.40182e-13	0.000152626
-19.88	-1.61623e-08	-0.00361688	-1.44837e-12	5.97637e-10	-2.32582e-11	0.000152423
-19.8799	-1.61632e-08	-0.00361688	-1.44836e-12	5.96476e-10	-6.13915e-11	0.00015214
-19.8798	-1.61644e-08	-0.00361688	-1.44836e-12	5.95402e-10	5.7937e-12	0.000151855
-19.8797	-1.61655e-08	-0.00361688	-1.44836e-12	5.9371e-10	6.50688e-11	0.000151502
-19.8797	-1.61664e-08	-0.00361688	-1.44835e-12	5.91975e-10	-1.04842e-11	0.000151065
-19.8796	-1.61673e-08	-0.00361688	-1.44835e-12	5.90322e-10	2.08796e-11	0.000150634
-19.8795	-1.61681e-08	-0.00361688	-1.44834e-12	5.87978e-10	2.28673e-11	0.000150124
-19.8794	-1.61689e-08	-0.00361688	-1.44833e-12	5.85603e-10	-2.26406e-12	0.000149523
-19.8794	-1.61696e-08	-0.00361688	-1.44833e-12	5.83331e-10	1.25816e-11	0.000148931
-19.8793	-1.61704e-08	-0.00361688	-1.44832e-12	5.80313e-10	-4.90258e-11	0.000148257
-19.8792	-1.61712e-08	-0.00361688	-1.44831e-12	5.77189e-10	-7.36759e-11	0.000147474
-19.8791	-1.61724e-08	-0.00361688	-1.44831e-12	5.74241e-10	3.76227e-11	0.000146701
-19.8791	-1.61734e-08	-0.00361688	-1.44831e-12	5.70555e-10	6.68391e-11	0.000145855
-19.879	-1.61742e-08	-0.00361688	-1.4483e-12	5.66532e-10	5.7115e-11	0.000144873
-19.8789	-1.61747e-08	-0.00361688	-1.44829e-12	5.62791e-10	5.79083e-12	0.000143883
-19.8789	-1.61752e-08	-0.00361688	-1.44828e-12	5.58506e-10	-3.45617e-11	0.000142861
-19.8788	-1.61759e-08	-0.00361688	-1.44827e-12	5.53414e-10	-3.70539e-11	0.000141666
-19.8787	-1.61766e-08	-0.00361688	-1.44827e-12	5.4868e-10	-9.64856e-11	0.000140414
-19.8786	-1.61777e-08	-0.00361688	-1.44826e-12	5.43815e-10	-8.07736e-11	0.000139191
-19.8786	-1.61791e-08	-0.00361688	-1.44827e-12	5.37721e-10	2.7533e-11	0.000137794
-19.8785	-1.61803e-08	-0.00361688	-1.44827e-12	5.31642e-10	3.70769e-11	0.000136243
-19.8784	-1.61815e-08	-0.00361688	-1.44827e-12	5.25846e-10	2.01375e-10	0.00013473
-19.8784	-1.61819e-08	-0.00361688	-1.44826e-12	5.19386e-10	2.30637e-10	0.000133168
-19.8783	-1.61816e-08	-0.00361688	-1.44824e-12	5.1171e-10	2.3068e-10	0.000131367
-19.8782	-1.61805e-08	-0.00361688	-1.44821e-12	5.04405e-10	2.88118e-11	0.000129458
-19.8782	-1.61793e-08	-0.00361688	-1.44818e-12	4.97287e-10	-2.84057e-10	0.00012762
-19.8781	-1.61791e-08	-0.00361688	-1.44816e-12	4.89332e-10	-4.36424e-10	0.0001257
-19.8781	-1.61802e-08	-0.00361688	-1.44816e-12	4.80134e-10	-3.05444e-10	0.000123514
-19.878	-1.61822e-08	-0.00361688	-1.44817e-12	4.71323e-10	-1.361e-10	0.000121219
-19.8779	-1.61846e-08	-0.00361688	-1.44819e-12	4.62823e-10	-1.13849e-10	0.000119014
-19.8779	-1.61873e-08	-0.00361688	-1.44821e-12	4.5396e-10	1.0836e-10	0.000116801
-19.8778	-1.61896e-08	-0.00361688	-1.44823e-12	4.43651e-10	3.72036e-10	0.000114358
-19.8778	-1.61909e-08	-0.00361688	-1.44823e-12	4.3329e-10	4.63068e-10	0.000111725
-19.8777	-1.61908e-08	-0.00361688	-1.44821e-12	4.23497e-10	4.54926e-10	0.000109157
-19.8776	-1.61895e-08	-0.00361688	-1.44819e-12	4.14012e-10	4.34154e-10	0.0001067
-19.8776	-1.61871e-08	-0.00361688	-1.44814e-12	4.04315e-10	3.63276e-10	0.000104256
-19.8775	-1.61838e-08	-0.00361688	-1.44809e-12	3.93558e-10	1.72227e-10	0.00010165
-19.8775	-1.61801e-08	-0.00361689	-1.44803e-12	3.82792e-10	-9.43974e-11	9.89079e-05
-19.8774	-1.61768e-08	-0.00361689	-1.44798e-12	3.72808e-10	-4.3771e-10	9.62641e-05
-19.8774	-1.61746e-08	-0.00361689	-1.44795e-12	3.63552e-10	-8.40674e-10	9.38127e-05
-19.8774	-1.61744e-08	-0.00361689	-1.44793e-12	3.54899e-10	-1.12382e-09	9.15309e-05
-19.8773	-1.61768e-08	-0.00361689	-1.44795e-12	3.4645e-10	-9.67824e-10	8.93519e-05
-19.8773	-1.61812e-08	-0.00361689	-1.448e-12	3.37712e-10	-3.91206e-10	8.7162e-05
-19.8772	-1.61864e-08	-0.00361689	-1.44805e-12	3.29083e-10	-1.61814e-10	8.49492e-05
-19.8772	-1.61918e-08	-0.00361689	-1.44811e-12	3.21422e-10	3.34464e-10	8.28737e-05
-19.8771	-1.61963e-08	-0.00361689	-1.44815e-12	3.14785e-10	4.433e-10	8.1052e-05
-19.8771	-1.61999e-08	-0.00361689	-1.44819e-12	3.09092e-10	5.15634e-10	7.94811e-05
-19.8771	-1.62024e-08	-0.00361689	-1.44821e-12	3.04257e-10	3.62067e-10	7.81397e-05
-19.877	-1.62042e-08	-0.00361689	-1.44822e-12	3.00153e-10	4.93242e-10	7.70008e-05
-19.877	-1.6205e-08	-0.00361689	-1.44822e-12	2.96646e-10	6.75537e-10	7.6031e-05
-19.8769	-1.62045e-08	-0.00361689	-1.44821e-12	2.93523e-10	6.40595e-10	7.51864e-05
-19.8769	-1.62028e-08	-0.00361689	-1.44818e-12	2.91054e-10	3.85596e-10	7.4474e-05
-19.8769	-1.62004e-08	-0.00361689	-1.44814e-12	2.89711e-10	6.28621e-10	7.39883e-05
-19.8768	-1.61969e-08	-0.00361689	-1.44809e-12	2.89407e-10	3.89753e-10	7.37784e-05
-19.8768	-1.61926e-08	-0.00361689	-1.44803e-12	2.9009e-10	-6.80764e-11	7.38266e-05
-19.8768	-1.61885e-08	-0.00361689	-1.44797e-12	2.91732e-10	-2.66481e-10	7.41229e-05
-19.8767	-1.61848e-08	-0.00361689	-1.44792e-12	2.94276e-10	-2.72118e-10	7.46562e-05
-19.8767	-1.61816e-08	-0.00361689	-1.44787e-12	2.97691e-10	-2.37553e-10	7.54154e-05
-19.8766	-1.61789e-08	-0.00361689	-1.44783e-12	3.01932e-10	-8.31759e-11	7.6391e-05
-19.8766	-1.61762e-08	-0.00361689	-1.44779e-12	3.06978e-10	-2.07619e-10	7.75743e-05
-19.8766	-1.61739e-08	-0.00361689	-1.44775e-12	3.12786e-10	-6.16934e-10	7.89571e-05
-19.8765	-1.61728e-08	-0.00361689	-1.44773e-12	3.19362e-10	-1.49202e-10	8.05349e-05
-19.8765	-1.6172e-08	-0.00361689	-1.44771e-12	3.28808e-10	-4.79248e-10	8.25763e-05
-19.8764	-1.61721e-08	-0.00361689	-1.4477e-12	3.42648e-10	-1.13638e-10	8.55432e-05
-19.8764	-1.61726e-08	-0.00361689	-1.4477e-12	3.592e-10	-1.14228e-10	8.94155e-05
-19.8764	-1.61733e-08	-0.00361689	-1.44769e-12	3.78264e-10	-1.48032e-10	9.39533e-05
-19.8763	-1.61743e-08	-0.00361689	-1.4477e-12	3.99901e-10	4.54903e-11	9.91391e-05
-19.8763	-1.61754e-08	-0.00361689	-1.4477e-12	4.24424e-10	1.93124e-11	0.000105021
-19.8762	-1.61764e-08	-0.00361689	-1.4477e-12	4.52149e-10	9.94859e-11	0.000111678
-19.8761	-1.61772e-08	-0.00361689	-1.44769e-12	4.83668e-10	-1.29145e-10	0.000119227
-19.8761	-1.61785e-08	-0.00361689	-1.4477e-12	5.19607e-10	1.29135e-10	0.000127822
-19.876	-1.61795e-08	-0.00361689	-1.44769e-12	5.6113e-10	1.17734e-11	0.000137692
-19.8759	-1.61805e-08	-0.00361689	-1.44769e-12	6.09664e-10	3.13441e-11	0.000149168
-19.8759	-1.61814e-08	-0.00361689	-1.44768e-12	6.67953e-10	4.25254e-11	0.00016278
-19.8758	-1.61823e-08	-0.00361689	-1.44767e-12	7.41112e-10	9.60863e-11	0.000179531
-19.8757	-1.61828e-08	-0.00361689	-1.44766e-12	8.45909e-10	1.52109e-10	0.000202209
-19.8756	-1.61825e-08	-0.00361689	-1.44763e-12	9.89994e-10	1.28405e-10	0.000233928
-19.8755	-1.61814e-08	-0.00361689	-1.44759e-12	1.18991e-09	6.21895e-11	0.000277773
-19.8753	-1.61796e-08	-0.00361689	-1.44753e-12	1.48863e-09	3.684e-12	0.000341333
-19.8751	-1.61773e-08	-0.00361689	-1.44746e-12	1.99869e-09	-1.63878e-11	0.000444446
-19.8749	-1.61744e-08	-0.00361689	-1.44737e-12	3.09959e-09	1.30114e-11	0.000649905
-19.8745	-1.61697e-08	-0.0036169	-1.44723e-12	6.56587e-09	3.96645e-11	0.00123299
-19.8736	-1.61581e-08	-0.0036169	-1.4469e-12	5.20597e-08	-3.93702e-11	0.00756001
-19.8669	-1.6078e-08	-0.00361691	-1.44455e-12	-0.056032	-2.57604e-10	59.9977
40.124	1.6151e-08	-0.0133528	1.47559e-12	-0.0960308	8.74724e-12	120.001
