59.1014	-8.58196e-10	-0.00361305	-7.53029e-14	0.04	-1.74932e-08	60.0029
59.1017	-1.07529e-09	-0.00361305	-7.93418e-14	1.31653e-10	1.87981e-07	0.000265059
59.1017	-9.31541e-10	-0.00361305	-7.6665e-14	6.85677e-11	2.04904e-07	2.59544e-05
59.1017	-7.60905e-10	-0.00361305	-7.34884e-14	5.50233e-11	-4.68301e-08	1.59956e-05
59.1017	-6.47478e-10	-0.00361305	-7.13772e-14	5.04628e-11	-1.61485e-07	1.3078e-05
59.1017	-5.95905e-10	-0.00361305	-7.04175e-14	4.70777e-11	-1.16427e-07	1.20901e-05
59.1017	-5.80922e-10	-0.00361305	-7.01388e-14	4.60464e-11	-2.49043e-08	1.17763e-05
59.1017	-5.73378e-10	-0.00361305	-6.99986e-14	4.62945e-11	1.96893e-08	1.17617e-05
59.1017	-5.59971e-10	-0.00361305	-6.97493e-14	4.70124e-11	1.7281e-08	1.18968e-05
59.1017	-5.41172e-10	-0.00361305	-6.93997e-14	4.80374e-11	-2.2342e-09	1.21135e-05
59.1017	-5.22669e-10	-0.00361305	-6.90557e-14	4.91775e-11	-1.67666e-08	1.23778e-05
59.1017	-5.08988e-10	-0.00361305	-6.88014e-14	5.0382e-11	-2.41589e-08	1.26725e-05
59.1017	-5.02717e-10	-0.00361305	-6.8685e-14	5.16281e-11	-1.33859e-08	1.29891e-05
59.1017	-5.00688e-10	-0.00361305	-6.86476e-14	5.29625e-11	-1.91412e-08	1.33231e-05
59.1018	-5.05064e-10	-0.00361305	-6.87293e-14	5.43506e-11	-1.21648e-08	1.36725e-05
59.1018	-5.13768e-10	-0.00361305	-6.88915e-14	5.58015e-11	-1.26036e-08	1.40363e-05
59.1018	-5.27186e-10	-0.00361305	-6.91414e-14	5.73016e-11	-1.32144e-08	1.44145e-05
59.1018	-5.45793e-10	-0.00361305	-6.94878e-14	5.88521e-11	-1.73791e-08	1.48072e-05
59.1018	-5.71431e-10	-0.00361305	-6.99649e-14	6.05118e-11	-5.6139e-09	1.5215e-05
59.1018	-5.99941e-10	-0.00361305	-7.04954e-14	6.21794e-11	-1.15521e-08	1.56381e-05
59.1018	-6.33828e-10	-0.00361305	-7.11258e-14	6.39367e-11	-9.2791e-09	1.60772e-05
59.1018	-6.72452e-10	-0.00361305	-7.18442e-14	6.57907e-11	-1.8518e-09	1.65325e-05
59.1018	-7.1295e-10	-0.00361305	-7.25973e-14	6.77171e-11	7.48897e-09	1.70044e-05
59.1018	-7.51379e-10	-0.00361305	-7.33118e-14	6.96328e-11	-1.47487e-09	1.74935e-05
59.1018	-7.91574e-10	-0.00361305	-7.40591e-14	7.17525e-11	1.8216e-08	1.80026e-05
59.1018	-8.24628e-10	-0.00361305	-7.46735e-14	7.38236e-11	5.09827e-09	1.85333e-05
59.1018	-8.56267e-10	-0.00361305	-7.52615e-14	7.60809e-11	2.24414e-08	1.90862e-05
59.1019	-8.77989e-10	-0.00361305	-7.56651e-14	7.83551e-11	1.99515e-08	1.96613e-05
59.1019	-8.90415e-10	-0.00361305	-7.58958e-14	8.0727e-11	2.27575e-08	2.02593e-05
59.1019	-8.9152e-10	-0.00361305	-7.59162e-14	8.31979e-11	1.59087e-08	2.08812e-05
59.1019	-8.84229e-10	-0.00361305	-7.57805e-14	8.57826e-11	1.8685e-08	2.153e-05
59.1019	-8.66498e-10	-0.00361305	-7.5451e-14	8.85038e-11	1.01044e-08	2.22077e-05
59.1019	-8.42508e-10	-0.00361305	-7.50051e-14	9.13362e-11	5.62042e-09	2.29141e-05
59.1019	-8.14481e-10	-0.00361305	-7.44844e-14	9.42984e-11	-5.62108e-09	2.36483e-05
59.1019	-7.88929e-10	-0.00361305	-7.40098e-14	9.73514e-11	-6.71935e-09	2.44113e-05
59.1019	-7.66716e-10	-0.00361305	-7.35973e-14	1.00552e-10	-1.37003e-08	2.52071e-05
59.102	-7.52547e-10	-0.00361305	-7.33342e-14	1.03872e-10	-1.12377e-08	2.60383e-05
59.102	-7.45343e-10	-0.00361305	-7.32006e-14	1.07317e-10	-1.0235e-08	2.69022e-05
59.102	-7.44896e-10	-0.00361305	-7.31923e-14	1.10883e-10	-7.94518e-09	2.77968e-05
59.102	-7.50046e-10	-0.00361305	-7.3288e-14	1.14596e-10	-2.7904e-09	2.87246e-05
59.102	-7.57404e-10	-0.00361305	-7.34246e-14	1.18456e-10	-9.46325e-11	2.96893e-05
59.102	-7.65082e-10	-0.00361305	-7.35672e-14	1.22428e-10	2.58325e-09	3.06867e-05
59.102	-7.71003e-10	-0.00361305	-7.36771e-14	1.26497e-10	4.26586e-09	3.17109e-05
59.1021	-7.73684e-10	-0.00361305	-7.37268e-14	1.3068e-10	3.54107e-09	3.27622e-05
59.1021	-7.73505e-10	-0.00361305	-7.37236e-14	1.34947e-10	1.91417e-09	3.38389e-05
59.1021	-7.71676e-10	-0.00361305	-7.36896e-14	1.39232e-10	6.09663e-10	3.49285e-05
59.1021	-7.69248e-10	-0.00361305	-7.36446e-14	1.43486e-10	-3.09987e-10	3.60163e-05
59.1021	-7.67028e-10	-0.00361305	-7.36035e-14	1.47696e-10	-6.28937e-10	3.70946e-05
59.1021	-7.65336e-10	-0.00361305	-7.35722e-14	1.52222e-10	-3.82878e-10	3.82076e-05
59.1022	-7.63962e-10	-0.00361305	-7.35468e-14	1.5714e-10	-5.05155e-10	3.94107e-05
59.1022	-7.6305e-10	-0.00361306	-7.353e-14	1.62404e-10	-2.61977e-10	4.0708e-05
59.1022	-7.62379e-10	-0.00361306	-7.35176e-14	1.67976e-10	-2.33017e-10	4.20884e-05
59.1022	-7.61934e-10	-0.00361306	-7.35094e-14	1.7382e-10	-5.70213e-11	4.35428e-05
59.1023	-7.61536e-10	-0.00361306	-7.35021e-14	1.7998e-10	-4.91455e-11	4.50721e-05
59.1023	-7.61181e-10	-0.00361306	-7.34956e-14	1.86435e-10	9.85316e-11	4.66792e-05
59.1023	-7.60695e-10	-0.00361306	-7.34867e-14	1.93142e-10	2.79724e-11	4.83561e-05
59.1023	-7.60158e-10	-0.00361306	-7.34769e-14	2.00135e-10	-2.28287e-10	5.01015e-05
59.1024	-7.59893e-10	-0.00361306	-7.34721e-14	2.07379e-10	-1.24728e-10	5.19153e-05
59.1024	-7.59783e-10	-0.00361306	-7.34701e-14	2.14804e-10	-1.48636e-10	5.37842e-05
59.1024	-7.59872e-10	-0.00361306	-7.34719e-14	2.22435e-10	-1.9991e-10	5.57024e-05
59.1024	-7.60247e-10	-0.00361306	-7.34789e-14	2.302e-10	2.85282e-10	5.76639e-05
59.1025	-7.60218e-10	-0.00361306	-7.34785e-14	2.38026e-10	-1.08407e-10	5.96502e-05
59.1025	-7.60352e-10	-0.00361306	-7.3481e-14	2.4592e-10	-2.43396e-10	6.16529e-05
59.1025	-7.60871e-10	-0.00361306	-7.34907e-14	2.53763e-10	1.19906e-10	6.36579e-05
59.1026	-7.61213e-10	-0.00361306	-7.34972e-14	2.61483e-10	3.87869e-10	6.56408e-05
59.1026	-7.6092e-10	-0.00361306	-7.34919e-14	2.69753e-10	-1.29549e-10	6.7678e-05
59.1026	-7.6084e-10	-0.00361306	-7.34905e-14	2.78711e-10	-1.63459e-10	6.98729e-05
59.1027	-7.61047e-10	-0.00361306	-7.34945e-14	2.87909e-10	-1.57348e-10	7.21861e-05
59.1027	-7.6155e-10	-0.00361306	-7.35039e-14	2.97238e-10	7.43868e-11	7.45466e-05
59.1027	-7.61928e-10	-0.00361306	-7.3511e-14	3.06557e-10	3.87246e-11	7.69224e-05
59.1028	-7.62243e-10	-0.00361306	-7.35169e-14	3.15929e-10	6.23392e-11	7.93038e-05
59.1028	-7.62441e-10	-0.00361306	-7.35207e-14	3.25335e-10	1.00141e-10	8.16963e-05
59.1029	-7.62438e-10	-0.00361306	-7.35208e-14	3.34857e-10	6.38811e-11	8.41079e-05
59.1029	-7.62299e-10	-0.00361306	-7.35183e-14	3.44896e-10	-8.98699e-11	8.66003e-05
59.1029	-7.62353e-10	-0.00361306	-7.35195e-14	3.55716e-10	4.96839e-11	8.92579e-05
59.103	-7.62296e-10	-0.00361306	-7.35186e-14	3.66597e-10	-1.08124e-10	9.20228e-05
59.103	-7.6249e-10	-0.00361306	-7.35223e-14	3.77188e-10	-6.7589e-12	9.47587e-05
59.1031	-7.62706e-10	-0.00361306	-7.35264e-14	3.87482e-10	1.50064e-10	9.74197e-05
59.1031	-7.62557e-10	-0.00361306	-7.35238e-14	3.97762e-10	1.02778e-10	0.000100041
59.1032	-7.62143e-10	-0.00361307	-7.35164e-14	4.08175e-10	3.12226e-11	0.000102678
59.1032	-7.61638e-10	-0.00361307	-7.35073e-14	4.19495e-10	-5.88385e-11	0.000105447
59.1033	-7.61276e-10	-0.00361307	-7.35008e-14	4.31359e-10	-7.58265e-11	0.000108401
59.1033	-7.61112e-10	-0.00361307	-7.3498e-14	4.42603e-10	-9.12829e-11	0.000111345
59.1034	-7.61202e-10	-0.00361307	-7.34998e-14	4.53542e-10	8.74736e-11	0.000114172
59.1035	-7.6104e-10	-0.00361307	-7.34971e-14	4.64288e-10	1.00148e-10	0.000116935
59.1035	-7.60579e-10	-0.00361307	-7.34888e-14	4.75554e-10	-8.54794e-11	0.000119739
59.1036	-7.60366e-10	-0.00361307	-7.34851e-14	4.87648e-10	-1.02461e-10	0.000122716
59.1036	-7.60465e-10	-0.00361307	-7.34872e-14	4.99219e-10	-2.66888e-11	0.000125731
59.1037	-7.60651e-10	-0.00361307	-7.34908e-14	5.10408e-10	7.19243e-11	0.000128631
59.1038	-7.60608e-10	-0.00361307	-7.34903e-14	5.21405e-10	-1.84957e-11	0.000131458
59.1038	-7.60626e-10	-0.00361307	-7.34908e-14	5.33073e-10	-6.13698e-11	0.000134346
59.1039	-7.60852e-10	-0.00361307	-7.34952e-14	5.4492e-10	-1.12182e-10	0.000137343
59.104	-7.61472e-10	-0.00361307	-7.35067e-14	5.56213e-10	-3.12396e-11	0.000140291
59.104	-7.62217e-10	-0.00361307	-7.35205e-14	5.67261e-10	1.12529e-10	0.000143138
59.1041	-7.62569e-10	-0.00361307	-7.35272e-14	5.78557e-10	-2.73916e-11	0.000145985
59.1042	-7.63029e-10	-0.00361308	-7.35358e-14	5.90214e-10	4.72426e-12	0.00014891
59.1043	-7.63481e-10	-0.00361308	-7.35442e-14	6.01297e-10	2.36807e-12	0.000151808
59.1043	-7.63932e-10	-0.00361308	-7.35527e-14	6.12173e-10	3.64529e-11	0.000154606
59.1044	-7.64249e-10	-0.00361308	-7.35587e-14	6.2325e-10	-6.1591e-11	0.000157404
59.1045	-7.64817e-10	-0.00361308	-7.35692e-14	6.34398e-10	-3.94091e-12	0.000160236
59.1046	-7.6541e-10	-0.00361308	-7.35802e-14	6.45075e-10	4.59768e-12	0.000163017
59.1047	-7.65995e-10	-0.00361308	-7.3591e-14	6.55609e-10	3.54356e-11	0.00016572
59.1047	-7.66441e-10	-0.00361308	-7.35993e-14	6.66347e-10	3.01551e-12	0.00016843
59.1048	-7.66882e-10	-0.00361308	-7.36075e-14	6.76781e-10	-3.50747e-11	0.000171128
59.1049	-7.67481e-10	-0.00361308	-7.36185e-14	6.86908e-10	-4.47634e-11	0.000173748
59.105	-7.68284e-10	-0.00361308	-7.36332e-14	6.9705e-10	1.27527e-11	0.000176331
59.1051	-7.69043e-10	-0.00361308	-7.36471e-14	7.07079e-10	4.0861e-11	0.000178902
59.1052	-7.69629e-10	-0.00361308	-7.36579e-14	7.16761e-10	-1.24941e-11	0.000181414
59.1053	-7.7028e-10	-0.00361309	-7.36698e-14	7.26322e-10	2.81982e-12	0.000183866
59.1054	-7.70927e-10	-0.00361309	-7.36816e-14	7.35791e-10	-3.14077e-11	0.000186291
59.1055	-7.71729e-10	-0.00361309	-7.36962e-14	7.44939e-10	6.61427e-12	0.000188664
59.1056	-7.72509e-10	-0.00361309	-7.37104e-14	7.53905e-10	-7.93808e-13	0.000190972
59.1056	-7.73303e-10	-0.00361309	-7.37248e-14	7.62744e-10	4.8903e-13	0.000193241
59.1057	-7.74104e-10	-0.00361309	-7.37393e-14	7.71261e-10	1.12418e-11	0.000195453
59.1058	-7.74859e-10	-0.00361309	-7.37529e-14	7.7961e-10	5.15717e-12	0.000197602
59.1059	-7.75596e-10	-0.00361309	-7.37662e-14	7.87752e-10	-1.71291e-11	0.000199704
59.106	-7.76427e-10	-0.00361309	-7.37812e-14	7.95585e-10	-8.81361e-13	0.00020174
59.1061	-7.7727e-10	-0.00361309	-7.37964e-14	8.03259e-10	-5.36583e-12	0.000203716
59.1062	-7.78149e-10	-0.0036131	-7.38121e-14	8.10667e-10	1.1581e-11	0.000205638
59.1064	-7.78977e-10	-0.0036131	-7.3827e-14	8.17763e-10	-2.35905e-11	0.000207486
59.1065	-7.79934e-10	-0.0036131	-7.38441e-14	8.24725e-10	2.23284e-11	0.000209278
59.1066	-7.80783e-10	-0.0036131	-7.38592e-14	8.31345e-10	1.87635e-11	0.000211009
59.1067	-7.81539e-10	-0.0036131	-7.38727e-14	8.37692e-10	1.29794e-11	0.000212661
59.1068	-7.82231e-10	-0.0036131	-7.3885e-14	8.43903e-10	-3.79653e-11	0.000214262
59.1069	-7.83133e-10	-0.0036131	-7.3901e-14	8.49712e-10	-2.56009e-11	0.000215794
59.107	-7.84179e-10	-0.0036131	-7.39195e-14	8.55289e-10	-5.11313e-12	0.000217245
59.1071	-7.8526e-10	-0.0036131	-7.39386e-14	8.60722e-10	-3.59594e-12	0.000218648
59.1072	-7.86368e-10	-0.0036131	-7.39581e-14	8.65681e-10	4.7388e-11	0.000219972
59.1073	-7.87221e-10	-0.00361311	-7.39731e-14	8.70487e-10	2.88649e-11	0.000221217
59.1074	-7.87918e-10	-0.00361311	-7.39853e-14	8.75103e-10	-4.01547e-11	0.000222418
59.1075	-7.88843e-10	-0.00361311	-7.40015e-14	8.79225e-10	-2.25179e-11	0.000223531
59.1077	-7.89898e-10	-0.00361311	-7.402e-14	8.83267e-10	-2.36048e-11	0.000224572
59.1078	-7.91092e-10	-0.00361311	-7.40408e-14	8.87046e-10	2.06148e-11	0.000225568
59.1079	-7.92173e-10	-0.00361311	-7.40597e-14	8.90338e-10	1.20888e-11	0.00022647
59.108	-7.93191e-10	-0.00361311	-7.40773e-14	8.93623e-10	1.03016e-11	0.000227308
59.1081	-7.94153e-10	-0.00361311	-7.4094e-14	8.96512e-10	1.66201e-11	0.000228095
59.1082	-7.95023e-10	-0.00361311	-7.4109e-14	8.99017e-10	1.81391e-12	0.000228782
59.1083	-7.95886e-10	-0.00361311	-7.41238e-14	9.01536e-10	-1.79608e-11	0.000229422
59.1084	-7.96854e-10	-0.00361312	-7.41405e-14	9.03516e-10	-7.86716e-12	0.000229996
59.1086	-7.97869e-10	-0.00361312	-7.4158e-14	9.05272e-10	-1.47464e-11	0.000230472
59.1087	-7.98972e-10	-0.00361312	-7.41769e-14	9.07005e-10	9.30036e-12	0.000230917
59.1088	-8.00023e-10	-0.00361312	-7.41949e-14	9.08085e-10	-1.7237e-11	0.000231275
59.1089	-8.01175e-10	-0.00361312	-7.42146e-14	9.09126e-10	1.76166e-11	0.000231545
59.109	-8.02226e-10	-0.00361312	-7.42325e-14	9.10026e-10	-7.30339e-12	0.000231793
59.1091	-8.03321e-10	-0.00361312	-7.42511e-14	9.10261e-10	1.13074e-11	0.000231938
59.1093	-8.0435e-10	-0.00361312	-7.42685e-14	9.10589e-10	3.40477e-12	0.000232009
59.1094	-8.0536e-10	-0.00361312	-7.42856e-14	9.10618e-10	-5.52414e-13	0.000232055
59.1095	-8.06373e-10	-0.00361312	-7.43027e-14	9.10056e-10	-2.93806e-11	0.000231987
59.1096	-8.07556e-10	-0.00361313	-7.43226e-14	9.09671e-10	9.74847e-12	0.000231866
59.1097	-8.08681e-10	-0.00361313	-7.43416e-14	9.08805e-10	-8.53308e-12	0.000231707
59.1098	-8.09856e-10	-0.00361313	-7.43613e-14	9.0749e-10	2.85697e-11	0.000231429
59.11	-8.10863e-10	-0.00361313	-7.43781e-14	9.06367e-10	-1.17576e-12	0.000231118
59.1101	-8.11876e-10	-0.00361313	-7.4395e-14	9.04589e-10	9.06686e-12	0.000230748
59.1102	-8.12834e-10	-0.00361313	-7.44109e-14	9.02523e-10	-1.09404e-11	0.000230258
59.1103	-8.13854e-10	-0.00361313	-7.44278e-14	9.00633e-10	-6.6116e-13	0.000229754
59.1104	-8.14875e-10	-0.00361313	-7.44447e-14	8.97938e-10	-1.05132e-11	0.00022917
59.1105	-8.15953e-10	-0.00361313	-7.44626e-14	8.95107e-10	-2.68699e-11	0.000228465
59.1106	-8.17181e-10	-0.00361313	-7.44829e-14	8.92414e-10	1.73912e-12	0.000227761
59.1108	-8.18395e-10	-0.00361314	-7.4503e-14	8.88804e-10	2.72077e-11	0.000226958
59.1109	-8.1945e-10	-0.00361314	-7.45204e-14	8.85143e-10	-5.13884e-12	0.000226032
59.111	-8.2053e-10	-0.00361314	-7.45381e-14	8.81614e-10	8.36904e-12	0.000225115
59.1111	-8.21559e-10	-0.00361314	-7.45549e-14	8.77065e-10	9.28628e-12	0.000224086
59.1112	-8.2253e-10	-0.00361314	-7.45707e-14	8.72485e-10	-1.55032e-12	0.000222922
59.1113	-8.23505e-10	-0.00361314	-7.45865e-14	8.68073e-10	4.89902e-12	0.000221776
59.1114	-8.24448e-10	-0.00361314	-7.46018e-14	8.62567e-10	-2.19181e-11	0.000220512
59.1115	-8.25506e-10	-0.00361314	-7.46189e-14	8.56921e-10	-3.28199e-11	0.000219091
59.1116	-8.26735e-10	-0.00361314	-7.4639e-14	8.51554e-10	1.57337e-11	0.000217687
59.1118	-8.27872e-10	-0.00361314	-7.46574e-14	8.4511e-10	2.86655e-11	0.000216182
59.1119	-8.28846e-10	-0.00361315	-7.4673e-14	8.38189e-10	2.45665e-11	0.000214479
59.112	-8.2968e-10	-0.00361315	-7.46863e-14	8.31707e-10	2.07783e-12	0.000212771
59.1121	-8.30497e-10	-0.00361315	-7.46992e-14	8.24444e-10	-1.57489e-11	0.000211019
59.1122	-8.3139e-10	-0.00361315	-7.47134e-14	8.16013e-10	-1.69417e-11	0.000209019
59.1123	-8.32361e-10	-0.00361315	-7.47289e-14	8.08135e-10	-4.34391e-11	0.000206941
59.1124	-8.33547e-10	-0.00361315	-7.4748e-14	8.00091e-10	-3.66883e-11	0.000204912
59.1125	-8.34908e-10	-0.00361315	-7.477e-14	7.90265e-10	1.14507e-11	0.000202634
59.1126	-8.36195e-10	-0.00361315	-7.47907e-14	7.80492e-10	1.57974e-11	0.000200136
59.1127	-8.37387e-10	-0.00361315	-7.48098e-14	7.71164e-10	8.95564e-11	0.000197702
59.1128	-8.38125e-10	-0.00361315	-7.48213e-14	7.60892e-10	1.03213e-10	0.000195204
59.1129	-8.38353e-10	-0.00361315	-7.48242e-14	7.48873e-10	1.03804e-10	0.000192364
59.113	-8.38082e-10	-0.00361315	-7.48188e-14	7.3743e-10	1.32731e-11	0.000189374
59.1131	-8.37753e-10	-0.00361316	-7.48124e-14	7.26295e-10	-1.28136e-10	0.000186497
59.1132	-8.38022e-10	-0.00361316	-7.4816e-14	7.13971e-10	-1.97852e-10	0.000183507
59.1133	-8.39186e-10	-0.00361316	-7.48345e-14	6.99871e-10	-1.39396e-10	0.00018014
59.1133	-8.40948e-10	-0.00361316	-7.48631e-14	6.86374e-10	-6.30392e-11	0.000176623
59.1134	-8.42952e-10	-0.00361316	-7.48956e-14	6.73367e-10	-5.31844e-11	0.000173245
59.1135	-8.45147e-10	-0.00361316	-7.49312e-14	6.59868e-10	4.80695e-11	0.000169868
59.1136	-8.47095e-10	-0.00361316	-7.49627e-14	6.44305e-10	1.68979e-10	0.000166164
59.1137	-8.48304e-10	-0.00361316	-7.49819e-14	6.28708e-10	2.11522e-10	0.000162194
59.1138	-8.48636e-10	-0.00361316	-7.49866e-14	6.13973e-10	2.08759e-10	0.000158328
59.1138	-8.48144e-10	-0.00361316	-7.49775e-14	5.99721e-10	2.00129e-10	0.000154635
59.1139	-8.46899e-10	-0.00361316	-7.4956e-14	5.85196e-10	1.68322e-10	0.000150968
59.114	-8.45056e-10	-0.00361316	-7.49247e-14	5.69175e-10	8.08226e-11	0.000147075
59.1141	-8.42971e-10	-0.00361316	-7.48894e-14	5.53177e-10	-4.21492e-11	0.000142995
59.1141	-8.41093e-10	-0.00361316	-7.48576e-14	5.38344e-10	-2.01324e-10	0.000139067
59.1142	-8.39956e-10	-0.00361316	-7.48381e-14	5.24594e-10	-3.89014e-10	0.000135424
59.1143	-8.40148e-10	-0.00361316	-7.48406e-14	5.11742e-10	-5.22007e-10	0.000132035
59.1143	-8.42037e-10	-0.00361317	-7.48711e-14	4.99211e-10	-4.51376e-10	0.0001288
59.1144	-8.45315e-10	-0.00361317	-7.49246e-14	4.86288e-10	-1.84396e-10	0.000125557
59.1145	-8.49079e-10	-0.00361317	-7.4986e-14	4.73549e-10	-7.79882e-11	0.000122287
59.1145	-8.5298e-10	-0.00361317	-7.50496e-14	4.62226e-10	1.53593e-10	0.000119221
59.1146	-8.56336e-10	-0.00361317	-7.51042e-14	4.52396e-10	2.05068e-10	0.000116526
59.1146	-8.59029e-10	-0.00361317	-7.51478e-14	4.43939e-10	2.39659e-10	0.000114196
59.1147	-8.60994e-10	-0.00361317	-7.51794e-14	4.36729e-10	1.68464e-10	0.0001122
59.1148	-8.62458e-10	-0.00361317	-7.52027e-14	4.30579e-10	2.30601e-10	0.000110497
59.1148	-8.6327e-10	-0.00361317	-7.52153e-14	4.25296e-10	3.1702e-10	0.000109041
59.1149	-8.63212e-10	-0.00361317	-7.52136e-14	4.20573e-10	3.01567e-10	0.000107766
59.1149	-8.62347e-10	-0.00361317	-7.51987e-14	4.16793e-10	1.82339e-10	0.000106682
59.115	-8.61006e-10	-0.00361317	-7.51759e-14	4.14631e-10	2.97537e-10	0.000105925
59.115	-8.58886e-10	-0.00361317	-7.51405e-14	4.13958e-10	1.85617e-10	0.000105564
59.1151	-8.5628e-10	-0.00361317	-7.50971e-14	4.14696e-10	-3.03229e-11	0.000105572
59.1151	-8.5375e-10	-0.00361317	-7.5055e-14	4.16803e-10	-1.24348e-10	0.000105935
59.1152	-8.51536e-10	-0.00361317	-7.50181e-14	4.20193e-10	-1.27393e-10	0.000106635
59.1152	-8.49646e-10	-0.00361317	-7.49865e-14	4.2482e-10	-1.1137e-10	0.000107657
59.1153	-8.48036e-10	-0.00361317	-7.49596e-14	4.30617e-10	-3.83422e-11	0.000108985
59.1153	-8.4651e-10	-0.00361317	-7.4934e-14	4.3755e-10	-9.76629e-11	0.000110607
59.1154	-8.45231e-10	-0.00361317	-7.49125e-14	4.45553e-10	-2.92975e-10	0.00011251
59.1155	-8.4476e-10	-0.00361317	-7.49042e-14	4.54637e-10	-7.07911e-11	0.000114687
59.1155	-8.44485e-10	-0.00361317	-7.48991e-14	4.67782e-10	-2.28689e-10	0.000117519
59.1156	-8.44883e-10	-0.00361317	-7.4905e-14	4.87149e-10	-5.45869e-11	0.000121662
59.1156	-8.45467e-10	-0.00361318	-7.49138e-14	5.10325e-10	-5.50796e-11	0.000127083
59.1157	-8.46258e-10	-0.00361318	-7.4926e-14	5.37017e-10	-7.15313e-11	0.000133437
59.1158	-8.47335e-10	-0.00361318	-7.49428e-14	5.67297e-10	2.11594e-11	0.000140697
59.1158	-8.48396e-10	-0.00361318	-7.49593e-14	6.01593e-10	8.60881e-12	0.000148925
59.1159	-8.49488e-10	-0.00361318	-7.49762e-14	6.40335e-10	4.72775e-11	0.000158233
59.116	-8.50458e-10	-0.00361318	-7.4991e-14	6.84339e-10	-6.30312e-11	0.000168777
59.1161	-8.5177e-10	-0.00361318	-7.50112e-14	7.34459e-10	6.16833e-11	0.000180771
59.1162	-8.52889e-10	-0.00361318	-7.50283e-14	7.92302e-10	5.00004e-12	0.00019453
59.1163	-8.5407e-10	-0.00361318	-7.50462e-14	8.59835e-10	1.44982e-11	0.000210508
59.1164	-8.55273e-10	-0.00361318	-7.50643e-14	9.40853e-10	1.99853e-11	0.00022944
59.1165	-8.5647e-10	-0.00361318	-7.50821e-14	1.04245e-09	4.62718e-11	0.000252714
59.1166	-8.57488e-10	-0.00361318	-7.50969e-14	1.18799e-09	7.40779e-11	0.000284213
59.1168	-8.58089e-10	-0.00361318	-7.51046e-14	1.38781e-09	6.30201e-11	0.000328235
59.117	-8.58232e-10	-0.00361319	-7.51046e-14	1.66447e-09	3.09001e-11	0.000388978
59.1172	-8.58077e-10	-0.00361319	-7.50994e-14	2.07679e-09	2.21485e-12	0.000476823
59.1174	-8.57854e-10	-0.00361319	-7.50924e-14	2.77874e-09	-7.70854e-12	0.00061893
59.1178	-8.57692e-10	-0.00361319	-7.50853e-14	4.28743e-09	7.24636e-12	0.000900998
59.1183	-8.57244e-10	-0.0036132	-7.50712e-14	8.99411e-09	2.20648e-11	0.00169515
59.1195	-8.55036e-10	-0.0036132	-7.5022e-14	6.71848e-08	-1.02588e-11	0.0098587
59.1282	-8.42756e-10	-0.00361326	-7.4739e-14	-0.0560036	-2.91894e-11	59.9845
-0.895975	8.12311e-10	-0.0133556	7.58006e-14	-0.0960441	4.51713e-13	119.978
