-39.3383	-2.17542e-08	-0.00361515	-1.91118e-12	0.04	-5.39184e-08	60.01
-39.3381	-2.21438e-08	-0.00361516	-1.91443e-12	7.02595e-11	5.8239e-07	0.000154309
-39.3381	-2.1884e-08	-0.00361516	-1.91223e-12	1.47987e-11	6.3415e-07	1.51311e-05
-39.3381	-2.15759e-08	-0.00361516	-1.90962e-12	3.95211e-11	-1.45287e-07	9.32642e-06
-39.3381	-2.13711e-08	-0.00361516	-1.90789e-12	4.74438e-11	-5.00035e-07	7.62593e-06
-39.3381	-2.1278e-08	-0.00361516	-1.9071e-12	3.31592e-11	-3.60406e-07	7.05034e-06
-39.3381	-2.1251e-08	-0.00361516	-1.90687e-12	2.72832e-11	-7.70915e-08	6.86782e-06
-39.3381	-2.12373e-08	-0.00361516	-1.90675e-12	2.6686e-11	6.08983e-08	6.85975e-06
-39.3381	-2.12131e-08	-0.00361516	-1.90654e-12	2.70018e-11	5.34275e-08	6.93898e-06
-39.3381	-2.11792e-08	-0.00361516	-1.90626e-12	2.80837e-11	-6.95108e-09	7.06584e-06
-39.3381	-2.11458e-08	-0.00361516	-1.90597e-12	2.90812e-11	-5.1891e-08	7.22048e-06
-39.3381	-2.11211e-08	-0.00361516	-1.90576e-12	2.97367e-11	-7.47306e-08	7.3929e-06
-39.3381	-2.11098e-08	-0.00361516	-1.90567e-12	3.01997e-11	-4.13973e-08	7.57816e-06
-39.3381	-2.11061e-08	-0.00361516	-1.90563e-12	3.08741e-11	-5.9172e-08	7.77359e-06
-39.3381	-2.1114e-08	-0.00361516	-1.9057e-12	3.16116e-11	-3.75872e-08	7.97804e-06
-39.3381	-2.11296e-08	-0.00361516	-1.90583e-12	3.23871e-11	-3.89279e-08	8.19092e-06
-39.3381	-2.11538e-08	-0.00361516	-1.90604e-12	3.31803e-11	-4.07983e-08	8.41227e-06
-39.3381	-2.11874e-08	-0.00361516	-1.90632e-12	3.38865e-11	-5.3645e-08	8.64214e-06
-39.338	-2.12336e-08	-0.00361516	-1.90671e-12	3.51438e-11	-1.72828e-08	8.88085e-06
-39.338	-2.12849e-08	-0.00361516	-1.90714e-12	3.58872e-11	-3.56106e-08	9.12861e-06
-39.338	-2.1346e-08	-0.00361516	-1.90766e-12	3.69546e-11	-2.85745e-08	9.38574e-06
-39.338	-2.14156e-08	-0.00361516	-1.90824e-12	3.83355e-11	-5.63195e-09	9.6524e-06
-39.338	-2.14885e-08	-0.00361516	-1.90886e-12	3.9854e-11	2.32011e-08	9.92879e-06
-39.338	-2.15577e-08	-0.00361516	-1.90944e-12	4.06064e-11	-4.46703e-09	1.02154e-05
-39.338	-2.16301e-08	-0.00361516	-1.91005e-12	4.257e-11	5.62834e-08	1.05137e-05
-39.338	-2.16896e-08	-0.00361516	-1.91055e-12	4.328e-11	1.57968e-08	1.08247e-05
-39.338	-2.17465e-08	-0.00361516	-1.91103e-12	4.50047e-11	6.92698e-08	1.11488e-05
-39.338	-2.17855e-08	-0.00361516	-1.91136e-12	4.60867e-11	6.15565e-08	1.14859e-05
-39.338	-2.18078e-08	-0.00361516	-1.91154e-12	4.7304e-11	7.01705e-08	1.18365e-05
-39.338	-2.18097e-08	-0.00361516	-1.91156e-12	4.85752e-11	4.90245e-08	1.22013e-05
-39.338	-2.17964e-08	-0.00361516	-1.91144e-12	4.99403e-11	5.75468e-08	1.25818e-05
-39.338	-2.17644e-08	-0.00361516	-1.91117e-12	5.15612e-11	3.10819e-08	1.29794e-05
-39.338	-2.17211e-08	-0.00361516	-1.9108e-12	5.3279e-11	1.72534e-08	1.33939e-05
-39.338	-2.16705e-08	-0.00361516	-1.91037e-12	5.52452e-11	-1.73643e-08	1.38248e-05
-39.338	-2.16245e-08	-0.00361516	-1.90998e-12	5.70413e-11	-2.07338e-08	1.42728e-05
-39.338	-2.15844e-08	-0.00361516	-1.90964e-12	5.89806e-11	-4.21972e-08	1.47401e-05
-39.3379	-2.15588e-08	-0.00361516	-1.90942e-12	6.08362e-11	-3.45931e-08	1.52282e-05
-39.3379	-2.15457e-08	-0.00361516	-1.90931e-12	6.28042e-11	-3.14843e-08	1.57358e-05
-39.3379	-2.15448e-08	-0.00361516	-1.9093e-12	6.48622e-11	-2.44215e-08	1.62614e-05
-39.3379	-2.1554e-08	-0.00361516	-1.90937e-12	6.70459e-11	-8.56261e-09	1.68069e-05
-39.3379	-2.15671e-08	-0.00361516	-1.90948e-12	6.93261e-11	-2.74657e-10	1.7374e-05
-39.3379	-2.15808e-08	-0.00361516	-1.9096e-12	7.16732e-11	7.94848e-09	1.79607e-05
-39.3379	-2.15913e-08	-0.00361516	-1.90968e-12	7.40676e-11	1.31062e-08	1.85633e-05
-39.3379	-2.1596e-08	-0.00361516	-1.90972e-12	7.65224e-11	1.08704e-08	1.91821e-05
-39.3379	-2.15956e-08	-0.00361516	-1.90971e-12	7.90326e-11	5.87028e-09	1.98162e-05
-39.3379	-2.15921e-08	-0.00361516	-1.90968e-12	8.1558e-11	1.86505e-09	2.04581e-05
-39.3379	-2.15876e-08	-0.00361516	-1.90964e-12	8.40675e-11	-9.55264e-10	2.10993e-05
-39.3378	-2.15835e-08	-0.00361516	-1.9096e-12	8.65522e-11	-1.93138e-09	2.17353e-05
-39.3378	-2.15803e-08	-0.00361516	-1.90957e-12	8.92227e-11	-1.17601e-09	2.23921e-05
-39.3378	-2.15777e-08	-0.00361516	-1.90954e-12	9.21252e-11	-1.54901e-09	2.31021e-05
-39.3378	-2.15759e-08	-0.00361516	-1.90952e-12	9.52326e-11	-8.03394e-10	2.38677e-05
-39.3378	-2.15746e-08	-0.00361516	-1.90951e-12	9.85223e-11	-7.1395e-10	2.46827e-05
-39.3378	-2.15736e-08	-0.00361516	-1.9095e-12	1.01975e-10	-1.75265e-10	2.55416e-05
-39.3378	-2.15727e-08	-0.00361516	-1.90949e-12	1.05614e-10	-1.51013e-10	2.64451e-05
-39.3378	-2.15719e-08	-0.00361516	-1.90947e-12	1.0943e-10	2.9996e-10	2.73949e-05
-39.3377	-2.15709e-08	-0.00361516	-1.90946e-12	1.13397e-10	8.42445e-11	2.83864e-05
-39.3377	-2.15697e-08	-0.00361516	-1.90945e-12	1.17535e-10	-6.97314e-10	2.94189e-05
-39.3377	-2.15691e-08	-0.00361516	-1.90944e-12	1.21824e-10	-3.8072e-10	3.04925e-05
-39.3377	-2.15687e-08	-0.00361516	-1.90943e-12	1.26223e-10	-4.52966e-10	3.15994e-05
-39.3377	-2.15686e-08	-0.00361516	-1.90942e-12	1.30747e-10	-6.08294e-10	3.27361e-05
-39.3377	-2.15691e-08	-0.00361516	-1.90942e-12	1.35355e-10	8.68439e-10	3.38994e-05
-39.3376	-2.15688e-08	-0.00361516	-1.90941e-12	1.40002e-10	-3.2962e-10	3.50784e-05
-39.3376	-2.15688e-08	-0.00361516	-1.90941e-12	1.44693e-10	-7.39017e-10	3.62682e-05
-39.3376	-2.15695e-08	-0.00361516	-1.90941e-12	1.49361e-10	3.64968e-10	3.74606e-05
-39.3376	-2.15699e-08	-0.00361516	-1.9094e-12	1.5396e-10	1.17694e-09	3.86411e-05
-39.3376	-2.15691e-08	-0.00361516	-1.90939e-12	1.58889e-10	-3.93272e-10	3.98549e-05
-39.3376	-2.15687e-08	-0.00361516	-1.90938e-12	1.64228e-10	-4.95174e-10	4.1163e-05
-39.3375	-2.15688e-08	-0.00361516	-1.90938e-12	1.69715e-10	-4.7565e-10	4.25423e-05
-39.3375	-2.15694e-08	-0.00361516	-1.90937e-12	1.75286e-10	2.25855e-10	4.39511e-05
-39.3375	-2.15698e-08	-0.00361517	-1.90937e-12	1.80858e-10	1.17682e-10	4.53707e-05
-39.3375	-2.15701e-08	-0.00361517	-1.90937e-12	1.86469e-10	1.88683e-10	4.67953e-05
-39.3374	-2.15701e-08	-0.00361517	-1.90936e-12	1.92106e-10	3.02203e-10	4.82284e-05
-39.3374	-2.15698e-08	-0.00361517	-1.90935e-12	1.97821e-10	1.92281e-10	4.96747e-05
-39.3374	-2.15692e-08	-0.00361517	-1.90933e-12	2.03848e-10	-2.70752e-10	5.11707e-05
-39.3374	-2.1569e-08	-0.00361517	-1.90932e-12	2.10347e-10	1.49338e-10	5.27665e-05
-39.3373	-2.15685e-08	-0.00361517	-1.90931e-12	2.16891e-10	-3.24814e-10	5.44281e-05
-39.3373	-2.15685e-08	-0.00361517	-1.9093e-12	2.23274e-10	-1.99536e-11	5.6075e-05
-39.3373	-2.15685e-08	-0.00361517	-1.90929e-12	2.2949e-10	4.49858e-10	5.76802e-05
-39.3373	-2.15679e-08	-0.00361517	-1.90928e-12	2.35708e-10	3.07084e-10	5.92644e-05
-39.3372	-2.15668e-08	-0.00361517	-1.90926e-12	2.42016e-10	9.23201e-11	6.08602e-05
-39.3372	-2.15655e-08	-0.00361517	-1.90924e-12	2.48872e-10	-1.76799e-10	6.25374e-05
-39.3372	-2.15644e-08	-0.00361517	-1.90922e-12	2.56064e-10	-2.26914e-10	6.43272e-05
-39.3371	-2.15637e-08	-0.00361517	-1.9092e-12	2.629e-10	-2.72219e-10	6.61144e-05
-39.3371	-2.15635e-08	-0.00361517	-1.90919e-12	2.69567e-10	2.60143e-10	6.78347e-05
-39.3371	-2.15627e-08	-0.00361517	-1.90917e-12	2.76132e-10	2.9689e-10	6.95206e-05
-39.337	-2.15615e-08	-0.00361517	-1.90915e-12	2.83019e-10	-2.5454e-10	7.12345e-05
-39.337	-2.15606e-08	-0.00361517	-1.90913e-12	2.90414e-10	-3.03938e-10	7.30542e-05
-39.337	-2.15604e-08	-0.00361517	-1.90912e-12	2.97511e-10	-7.88208e-11	7.49005e-05
-39.3369	-2.15602e-08	-0.00361517	-1.90911e-12	3.04396e-10	2.12583e-10	7.66819e-05
-39.3369	-2.15596e-08	-0.00361517	-1.90909e-12	3.1118e-10	-5.47408e-11	7.84234e-05
-39.3368	-2.15592e-08	-0.00361517	-1.90907e-12	3.1838e-10	-1.80704e-10	8.02051e-05
-39.3368	-2.1559e-08	-0.00361517	-1.90906e-12	3.25703e-10	-3.29276e-10	8.20555e-05
-39.3368	-2.15596e-08	-0.00361518	-1.90905e-12	3.32711e-10	-9.04821e-11	8.38814e-05
-39.3367	-2.15604e-08	-0.00361518	-1.90904e-12	3.39588e-10	3.30947e-10	8.56505e-05
-39.3367	-2.15604e-08	-0.00361518	-1.90903e-12	3.46631e-10	-7.94942e-11	8.74241e-05
-39.3366	-2.15607e-08	-0.00361518	-1.90902e-12	3.53906e-10	1.45947e-11	8.92484e-05
-39.3366	-2.15609e-08	-0.00361518	-1.90901e-12	3.60856e-10	7.67991e-12	9.10608e-05
-39.3365	-2.15611e-08	-0.00361518	-1.90899e-12	3.67697e-10	1.06785e-10	9.28179e-05
-39.3365	-2.15611e-08	-0.00361518	-1.90898e-12	3.74678e-10	-1.78287e-10	9.4579e-05
-39.3364	-2.15614e-08	-0.00361518	-1.90897e-12	3.81718e-10	-1.041e-11	9.63654e-05
-39.3364	-2.15618e-08	-0.00361518	-1.90895e-12	3.88494e-10	1.43519e-11	9.81259e-05
-39.3363	-2.15622e-08	-0.00361518	-1.90894e-12	3.95201e-10	1.03308e-10	9.98438e-05
-39.3363	-2.15624e-08	-0.00361518	-1.90893e-12	4.0205e-10	9.42717e-12	0.000101571
-39.3362	-2.15625e-08	-0.00361518	-1.90891e-12	4.08734e-10	-1.00104e-10	0.000103295
-39.3362	-2.15628e-08	-0.00361518	-1.9089e-12	4.15251e-10	-1.27379e-10	0.000104977
-39.3361	-2.15636e-08	-0.00361518	-1.90889e-12	4.21795e-10	3.79716e-11	0.000106641
-39.3361	-2.15642e-08	-0.00361518	-1.90887e-12	4.2829e-10	1.18104e-10	0.000108303
-39.336	-2.15645e-08	-0.00361519	-1.90886e-12	4.34593e-10	-3.46182e-11	0.000109934
-39.336	-2.15649e-08	-0.00361519	-1.90884e-12	4.40841e-10	9.15158e-12	0.000111533
-39.3359	-2.15653e-08	-0.00361519	-1.90883e-12	4.47053e-10	-8.80416e-11	0.00011312
-39.3359	-2.1566e-08	-0.00361519	-1.90882e-12	4.53087e-10	2.016e-11	0.000114681
-39.3358	-2.15666e-08	-0.00361519	-1.9088e-12	4.59029e-10	-8.68552e-13	0.000116207
-39.3357	-2.15672e-08	-0.00361519	-1.90879e-12	4.64912e-10	2.77455e-12	0.000117713
-39.3357	-2.15678e-08	-0.00361519	-1.90878e-12	4.70616e-10	3.30275e-11	0.00011919
-39.3356	-2.15683e-08	-0.00361519	-1.90876e-12	4.76236e-10	1.57789e-11	0.000120633
-39.3356	-2.15688e-08	-0.00361519	-1.90874e-12	4.81747e-10	-4.67016e-11	0.000122051
-39.3355	-2.15694e-08	-0.00361519	-1.90873e-12	4.87086e-10	-1.01752e-12	0.000123434
-39.3354	-2.157e-08	-0.00361519	-1.90872e-12	4.92345e-10	-1.34909e-11	0.000124784
-39.3354	-2.15707e-08	-0.00361519	-1.9087e-12	4.97458e-10	3.37249e-11	0.000126106
-39.3353	-2.15713e-08	-0.00361519	-1.90868e-12	5.02396e-10	-6.40064e-11	0.000127386
-39.3352	-2.15721e-08	-0.0036152	-1.90867e-12	5.07268e-10	6.34415e-11	0.000128636
-39.3352	-2.15727e-08	-0.0036152	-1.90865e-12	5.11945e-10	5.32267e-11	0.000129853
-39.3351	-2.15731e-08	-0.0036152	-1.90864e-12	5.16469e-10	3.69855e-11	0.000131025
-39.3351	-2.15734e-08	-0.0036152	-1.90862e-12	5.20925e-10	-1.03118e-10	0.00013217
-39.335	-2.15741e-08	-0.0036152	-1.9086e-12	5.25147e-10	-6.8582e-11	0.000133275
-39.3349	-2.1575e-08	-0.0036152	-1.90859e-12	5.29239e-10	-1.2157e-11	0.000134335
-39.3349	-2.15759e-08	-0.0036152	-1.90857e-12	5.33256e-10	-7.92426e-12	0.000135368
-39.3348	-2.15769e-08	-0.0036152	-1.90856e-12	5.36993e-10	1.30702e-10	0.000136356
-39.3347	-2.15774e-08	-0.0036152	-1.90854e-12	5.40647e-10	7.96511e-11	0.000137298
-39.3346	-2.15777e-08	-0.0036152	-1.90852e-12	5.44195e-10	-1.07455e-10	0.000138216
-39.3346	-2.15783e-08	-0.0036152	-1.9085e-12	5.47448e-10	-5.91751e-11	0.000139082
-39.3345	-2.15792e-08	-0.00361521	-1.90849e-12	5.50662e-10	-6.16886e-11	0.000139906
-39.3344	-2.15802e-08	-0.00361521	-1.90847e-12	5.53722e-10	5.73351e-11	0.000140706
-39.3344	-2.15811e-08	-0.00361521	-1.90846e-12	5.56489e-10	3.41595e-11	0.000141448
-39.3343	-2.15819e-08	-0.00361521	-1.90844e-12	5.5926e-10	2.91729e-11	0.000142154
-39.3342	-2.15825e-08	-0.00361521	-1.90842e-12	5.61791e-10	4.57965e-11	0.000142829
-39.3342	-2.1583e-08	-0.00361521	-1.9084e-12	5.64091e-10	6.20988e-12	0.000143445
-39.3341	-2.15835e-08	-0.00361521	-1.90838e-12	5.66407e-10	-4.61459e-11	0.000144033
-39.334	-2.15841e-08	-0.00361521	-1.90837e-12	5.68391e-10	-1.91862e-11	0.000144581
-39.3339	-2.15848e-08	-0.00361521	-1.90835e-12	5.7024e-10	-3.71466e-11	0.00014507
-39.3339	-2.15857e-08	-0.00361521	-1.90833e-12	5.7208e-10	2.62252e-11	0.00014554
-39.3338	-2.15865e-08	-0.00361522	-1.90831e-12	5.73514e-10	-4.3398e-11	0.000145957
-39.3337	-2.15874e-08	-0.00361522	-1.9083e-12	5.74927e-10	4.78759e-11	0.00014632
-39.3336	-2.15881e-08	-0.00361522	-1.90828e-12	5.76255e-10	-1.73069e-11	0.000146669
-39.3336	-2.15889e-08	-0.00361522	-1.90826e-12	5.77165e-10	3.1125e-11	0.000146954
-39.3335	-2.15896e-08	-0.00361522	-1.90824e-12	5.78135e-10	1.0462e-11	0.000147194
-39.3334	-2.15903e-08	-0.00361522	-1.90822e-12	5.78918e-10	1.79615e-13	0.000147417
-39.3333	-2.15909e-08	-0.00361522	-1.90821e-12	5.79326e-10	-7.40184e-11	0.000147569
-39.3333	-2.15919e-08	-0.00361522	-1.90819e-12	5.79847e-10	2.69429e-11	0.000147687
-39.3332	-2.15927e-08	-0.00361522	-1.90817e-12	5.80061e-10	-2.00358e-11	0.000147781
-39.3331	-2.15936e-08	-0.00361522	-1.90815e-12	5.79988e-10	7.48196e-11	0.000147799
-39.3331	-2.15943e-08	-0.00361522	-1.90813e-12	5.80035e-10	-1.41755e-12	0.000147795
-39.333	-2.15949e-08	-0.00361523	-1.90812e-12	5.79661e-10	2.45968e-11	0.000147754
-39.3329	-2.15954e-08	-0.00361523	-1.9081e-12	5.79099e-10	-2.6222e-11	0.000147635
-39.3328	-2.15961e-08	-0.00361523	-1.90808e-12	5.78648e-10	-8.53671e-14	0.000147505
-39.3328	-2.15967e-08	-0.00361523	-1.90806e-12	5.77673e-10	-2.48892e-11	0.000147324
-39.3327	-2.15975e-08	-0.00361523	-1.90804e-12	5.76607e-10	-6.5782e-11	0.000147064
-39.3326	-2.15984e-08	-0.00361523	-1.90802e-12	5.75623e-10	6.30594e-12	0.000146802
-39.3325	-2.15994e-08	-0.00361523	-1.90801e-12	5.74042e-10	6.98614e-11	0.000146476
-39.3325	-2.16001e-08	-0.00361523	-1.90799e-12	5.7242e-10	-1.11708e-11	0.000146067
-39.3324	-2.16008e-08	-0.00361523	-1.90797e-12	5.70876e-10	2.24517e-11	0.000145664
-39.3323	-2.16015e-08	-0.00361523	-1.90795e-12	5.68662e-10	2.45702e-11	0.000145185
-39.3322	-2.1602e-08	-0.00361524	-1.90793e-12	5.66419e-10	-2.36857e-12	0.000144617
-39.3322	-2.16026e-08	-0.00361524	-1.90791e-12	5.64274e-10	1.35352e-11	0.000144058
-39.3321	-2.16031e-08	-0.00361524	-1.90789e-12	5.61408e-10	-5.24528e-11	0.00014342
-39.332	-2.16038e-08	-0.00361524	-1.90787e-12	5.58437e-10	-7.88225e-11	0.000142676
-39.332	-2.16048e-08	-0.00361524	-1.90786e-12	5.55637e-10	4.03698e-11	0.00014194
-39.3319	-2.16056e-08	-0.00361524	-1.90784e-12	5.52121e-10	7.1622e-11	0.000141136
-39.3318	-2.16062e-08	-0.00361524	-1.90782e-12	5.48278e-10	6.11808e-11	0.000140198
-39.3317	-2.16065e-08	-0.00361524	-1.9078e-12	5.44707e-10	6.23596e-12	0.000139253
-39.3317	-2.16068e-08	-0.00361524	-1.90778e-12	5.40609e-10	-3.69352e-11	0.000138276
-39.3316	-2.16073e-08	-0.00361524	-1.90776e-12	5.35728e-10	-3.95837e-11	0.000137132
-39.3315	-2.16079e-08	-0.00361524	-1.90774e-12	5.31192e-10	-1.0312e-10	0.000135932
-39.3315	-2.16088e-08	-0.00361525	-1.90773e-12	5.26529e-10	-8.62741e-11	0.00013476
-39.3314	-2.161e-08	-0.00361525	-1.90771e-12	5.20673e-10	2.95425e-11	0.000133419
-39.3313	-2.16111e-08	-0.00361525	-1.9077e-12	5.14831e-10	3.97281e-11	0.000131929
-39.3313	-2.1612e-08	-0.00361525	-1.90769e-12	5.09262e-10	2.15277e-10	0.000130475
-39.3312	-2.16123e-08	-0.00361525	-1.90767e-12	5.03048e-10	2.46445e-10	0.000128973
-39.3311	-2.16117e-08	-0.00361525	-1.90764e-12	4.95655e-10	2.46383e-10	0.00012724
-39.3311	-2.16104e-08	-0.00361525	-1.90761e-12	4.88619e-10	3.06732e-11	0.000125401
-39.331	-2.1609e-08	-0.00361525	-1.90758e-12	4.81763e-10	-3.03439e-10	0.000123631
-39.331	-2.16086e-08	-0.00361525	-1.90756e-12	4.74094e-10	-4.65991e-10	0.00012178
-39.3309	-2.16095e-08	-0.00361525	-1.90754e-12	4.65218e-10	-3.25976e-10	0.000119672
-39.3308	-2.16115e-08	-0.00361525	-1.90754e-12	4.56716e-10	-1.45098e-10	0.000117458
-39.3308	-2.16138e-08	-0.00361525	-1.90754e-12	4.48513e-10	-1.21298e-10	0.000115329
-39.3307	-2.16164e-08	-0.00361526	-1.90754e-12	4.39957e-10	1.15845e-10	0.000113194
-39.3307	-2.16186e-08	-0.00361526	-1.90753e-12	4.29997e-10	3.97099e-10	0.000110834
-39.3306	-2.16197e-08	-0.00361526	-1.90752e-12	4.19984e-10	4.94051e-10	0.00010829
-39.3306	-2.16195e-08	-0.00361526	-1.9075e-12	4.10521e-10	4.85185e-10	0.000105808
-39.3305	-2.1618e-08	-0.00361526	-1.90748e-12	4.01353e-10	4.62862e-10	0.000103434
-39.3305	-2.16153e-08	-0.00361526	-1.90744e-12	3.91978e-10	3.87131e-10	0.000101071
-39.3304	-2.16117e-08	-0.00361526	-1.9074e-12	3.81574e-10	1.83327e-10	9.85514e-05
-39.3304	-2.16078e-08	-0.00361526	-1.90735e-12	3.71159e-10	-1.00938e-10	9.58988e-05
-39.3303	-2.16042e-08	-0.00361526	-1.90731e-12	3.615e-10	-4.6681e-10	9.33412e-05
-39.3303	-2.16018e-08	-0.00361526	-1.90728e-12	3.52546e-10	-8.96095e-10	9.09697e-05
-39.3302	-2.16015e-08	-0.00361526	-1.90726e-12	3.44175e-10	-1.19753e-09	8.87622e-05
-39.3302	-2.16038e-08	-0.00361526	-1.90727e-12	3.36001e-10	-1.03097e-09	8.66541e-05
-39.3301	-2.16083e-08	-0.00361526	-1.90728e-12	3.27543e-10	-4.1639e-10	8.45351e-05
-39.3301	-2.16135e-08	-0.00361526	-1.90731e-12	3.19191e-10	-1.71932e-10	8.23934e-05
-39.3301	-2.16189e-08	-0.00361526	-1.90733e-12	3.11777e-10	3.56685e-10	8.03846e-05
-39.33	-2.16235e-08	-0.00361526	-1.90735e-12	3.05355e-10	4.72486e-10	7.86218e-05
-39.33	-2.16271e-08	-0.00361526	-1.90736e-12	2.99848e-10	5.4938e-10	7.71018e-05
-39.3299	-2.16295e-08	-0.00361527	-1.90737e-12	2.95172e-10	3.85721e-10	7.58044e-05
-39.3299	-2.16312e-08	-0.00361527	-1.90737e-12	2.91204e-10	5.25274e-10	7.47032e-05
-39.3299	-2.16319e-08	-0.00361527	-1.90736e-12	2.87816e-10	7.19199e-10	7.37659e-05
-39.3298	-2.16313e-08	-0.00361527	-1.90734e-12	2.848e-10	6.81825e-10	7.295e-05
-39.3298	-2.16294e-08	-0.00361527	-1.90732e-12	2.82417e-10	4.10253e-10	7.22622e-05
-39.3298	-2.16269e-08	-0.00361527	-1.90729e-12	2.81127e-10	6.68787e-10	7.17943e-05
-39.3297	-2.16231e-08	-0.00361527	-1.90725e-12	2.80845e-10	4.14437e-10	7.1594e-05
-39.3297	-2.16186e-08	-0.00361527	-1.90721e-12	2.81521e-10	-7.28024e-11	7.16441e-05
-39.3296	-2.16142e-08	-0.00361527	-1.90716e-12	2.83128e-10	-2.83871e-10	7.1935e-05
-39.3296	-2.16103e-08	-0.00361527	-1.90713e-12	2.8561e-10	-2.89799e-10	7.24559e-05
-39.3296	-2.16069e-08	-0.00361527	-1.90709e-12	2.88939e-10	-2.52964e-10	7.31963e-05
-39.3295	-2.1604e-08	-0.00361527	-1.90706e-12	2.9307e-10	-8.87077e-11	7.41467e-05
-39.3295	-2.16011e-08	-0.00361527	-1.90702e-12	2.97982e-10	-2.21032e-10	7.52989e-05
-39.3295	-2.15986e-08	-0.00361527	-1.90699e-12	3.03635e-10	-6.56231e-10	7.66449e-05
-39.3294	-2.15974e-08	-0.00361527	-1.90697e-12	3.10035e-10	-1.5874e-10	7.81805e-05
-39.3294	-2.15964e-08	-0.00361527	-1.90695e-12	3.19221e-10	-5.09583e-10	8.01664e-05
-39.3293	-2.15964e-08	-0.00361527	-1.90694e-12	3.32676e-10	-1.2079e-10	8.30511e-05
-39.3293	-2.15967e-08	-0.00361527	-1.90693e-12	3.48766e-10	-1.2138e-10	8.68154e-05
-39.3293	-2.15973e-08	-0.00361527	-1.90692e-12	3.67297e-10	-1.57266e-10	9.12266e-05
-39.3292	-2.15983e-08	-0.00361527	-1.90691e-12	3.88331e-10	4.84297e-11	9.62677e-05
-39.3292	-2.15992e-08	-0.00361528	-1.9069e-12	4.12173e-10	2.06045e-11	0.000101985
-39.3291	-2.16001e-08	-0.00361528	-1.90689e-12	4.39128e-10	1.05771e-10	0.000108458
-39.329	-2.16008e-08	-0.00361528	-1.90688e-12	4.69776e-10	-1.37102e-10	0.000115797
-39.329	-2.16019e-08	-0.00361528	-1.90686e-12	5.04723e-10	1.37243e-10	0.000124155
-39.3289	-2.16027e-08	-0.00361528	-1.90685e-12	5.45104e-10	1.25783e-11	0.000133754
-39.3289	-2.16035e-08	-0.00361528	-1.90683e-12	5.92309e-10	3.33535e-11	0.000144914
-39.3288	-2.16043e-08	-0.00361528	-1.90681e-12	6.49006e-10	4.52092e-11	0.000158154
-39.3287	-2.16049e-08	-0.00361528	-1.90679e-12	7.20172e-10	1.0202e-10	0.000174448
-39.3286	-2.16051e-08	-0.00361528	-1.90676e-12	8.22113e-10	1.61386e-10	0.000196508
-39.3285	-2.16045e-08	-0.00361528	-1.90672e-12	9.62289e-10	1.36127e-10	0.000227364
-39.3284	-2.1603e-08	-0.00361528	-1.90667e-12	1.15682e-09	6.58032e-11	0.000270024
-39.3282	-2.16007e-08	-0.00361529	-1.90661e-12	1.44754e-09	3.71318e-12	0.000331877
-39.328	-2.15978e-08	-0.00361529	-1.90653e-12	1.94408e-09	-1.76024e-11	0.000432244
-39.3278	-2.15941e-08	-0.00361529	-1.90642e-12	3.01617e-09	1.34199e-11	0.000632297
-39.3274	-2.15881e-08	-0.0036153	-1.90626e-12	6.39429e-09	4.11908e-11	0.00120041
-39.3266	-2.15736e-08	-0.00361531	-1.9059e-12	5.09561e-08	-4.57976e-11	0.00739365
-39.32	-2.14722e-08	-0.00361539	-1.90323e-12	-0.0560333	-3.34315e-10	59.9982
20.6716	2.15802e-08	-0.0133382	1.86793e-12	-0.0960305	1.16789e-11	120.002
