22.3036	-5.17644e-08	-0.00361468	-4.62454e-12	0.04	-6.81982e-08	60.0074
22.3037	-5.22038e-08	-0.00361468	-4.62995e-12	5.76155e-11	7.40812e-07	0.000137555
22.3037	-5.1909e-08	-0.00361468	-4.62625e-12	-6.28017e-12	8.06486e-07	1.34919e-05
22.3037	-5.15595e-08	-0.00361468	-4.62186e-12	4.09971e-11	-1.84857e-07	8.31628e-06
22.3037	-5.13272e-08	-0.00361468	-4.61895e-12	5.62427e-11	-6.35989e-07	6.80008e-06
22.3037	-5.12215e-08	-0.00361468	-4.61762e-12	3.39851e-11	-4.5837e-07	6.28691e-06
22.3037	-5.11908e-08	-0.00361468	-4.61723e-12	2.4662e-11	-9.80458e-08	6.12423e-06
22.3038	-5.11753e-08	-0.00361468	-4.61704e-12	2.35523e-11	7.74389e-08	6.11711e-06
22.3038	-5.11478e-08	-0.00361468	-4.61669e-12	2.37536e-11	6.79334e-08	6.18784e-06
22.3038	-5.11092e-08	-0.00361468	-4.6162e-12	2.50925e-11	-8.84902e-09	6.30105e-06
22.3038	-5.10713e-08	-0.00361468	-4.61573e-12	2.62385e-11	-6.59931e-08	6.43904e-06
22.3038	-5.10432e-08	-0.00361468	-4.61537e-12	2.67858e-11	-9.50301e-08	6.59288e-06
22.3038	-5.10303e-08	-0.00361468	-4.61521e-12	2.69928e-11	-5.264e-08	6.75818e-06
22.3038	-5.10261e-08	-0.00361468	-4.61515e-12	2.75128e-11	-7.5236e-08	6.93256e-06
22.3038	-5.1035e-08	-0.00361468	-4.61526e-12	2.81128e-11	-4.77869e-08	7.115e-06
22.3038	-5.10527e-08	-0.00361468	-4.61548e-12	2.87481e-11	-4.94876e-08	7.30495e-06
22.3038	-5.10801e-08	-0.00361468	-4.61582e-12	2.93906e-11	-5.18614e-08	7.50247e-06
22.3038	-5.1118e-08	-0.00361468	-4.61629e-12	2.98658e-11	-6.81888e-08	7.7076e-06
22.3038	-5.11704e-08	-0.00361468	-4.61695e-12	3.12073e-11	-2.19571e-08	7.92063e-06
22.3038	-5.12285e-08	-0.00361468	-4.61767e-12	3.16915e-11	-4.52533e-08	8.14173e-06
22.3038	-5.12977e-08	-0.00361468	-4.61854e-12	3.26735e-11	-3.63049e-08	8.3712e-06
22.3038	-5.13765e-08	-0.00361468	-4.61952e-12	3.41329e-11	-7.13806e-09	8.60919e-06
22.3038	-5.14591e-08	-0.00361468	-4.62055e-12	3.5788e-11	2.95119e-08	8.85586e-06
22.3038	-5.15375e-08	-0.00361468	-4.62153e-12	3.61751e-11	-5.65702e-09	9.11165e-06
22.3038	-5.16195e-08	-0.00361468	-4.62255e-12	3.84821e-11	7.15562e-08	9.37788e-06
22.3038	-5.16868e-08	-0.00361468	-4.62339e-12	3.87284e-11	2.00942e-08	9.65552e-06
22.3038	-5.17512e-08	-0.00361468	-4.6242e-12	4.05758e-11	8.80496e-08	9.94476e-06
22.3038	-5.17954e-08	-0.00361468	-4.62475e-12	4.13481e-11	7.82382e-08	1.02457e-05
22.3038	-5.18205e-08	-0.00361468	-4.62506e-12	4.23009e-11	8.91759e-08	1.05587e-05
22.3038	-5.18226e-08	-0.00361468	-4.62508e-12	4.32991e-11	6.22955e-08	1.08843e-05
22.3038	-5.18075e-08	-0.00361468	-4.62488e-12	4.44013e-11	7.31168e-08	1.1224e-05
22.3039	-5.1771e-08	-0.00361468	-4.62442e-12	4.58677e-11	3.94821e-08	1.1579e-05
22.3039	-5.17218e-08	-0.00361468	-4.6238e-12	4.74446e-11	2.19076e-08	1.19491e-05
22.3039	-5.16644e-08	-0.00361468	-4.62308e-12	4.93757e-11	-2.20753e-08	1.23338e-05
22.3039	-5.16121e-08	-0.00361468	-4.62242e-12	5.09822e-11	-2.63533e-08	1.27337e-05
22.3039	-5.15665e-08	-0.00361468	-4.62185e-12	5.276e-11	-5.36149e-08	1.3151e-05
22.3039	-5.15374e-08	-0.00361468	-4.62148e-12	5.43444e-11	-4.39485e-08	1.35869e-05
22.3039	-5.15225e-08	-0.00361468	-4.62128e-12	5.60586e-11	-3.99934e-08	1.40401e-05
22.3039	-5.15213e-08	-0.00361468	-4.62126e-12	5.78671e-11	-3.10171e-08	1.45095e-05
22.3039	-5.15316e-08	-0.00361468	-4.62139e-12	5.98177e-11	-1.08716e-08	1.49966e-05
22.3039	-5.15463e-08	-0.00361468	-4.62157e-12	6.1862e-11	-3.44883e-10	1.55032e-05
22.3039	-5.15617e-08	-0.00361468	-4.62175e-12	6.39663e-11	1.00971e-08	1.60272e-05
22.3039	-5.15734e-08	-0.00361468	-4.62189e-12	6.61051e-11	1.66444e-08	1.65655e-05
22.3039	-5.15786e-08	-0.00361468	-4.62195e-12	6.82921e-11	1.38028e-08	1.71183e-05
22.3039	-5.15779e-08	-0.00361468	-4.62194e-12	7.05324e-11	7.45235e-09	1.76847e-05
22.304	-5.15739e-08	-0.00361468	-4.62188e-12	7.27893e-11	2.36652e-09	1.82583e-05
22.304	-5.15686e-08	-0.00361468	-4.62181e-12	7.50327e-11	-1.21391e-09	1.88313e-05
22.304	-5.15638e-08	-0.00361468	-4.62174e-12	7.72537e-11	-2.45261e-09	1.93997e-05
22.304	-5.156e-08	-0.00361468	-4.62168e-12	7.96402e-11	-1.49346e-09	1.99867e-05
22.304	-5.15568e-08	-0.00361468	-4.62164e-12	8.22344e-11	-1.9665e-09	2.06213e-05
22.304	-5.15546e-08	-0.00361468	-4.6216e-12	8.50117e-11	-1.01997e-09	2.13056e-05
22.304	-5.15529e-08	-0.00361468	-4.62157e-12	8.79522e-11	-9.06263e-10	2.20341e-05
22.304	-5.15516e-08	-0.00361468	-4.62155e-12	9.10382e-11	-2.22659e-10	2.28018e-05
22.304	-5.15504e-08	-0.00361468	-4.62152e-12	9.42922e-11	-1.91846e-10	2.36095e-05
22.304	-5.15492e-08	-0.00361468	-4.6215e-12	9.77037e-11	3.80197e-10	2.44587e-05
22.3041	-5.15478e-08	-0.00361468	-4.62147e-12	1.01251e-10	1.06505e-10	2.53452e-05
22.3041	-5.15463e-08	-0.00361468	-4.62144e-12	1.04951e-10	-8.84633e-10	2.62684e-05
22.3041	-5.15453e-08	-0.00361468	-4.62142e-12	1.08787e-10	-4.82961e-10	2.72285e-05
22.3041	-5.15446e-08	-0.00361468	-4.6214e-12	1.12722e-10	-5.74413e-10	2.82185e-05
22.3041	-5.15442e-08	-0.00361468	-4.62139e-12	1.16769e-10	-7.71141e-10	2.92353e-05
22.3041	-5.15445e-08	-0.00361468	-4.62138e-12	1.20891e-10	1.10083e-09	3.02761e-05
22.3041	-5.15439e-08	-0.00361468	-4.62136e-12	1.25049e-10	-4.17841e-10	3.1331e-05
22.3042	-5.15436e-08	-0.00361468	-4.62134e-12	1.29249e-10	-9.36457e-10	3.23957e-05
22.3042	-5.15441e-08	-0.00361468	-4.62134e-12	1.33427e-10	4.62569e-10	3.3463e-05
22.3042	-5.15442e-08	-0.00361468	-4.62133e-12	1.37545e-10	1.49098e-09	3.452e-05
22.3042	-5.1543e-08	-0.00361468	-4.6213e-12	1.41959e-10	-4.98372e-10	3.56069e-05
22.3042	-5.15422e-08	-0.00361468	-4.62127e-12	1.4674e-10	-6.27228e-10	3.67782e-05
22.3042	-5.1542e-08	-0.00361468	-4.62126e-12	1.51655e-10	-6.02254e-10	3.80134e-05
22.3043	-5.15423e-08	-0.00361468	-4.62125e-12	1.56645e-10	2.86067e-10	3.92754e-05
22.3043	-5.15424e-08	-0.00361468	-4.62123e-12	1.61638e-10	1.4903e-10	4.05472e-05
22.3043	-5.15423e-08	-0.00361468	-4.62122e-12	1.66666e-10	2.38816e-10	4.18239e-05
22.3043	-5.1542e-08	-0.00361468	-4.6212e-12	1.7172e-10	3.8234e-10	4.31084e-05
22.3044	-5.15412e-08	-0.00361468	-4.62117e-12	1.76844e-10	2.43101e-10	4.44051e-05
22.3044	-5.15402e-08	-0.00361468	-4.62114e-12	1.8225e-10	-3.42656e-10	4.57465e-05
22.3044	-5.15395e-08	-0.00361468	-4.62112e-12	1.88077e-10	1.88726e-10	4.71776e-05
22.3044	-5.15385e-08	-0.00361468	-4.62109e-12	1.93948e-10	-4.10828e-10	4.8668e-05
22.3044	-5.15381e-08	-0.00361468	-4.62106e-12	1.99676e-10	-2.52723e-11	5.01457e-05
22.3045	-5.15376e-08	-0.00361468	-4.62104e-12	2.05257e-10	5.68444e-10	5.15864e-05
22.3045	-5.15364e-08	-0.00361468	-4.621e-12	2.10841e-10	3.87735e-10	5.30088e-05
22.3045	-5.15347e-08	-0.00361468	-4.62096e-12	2.16507e-10	1.16227e-10	5.44422e-05
22.3046	-5.15327e-08	-0.00361468	-4.62092e-12	2.22666e-10	-2.23703e-10	5.59487e-05
22.3046	-5.1531e-08	-0.00361468	-4.62087e-12	2.29127e-10	-2.86847e-10	5.75565e-05
22.3046	-5.15297e-08	-0.00361468	-4.62083e-12	2.35272e-10	-3.43859e-10	5.91626e-05
22.3046	-5.15288e-08	-0.00361468	-4.6208e-12	2.41268e-10	3.28127e-10	6.07094e-05
22.3047	-5.15274e-08	-0.00361468	-4.62076e-12	2.47175e-10	3.74261e-10	6.2226e-05
22.3047	-5.15254e-08	-0.00361468	-4.62071e-12	2.53373e-10	-3.21457e-10	6.37682e-05
22.3047	-5.15239e-08	-0.00361468	-4.62067e-12	2.60028e-10	-3.83526e-10	6.54057e-05
22.3048	-5.15229e-08	-0.00361468	-4.62063e-12	2.66418e-10	-9.95037e-11	6.70677e-05
22.3048	-5.15222e-08	-0.00361468	-4.6206e-12	2.72622e-10	2.67766e-10	6.86722e-05
22.3048	-5.15209e-08	-0.00361468	-4.62056e-12	2.78737e-10	-6.91942e-11	7.02417e-05
22.3049	-5.15197e-08	-0.00361468	-4.62052e-12	2.85228e-10	-2.27775e-10	7.18478e-05
22.3049	-5.15189e-08	-0.00361468	-4.62048e-12	2.91832e-10	-4.14646e-10	7.35162e-05
22.3049	-5.15189e-08	-0.00361468	-4.62045e-12	2.98157e-10	-1.1378e-10	7.51634e-05
22.305	-5.1519e-08	-0.00361468	-4.62042e-12	3.04367e-10	4.16526e-10	7.67605e-05
22.305	-5.15184e-08	-0.00361469	-4.62039e-12	3.10728e-10	-1.00036e-10	7.83623e-05
22.3051	-5.15179e-08	-0.00361469	-4.62035e-12	3.17302e-10	1.83449e-11	8.00103e-05
22.3051	-5.15175e-08	-0.00361469	-4.62032e-12	3.23586e-10	9.63773e-12	8.16484e-05
22.3051	-5.15169e-08	-0.00361469	-4.62028e-12	3.29777e-10	1.34144e-10	8.32378e-05
22.3052	-5.15161e-08	-0.00361469	-4.62024e-12	3.36095e-10	-2.24012e-10	8.48315e-05
22.3052	-5.15158e-08	-0.00361469	-4.6202e-12	3.4247e-10	-1.30399e-11	8.64488e-05
22.3053	-5.15154e-08	-0.00361469	-4.62016e-12	3.48611e-10	1.80478e-11	8.80436e-05
22.3053	-5.15151e-08	-0.00361469	-4.62013e-12	3.54694e-10	1.2963e-10	8.96011e-05
22.3054	-5.15144e-08	-0.00361469	-4.62008e-12	3.60907e-10	1.17739e-11	9.11678e-05
22.3054	-5.15137e-08	-0.00361469	-4.62004e-12	3.66976e-10	-1.25542e-10	9.27326e-05
22.3055	-5.15132e-08	-0.00361469	-4.62e-12	3.72899e-10	-1.59591e-10	9.42605e-05
22.3055	-5.15132e-08	-0.00361469	-4.61996e-12	3.78849e-10	4.76789e-11	9.57732e-05
22.3056	-5.1513e-08	-0.00361469	-4.61993e-12	3.84758e-10	1.47956e-10	9.72843e-05
22.3056	-5.15125e-08	-0.00361469	-4.61988e-12	3.90499e-10	-4.33273e-11	9.87686e-05
22.3056	-5.1512e-08	-0.00361469	-4.61984e-12	3.96193e-10	1.1473e-11	0.000100226
22.3057	-5.15115e-08	-0.00361469	-4.6198e-12	4.01858e-10	-1.10071e-10	0.000101673
22.3058	-5.15113e-08	-0.00361469	-4.61976e-12	4.07367e-10	2.5289e-11	0.000103097
22.3058	-5.15111e-08	-0.00361469	-4.61971e-12	4.12796e-10	-1.01005e-12	0.00010449
22.3059	-5.15108e-08	-0.00361469	-4.61967e-12	4.18176e-10	3.54135e-12	0.000105868
22.3059	-5.15105e-08	-0.00361469	-4.61963e-12	4.23399e-10	4.13e-11	0.000107219
22.306	-5.15101e-08	-0.00361469	-4.61958e-12	4.28549e-10	1.97324e-11	0.00010854
22.306	-5.15096e-08	-0.00361469	-4.61954e-12	4.33604e-10	-5.8203e-11	0.000109841
22.3061	-5.15093e-08	-0.00361469	-4.61949e-12	4.38508e-10	-1.19239e-12	0.00011111
22.3061	-5.1509e-08	-0.00361469	-4.61945e-12	4.43344e-10	-1.67296e-11	0.00011235
22.3062	-5.15088e-08	-0.00361469	-4.6194e-12	4.48051e-10	4.2086e-11	0.000113566
22.3062	-5.15084e-08	-0.00361469	-4.61935e-12	4.52603e-10	-7.96031e-11	0.000114746
22.3063	-5.15082e-08	-0.00361469	-4.61931e-12	4.57098e-10	7.90426e-11	0.000115899
22.3064	-5.15078e-08	-0.00361469	-4.61926e-12	4.61422e-10	6.6244e-11	0.000117023
22.3064	-5.15073e-08	-0.00361469	-4.61921e-12	4.65611e-10	4.59769e-11	0.000118107
22.3065	-5.15065e-08	-0.00361469	-4.61916e-12	4.6974e-10	-1.28111e-10	0.000119167
22.3065	-5.15062e-08	-0.00361469	-4.61911e-12	4.73662e-10	-8.5069e-11	0.000120193
22.3066	-5.15061e-08	-0.00361469	-4.61906e-12	4.7747e-10	-1.49426e-11	0.000121178
22.3067	-5.1506e-08	-0.00361469	-4.61901e-12	4.81213e-10	-9.67202e-12	0.00012214
22.3067	-5.1506e-08	-0.00361469	-4.61897e-12	4.84705e-10	1.62181e-10	0.000123062
22.3068	-5.15055e-08	-0.00361469	-4.61892e-12	4.88125e-10	9.87189e-11	0.000123943
22.3068	-5.15046e-08	-0.00361469	-4.61886e-12	4.91453e-10	-1.33102e-10	0.000124803
22.3069	-5.15042e-08	-0.00361469	-4.61881e-12	4.94515e-10	-7.31716e-11	0.000125617
22.307	-5.1504e-08	-0.00361469	-4.61876e-12	4.97545e-10	-7.61819e-11	0.000126393
22.307	-5.15041e-08	-0.00361469	-4.61871e-12	5.00438e-10	7.10708e-11	0.000127148
22.3071	-5.15039e-08	-0.00361469	-4.61866e-12	5.03068e-10	4.2338e-11	0.000127852
22.3072	-5.15036e-08	-0.00361469	-4.61861e-12	5.05704e-10	3.61229e-11	0.000128523
22.3072	-5.15031e-08	-0.00361469	-4.61856e-12	5.08126e-10	5.65913e-11	0.000129167
22.3073	-5.15025e-08	-0.00361469	-4.6185e-12	5.10339e-10	7.67971e-12	0.000129758
22.3074	-5.15018e-08	-0.00361469	-4.61844e-12	5.12568e-10	-5.68814e-11	0.000130324
22.3074	-5.15014e-08	-0.00361469	-4.61839e-12	5.14499e-10	-2.3581e-11	0.000130854
22.3075	-5.1501e-08	-0.00361469	-4.61834e-12	5.1631e-10	-4.56679e-11	0.000131331
22.3075	-5.15007e-08	-0.00361469	-4.61828e-12	5.18114e-10	3.23996e-11	0.000131791
22.3076	-5.15004e-08	-0.00361469	-4.61823e-12	5.1955e-10	-5.32945e-11	0.000132204
22.3077	-5.15002e-08	-0.00361469	-4.61818e-12	5.20969e-10	5.90007e-11	0.000132568
22.3077	-5.14998e-08	-0.00361469	-4.61812e-12	5.22312e-10	-2.1179e-11	0.00013292
22.3078	-5.14995e-08	-0.0036147	-4.61807e-12	5.23277e-10	3.83316e-11	0.000133214
22.3079	-5.14991e-08	-0.0036147	-4.61802e-12	5.24297e-10	1.29147e-11	0.000133467
22.3079	-5.14986e-08	-0.0036147	-4.61796e-12	5.25148e-10	2.82827e-13	0.000133705
22.308	-5.14982e-08	-0.0036147	-4.6179e-12	5.2566e-10	-9.06867e-11	0.000133879
22.3081	-5.1498e-08	-0.0036147	-4.61785e-12	5.26275e-10	3.31547e-11	0.000134022
22.3081	-5.14977e-08	-0.0036147	-4.6178e-12	5.26611e-10	-2.44248e-11	0.000134144
22.3082	-5.14975e-08	-0.0036147	-4.61775e-12	5.26686e-10	9.17089e-11	0.000134196
22.3083	-5.1497e-08	-0.0036147	-4.61769e-12	5.26871e-10	-1.68042e-12	0.000134229
22.3084	-5.14965e-08	-0.0036147	-4.61763e-12	5.26674e-10	3.01267e-11	0.000134228
22.3084	-5.14959e-08	-0.0036147	-4.61758e-12	5.26305e-10	-3.20105e-11	0.000134155
22.3085	-5.14954e-08	-0.0036147	-4.61752e-12	5.26036e-10	-4.76275e-14	0.000134074
22.3086	-5.14949e-08	-0.0036147	-4.61746e-12	5.25292e-10	-3.03207e-11	0.000133945
22.3086	-5.14945e-08	-0.0036147	-4.61741e-12	5.24463e-10	-8.01582e-11	0.000133745
22.3087	-5.14944e-08	-0.0036147	-4.61736e-12	5.23709e-10	7.83821e-12	0.000133543
22.3088	-5.14942e-08	-0.0036147	-4.61731e-12	5.2241e-10	8.52663e-11	0.000133281
22.3088	-5.14938e-08	-0.0036147	-4.61725e-12	5.21072e-10	-1.35323e-11	0.000132945
22.3089	-5.14934e-08	-0.0036147	-4.6172e-12	5.19805e-10	2.74075e-11	0.000132613
22.309	-5.14929e-08	-0.0036147	-4.61714e-12	5.17927e-10	2.99461e-11	0.000132213
22.309	-5.14923e-08	-0.0036147	-4.61709e-12	5.1602e-10	-2.84636e-12	0.00013173
22.3091	-5.14917e-08	-0.0036147	-4.61703e-12	5.14202e-10	1.64812e-11	0.000131256
22.3091	-5.14911e-08	-0.0036147	-4.61697e-12	5.11724e-10	-6.36762e-11	0.000130708
22.3092	-5.14907e-08	-0.0036147	-4.61692e-12	5.09149e-10	-9.55947e-11	0.000130064
22.3093	-5.14906e-08	-0.0036147	-4.61687e-12	5.06727e-10	4.91246e-11	0.000129428
22.3093	-5.14904e-08	-0.0036147	-4.61682e-12	5.03651e-10	8.69471e-11	0.000128727
22.3094	-5.14898e-08	-0.0036147	-4.61677e-12	5.00273e-10	7.41757e-11	0.000127905
22.3095	-5.14891e-08	-0.0036147	-4.61671e-12	4.97142e-10	7.53176e-12	0.000127075
22.3095	-5.14883e-08	-0.0036147	-4.61665e-12	4.93527e-10	-4.47357e-11	0.000126216
22.3096	-5.14877e-08	-0.0036147	-4.6166e-12	4.89193e-10	-4.78808e-11	0.000125203
22.3097	-5.14872e-08	-0.0036147	-4.61655e-12	4.85172e-10	-1.24645e-10	0.000124138
22.3097	-5.14871e-08	-0.0036147	-4.6165e-12	4.81031e-10	-1.04124e-10	0.000123098
22.3098	-5.14873e-08	-0.0036147	-4.61646e-12	4.75798e-10	3.59113e-11	0.000121904
22.3098	-5.14874e-08	-0.0036147	-4.61641e-12	4.70573e-10	4.81599e-11	0.000120571
22.3099	-5.14874e-08	-0.0036147	-4.61637e-12	4.65593e-10	2.59941e-10	0.000119271
22.31	-5.14866e-08	-0.0036147	-4.61631e-12	4.60021e-10	2.97207e-10	0.000117927
22.31	-5.14849e-08	-0.0036147	-4.61625e-12	4.53366e-10	2.96766e-10	0.000116369
22.3101	-5.14824e-08	-0.0036147	-4.61618e-12	4.47033e-10	3.64836e-11	0.000114714
22.3101	-5.14799e-08	-0.0036147	-4.61611e-12	4.4086e-10	-3.65964e-10	0.00011312
22.3102	-5.14784e-08	-0.0036147	-4.61605e-12	4.33939e-10	-5.61212e-10	0.000111452
22.3102	-5.14784e-08	-0.0036147	-4.61601e-12	4.25908e-10	-3.92079e-10	0.000109547
22.3103	-5.14796e-08	-0.0036147	-4.61598e-12	4.18214e-10	-1.74083e-10	0.000107543
22.3104	-5.14812e-08	-0.0036147	-4.61596e-12	4.1079e-10	-1.45283e-10	0.000105617
22.3104	-5.14831e-08	-0.0036147	-4.61594e-12	4.03036e-10	1.39842e-10	0.000103683
22.3105	-5.14846e-08	-0.0036147	-4.61592e-12	3.93993e-10	4.77522e-10	0.000101543
22.3105	-5.14849e-08	-0.0036147	-4.61589e-12	3.84895e-10	5.93419e-10	9.92312e-05
22.3106	-5.14838e-08	-0.0036147	-4.61584e-12	3.76295e-10	5.82166e-10	9.69762e-05
22.3106	-5.14812e-08	-0.0036147	-4.61577e-12	3.67961e-10	5.54803e-10	9.48186e-05
22.3107	-5.14775e-08	-0.0036147	-4.61569e-12	3.59432e-10	4.6345e-10	9.26702e-05
22.3107	-5.14727e-08	-0.0036147	-4.6156e-12	3.49956e-10	2.18702e-10	9.03761e-05
22.3107	-5.14676e-08	-0.0036147	-4.61551e-12	3.40464e-10	-1.22131e-10	8.79593e-05
22.3108	-5.14629e-08	-0.0036147	-4.61543e-12	3.3166e-10	-5.60289e-10	8.56282e-05
22.3108	-5.14595e-08	-0.0036147	-4.61536e-12	3.23499e-10	-1.07386e-09	8.34668e-05
22.3109	-5.14584e-08	-0.0036147	-4.61531e-12	3.15869e-10	-1.43377e-09	8.14548e-05
22.3109	-5.14602e-08	-0.0036147	-4.61531e-12	3.08416e-10	-1.23323e-09	7.95331e-05
22.3109	-5.14644e-08	-0.00361471	-4.61532e-12	3.007e-10	-4.96985e-10	7.76004e-05
22.311	-5.14694e-08	-0.00361471	-4.61535e-12	2.93076e-10	-2.04252e-10	7.5646e-05
22.311	-5.14747e-08	-0.00361471	-4.61538e-12	2.86311e-10	4.2789e-10	7.38127e-05
22.3111	-5.14791e-08	-0.00361471	-4.61541e-12	2.80454e-10	5.65945e-10	7.22045e-05
22.3111	-5.14824e-08	-0.00361471	-4.61542e-12	2.75434e-10	6.57378e-10	7.08188e-05
22.3111	-5.14845e-08	-0.00361471	-4.61541e-12	2.71177e-10	4.61381e-10	6.96369e-05
22.3112	-5.14857e-08	-0.00361471	-4.6154e-12	2.67569e-10	6.27693e-10	6.86348e-05
22.3112	-5.14859e-08	-0.00361471	-4.61538e-12	2.64491e-10	8.58757e-10	6.77829e-05
22.3112	-5.14846e-08	-0.00361471	-4.61534e-12	2.61755e-10	8.1354e-10	6.70421e-05
22.3113	-5.1482e-08	-0.00361471	-4.61528e-12	2.59599e-10	4.88933e-10	6.64189e-05
22.3113	-5.14785e-08	-0.00361471	-4.61522e-12	2.58448e-10	7.96992e-10	6.59976e-05
22.3113	-5.14738e-08	-0.00361471	-4.61514e-12	2.58222e-10	4.93117e-10	6.58221e-05
22.3114	-5.14683e-08	-0.00361471	-4.61506e-12	2.58877e-10	-8.81188e-11	6.58769e-05
22.3114	-5.14629e-08	-0.00361471	-4.61497e-12	2.6039e-10	-3.39631e-10	6.6153e-05
22.3114	-5.1458e-08	-0.00361471	-4.61489e-12	2.62707e-10	-3.46465e-10	6.6641e-05
22.3115	-5.14537e-08	-0.00361471	-4.61482e-12	2.65805e-10	-3.02352e-10	6.73309e-05
22.3115	-5.14498e-08	-0.00361471	-4.61475e-12	2.69642e-10	-1.0654e-10	6.82144e-05
22.3115	-5.14461e-08	-0.00361471	-4.61468e-12	2.742e-10	-2.64011e-10	6.9284e-05
22.3116	-5.14428e-08	-0.00361471	-4.61462e-12	2.7944e-10	-7.81788e-10	7.05323e-05
22.3116	-5.14408e-08	-0.00361471	-4.61457e-12	2.85371e-10	-1.89291e-10	7.19557e-05
22.3116	-5.1439e-08	-0.00361471	-4.61452e-12	2.9387e-10	-6.06458e-10	7.37942e-05
22.3117	-5.14384e-08	-0.00361471	-4.61449e-12	3.06304e-10	-1.43685e-10	7.64611e-05
22.3117	-5.14381e-08	-0.00361471	-4.61446e-12	3.21169e-10	-1.44267e-10	7.99392e-05
22.3118	-5.1438e-08	-0.00361471	-4.61442e-12	3.38291e-10	-1.86778e-10	8.40148e-05
22.3118	-5.14383e-08	-0.00361471	-4.6144e-12	3.57728e-10	5.77224e-11	8.86727e-05
22.3118	-5.14384e-08	-0.00361471	-4.61436e-12	3.79761e-10	2.46394e-11	9.39565e-05
22.3119	-5.14386e-08	-0.00361471	-4.61433e-12	4.04679e-10	1.25701e-10	9.99387e-05
22.3119	-5.14384e-08	-0.00361471	-4.61429e-12	4.33014e-10	-1.6254e-10	0.000106724
22.312	-5.14387e-08	-0.00361471	-4.61425e-12	4.65333e-10	1.62949e-10	0.000114452
22.3121	-5.14385e-08	-0.00361471	-4.6142e-12	5.02687e-10	1.50188e-11	0.00012333
22.3121	-5.14382e-08	-0.00361471	-4.61415e-12	5.46364e-10	3.96123e-11	0.000133655
22.3122	-5.14378e-08	-0.00361471	-4.6141e-12	5.98838e-10	5.35932e-11	0.000145907
22.3123	-5.14371e-08	-0.00361471	-4.61403e-12	6.64718e-10	1.20707e-10	0.000160989
22.3124	-5.14359e-08	-0.00361471	-4.61396e-12	7.59085e-10	1.9064e-10	0.000181409
22.3125	-5.14335e-08	-0.00361471	-4.61386e-12	8.88888e-10	1.6037e-10	0.000209977
22.3126	-5.14298e-08	-0.00361471	-4.61373e-12	1.06912e-09	7.69214e-11	0.00024949
22.3127	-5.14249e-08	-0.00361471	-4.61358e-12	1.33862e-09	3.36959e-12	0.000306813
22.3129	-5.14187e-08	-0.00361471	-4.61338e-12	1.79925e-09	-2.20143e-11	0.000399892
22.3131	-5.14106e-08	-0.00361471	-4.61313e-12	2.79478e-09	1.38894e-11	0.000585585
22.3135	-5.13978e-08	-0.00361471	-4.61272e-12	5.93843e-09	4.44272e-11	0.00111391
22.3142	-5.13688e-08	-0.00361471	-4.61185e-12	4.80096e-08	-7.52616e-11	0.00695021
22.3204	-5.11554e-08	-0.00361473	-4.60522e-12	-0.0560311	-7.5073e-10	59.9966
-37.6891	5.14422e-08	-0.0133398	4.72403e-12	-0.0960354	2.7796e-11	119.998
