6.07088	-1.09144e-13	0.00305078	-3.61412e-17	0.0399831	2.11432e-16	108.229
7.38945	-9.52343e-14	0.00289675	-3.32681e-17	7.7762e-07	2.28651e-16	1.68246
7.75334	-8.72358e-14	0.00278435	-3.09783e-17	9.79328e-07	1.23064e-17	0.602823
7.99227	-8.1837e-14	0.00270222	-2.93649e-17	9.46241e-07	-8.44967e-17	0.441715
8.19505	-7.81121e-14	0.00262902	-2.82502e-17	9.37242e-07	-8.96354e-17	0.399835
8.39211	-7.53756e-14	0.00255972	-2.75862e-17	9.45897e-07	-4.39106e-17	0.399603
8.59466	-7.30076e-14	0.00248987	-2.75507e-17	9.59967e-07	-8.87644e-18	0.415729
8.80784	-7.06101e-14	0.00241785	-2.72173e-17	9.72519e-07	3.43398e-18	0.439599
9.03425	-6.80249e-14	0.00234377	-2.70364e-17	9.79966e-07	1.11221e-18	0.467374
9.27521	-6.52605e-14	0.00226937	-2.65596e-17	9.8066e-07	-7.38125e-18	0.497087
9.53134	-6.24167e-14	0.00219372	-2.61828e-17	9.74222e-07	-1.05552e-17	0.527288
9.8025	-5.95493e-14	0.00211689	-2.53748e-17	9.61128e-07	-1.23842e-17	0.556959
10.0883	-5.67041e-14	0.00204109	-2.43657e-17	9.42009e-07	-1.17857e-17	0.585795
10.3883	-5.38945e-14	0.00196752	-2.32138e-17	9.17985e-07	-1.04293e-17	0.613473
10.7018	-5.11223e-14	0.00189443	-2.16417e-17	8.90707e-07	-8.76453e-18	0.63942
11.0277	-4.83828e-14	0.0018231	-2.01679e-17	8.60312e-07	-8.38815e-18	0.663708
11.3655	-4.56857e-14	0.00175555	-1.85432e-17	8.28217e-07	-7.47598e-18	0.686496
11.7142	-4.30315e-14	0.00168951	-1.71435e-17	7.95692e-07	-7.04306e-18	0.707444
12.0729	-4.04277e-14	0.00162602	-1.57391e-17	7.62372e-07	-6.80386e-18	0.726788
12.441	-3.78813e-14	0.00156618	-1.45986e-17	7.29384e-07	-6.1476e-18	0.744732
12.8177	-3.53914e-14	0.00150807	-1.3586e-17	6.97561e-07	-5.65377e-18	0.761081
13.2021	-3.2959e-14	0.00145314	-1.27394e-17	6.65777e-07	-5.44198e-18	0.776175
13.5938	-3.05868e-14	0.00140086	-1.19799e-17	6.35903e-07	-4.8708e-18	0.790065
13.9921	-2.8272e-14	0.00135048	-1.11434e-17	6.06854e-07	-4.68794e-18	0.802737
14.3966	-2.60165e-14	0.00130329	-1.04016e-17	5.79059e-07	-4.16139e-18	0.814478
14.8066	-2.3815e-14	0.00125776	-9.44632e-18	5.53087e-07	-4.08667e-18	0.825195
15.2218	-2.16711e-14	0.00121467	-8.32083e-18	5.2778e-07	-3.89212e-18	0.835092
15.6417	-1.95841e-14	0.00117362	-6.8701e-18	5.04464e-07	-3.68755e-18	0.844217
16.066	-1.7554e-14	0.00113422	-5.40725e-18	4.81969e-07	-3.38337e-18	0.852595
16.4943	-1.55769e-14	0.00109705	-4.00985e-18	4.6091e-07	-3.26984e-18	0.860381
16.9264	-1.36533e-14	0.00106115	-2.90998e-18	4.41176e-07	-3.15734e-18	0.867523
17.3618	-1.17833e-14	0.00102725	-2.10191e-18	4.22187e-07	-2.93774e-18	0.874175
17.8005	-9.96386e-15	0.000994578	-1.60486e-18	4.04843e-07	-2.69588e-18	0.880312
18.2421	-8.19195e-15	0.000963459	-1.15324e-18	3.87863e-07	-2.61699e-18	0.886019
18.6866	-6.46699e-15	0.000933646	-6.93508e-19	3.72487e-07	-2.4703e-18	0.891323
19.1335	-4.78755e-15	0.000905004	-1.25573e-19	3.57436e-07	-2.1681e-18	0.896245
19.5828	-3.14775e-15	0.000877689	5.07876e-19	3.43682e-07	-2.40145e-18	0.90085
20.0343	-1.55422e-15	0.00085128	1.40269e-18	3.30422e-07	-2.57139e-18	0.90512
20.4879	-1.16786e-17	0.000826138	2.50891e-18	3.18039e-07	-2.19755e-18	0.909133
20.9435	1.48734e-15	0.000801756	3.75291e-18	3.06375e-07	-1.97508e-18	0.91286
21.4008	2.9471e-15	0.000778495	4.96929e-18	2.952e-07	-2.02914e-18	0.916369
21.8598	4.36572e-15	0.000755943	6.04279e-18	2.84902e-07	-1.87846e-18	0.919642
22.3204	5.74589e-15	0.000734329	6.96355e-18	2.74827e-07	-1.73172e-18	0.922723
22.7825	7.09058e-15	0.000713408	7.65977e-18	2.65676e-07	-1.77704e-18	0.92561
23.246	8.39805e-15	0.000693257	8.22875e-18	2.56613e-07	-1.76223e-18	0.928328
23.7109	9.66836e-15	0.000673788	8.67417e-18	2.48423e-07	-1.81054e-18	0.930886
24.1769	1.08998e-14	0.00065495	8.92186e-18	2.40288e-07	-1.66524e-18	0.933293
24.6442	1.20954e-14	0.000636773	9.0105e-18	2.32905e-07	-1.41009e-18	0.935568
25.1125	1.32608e-14	0.000619116	9.44082e-18	2.25616e-07	-1.22445e-18	0.937708
25.5819	1.44e-14	0.000602089	1.02747e-17	2.1892e-07	-1.31865e-18	0.939739
26.0522	1.55106e-14	0.0005855	1.12104e-17	2.12394e-07	-1.30442e-18	0.94165
26.5235	1.65927e-14	0.000569501	1.20653e-17	2.0629e-07	-1.40799e-18	0.943468
26.9957	1.76435e-14	0.00055388	1.25569e-17	2.00448e-07	-1.61168e-18	0.94518
27.4687	1.86581e-14	0.000538798	1.26949e-17	1.94862e-07	-1.48596e-18	0.946813
27.9425	1.96392e-14	0.000524058	1.27492e-17	1.89624e-07	-1.05961e-18	0.948353
28.4171	2.05966e-14	0.000509798	1.31618e-17	1.84502e-07	-1.03903e-18	0.949822
28.8923	2.15308e-14	0.000495856	1.38993e-17	1.79794e-07	-1.04498e-18	0.951212
29.3683	2.24415e-14	0.000482338	1.4689e-17	1.75094e-07	-9.69801e-19	0.952538
29.8449	2.33303e-14	0.00046912	1.5432e-17	1.70846e-07	-1.0733e-18	0.953796
30.3221	2.41946e-14	0.000456272	1.59702e-17	1.66533e-07	-1.09033e-18	0.954996
30.7999	2.50339e-14	0.000443712	1.63458e-17	1.62687e-07	-1.05312e-18	0.956137
31.2782	2.5849e-14	0.000431474	1.6793e-17	1.5873e-07	-9.95351e-19	0.957225
31.7571	2.66411e-14	0.00041951	1.73473e-17	1.55233e-07	-1.03607e-18	0.958262
32.2365	2.74093e-14	0.000407827	1.78971e-17	1.51605e-07	-9.38993e-19	0.959252
32.7163	2.81557e-14	0.000396406	1.84315e-17	1.48414e-07	-9.50624e-19	0.960196
33.1967	2.88799e-14	0.000385229	1.89267e-17	1.45091e-07	-9.03505e-19	0.961097
33.6774	2.95832e-14	0.000374302	1.93424e-17	1.42168e-07	-9.34247e-19	0.961959
34.1586	3.02645e-14	0.000363587	1.95243e-17	1.39126e-07	-7.95545e-19	0.962781
34.6402	3.09273e-14	0.00035311	1.94849e-17	1.3644e-07	-6.98201e-19	0.963569
35.1222	3.15737e-14	0.000342819	1.9535e-17	1.3366e-07	-6.81402e-19	0.964319
35.6045	3.22042e-14	0.000332752	1.97867e-17	1.31183e-07	-8.06607e-19	0.96504
36.0872	3.28157e-14	0.000322849	2.01544e-17	1.28645e-07	-8.36047e-19	0.965726
36.5703	3.34075e-14	0.000313155	2.05595e-17	1.26356e-07	-8.39261e-19	0.966386
37.0536	3.39793e-14	0.000303608	2.09305e-17	1.24042e-07	-6.94836e-19	0.967014
37.5373	3.45347e-14	0.000294256	2.12095e-17	1.21921e-07	-6.44998e-19	0.967618
38.0212	3.50748e-14	0.000285034	2.15046e-17	1.19815e-07	-6.54831e-19	0.968194
38.5055	3.55994e-14	0.000275993	2.18914e-17	1.17847e-07	-6.77145e-19	0.968748
38.99	3.61079e-14	0.00026707	2.20856e-17	1.15932e-07	-7.18943e-19	0.969275
39.4747	3.65992e-14	0.000258312	2.1953e-17	1.14104e-07	-6.17734e-19	0.969783
39.9598	3.70758e-14	0.000249663	2.16286e-17	1.12367e-07	-4.66881e-19	0.970266
40.445	3.75412e-14	0.000241164	2.14396e-17	1.10669e-07	-4.46339e-19	0.970731
40.9305	3.79961e-14	0.000232764	2.15155e-17	1.09094e-07	-6.57147e-19	0.971174
41.4162	3.84352e-14	0.000224501	2.19007e-17	1.07518e-07	-6.24624e-19	0.971599
41.9021	3.88593e-14	0.00021633	2.25351e-17	1.06093e-07	-5.9543e-19	0.972005
42.3882	3.92691e-14	0.000208281	2.31911e-17	1.04632e-07	-5.29538e-19	0.972394
42.8745	3.96662e-14	0.000200318	2.3799e-17	1.03345e-07	-5.87675e-19	0.972764
43.361	4.00491e-14	0.000192464	2.43272e-17	1.01994e-07	-4.97035e-19	0.97312
43.8476	4.04201e-14	0.00018469	2.47017e-17	1.00833e-07	-4.11021e-19	0.973458
44.3344	4.07812e-14	0.000177013	2.4903e-17	9.95867e-08	-3.56139e-19	0.973781
44.8214	4.11338e-14	0.00016941	2.49697e-17	9.85435e-08	-6.20021e-19	0.974089
45.3085	4.14713e-14	0.000161892	2.5099e-17	9.73974e-08	-5.63928e-19	0.974383
45.7958	4.17953e-14	0.000154443	2.52788e-17	9.64626e-08	-5.66096e-19	0.974662
46.2832	4.21055e-14	0.000147069	2.53376e-17	9.54137e-08	-4.12546e-19	0.974929
46.7707	4.24057e-14	0.000139758	2.52278e-17	9.45794e-08	-3.16708e-19	0.975181
47.2583	4.26983e-14	0.000132512	2.4923e-17	9.36247e-08	-2.05626e-19	0.975421
47.7461	4.29859e-14	0.000125324	2.45178e-17	9.28839e-08	-4.58432e-19	0.975648
48.234	4.32624e-14	0.000118192	2.44099e-17	9.20208e-08	-4.5065e-19	0.975863
48.722	4.3528e-14	0.000111112	2.46439e-17	9.13674e-08	-5.51467e-19	0.976066
49.2101	4.37802e-14	0.000104081	2.49229e-17	9.05939e-08	-4.29083e-19	0.976256
49.6982	4.40219e-14	9.70961e-05	2.51532e-17	9.00222e-08	-4.29803e-19	0.976436
50.1865	4.42532e-14	9.01518e-05	2.5374e-17	8.93364e-08	-2.68469e-19	0.976604
50.6748	4.4478e-14	8.32483e-05	2.5594e-17	8.88417e-08	-3.89519e-19	0.976762
51.1633	4.46933e-14	7.63785e-05	2.57689e-17	8.82421e-08	-3.37589e-19	0.976908
51.6518	4.49004e-14	6.95438e-05	2.58797e-17	8.78201e-08	-4.84444e-19	0.977045
52.1403	4.50957e-14	6.27363e-05	2.57649e-17	8.73054e-08	-3.71708e-19	0.97717
52.6289	4.52819e-14	5.59578e-05	2.54644e-17	8.69525e-08	-3.7224e-19	0.977286
53.1176	4.54591e-14	4.92008e-05	2.53899e-17	8.65217e-08	-1.98834e-19	0.97739
53.6063	4.56314e-14	4.24667e-05	2.56573e-17	8.62346e-08	-4.31541e-19	0.977486
54.0951	4.57931e-14	3.57485e-05	2.62064e-17	8.58869e-08	-4.03489e-19	0.977571
54.5839	4.59451e-14	2.90471e-05	2.68761e-17	8.56631e-08	-3.92025e-19	0.977647
55.0727	4.60874e-14	2.23564e-05	2.73496e-17	8.53977e-08	-1.94811e-19	0.977712
55.5616	4.6225e-14	1.56762e-05	2.75178e-17	8.52351e-08	-3.44814e-19	0.977769
56.0505	4.63542e-14	9.00181e-06	2.75181e-17	8.50516e-08	-2.68616e-19	0.977815
56.5394	4.64768e-14	2.33164e-06	2.75114e-17	8.49484e-08	-4.16761e-19	0.977853
57.0283	4.65892e-14	-4.33749e-06	2.75072e-17	8.48463e-08	-3.20406e-19	0.977881
57.5173	4.66938e-14	-1.10087e-05	2.75005e-17	8.48016e-08	-4.30943e-19	0.9779
58.0062	4.67879e-14	-1.76836e-05	2.74252e-17	8.47806e-08	-2.73688e-19	0.977909
58.4952	4.68753e-14	-2.43669e-05	2.72688e-17	8.47936e-08	-4.59248e-19	0.97791
58.9842	4.69514e-14	-3.10584e-05	2.71711e-17	8.48533e-08	-3.64585e-19	0.977901
59.4731	4.70187e-14	-3.77647e-05	2.72496e-17	8.4924e-08	-3.99415e-19	0.977883
59.962	4.70761e-14	-4.44838e-05	2.74539e-17	8.50642e-08	-1.81526e-19	0.977855
-59.549	4.71292e-14	-5.1224e-05	2.76605e-17	8.5193e-08	-3.47495e-19	0.977819
-59.0601	4.71737e-14	-5.79817e-05	2.79137e-17	8.54134e-08	-3.1376e-19	0.977773
-58.5713	4.72106e-14	-6.47667e-05	2.82569e-17	8.56013e-08	-4.66734e-19	0.977718
-58.0824	4.7236e-14	-7.15742e-05	2.85285e-17	8.59017e-08	-3.36896e-19	0.977653
-57.5936	4.72532e-14	-7.84149e-05	2.85448e-17	8.615e-08	-4.14505e-19	0.97758
-57.1048	4.72603e-14	-8.52835e-05	2.82471e-17	8.65305e-08	-2.59722e-19	0.977496
-56.6161	4.7261e-14	-9.21912e-05	2.77659e-17	8.68409e-08	-3.64218e-19	0.977404
-56.1274	4.72529e-14	-9.91322e-05	2.73e-17	8.73015e-08	-2.56346e-19	0.977301
-55.6388	4.72384e-14	-0.000106118	2.72121e-17	8.76764e-08	-4.1487e-19	0.977189
-55.1503	4.72139e-14	-0.000113143	2.74837e-17	8.82174e-08	-3.59237e-19	0.977067
-54.6618	4.71805e-14	-0.000120219	2.77816e-17	8.86594e-08	-4.26421e-19	0.976936
-54.1733	4.71368e-14	-0.00012734	2.8052e-17	8.92812e-08	-2.65489e-19	0.976794
-53.685	4.70866e-14	-0.000134518	2.8234e-17	8.97936e-08	-4.15831e-19	0.976642
-53.1967	4.70262e-14	-0.000141748	2.83469e-17	9.04968e-08	-3.87057e-19	0.97648
-52.7085	4.69564e-14	-0.000149039	2.8486e-17	9.10831e-08	-4.72563e-19	0.976307
-52.2204	4.68751e-14	-0.00015639	2.865e-17	9.18686e-08	-3.20543e-19	0.976124
-51.7324	4.6786e-14	-0.000163807	2.87318e-17	9.2533e-08	-3.97701e-19	0.97593
-51.2444	4.66872e-14	-0.000171292	2.87525e-17	9.34017e-08	-2.67765e-19	0.975725
-50.7566	4.65819e-14	-0.000178849	2.88349e-17	9.4149e-08	-4.28875e-19	0.975508
-50.2689	4.64661e-14	-0.000186482	2.89489e-17	9.51024e-08	-4.76351e-19	0.97528
-49.7814	4.63388e-14	-0.000194191	2.88325e-17	9.59377e-08	-5.60621e-19	0.975041
-49.2939	4.61978e-14	-0.000201986	2.84451e-17	9.69774e-08	-3.54798e-19	0.974789
-48.8066	4.60483e-14	-0.000209863	2.79421e-17	9.79068e-08	-4.01327e-19	0.974525
-48.3194	4.58889e-14	-0.000217835	2.74709e-17	9.90347e-08	-2.68557e-19	0.974249
-47.8323	4.57231e-14	-0.000225893	2.75154e-17	1.00065e-07	-3.58617e-19	0.973959
-47.3454	4.55487e-14	-0.000234058	2.81022e-17	1.01283e-07	-5.28341e-19	0.973657
-46.8587	4.53614e-14	-0.000242314	2.86461e-17	1.02421e-07	-7.02755e-19	0.97334
-46.3721	4.51571e-14	-0.000250688	2.8908e-17	1.03733e-07	-6.85618e-19	0.97301
-45.8856	4.49362e-14	-0.000259157	2.87658e-17	1.04987e-07	-6.55534e-19	0.972664
-45.3994	4.46994e-14	-0.000267758	2.82844e-17	1.06396e-07	-3.72885e-19	0.972305
-44.9133	4.44536e-14	-0.000276459	2.79053e-17	1.07774e-07	-4.03318e-19	0.971929
-44.4275	4.41982e-14	-0.000285304	2.78195e-17	1.09285e-07	-4.19691e-19	0.971539
-43.9418	4.39327e-14	-0.000294256	2.77833e-17	1.10797e-07	-5.09075e-19	0.971131
-43.4563	4.36549e-14	-0.000303364	2.7626e-17	1.12414e-07	-4.98334e-19	0.970707
-42.9711	4.33652e-14	-0.000312587	2.74056e-17	1.14071e-07	-5.72204e-19	0.970264
-42.4861	4.30617e-14	-0.00032198	2.72462e-17	1.15801e-07	-6.69656e-19	0.969805
-42.0013	4.27421e-14	-0.000331495	2.71665e-17	1.17612e-07	-7.30564e-19	0.969325
-41.5168	4.2405e-14	-0.000341195	2.71725e-17	1.19463e-07	-6.37932e-19	0.968828
-41.0325	4.20526e-14	-0.000351027	2.71644e-17	1.21441e-07	-5.54103e-19	0.968307
-40.5484	4.16871e-14	-0.000361056	2.70227e-17	1.23423e-07	-5.05968e-19	0.967768
-40.0647	4.13095e-14	-0.000371229	2.68608e-17	1.25579e-07	-5.84127e-19	0.967204
-39.5812	4.0918e-14	-0.000381614	2.68122e-17	1.27705e-07	-7.53709e-19	0.96662
-39.0981	4.05085e-14	-0.000392157	2.69159e-17	1.30051e-07	-8.16638e-19	0.966009
-38.6152	4.00796e-14	-0.000402922	2.71257e-17	1.32335e-07	-8.66448e-19	0.965376
-38.1327	3.96301e-14	-0.000413865	2.73078e-17	1.34884e-07	-7.24948e-19	0.964714
-37.6505	3.91634e-14	-0.000425042	2.72804e-17	1.37344e-07	-6.46407e-19	0.964027
-37.1687	3.86814e-14	-0.000436417	2.70194e-17	1.4011e-07	-6.58224e-19	0.963309
-36.6872	3.81841e-14	-0.000448038	2.66682e-17	1.42767e-07	-7.70468e-19	0.962563
-36.2061	3.76685e-14	-0.000459881	2.61922e-17	1.45764e-07	-9.10519e-19	0.961784
-35.7254	3.71315e-14	-0.00047198	2.55662e-17	1.48643e-07	-9.85714e-19	0.960973
-35.2451	3.65713e-14	-0.000484331	2.48685e-17	1.51887e-07	-8.11837e-19	0.960126
-34.7653	3.59922e-14	-0.000496947	2.42631e-17	1.55016e-07	-9.27247e-19	0.959243
-34.2859	3.53913e-14	-0.000509848	2.38244e-17	1.58524e-07	-8.93871e-19	0.958321
-33.807	3.47697e-14	-0.000523024	2.37313e-17	1.61936e-07	-9.58317e-19	0.957359
-33.3285	3.41258e-14	-0.000536522	2.38873e-17	1.65727e-07	-1.07641e-18	0.956354
-32.8506	3.34568e-14	-0.000550305	2.38959e-17	1.69461e-07	-1.1034e-18	0.955303
-32.3732	3.27623e-14	-0.000564453	2.36595e-17	1.73557e-07	-9.66157e-19	0.954206
-31.8964	3.20456e-14	-0.000578895	2.32452e-17	1.77655e-07	-1.01781e-18	0.953055
-31.4202	3.13055e-14	-0.00059375	2.27545e-17	1.82082e-07	-1.03402e-18	0.951855
-30.9446	3.05417e-14	-0.000608911	2.23599e-17	1.86594e-07	-1.0689e-18	0.950594
-30.4696	2.97537e-14	-0.000624535	2.2114e-17	1.9138e-07	-1.2069e-18	0.949277
-29.9953	2.89381e-14	-0.000640485	2.20647e-17	1.9636e-07	-1.27085e-18	0.94789
-29.5217	2.80937e-14	-0.000656946	2.20697e-17	2.01545e-07	-1.25345e-18	0.946442
-29.0488	2.7221e-14	-0.000673764	2.1974e-17	2.07049e-07	-1.28751e-18	0.944915
-28.5768	2.63193e-14	-0.000691134	2.16234e-17	2.12683e-07	-1.28786e-18	0.943317
-28.1055	2.53889e-14	-0.00070891	2.10457e-17	2.18767e-07	-1.27612e-18	0.94163
-27.6351	2.44302e-14	-0.000727271	2.04185e-17	2.24917e-07	-1.56107e-18	0.939862
-27.1657	2.34366e-14	-0.000746105	1.98825e-17	2.31639e-07	-1.61526e-18	0.937994
-26.6972	2.24074e-14	-0.000765549	1.95103e-17	2.38388e-07	-1.63565e-18	0.936031
-26.2296	2.1342e-14	-0.000785555	1.92165e-17	2.45806e-07	-1.47048e-18	0.933956
-25.7632	2.02449e-14	-0.000806187	1.86134e-17	2.53259e-07	-1.49911e-18	0.931768
-25.2979	1.91154e-14	-0.000827491	1.7686e-17	2.61433e-07	-1.47364e-18	0.929456
-24.8337	1.79548e-14	-0.000849432	1.67317e-17	2.69716e-07	-1.72175e-18	0.927008
-24.3709	1.67574e-14	-0.000872178	1.57806e-17	2.7871e-07	-1.91611e-18	0.924423
-23.9093	1.55193e-14	-0.000895569	1.49178e-17	2.87973e-07	-2.05481e-18	0.921674
-23.4492	1.42376e-14	-0.000919913	1.4113e-17	2.97861e-07	-1.90636e-18	0.918771
-22.9905	1.29165e-14	-0.000944926	1.33458e-17	3.08269e-07	-1.91044e-18	0.915672
-22.5335	1.15564e-14	-0.000971036	1.25539e-17	3.19153e-07	-1.99952e-18	0.912397
-22.0781	1.01557e-14	-0.000997892	1.18883e-17	3.30866e-07	-2.14491e-18	0.908891
-21.6246	8.71201e-15	-0.00102593	1.14445e-17	3.42898e-07	-2.06337e-18	0.905175
-21.173	7.22779e-15	-0.00105488	1.12261e-17	3.56053e-07	-2.37314e-18	0.901195
-20.7234	5.69712e-15	-0.00108504	1.09848e-17	3.6945e-07	-2.71352e-18	0.896957
-20.276	4.1131e-15	-0.00111637	1.06824e-17	3.84154e-07	-2.83757e-18	0.892421
-19.831	2.47442e-15	-0.00114887	1.01501e-17	3.992e-07	-2.50909e-18	0.887561
-19.3885	7.89355e-16	-0.00118288	9.39248e-18	4.15534e-07	-2.78142e-18	0.882367
-18.9486	-9.46477e-16	-0.00121802	8.32506e-18	4.32563e-07	-3.04131e-18	0.876768
-18.5117	-2.73735e-15	-0.00125503	7.06934e-18	4.50626e-07	-2.72473e-18	0.870786
-18.0778	-4.57457e-15	-0.00129323	5.72531e-18	4.69933e-07	-2.67721e-18	0.864308
-17.6474	-6.45508e-15	-0.00133348	4.51892e-18	4.89932e-07	-3.88748e-18	0.857368
-17.2205	-8.40294e-15	-0.00137528	3.44139e-18	5.11623e-07	-4.16129e-18	0.849854
-16.7975	-1.04207e-14	-0.00141898	2.32849e-18	5.33927e-07	-3.91642e-18	0.841748
-16.3787	-1.25007e-14	-0.00146491	1.17915e-18	5.579e-07	-3.57786e-18	0.833006
-15.9645	-1.46318e-14	-0.00151245	-1.16467e-19	5.82946e-07	-3.66659e-18	0.823489
-15.5552	-1.68126e-14	-0.00156292	-1.48739e-18	6.09042e-07	-4.54776e-18	0.813251
-15.1513	-1.90569e-14	-0.00161513	-2.96144e-18	6.36916e-07	-4.81716e-18	0.802067
-14.7532	-2.13644e-14	-0.00167012	-4.41812e-18	6.65194e-07	-5.35937e-18	0.789978
-14.3613	-2.37408e-14	-0.0017278	-5.75961e-18	6.95196e-07	-5.28619e-18	0.776865
-13.9763	-2.6177e-14	-0.00178743	-6.82878e-18	7.25805e-07	-5.64093e-18	0.762537
-13.5988	-2.86726e-14	-0.00185092	-7.77068e-18	7.56904e-07	-6.18649e-18	0.747094
-13.2292	-3.12294e-14	-0.00191646	-8.49976e-18	7.88888e-07	-6.69233e-18	0.730229
-12.8685	-3.38456e-14	-0.00198467	-9.31821e-18	8.20303e-07	-7.5004e-18	0.71194
-12.5173	-3.65249e-14	-0.00205673	-1.03338e-17	8.51176e-07	-7.67059e-18	0.692271
-12.1763	-3.92569e-14	-0.00213035	-1.15006e-17	8.81206e-07	-8.96269e-18	0.670848
-11.8464	-4.20469e-14	-0.00220676	-1.26445e-17	9.08577e-07	-8.82511e-18	0.647862
-11.5284	-4.48773e-14	-0.00228655	-1.39015e-17	9.33143e-07	-9.88082e-18	0.62339
-11.223	-4.77457e-14	-0.00236701	-1.50662e-17	9.53801e-07	-1.13342e-17	0.597168
-10.9312	-5.0652e-14	-0.00244866	-1.63274e-17	9.69203e-07	-1.28827e-17	0.569514
-10.6535	-5.35966e-14	-0.00253286	-1.75912e-17	9.78532e-07	-1.25916e-17	0.540858
-10.3904	-5.65524e-14	-0.00261647	-1.87416e-17	9.81198e-07	-1.24567e-17	0.511329
-10.1422	-5.94944e-14	-0.00269852	-1.97257e-17	9.76875e-07	-6.9983e-18	0.481479
-9.90889	-6.23416e-14	-0.00277995	-2.06303e-17	9.66251e-07	-8.0367e-19	0.452398
-9.6898	-6.50241e-14	-0.00286007	-2.13181e-17	9.51252e-07	2.38833e-18	0.42538
-9.48351	-6.7525e-14	-0.00293742	-2.17545e-17	9.35809e-07	-1.19797e-17	0.402489
-9.28731	-7.0021e-14	-0.00301248	-2.21663e-17	9.27765e-07	-4.89667e-17	0.387834
-9.09568	-7.2928e-14	-0.00308743	-2.29838e-17	9.40971e-07	-9.12882e-17	0.390982
-8.89633	-7.68618e-14	-0.00316653	-2.41633e-17	9.76355e-07	-9.4522e-17	0.431692
-8.66398	-8.25444e-14	-0.00325251	-2.57735e-17	8.16242e-07	8.53595e-18	0.584862
-8.31146	-9.10154e-14	-0.00337305	-2.79773e-17	-1.60803e-05	2.52222e-16	1.64498
-7.019	-1.05786e-13	-0.00354957	-3.20297e-17	-0.0425874	2.28599e-16	108.203
