21.9852	-8.07886e-12	-0.00359735	-7.56389e-16	0.04	-5.45396e-10	60.0107
21.9865	-4.35952e-11	-0.00359742	-2.77582e-15	6.90284e-10	5.88418e-09	0.00139035
21.9865	-2.0118e-11	-0.00359743	-1.44062e-15	3.71943e-10	6.44256e-09	0.000135336
21.9866	7.79563e-12	-0.00359743	1.46142e-16	2.82386e-10	-1.45728e-09	8.33614e-05
21.9866	2.63661e-11	-0.00359743	1.20152e-15	2.5242e-10	-5.06615e-09	6.81325e-05
21.9867	3.48201e-11	-0.00359744	1.6818e-15	2.41842e-10	-3.65717e-09	6.2967e-05
21.9867	3.7286e-11	-0.00359744	1.82173e-15	2.39459e-10	-7.82353e-10	6.13158e-05
21.9867	3.85343e-11	-0.00359744	1.89242e-15	2.41115e-10	6.20674e-10	6.12233e-05
21.9867	4.07445e-11	-0.00359744	2.01778e-15	2.44845e-10	5.45708e-10	6.19095e-05
21.9868	4.384e-11	-0.00359744	2.19338e-15	2.49829e-10	-6.86673e-11	6.30197e-05
21.9868	4.68892e-11	-0.00359745	2.36634e-15	2.55494e-10	-5.27135e-10	6.43766e-05
21.9868	4.91497e-11	-0.00359745	2.49444e-15	2.6171e-10	-7.61232e-10	6.58903e-05
21.9869	5.01961e-11	-0.00359745	2.55357e-15	2.68261e-10	-4.22167e-10	6.75168e-05
21.9869	5.05474e-11	-0.00359745	2.57321e-15	2.75173e-10	-6.04722e-10	6.9232e-05
21.9869	4.98478e-11	-0.00359745	2.53315e-15	2.82339e-10	-3.85106e-10	7.10256e-05
21.987	4.84373e-11	-0.00359746	2.45272e-15	2.89823e-10	-3.99664e-10	7.28921e-05
21.987	4.62516e-11	-0.00359746	2.32831e-15	2.97561e-10	-4.19729e-10	7.48316e-05
21.9871	4.3212e-11	-0.00359746	2.15543e-15	3.05621e-10	-5.52501e-10	7.68445e-05
21.9871	3.90144e-11	-0.00359746	1.91686e-15	3.13957e-10	-1.80452e-10	7.89334e-05
21.9871	3.43414e-11	-0.00359746	1.65136e-15	3.22626e-10	-3.69328e-10	8.10999e-05
21.9872	2.87804e-11	-0.00359747	1.33551e-15	3.31592e-10	-2.97926e-10	8.33467e-05
21.9872	2.24356e-11	-0.00359747	9.75271e-16	3.409e-10	-6.25134e-11	8.5675e-05
21.9873	1.57769e-11	-0.00359747	5.97286e-16	3.50517e-10	2.34428e-10	8.80863e-05
21.9873	9.45372e-12	-0.00359747	2.38439e-16	3.60507e-10	-5.05984e-11	9.05845e-05
21.9874	2.83414e-12	-0.00359748	-1.37138e-16	3.70908e-10	5.76722e-10	9.31825e-05
21.9874	-2.61381e-12	-0.00359748	-4.46172e-16	3.81754e-10	1.59489e-10	9.58896e-05
21.9875	-7.83324e-12	-0.00359748	-7.42158e-16	3.93023e-10	7.13491e-10	9.87074e-05
21.9875	-1.14205e-11	-0.00359749	-9.45537e-16	4.04743e-10	6.35541e-10	0.000101637
21.9876	-1.34761e-11	-0.00359749	-1.06202e-15	4.16906e-10	7.26813e-10	0.00010468
21.9876	-1.36633e-11	-0.00359749	-1.07257e-15	4.29566e-10	5.09314e-10	0.000107842
21.9877	-1.24625e-11	-0.00359749	-1.00447e-15	4.42778e-10	5.9964e-10	0.000111139
21.9877	-9.53349e-12	-0.0035975	-8.38466e-16	4.56573e-10	3.25934e-10	0.00011458
21.9878	-5.56521e-12	-0.0035975	-6.13641e-16	4.70902e-10	1.82845e-10	0.000118164
21.9878	-9.23886e-13	-0.0035975	-3.50796e-16	4.85776e-10	-1.78106e-10	0.000121885
21.9879	3.31291e-12	-0.00359751	-1.10919e-16	5.01221e-10	-2.13918e-10	0.000125748
21.988	7.00141e-12	-0.00359751	9.78128e-17	5.1737e-10	-4.39558e-10	0.000129774
21.988	9.36008e-12	-0.00359752	2.31188e-16	5.34187e-10	-3.6139e-10	0.000133974
21.9881	1.05656e-11	-0.00359752	2.99211e-16	5.51597e-10	-3.3012e-10	0.000138336
21.9882	1.06505e-11	-0.00359752	3.03819e-16	5.69585e-10	-2.57103e-10	0.000142846
21.9882	9.80526e-12	-0.00359753	2.5579e-16	5.88269e-10	-9.09311e-11	0.000147519
21.9883	8.59151e-12	-0.00359753	1.86945e-16	6.07664e-10	-3.7763e-12	0.000152371
21.9884	7.32312e-12	-0.00359754	1.15008e-16	6.27591e-10	8.32304e-11	0.000157382
21.9885	6.3459e-12	-0.00359754	5.95558e-17	6.47974e-10	1.38306e-10	0.000162519
21.9886	5.90784e-12	-0.00359755	3.46268e-17	6.68903e-10	1.15205e-10	0.000167783
21.9886	5.94654e-12	-0.00359755	3.66409e-17	6.90214e-10	6.25358e-11	0.000173166
21.9887	6.26145e-12	-0.00359756	5.42271e-17	7.11558e-10	2.01242e-11	0.000178602
21.9888	6.67732e-12	-0.00359756	7.75238e-17	7.32693e-10	-9.92118e-12	0.000184015
21.9889	7.05924e-12	-0.00359757	9.8875e-17	7.53553e-10	-2.04303e-11	0.000189367
21.989	7.35396e-12	-0.00359757	1.15282e-16	7.75965e-10	-1.24259e-11	0.000194881
21.9891	7.59602e-12	-0.00359758	1.28715e-16	8.00312e-10	-1.65097e-11	0.00020084
21.9892	7.7615e-12	-0.00359758	1.37799e-16	8.26354e-10	-8.55807e-12	0.000207262
21.9893	7.88731e-12	-0.00359759	1.44643e-16	8.5388e-10	-7.64033e-12	0.000214088
21.9894	7.97575e-12	-0.0035976	1.4936e-16	8.8271e-10	-1.84334e-12	0.000221271
21.9895	8.05681e-12	-0.0035976	1.53663e-16	9.13049e-10	-1.5905e-12	0.000228812
21.9896	8.1314e-12	-0.00359761	1.57571e-16	9.44788e-10	3.31995e-12	0.000236723
21.9898	8.22857e-12	-0.00359762	1.62739e-16	9.77697e-10	9.85431e-13	0.000244963
21.9899	8.33527e-12	-0.00359762	1.68424e-16	1.01194e-09	-7.58133e-12	0.000253521
21.99	8.39682e-12	-0.00359763	1.71559e-16	1.04733e-09	-4.15276e-12	0.000262395
21.9902	8.43282e-12	-0.00359764	1.7325e-16	1.08349e-09	-4.98357e-12	0.000271516
21.9903	8.43566e-12	-0.00359765	1.73051e-16	1.12056e-09	-6.74461e-12	0.000280851
21.9904	8.39045e-12	-0.00359766	1.70139e-16	1.15816e-09	9.61324e-12	0.000290368
21.9906	8.41465e-12	-0.00359766	1.71132e-16	1.19591e-09	-3.6683e-12	0.000299972
21.9907	8.41169e-12	-0.00359767	1.70571e-16	1.23384e-09	-8.28549e-12	0.000309618
21.9909	8.3435e-12	-0.00359768	1.66352e-16	1.27136e-09	4.04343e-12	0.000319235
21.9911	8.306e-12	-0.00359769	1.63827e-16	1.30808e-09	1.32437e-11	0.000328699
21.9912	8.37778e-12	-0.0035977	1.67439e-16	1.34739e-09	-4.41266e-12	0.000338391
21.9914	8.41385e-12	-0.00359771	1.69037e-16	1.38992e-09	-5.61623e-12	0.000348824
21.9916	8.40131e-12	-0.00359772	1.67865e-16	1.43345e-09	-5.45354e-12	0.000359795
21.9918	8.33857e-12	-0.00359773	1.63896e-16	1.47741e-09	2.53528e-12	0.000370948
21.9919	8.29777e-12	-0.00359774	1.61132e-16	1.52108e-09	1.31621e-12	0.000382119
21.9921	8.26853e-12	-0.00359775	1.58993e-16	1.56478e-09	2.15263e-12	0.000393258
21.9923	8.2599e-12	-0.00359776	1.58002e-16	1.6084e-09	3.4994e-12	0.00040439
21.9925	8.2869e-12	-0.00359778	1.59014e-16	1.65234e-09	2.25689e-12	0.000415554
21.9928	8.3384e-12	-0.00359779	1.61358e-16	1.69857e-09	-3.15718e-12	0.00042705
21.993	8.35717e-12	-0.0035978	1.61849e-16	1.74834e-09	1.76656e-12	0.000439289
21.9932	8.39617e-12	-0.00359781	1.63459e-16	1.7981e-09	-3.84343e-12	0.00045198
21.9934	8.39225e-12	-0.00359783	1.62639e-16	1.84612e-09	-2.54741e-13	0.000464448
21.9937	8.38522e-12	-0.00359784	1.61659e-16	1.89237e-09	5.38701e-12	0.000476468
21.9939	8.44298e-12	-0.00359785	1.64257e-16	1.93823e-09	3.74027e-12	0.000488213
21.9941	8.54833e-12	-0.00359787	1.69492e-16	1.98441e-09	1.18626e-12	0.00049995
21.9944	8.6712e-12	-0.00359788	1.7566e-16	2.03465e-09	-2.08727e-12	0.000512245
21.9947	8.77012e-12	-0.0035979	1.80485e-16	2.08714e-09	-2.73588e-12	0.000525345
21.9949	8.8352e-12	-0.00359791	1.8339e-16	2.13624e-09	-3.34139e-12	0.000538301
21.9952	8.85632e-12	-0.00359793	1.83863e-16	2.18349e-09	3.24485e-12	0.000550588
21.9955	8.92307e-12	-0.00359794	1.86826e-16	2.22943e-09	3.76218e-12	0.000562472
21.9958	9.04467e-12	-0.00359796	1.92798e-16	2.27747e-09	-3.14661e-12	0.000574458
21.996	9.12322e-12	-0.00359798	1.9637e-16	2.32905e-09	-3.83135e-12	0.000587164
21.9963	9.14669e-12	-0.00359799	1.96892e-16	2.3777e-09	-1.01263e-12	0.000599946
21.9966	9.15529e-12	-0.00359801	1.9655e-16	2.4241e-09	2.73609e-12	0.000612068
21.997	9.20634e-12	-0.00359803	1.9853e-16	2.46916e-09	-6.9429e-13	0.000623734
21.9973	9.24741e-12	-0.00359804	1.99954e-16	2.51696e-09	-2.36179e-12	0.000635578
21.9976	9.25139e-12	-0.00359806	1.99322e-16	2.56514e-09	-4.37539e-12	0.000647821
21.9979	9.18391e-12	-0.00359808	1.94734e-16	2.61025e-09	-1.27922e-12	0.000659721
21.9983	9.09396e-12	-0.0035981	1.88889e-16	2.65377e-09	4.3635e-12	0.000671026
21.9986	9.07632e-12	-0.00359812	1.87018e-16	2.69799e-09	-1.11341e-12	0.000682217
21.9989	9.03923e-12	-0.00359814	1.84077e-16	2.74341e-09	1.49825e-13	0.000693652
21.9993	9.00414e-12	-0.00359816	1.81208e-16	2.78569e-09	5.7249e-14	0.000704841
21.9996	8.96953e-12	-0.00359818	1.7837e-16	2.82656e-09	1.43829e-12	0.000715448
22	8.96032e-12	-0.0035982	1.76931e-16	2.86788e-09	-2.53529e-12	0.000725933
22.0004	8.90463e-12	-0.00359822	1.72913e-16	2.90905e-09	-2.1347e-13	0.000736457
22.0007	8.84418e-12	-0.00359824	1.68643e-16	2.9476e-09	1.35818e-13	0.000746627
22.0011	8.78548e-12	-0.00359826	1.6446e-16	2.98502e-09	1.42399e-12	0.00075632
22.0015	8.75314e-12	-0.00359828	1.61718e-16	3.02291e-09	8.88181e-14	0.000765929
22.0019	8.72209e-12	-0.0035983	1.5902e-16	3.05896e-09	-1.52322e-12	0.000775362
22.0023	8.66097e-12	-0.00359832	1.54671e-16	3.09317e-09	-1.96719e-12	0.000784326
22.0027	8.56038e-12	-0.00359834	1.4821e-16	3.127e-09	4.6804e-13	0.000793007
22.0031	8.46801e-12	-0.00359836	1.42182e-16	3.15987e-09	1.69657e-12	0.000801518
22.0035	8.40885e-12	-0.00359839	1.37927e-16	3.19075e-09	-6.02164e-13	0.000809653
22.0039	8.33686e-12	-0.00359841	1.33014e-16	3.22067e-09	6.04553e-14	0.00081741
22.0043	8.26544e-12	-0.00359843	1.28106e-16	3.24976e-09	-1.46021e-12	0.000824939
22.0047	8.16312e-12	-0.00359845	1.21532e-16	3.27701e-09	2.13469e-13	0.000832129
22.0051	8.06441e-12	-0.00359848	1.15178e-16	3.30307e-09	-1.17014e-13	0.000838931
22.0055	7.96244e-12	-0.0035985	1.08647e-16	3.32817e-09	-6.10581e-14	0.000845459
22.006	7.8584e-12	-0.00359852	1.02001e-16	3.35149e-09	4.32401e-13	0.000851638
22.0064	7.76287e-12	-0.00359854	9.58425e-17	3.37371e-09	1.59561e-13	0.000857449
22.0068	7.67014e-12	-0.00359857	8.98e-17	3.39468e-09	-8.80062e-13	0.00086296
22.0072	7.55779e-12	-0.00359859	8.27524e-17	3.41397e-09	-1.32308e-13	0.000868097
22.0077	7.44192e-12	-0.00359861	7.54987e-17	3.43224e-09	-3.48887e-13	0.00087289
22.0081	7.31779e-12	-0.00359864	6.78414e-17	3.44906e-09	4.58854e-13	0.000877369
22.0086	7.20314e-12	-0.00359866	6.06891e-17	3.46425e-09	-1.23747e-12	0.000881454
22.009	7.06066e-12	-0.00359868	5.20657e-17	3.47859e-09	9.83222e-13	0.000885222
22.0094	6.9394e-12	-0.00359871	4.45963e-17	3.49121e-09	8.30667e-13	0.000888662
22.0099	6.83618e-12	-0.00359873	3.80675e-17	3.50242e-09	5.61806e-13	0.000891703
22.0103	6.74517e-12	-0.00359875	3.22462e-17	3.51282e-09	-1.98967e-12	0.000894462
22.0108	6.60934e-12	-0.00359878	2.40281e-17	3.52132e-09	-1.40776e-12	0.000896874
22.0112	6.44157e-12	-0.0035988	1.41621e-17	3.52865e-09	-3.89547e-13	0.000898894
22.0117	6.26469e-12	-0.00359882	3.80859e-18	3.53518e-09	-3.19195e-13	0.000900663
22.0121	6.08029e-12	-0.00359885	-6.904e-18	3.53959e-09	2.33951e-12	0.000902059
22.0126	5.94845e-12	-0.00359887	-1.48071e-17	3.54321e-09	1.41915e-12	0.000903084
22.013	5.84853e-12	-0.00359889	-2.10427e-17	3.54591e-09	-2.22322e-12	0.000903889
22.0135	5.69828e-12	-0.00359891	-2.98815e-17	3.54647e-09	-1.32762e-12	0.000904305
22.0139	5.51799e-12	-0.00359894	-4.02864e-17	3.5466e-09	-1.41773e-12	0.000904393
22.0144	5.30564e-12	-0.00359896	-5.2337e-17	3.54556e-09	9.73925e-13	0.000904277
22.0148	5.11536e-12	-0.00359898	-6.32002e-17	3.5425e-09	5.26884e-13	0.000903755
22.0153	4.93715e-12	-0.00359901	-7.34071e-17	3.53934e-09	4.4138e-13	0.000902961
22.0157	4.76905e-12	-0.00359903	-8.30588e-17	3.53456e-09	8.10111e-13	0.000901947
22.0162	4.61944e-12	-0.00359905	-9.17201e-17	3.52823e-09	-1.24048e-14	0.000900528
22.0167	4.46982e-12	-0.00359907	-1.00358e-16	3.52192e-09	-1.14909e-12	0.000898916
22.0171	4.29466e-12	-0.0035991	-1.10302e-16	3.51351e-09	-5.89435e-13	0.000897038
22.0175	4.10672e-12	-0.00359912	-1.20891e-16	3.50423e-09	-1.00585e-12	0.00089478
22.018	3.89681e-12	-0.00359914	-1.32577e-16	3.49488e-09	3.95382e-13	0.000892404
22.0184	3.69626e-12	-0.00359916	-1.43743e-16	3.48305e-09	-1.17963e-12	0.000889701
22.0189	3.4702e-12	-0.00359919	-1.56185e-16	3.47113e-09	8.97294e-13	0.00088667
22.0193	3.26478e-12	-0.00359921	-1.67551e-16	3.45873e-09	-5.97358e-13	0.000883565
22.0198	3.04691e-12	-0.00359923	-1.79497e-16	3.44388e-09	5.35238e-13	0.000880087
22.0202	2.84173e-12	-0.00359925	-1.90782e-16	3.42947e-09	5.95321e-14	0.000876354
22.0206	2.63872e-12	-0.00359927	-2.0191e-16	3.41403e-09	-1.85156e-13	0.000872545
22.0211	2.43259e-12	-0.00359929	-2.13179e-16	3.3965e-09	-2.01271e-12	0.000868337
22.0215	2.18393e-12	-0.00359931	-2.26564e-16	3.37976e-09	4.42149e-13	0.000863964
22.0219	1.94604e-12	-0.00359934	-2.3938e-16	3.36136e-09	-7.24155e-13	0.00085948
22.0224	1.69391e-12	-0.00359936	-2.52871e-16	3.34146e-09	1.6776e-12	0.000854593
22.0228	1.47902e-12	-0.00359938	-2.64438e-16	3.32243e-09	-2.35199e-13	0.000849625
22.0232	1.26038e-12	-0.0035994	-2.76167e-16	3.30116e-09	4.4135e-13	0.000844483
22.0236	1.05242e-12	-0.00359942	-2.87314e-16	3.27904e-09	-8.85925e-13	0.000838947
22.0241	8.27333e-13	-0.00359944	-2.99303e-16	3.25775e-09	-2.09279e-13	0.000833408
22.0245	5.99367e-13	-0.00359946	-3.11394e-16	3.23376e-09	-8.83841e-13	0.000827629
22.0249	3.54861e-13	-0.00359948	-3.2429e-16	3.20949e-09	-2.02793e-12	0.000821471
22.0253	7.07012e-14	-0.0035995	-3.39155e-16	3.18595e-09	-8.39029e-14	0.00081537
22.0257	-2.13076e-13	-0.00359952	-3.53948e-16	3.15936e-09	1.70393e-12	0.000808974
22.0261	-4.60167e-13	-0.00359953	-3.66858e-16	3.13285e-09	-5.42645e-13	0.0008022
22.0265	-7.1602e-13	-0.00359955	-3.80186e-16	3.10706e-09	4.127e-13	0.000795527
22.0269	-9.61591e-13	-0.00359957	-3.92937e-16	3.07794e-09	4.91301e-13	0.00078852
22.0273	-1.19522e-12	-0.00359959	-4.05063e-16	3.049e-09	-2.81917e-13	0.000781112
22.0277	-1.43213e-12	-0.00359961	-4.17322e-16	3.02092e-09	1.87596e-13	0.000773837
22.0281	-1.66324e-12	-0.00359963	-4.2925e-16	2.98933e-09	-1.78819e-12	0.000766224
22.0284	-1.92601e-12	-0.00359964	-4.42743e-16	2.95757e-09	-2.63745e-12	0.000758142
22.0288	-2.23571e-12	-0.00359966	-4.58537e-16	2.92708e-09	9.62113e-13	0.0007502
22.0292	-2.52426e-12	-0.00359968	-4.7322e-16	2.89322e-09	1.9684e-12	0.00074199
22.0296	-2.77316e-12	-0.0035997	-4.85908e-16	2.85806e-09	1.70067e-12	0.000733184
22.0299	-2.98806e-12	-0.00359971	-4.96869e-16	2.82474e-09	5.31669e-15	0.000724449
22.0303	-3.20036e-12	-0.00359973	-5.07666e-16	2.78911e-09	-1.37838e-12	0.000715653
22.0306	-3.43448e-12	-0.00359975	-5.19509e-16	2.74991e-09	-1.49682e-12	0.000706106
22.031	-3.69155e-12	-0.00359976	-5.32478e-16	2.71295e-09	-3.61838e-12	0.00069639
22.0313	-4.00772e-12	-0.00359978	-5.48334e-16	2.67579e-09	-3.14939e-12	0.000686936
22.0317	-4.37328e-12	-0.00359979	-5.66583e-16	2.63307e-09	6.59454e-13	0.000676747
22.032	-4.72192e-12	-0.00359981	-5.83975e-16	2.59095e-09	1.0304e-12	0.000665924
22.0324	-5.04797e-12	-0.00359982	-6.00192e-16	2.5507e-09	7.07114e-12	0.000655417
22.0327	-5.254e-12	-0.00359984	-6.10466e-16	2.50774e-09	8.33335e-12	0.000644803
22.033	-5.32336e-12	-0.00359985	-6.13984e-16	2.45945e-09	8.54181e-12	0.000633163
22.0333	-5.25749e-12	-0.00359987	-6.10834e-16	2.41351e-09	1.15256e-12	0.000621145
22.0336	-5.17512e-12	-0.00359988	-6.06889e-16	2.36899e-09	-1.07018e-11	0.000609607
22.0339	-5.25586e-12	-0.00359989	-6.1095e-16	2.32103e-09	-1.67882e-11	0.000597812
22.0342	-5.58329e-12	-0.00359991	-6.27114e-16	2.26776e-09	-1.21015e-11	0.000584901
22.0345	-6.0781e-12	-0.00359992	-6.51431e-16	2.21691e-09	-5.75621e-12	0.000571622
22.0348	-6.64314e-12	-0.00359993	-6.79139e-16	2.16808e-09	-4.99146e-12	0.00055891
22.0351	-7.2647e-12	-0.00359995	-7.09571e-16	2.1181e-09	3.73083e-12	0.000546309
22.0353	-7.82155e-12	-0.00359996	-7.36778e-16	2.06196e-09	1.43686e-11	0.000532775
22.0356	-8.17483e-12	-0.00359997	-7.53995e-16	2.00617e-09	1.8345e-11	0.000518501
22.0359	-8.28402e-12	-0.00359998	-7.5928e-16	1.95358e-09	1.83864e-11	0.000504681
22.0361	-8.16144e-12	-0.00359999	-7.53255e-16	1.90293e-09	1.78925e-11	0.000491516
22.0363	-7.82506e-12	-0.0036	-7.36842e-16	1.85182e-09	1.53016e-11	0.000478541
22.0366	-7.31716e-12	-0.00360001	-7.12098e-16	1.79638e-09	7.63658e-12	0.000464955
22.0368	-6.73705e-12	-0.00360002	-6.83888e-16	1.74143e-09	-3.39353e-12	0.00045088
22.037	-6.21236e-12	-0.00360003	-6.5841e-16	1.69053e-09	-1.79224e-11	0.000437383
22.0372	-5.89607e-12	-0.00360004	-6.43083e-16	1.64337e-09	-3.53136e-11	0.000424881
22.0375	-5.9584e-12	-0.00360005	-6.46153e-16	1.59934e-09	-4.79727e-11	0.000413255
22.0377	-6.50796e-12	-0.00360006	-6.72836e-16	1.5566e-09	-4.20395e-11	0.000402192
22.0379	-7.45979e-12	-0.00360007	-7.18972e-16	1.51292e-09	-1.77792e-11	0.000391175
22.038	-8.5563e-12	-0.00360008	-7.72042e-16	1.47009e-09	-8.05388e-12	0.000380146
22.0382	-9.6972e-12	-0.00360009	-8.27214e-16	1.4319e-09	1.35385e-11	0.000369818
22.0384	-1.06849e-11	-0.00360009	-8.74916e-16	1.39856e-09	1.85461e-11	0.000360699
22.0386	-1.14844e-11	-0.0036001	-9.13443e-16	1.36964e-09	2.20271e-11	0.000352761
22.0388	-1.20751e-11	-0.00360011	-9.41844e-16	1.34472e-09	1.55297e-11	0.000345897
22.0389	-1.25219e-11	-0.00360012	-9.63278e-16	1.32319e-09	2.16093e-11	0.000339976
22.0391	-1.27795e-11	-0.00360012	-9.75556e-16	1.30443e-09	3.00894e-11	0.000334841
22.0393	-1.27833e-11	-0.00360013	-9.75574e-16	1.28749e-09	2.89149e-11	0.000330291
22.0394	-1.25498e-11	-0.00360014	-9.64165e-16	1.27352e-09	1.7728e-11	0.00032635
22.0396	-1.21751e-11	-0.00360015	-9.45979e-16	1.26455e-09	2.90331e-11	0.000323425
22.0398	-1.1569e-11	-0.00360015	-9.16669e-16	1.26014e-09	1.846e-11	0.00032172
22.0399	-1.08169e-11	-0.00360016	-8.80367e-16	1.26004e-09	-2.39039e-12	0.000321145
22.0401	-1.0084e-11	-0.00360017	-8.4503e-16	1.26408e-09	-1.16086e-11	0.000321647
22.0402	-9.44227e-12	-0.00360017	-8.14116e-16	1.27197e-09	-1.20225e-11	0.000323167
22.0404	-8.89396e-12	-0.00360018	-7.87716e-16	1.28354e-09	-1.05625e-11	0.000325648
22.0406	-8.42704e-12	-0.00360019	-7.6526e-16	1.29856e-09	-3.44161e-12	0.000329038
22.0407	-7.98313e-12	-0.0036002	-7.4393e-16	1.3169e-09	-9.36737e-12	0.000333291
22.0409	-7.61154e-12	-0.0036002	-7.26076e-16	1.33834e-09	-2.89479e-11	0.000338362
22.0411	-7.48075e-12	-0.00360021	-7.19818e-16	1.36288e-09	-6.99225e-12	0.000344223
22.0413	-7.40829e-12	-0.00360022	-7.1633e-16	1.39939e-09	-2.29559e-11	0.000352005
22.0414	-7.53856e-12	-0.00360022	-7.22555e-16	1.45422e-09	-5.61586e-12	0.000363649
22.0416	-7.72598e-12	-0.00360023	-7.31504e-16	1.52001e-09	-5.7359e-12	0.000379026
22.0418	-7.97744e-12	-0.00360024	-7.43498e-16	1.59577e-09	-7.49244e-12	0.000397072
22.042	-8.31762e-12	-0.00360025	-7.59717e-16	1.68159e-09	1.91031e-12	0.000417673
22.0422	-8.65563e-12	-0.00360026	-7.75821e-16	1.77861e-09	6.29038e-13	0.000440985
22.0425	-9.00602e-12	-0.00360027	-7.92478e-16	1.88791e-09	4.63692e-12	0.000467292
22.0427	-9.32217e-12	-0.00360028	-8.07454e-16	2.01171e-09	-6.82475e-12	0.000497014
22.043	-9.74656e-12	-0.00360029	-8.27577e-16	2.15223e-09	6.15671e-12	0.00053072
22.0432	-1.01162e-11	-0.0036003	-8.45033e-16	2.31387e-09	2.44031e-13	0.000569255
22.0435	-1.05099e-11	-0.00360031	-8.63614e-16	2.5019e-09	1.24243e-12	0.000613852
22.0438	-1.09159e-11	-0.00360033	-8.82708e-16	2.72673e-09	1.83541e-12	0.000666513
22.0442	-1.13265e-11	-0.00360034	-9.0195e-16	3.00792e-09	4.70631e-12	0.000731065
22.0446	-1.16892e-11	-0.00360036	-9.18854e-16	3.41095e-09	7.84761e-12	0.000818362
22.045	-1.193e-11	-0.00360038	-9.29909e-16	3.962e-09	6.81807e-12	0.000940117
22.0455	-1.20374e-11	-0.0036004	-9.3457e-16	4.71978e-09	3.4112e-12	0.00110719
22.0461	-1.20627e-11	-0.00360042	-9.35273e-16	5.84032e-09	2.5421e-13	0.00134707
22.0469	-1.20846e-11	-0.00360045	-9.357e-16	7.73054e-09	-8.9738e-13	0.00173183
22.0478	-1.21579e-11	-0.00360049	-9.38319e-16	1.17409e-08	8.51728e-13	0.00248688
22.0493	-1.22054e-11	-0.00360056	-9.39282e-16	2.38998e-08	2.90524e-12	0.00456348
22.0524	-1.18573e-11	-0.00360068	-9.20689e-16	1.50366e-07	-7.21139e-14	0.0230144
22.0724	-9.66265e-12	-0.00360143	-8.11104e-16	-0.0559031	-2.20599e-12	59.9421
-38.0055	2.16346e-13	-0.0133567	3.20777e-16	-0.0960314	1.68583e-15	119.932
