11.2311	-1.73594e-09	-0.00361179	-1.53841e-13	0.04	-2.33194e-08	60.0011
11.2313	-1.98809e-09	-0.00361179	-1.58189e-13	1.141e-10	2.50637e-07	0.000230946
11.2314	-1.82103e-09	-0.00361179	-1.55304e-13	5.72356e-11	2.73123e-07	2.26226e-05
11.2314	-1.62275e-09	-0.00361179	-1.51882e-13	4.87094e-11	-6.24622e-08	1.39427e-05
11.2314	-1.49095e-09	-0.00361179	-1.49607e-13	4.57995e-11	-2.15278e-07	1.13998e-05
11.2314	-1.43103e-09	-0.00361179	-1.48573e-13	4.16114e-11	-1.55198e-07	1.05389e-05
11.2314	-1.41362e-09	-0.00361179	-1.48272e-13	4.01826e-11	-3.31976e-08	1.02655e-05
11.2314	-1.40486e-09	-0.00361179	-1.48121e-13	4.03249e-11	2.62401e-08	1.0253e-05
11.2314	-1.38929e-09	-0.00361179	-1.47853e-13	4.09409e-11	2.3028e-08	1.03709e-05
11.2314	-1.36745e-09	-0.00361179	-1.47476e-13	4.18837e-11	-2.98227e-09	1.056e-05
11.2314	-1.34596e-09	-0.00361179	-1.47106e-13	4.29115e-11	-2.23487e-08	1.07906e-05
11.2314	-1.33007e-09	-0.00361179	-1.46832e-13	4.39575e-11	-3.21978e-08	1.10477e-05
11.2314	-1.32279e-09	-0.00361179	-1.46706e-13	4.50179e-11	-1.78389e-08	1.1324e-05
11.2314	-1.32044e-09	-0.00361179	-1.46666e-13	4.61715e-11	-2.5506e-08	1.16154e-05
11.2314	-1.32552e-09	-0.00361179	-1.46754e-13	4.73751e-11	-1.62077e-08	1.19203e-05
11.2314	-1.33564e-09	-0.00361179	-1.46929e-13	4.86336e-11	-1.67907e-08	1.22377e-05
11.2314	-1.35123e-09	-0.00361179	-1.47198e-13	4.9934e-11	-1.76025e-08	1.25676e-05
11.2314	-1.37285e-09	-0.00361179	-1.47571e-13	5.12666e-11	-2.31488e-08	1.29103e-05
11.2315	-1.40264e-09	-0.00361179	-1.48085e-13	5.27437e-11	-7.47231e-09	1.32661e-05
11.2315	-1.43576e-09	-0.00361179	-1.48656e-13	5.41755e-11	-1.53817e-08	1.36354e-05
11.2315	-1.47513e-09	-0.00361179	-1.49335e-13	5.57129e-11	-1.23518e-08	1.40186e-05
11.2315	-1.51999e-09	-0.00361179	-1.50109e-13	5.73607e-11	-2.4568e-09	1.44159e-05
11.2315	-1.56703e-09	-0.00361179	-1.5092e-13	5.90814e-11	9.98503e-09	1.48277e-05
11.2315	-1.61166e-09	-0.00361179	-1.5169e-13	6.07161e-11	-1.95459e-09	1.52547e-05
11.2315	-1.65835e-09	-0.00361179	-1.52494e-13	6.26391e-11	2.42699e-08	1.5699e-05
11.2315	-1.69673e-09	-0.00361179	-1.53156e-13	6.4396e-11	6.79777e-09	1.61623e-05
11.2315	-1.73347e-09	-0.00361179	-1.53789e-13	6.64071e-11	2.98916e-08	1.66449e-05
11.2315	-1.75869e-09	-0.00361179	-1.54223e-13	6.83671e-11	2.65718e-08	1.71469e-05
11.2315	-1.77312e-09	-0.00361179	-1.54472e-13	7.04202e-11	3.03039e-08	1.76689e-05
11.2315	-1.77439e-09	-0.00361179	-1.54494e-13	7.25594e-11	2.11807e-08	1.82119e-05
11.2315	-1.76592e-09	-0.00361179	-1.54347e-13	7.48009e-11	2.48732e-08	1.87783e-05
11.2316	-1.74533e-09	-0.00361179	-1.53992e-13	7.71792e-11	1.34464e-08	1.937e-05
11.2316	-1.71746e-09	-0.00361179	-1.53512e-13	7.96581e-11	7.47525e-09	1.99868e-05
11.2316	-1.68492e-09	-0.00361179	-1.52951e-13	8.22677e-11	-7.48876e-09	2.06279e-05
11.2316	-1.65525e-09	-0.00361179	-1.5244e-13	8.49342e-11	-8.94928e-09	2.12942e-05
11.2316	-1.62946e-09	-0.00361179	-1.51996e-13	8.77358e-11	-1.82379e-08	2.19892e-05
11.2316	-1.613e-09	-0.00361179	-1.51712e-13	9.06255e-11	-1.49574e-08	2.27151e-05
11.2316	-1.60464e-09	-0.00361179	-1.51568e-13	9.36291e-11	-1.36202e-08	2.34697e-05
11.2316	-1.60412e-09	-0.00361179	-1.51559e-13	9.67403e-11	-1.05709e-08	2.42511e-05
11.2316	-1.6101e-09	-0.00361179	-1.51662e-13	9.99842e-11	-3.71089e-09	2.50617e-05
11.2317	-1.61864e-09	-0.00361179	-1.51809e-13	1.03358e-10	-1.24015e-10	2.59044e-05
11.2317	-1.62754e-09	-0.00361179	-1.51962e-13	1.06829e-10	3.43792e-09	2.67759e-05
11.2317	-1.63441e-09	-0.00361179	-1.5208e-13	1.10384e-10	5.67494e-09	2.76708e-05
11.2317	-1.63752e-09	-0.00361179	-1.52134e-13	1.14039e-10	4.7097e-09	2.85895e-05
11.2317	-1.63731e-09	-0.00361179	-1.5213e-13	1.17769e-10	2.5452e-09	2.95306e-05
11.2317	-1.63519e-09	-0.00361179	-1.52093e-13	1.21515e-10	8.10112e-10	3.0483e-05
11.2317	-1.63236e-09	-0.00361179	-1.52045e-13	1.25234e-10	-4.12712e-10	3.14339e-05
11.2318	-1.62979e-09	-0.00361179	-1.52e-13	1.28916e-10	-8.36571e-10	3.23768e-05
11.2318	-1.62782e-09	-0.00361179	-1.51966e-13	1.32874e-10	-5.09307e-10	3.33501e-05
11.2318	-1.62622e-09	-0.00361179	-1.51939e-13	1.37174e-10	-6.71662e-10	3.44022e-05
11.2318	-1.62516e-09	-0.00361179	-1.5192e-13	1.41778e-10	-3.48333e-10	3.55366e-05
11.2318	-1.62438e-09	-0.00361179	-1.51907e-13	1.46651e-10	-3.09753e-10	3.6744e-05
11.2318	-1.62386e-09	-0.00361179	-1.51898e-13	1.51764e-10	-7.58602e-11	3.80161e-05
11.2319	-1.6234e-09	-0.00361179	-1.51889e-13	1.57152e-10	-6.53764e-11	3.93538e-05
11.2319	-1.62298e-09	-0.00361179	-1.51882e-13	1.62799e-10	1.30761e-10	4.07598e-05
11.2319	-1.62241e-09	-0.00361179	-1.51872e-13	1.68668e-10	3.70199e-11	4.2227e-05
11.2319	-1.62179e-09	-0.00361179	-1.51861e-13	1.74788e-10	-3.03214e-10	4.37543e-05
11.232	-1.62148e-09	-0.00361179	-1.51856e-13	1.81129e-10	-1.65632e-10	4.53417e-05
11.232	-1.62134e-09	-0.0036118	-1.51854e-13	1.87629e-10	-1.97295e-10	4.69776e-05
11.232	-1.62144e-09	-0.0036118	-1.51855e-13	1.9431e-10	-2.65249e-10	4.86569e-05
11.232	-1.62188e-09	-0.0036118	-1.51862e-13	2.01111e-10	3.78582e-10	5.03746e-05
11.232	-1.62184e-09	-0.0036118	-1.51862e-13	2.07965e-10	-1.43807e-10	5.21143e-05
11.2321	-1.62199e-09	-0.0036118	-1.51864e-13	2.14882e-10	-3.22761e-10	5.38688e-05
11.2321	-1.62258e-09	-0.0036118	-1.51874e-13	2.21756e-10	1.59121e-10	5.56258e-05
11.2321	-1.62298e-09	-0.0036118	-1.51881e-13	2.28525e-10	5.14277e-10	5.73639e-05
11.2322	-1.62263e-09	-0.0036118	-1.51874e-13	2.35776e-10	-1.71779e-10	5.915e-05
11.2322	-1.62253e-09	-0.0036118	-1.51873e-13	2.4363e-10	-2.16623e-10	6.10745e-05
11.2322	-1.62277e-09	-0.0036118	-1.51876e-13	2.51697e-10	-2.08404e-10	6.3103e-05
11.2323	-1.62335e-09	-0.0036118	-1.51886e-13	2.59882e-10	9.8653e-11	6.51735e-05
11.2323	-1.62378e-09	-0.0036118	-1.51893e-13	2.68059e-10	5.13739e-11	6.72581e-05
11.2323	-1.62414e-09	-0.0036118	-1.51899e-13	2.76287e-10	8.26077e-11	6.93483e-05
11.2324	-1.62436e-09	-0.0036118	-1.51903e-13	2.84547e-10	1.32589e-10	7.14489e-05
11.2324	-1.62435e-09	-0.0036118	-1.51902e-13	2.92912e-10	8.45261e-11	7.3567e-05
11.2324	-1.62418e-09	-0.0036118	-1.51899e-13	3.01731e-10	-1.18918e-10	7.57565e-05
11.2325	-1.62424e-09	-0.0036118	-1.519e-13	3.11238e-10	6.57184e-11	7.80914e-05
11.2325	-1.62417e-09	-0.0036118	-1.51898e-13	3.20802e-10	-1.42964e-10	8.05212e-05
11.2325	-1.62438e-09	-0.0036118	-1.51902e-13	3.30117e-10	-8.88519e-12	8.29265e-05
11.2326	-1.62463e-09	-0.0036118	-1.51906e-13	3.39174e-10	1.98332e-10	8.52673e-05
11.2326	-1.62445e-09	-0.0036118	-1.51902e-13	3.48224e-10	1.3572e-10	8.75743e-05
11.2327	-1.62396e-09	-0.0036118	-1.51894e-13	3.57394e-10	4.11242e-11	8.98957e-05
11.2327	-1.62337e-09	-0.0036118	-1.51883e-13	3.67363e-10	-7.77966e-11	9.23343e-05
11.2328	-1.62294e-09	-0.0036118	-1.51876e-13	3.77813e-10	-1.00151e-10	9.49359e-05
11.2328	-1.62274e-09	-0.0036118	-1.51872e-13	3.87725e-10	-1.20455e-10	9.75303e-05
11.2329	-1.62284e-09	-0.0036118	-1.51873e-13	3.97374e-10	1.1537e-10	0.000100023
11.2329	-1.62264e-09	-0.0036118	-1.5187e-13	4.0686e-10	1.31973e-10	0.000102461
11.233	-1.6221e-09	-0.0036118	-1.5186e-13	4.16806e-10	-1.12752e-10	0.000104937
11.233	-1.62185e-09	-0.0036118	-1.51856e-13	4.27484e-10	-1.35015e-10	0.000107564
11.2331	-1.62195e-09	-0.0036118	-1.51857e-13	4.37707e-10	-3.51162e-11	0.000110228
11.2331	-1.62216e-09	-0.0036118	-1.5186e-13	4.47604e-10	9.47104e-11	0.000112791
11.2332	-1.6221e-09	-0.0036118	-1.51859e-13	4.57335e-10	-2.4345e-11	0.000115292
11.2332	-1.62211e-09	-0.0036118	-1.51859e-13	4.67662e-10	-8.07013e-11	0.000117848
11.2333	-1.62236e-09	-0.0036118	-1.51862e-13	4.78153e-10	-1.47408e-10	0.000120501
11.2334	-1.62307e-09	-0.0036118	-1.51874e-13	4.88163e-10	-4.08922e-11	0.000123113
11.2334	-1.62391e-09	-0.00361181	-1.51888e-13	4.97965e-10	1.47975e-10	0.000125637
11.2335	-1.62431e-09	-0.00361181	-1.51894e-13	5.0799e-10	-3.58712e-11	0.000128164
11.2336	-1.62483e-09	-0.00361181	-1.51903e-13	5.18339e-10	6.31347e-12	0.00013076
11.2336	-1.62534e-09	-0.00361181	-1.51911e-13	5.28191e-10	3.21746e-12	0.000133334
11.2337	-1.62585e-09	-0.00361181	-1.51919e-13	5.37867e-10	4.78981e-11	0.000135822
11.2338	-1.6262e-09	-0.00361181	-1.51924e-13	5.47727e-10	-8.0622e-11	0.000138311
11.2338	-1.62684e-09	-0.00361181	-1.51935e-13	5.57656e-10	-5.02063e-12	0.000140833
11.2339	-1.62751e-09	-0.00361181	-1.51945e-13	5.67178e-10	6.16503e-12	0.000143311
11.234	-1.62817e-09	-0.00361181	-1.51956e-13	5.7658e-10	4.65043e-11	0.000145723
11.234	-1.62867e-09	-0.00361181	-1.51964e-13	5.86169e-10	4.0527e-12	0.000148143
11.2341	-1.62916e-09	-0.00361181	-1.51971e-13	5.95498e-10	-4.57303e-11	0.000150554
11.2342	-1.62984e-09	-0.00361181	-1.51982e-13	6.04564e-10	-5.83219e-11	0.000152898
11.2343	-1.63074e-09	-0.00361181	-1.51997e-13	6.1365e-10	1.68468e-11	0.000155211
11.2344	-1.6316e-09	-0.00361181	-1.52011e-13	6.22644e-10	5.35003e-11	0.000157515
11.2344	-1.63226e-09	-0.00361181	-1.52021e-13	6.31339e-10	-1.61484e-11	0.000159769
11.2345	-1.63299e-09	-0.00361181	-1.52032e-13	6.39934e-10	3.8351e-12	0.000161972
11.2346	-1.63371e-09	-0.00361181	-1.52044e-13	6.48455e-10	-4.07502e-11	0.000164153
11.2347	-1.63462e-09	-0.00361181	-1.52058e-13	6.567e-10	8.80734e-12	0.00016629
11.2348	-1.6355e-09	-0.00361181	-1.52072e-13	6.64792e-10	-8.41162e-13	0.000168371
11.2348	-1.63639e-09	-0.00361181	-1.52086e-13	6.72778e-10	8.30705e-13	0.00017042
11.2349	-1.63729e-09	-0.00361182	-1.52101e-13	6.80487e-10	1.48037e-11	0.00017242
11.235	-1.63813e-09	-0.00361182	-1.52114e-13	6.88054e-10	6.88237e-12	0.000174367
11.2351	-1.63896e-09	-0.00361182	-1.52127e-13	6.95446e-10	-2.20503e-11	0.000176273
11.2352	-1.63989e-09	-0.00361182	-1.52142e-13	7.0257e-10	-9.39909e-13	0.000178123
11.2353	-1.64084e-09	-0.00361182	-1.52156e-13	7.0956e-10	-6.74912e-12	0.000179922
11.2354	-1.64182e-09	-0.00361182	-1.52172e-13	7.16322e-10	1.52164e-11	0.000181674
11.2355	-1.64275e-09	-0.00361182	-1.52186e-13	7.22814e-10	-3.03367e-11	0.000183363
11.2356	-1.64382e-09	-0.00361182	-1.52203e-13	7.29193e-10	2.91192e-11	0.000185003
11.2357	-1.64477e-09	-0.00361182	-1.52218e-13	7.35276e-10	2.44646e-11	0.000186591
11.2357	-1.64561e-09	-0.00361182	-1.52231e-13	7.41122e-10	1.69528e-11	0.000188112
11.2358	-1.64638e-09	-0.00361182	-1.52242e-13	7.46854e-10	-4.88498e-11	0.000189587
11.2359	-1.64738e-09	-0.00361182	-1.52258e-13	7.52236e-10	-3.28125e-11	0.000191003
11.236	-1.64855e-09	-0.00361182	-1.52276e-13	7.57416e-10	-6.33859e-12	0.000192349
11.2361	-1.64976e-09	-0.00361182	-1.52295e-13	7.62474e-10	-4.37091e-12	0.000193654
11.2362	-1.651e-09	-0.00361182	-1.52314e-13	7.67117e-10	6.12866e-11	0.00019489
11.2363	-1.65195e-09	-0.00361182	-1.52329e-13	7.71628e-10	3.73478e-11	0.000196057
11.2364	-1.65271e-09	-0.00361182	-1.5234e-13	7.75975e-10	-5.14647e-11	0.000197186
11.2365	-1.65374e-09	-0.00361183	-1.52356e-13	7.79888e-10	-2.87113e-11	0.000198238
11.2366	-1.65492e-09	-0.00361183	-1.52374e-13	7.83734e-10	-3.00546e-11	0.000199227
11.2367	-1.65625e-09	-0.00361183	-1.52395e-13	7.87351e-10	2.67404e-11	0.000200178
11.2368	-1.65745e-09	-0.00361183	-1.52413e-13	7.90538e-10	1.57617e-11	0.000201045
11.2369	-1.65858e-09	-0.00361183	-1.5243e-13	7.93722e-10	1.34452e-11	0.000201857
11.237	-1.65964e-09	-0.00361183	-1.52446e-13	7.96557e-10	2.15123e-11	0.000202624
11.2371	-1.6606e-09	-0.00361183	-1.52461e-13	7.99054e-10	2.53007e-12	0.000203304
11.2372	-1.66155e-09	-0.00361183	-1.52475e-13	8.01565e-10	-2.27581e-11	0.000203942
11.2373	-1.66262e-09	-0.00361183	-1.52491e-13	8.03599e-10	-9.81976e-12	0.000204521
11.2374	-1.66374e-09	-0.00361183	-1.52508e-13	8.05437e-10	-1.85844e-11	0.000205015
11.2375	-1.66496e-09	-0.00361183	-1.52526e-13	8.07255e-10	1.21304e-11	0.000205481
11.2376	-1.66612e-09	-0.00361183	-1.52543e-13	8.08493e-10	-2.17247e-11	0.00020587
11.2377	-1.6674e-09	-0.00361183	-1.52563e-13	8.09698e-10	2.27201e-11	0.000206182
11.2378	-1.66855e-09	-0.00361183	-1.5258e-13	8.10779e-10	-9.04693e-12	0.000206473
11.2379	-1.66976e-09	-0.00361183	-1.52598e-13	8.11268e-10	1.46466e-11	0.000206673
11.238	-1.67089e-09	-0.00361184	-1.52615e-13	8.1184e-10	4.57418e-12	0.000206808
11.2381	-1.672e-09	-0.00361184	-1.52631e-13	8.12145e-10	-4.6133e-13	0.00020692
11.2383	-1.67311e-09	-0.00361184	-1.52647e-13	8.11923e-10	-3.70556e-11	0.00020693
11.2384	-1.67442e-09	-0.00361184	-1.52667e-13	8.11859e-10	1.26481e-11	0.000206894
11.2385	-1.67565e-09	-0.00361184	-1.52685e-13	8.11366e-10	-1.05488e-11	0.000206823
11.2386	-1.67695e-09	-0.00361184	-1.52704e-13	8.10471e-10	3.64684e-11	0.000206646
11.2387	-1.67805e-09	-0.00361184	-1.5272e-13	8.09745e-10	-1.24928e-12	0.000206439
11.2388	-1.67915e-09	-0.00361184	-1.52736e-13	8.08434e-10	1.17085e-11	0.00020618
11.2389	-1.6802e-09	-0.00361184	-1.52751e-13	8.06863e-10	-1.36018e-11	0.000205813
11.239	-1.68131e-09	-0.00361184	-1.52767e-13	8.05449e-10	-5.93592e-13	0.000205432
11.2391	-1.68243e-09	-0.00361184	-1.52783e-13	8.03312e-10	-1.30279e-11	0.00020498
11.2392	-1.6836e-09	-0.00361184	-1.528e-13	8.01051e-10	-3.36352e-11	0.000204419
11.2393	-1.68495e-09	-0.00361184	-1.5282e-13	7.98912e-10	2.48245e-12	0.000203859
11.2394	-1.68628e-09	-0.00361184	-1.5284e-13	7.95949e-10	3.45543e-11	0.000203208
11.2395	-1.68743e-09	-0.00361184	-1.52856e-13	7.92937e-10	-6.21891e-12	0.000202447
11.2396	-1.68861e-09	-0.00361184	-1.52873e-13	7.9004e-10	1.07803e-11	0.000201694
11.2397	-1.68972e-09	-0.00361185	-1.52889e-13	7.86226e-10	1.19134e-11	0.000200839
11.2398	-1.69078e-09	-0.00361185	-1.52904e-13	7.8238e-10	-1.71912e-12	0.000199862
11.2399	-1.69183e-09	-0.00361185	-1.52919e-13	7.7868e-10	6.37752e-12	0.000198901
11.24	-1.69285e-09	-0.00361185	-1.52933e-13	7.73996e-10	-2.72694e-11	0.000197832
11.2401	-1.694e-09	-0.00361185	-1.52949e-13	7.6918e-10	-4.08872e-11	0.000196621
11.2402	-1.69534e-09	-0.00361185	-1.52969e-13	7.6461e-10	1.99955e-11	0.000195425
11.2403	-1.69658e-09	-0.00361185	-1.52986e-13	7.59069e-10	3.6146e-11	0.000194137
11.2404	-1.69763e-09	-0.00361185	-1.53001e-13	7.53093e-10	3.09562e-11	0.000192669
11.2405	-1.69853e-09	-0.00361185	-1.53013e-13	7.47506e-10	2.7919e-12	0.000191196
11.2406	-1.6994e-09	-0.00361185	-1.53025e-13	7.41211e-10	-1.94833e-11	0.000189681
11.2407	-1.70036e-09	-0.00361185	-1.53038e-13	7.3386e-10	-2.09418e-11	0.000187942
11.2408	-1.70141e-09	-0.00361185	-1.53053e-13	7.27e-10	-5.39667e-11	0.000186131
11.2408	-1.7027e-09	-0.00361185	-1.53071e-13	7.19983e-10	-4.5465e-11	0.000184363
11.2409	-1.70418e-09	-0.00361185	-1.53092e-13	7.11355e-10	1.45853e-11	0.000182369
11.241	-1.70558e-09	-0.00361185	-1.53112e-13	7.02767e-10	1.99707e-11	0.000180175
11.2411	-1.70688e-09	-0.00361185	-1.53131e-13	6.94573e-10	1.11725e-10	0.000178037
11.2412	-1.70766e-09	-0.00361185	-1.53141e-13	6.85521e-10	1.28533e-10	0.000175839
11.2413	-1.70788e-09	-0.00361185	-1.53143e-13	6.74886e-10	1.2907e-10	0.00017333
11.2414	-1.70753e-09	-0.00361185	-1.53136e-13	6.64762e-10	1.64207e-11	0.000170685
11.2415	-1.70712e-09	-0.00361186	-1.53127e-13	6.54906e-10	-1.59159e-10	0.000168139
11.2416	-1.70738e-09	-0.00361186	-1.5313e-13	6.43969e-10	-2.45429e-10	0.000165489
11.2416	-1.70865e-09	-0.00361186	-1.53148e-13	6.31422e-10	-1.7259e-10	0.000162497
11.2417	-1.71058e-09	-0.00361186	-1.53176e-13	6.19408e-10	-7.77208e-11	0.000159367
11.2418	-1.71278e-09	-0.00361186	-1.53208e-13	6.07827e-10	-6.54138e-11	0.00015636
11.2419	-1.7152e-09	-0.00361186	-1.53244e-13	5.95792e-10	6.00231e-11	0.000153351
11.2419	-1.71734e-09	-0.00361186	-1.53275e-13	5.81886e-10	2.0955e-10	0.000150045
11.242	-1.71865e-09	-0.00361186	-1.53294e-13	5.67936e-10	2.61888e-10	0.000146496
11.2421	-1.71898e-09	-0.00361186	-1.53297e-13	5.54757e-10	2.58139e-10	0.000143039
11.2422	-1.7184e-09	-0.00361186	-1.53287e-13	5.42005e-10	2.4716e-10	0.000139734
11.2422	-1.71697e-09	-0.00361186	-1.53263e-13	5.28997e-10	2.07585e-10	0.000136452
11.2423	-1.71488e-09	-0.00361186	-1.53229e-13	5.14627e-10	9.93395e-11	0.000132963
11.2424	-1.71252e-09	-0.00361186	-1.53192e-13	5.0027e-10	-5.24948e-11	0.000129303
11.2424	-1.71039e-09	-0.00361186	-1.53157e-13	4.86956e-10	-2.48745e-10	0.000125777
11.2425	-1.70909e-09	-0.00361186	-1.53136e-13	4.74614e-10	-4.79859e-10	0.000122508
11.2426	-1.70928e-09	-0.00361186	-1.53138e-13	4.63078e-10	-6.43245e-10	0.000119466
11.2426	-1.71136e-09	-0.00361186	-1.53168e-13	4.51826e-10	-5.55586e-10	0.000116562
11.2427	-1.71498e-09	-0.00361186	-1.53223e-13	4.40212e-10	-2.26298e-10	0.000113648
11.2427	-1.71915e-09	-0.00361186	-1.53285e-13	4.28758e-10	-9.51231e-11	0.000110709
11.2428	-1.72347e-09	-0.00361186	-1.5335e-13	4.18581e-10	1.8989e-10	0.000107953
11.2428	-1.72718e-09	-0.00361186	-1.53406e-13	4.09751e-10	2.53009e-10	0.000105531
11.2429	-1.73015e-09	-0.00361186	-1.5345e-13	4.02159e-10	2.95296e-10	0.000103439
11.2429	-1.73231e-09	-0.00361186	-1.53482e-13	3.95694e-10	2.07517e-10	0.000101648
11.243	-1.73391e-09	-0.00361186	-1.53505e-13	3.90186e-10	2.83676e-10	0.000100122
11.243	-1.73479e-09	-0.00361186	-1.53517e-13	3.85462e-10	3.89573e-10	9.88185e-05
11.2431	-1.7347e-09	-0.00361186	-1.53515e-13	3.81243e-10	3.70264e-10	9.7679e-05
11.2431	-1.73371e-09	-0.00361186	-1.53498e-13	3.77877e-10	2.23607e-10	9.67126e-05
11.2432	-1.73219e-09	-0.00361186	-1.53474e-13	3.75976e-10	3.64773e-10	9.60415e-05
11.2432	-1.7298e-09	-0.00361187	-1.53436e-13	3.75425e-10	2.27183e-10	9.57291e-05
11.2433	-1.72687e-09	-0.00361187	-1.5339e-13	3.76154e-10	-3.77971e-11	9.57517e-05
11.2433	-1.72403e-09	-0.00361187	-1.53346e-13	3.78125e-10	-1.53024e-10	9.60958e-05
11.2434	-1.72155e-09	-0.00361187	-1.53307e-13	3.81262e-10	-1.56632e-10	9.67465e-05
11.2434	-1.71942e-09	-0.00361187	-1.53273e-13	3.85523e-10	-1.36875e-10	9.7689e-05
11.2435	-1.7176e-09	-0.00361187	-1.53245e-13	3.90847e-10	-4.73351e-11	9.89103e-05
11.2435	-1.71588e-09	-0.00361187	-1.53217e-13	3.97205e-10	-1.19916e-10	0.000100399
11.2436	-1.71443e-09	-0.00361187	-1.53194e-13	4.04539e-10	-3.58819e-10	0.000102143
11.2436	-1.71389e-09	-0.00361187	-1.53185e-13	4.12857e-10	-8.67095e-11	0.000104138
11.2437	-1.71355e-09	-0.00361187	-1.53178e-13	4.2487e-10	-2.79711e-10	0.000106728
11.2437	-1.71397e-09	-0.00361187	-1.53184e-13	4.4254e-10	-6.66306e-11	0.00011051
11.2438	-1.71459e-09	-0.00361187	-1.53192e-13	4.63683e-10	-6.7161e-11	0.000115456
11.2438	-1.71544e-09	-0.00361187	-1.53203e-13	4.88033e-10	-8.71756e-11	0.000121252
11.2439	-1.7166e-09	-0.00361187	-1.53219e-13	5.1566e-10	2.60872e-11	0.000127875
11.244	-1.71775e-09	-0.00361187	-1.53235e-13	5.46958e-10	1.0757e-11	0.000135384
11.244	-1.71892e-09	-0.00361187	-1.53251e-13	5.8232e-10	5.79188e-11	0.000143878
11.2441	-1.71996e-09	-0.00361187	-1.53265e-13	6.22495e-10	-7.65986e-11	0.000153503
11.2442	-1.72137e-09	-0.00361187	-1.53285e-13	6.68267e-10	7.54568e-11	0.000164455
11.2443	-1.72257e-09	-0.00361187	-1.53301e-13	7.21109e-10	6.35478e-12	0.000177022
11.2444	-1.72383e-09	-0.00361187	-1.53318e-13	7.82823e-10	1.79217e-11	0.00019162
11.2445	-1.72511e-09	-0.00361187	-1.53335e-13	8.5688e-10	2.45858e-11	0.000208923
11.2446	-1.72637e-09	-0.00361187	-1.53351e-13	9.49769e-10	5.64964e-11	0.0002302
11.2447	-1.72743e-09	-0.00361187	-1.53364e-13	1.08283e-09	9.01497e-11	0.000258998
11.2448	-1.72802e-09	-0.00361187	-1.53369e-13	1.2656e-09	7.65438e-11	0.000299254
11.245	-1.72809e-09	-0.00361187	-1.53366e-13	1.51879e-09	3.74406e-11	0.000354827
11.2452	-1.72781e-09	-0.00361188	-1.53358e-13	1.8964e-09	2.62635e-12	0.000435249
11.2454	-1.72743e-09	-0.00361188	-1.53346e-13	2.53978e-09	-9.37292e-12	0.000565446
11.2458	-1.72708e-09	-0.00361188	-1.53333e-13	3.92418e-09	8.64625e-12	0.000824145
11.2463	-1.72631e-09	-0.00361188	-1.53309e-13	8.25392e-09	2.61675e-11	0.00155407
11.2473	-1.72332e-09	-0.00361189	-1.5324e-13	6.2649e-08	-1.40916e-11	0.00916607
11.2554	-1.70599e-09	-0.00361192	-1.52815e-13	-0.056005	-4.47506e-11	59.9847
-48.768	1.68012e-09	-0.0133464	1.56622e-13	-0.0960474	9.23248e-13	119.977
