-5.92318	-6.97852e-11	-0.00360917	-5.71041e-15	0.04	-4.38364e-09	60.0058
-5.9227	-1.75206e-10	-0.00360918	-8.72158e-15	2.55926e-10	4.71497e-08	0.000513577
-5.92267	-1.05476e-10	-0.00360918	-6.72929e-15	1.37796e-10	5.14732e-08	5.01866e-05
-5.92265	-2.26552e-11	-0.00360918	-4.36378e-15	1.04825e-10	-1.17224e-08	3.0924e-05
-5.92264	3.24136e-11	-0.00360918	-2.79121e-15	9.37991e-11	-4.05351e-08	2.52804e-05
-5.92263	5.74623e-11	-0.00360918	-2.07612e-15	8.98039e-11	-2.92375e-08	2.33683e-05
-5.92262	6.47489e-11	-0.00360918	-1.86828e-15	8.88984e-11	-6.25425e-09	2.27597e-05
-5.9226	6.84237e-11	-0.00360918	-1.76359e-15	8.95238e-11	4.95048e-09	2.27294e-05
-5.92259	7.49475e-11	-0.00360918	-1.57759e-15	9.09244e-11	4.34758e-09	2.29882e-05
-5.92258	8.40915e-11	-0.00360918	-1.3168e-15	9.27958e-11	-5.56912e-10	2.34047e-05
-5.92257	9.30941e-11	-0.00360918	-1.06009e-15	9.49203e-11	-4.21177e-09	2.3913e-05
-5.92256	9.97562e-11	-0.00360918	-8.70246e-16	9.72478e-11	-6.07337e-09	2.44799e-05
-5.92254	1.0282e-10	-0.00360919	-7.83134e-16	9.96996e-11	-3.36617e-09	2.50891e-05
-5.92253	1.03823e-10	-0.00360919	-7.54844e-16	1.02288e-10	-4.81633e-09	2.57316e-05
-5.92252	1.01714e-10	-0.00360919	-8.15385e-16	1.04973e-10	-3.06308e-09	2.64036e-05
-5.92251	9.75022e-11	-0.00360919	-9.3595e-16	1.07778e-10	-3.17541e-09	2.71031e-05
-5.92249	9.09975e-11	-0.00360919	-1.12191e-15	1.1068e-10	-3.3312e-09	2.78302e-05
-5.92248	8.19692e-11	-0.00360919	-1.37986e-15	1.13702e-10	-4.3824e-09	2.85851e-05
-5.92246	6.95202e-11	-0.00360919	-1.73537e-15	1.16832e-10	-1.42106e-09	2.93688e-05
-5.92245	5.56713e-11	-0.00360919	-2.13076e-15	1.20084e-10	-2.91871e-09	3.01819e-05
-5.92243	3.9204e-11	-0.00360919	-2.60078e-15	1.23452e-10	-2.34789e-09	3.10254e-05
-5.92242	2.04286e-11	-0.00360919	-3.13654e-15	1.26951e-10	-4.76928e-10	3.18999e-05
-5.9224	7.3576e-13	-0.00360919	-3.69838e-15	1.30569e-10	1.87845e-09	3.2806e-05
-5.92238	-1.79557e-11	-0.00360919	-4.23157e-15	1.34323e-10	-3.82054e-10	3.37452e-05
-5.92237	-3.75118e-11	-0.00360919	-4.78931e-15	1.38241e-10	4.58691e-09	3.47223e-05
-5.92235	-5.35988e-11	-0.00360919	-5.24802e-15	1.4232e-10	1.27853e-09	3.57408e-05
-5.92233	-6.90018e-11	-0.00360919	-5.68715e-15	1.46566e-10	5.65907e-09	3.68015e-05
-5.92231	-7.95811e-11	-0.00360919	-5.98869e-15	1.5098e-10	5.03451e-09	3.79046e-05
-5.92229	-8.56375e-11	-0.00360919	-6.16125e-15	1.55563e-10	5.74772e-09	3.90512e-05
-5.92227	-8.61825e-11	-0.00360919	-6.1767e-15	1.60336e-10	4.02132e-09	4.02435e-05
-5.92225	-8.26373e-11	-0.00360919	-6.07561e-15	1.6532e-10	4.72703e-09	4.14868e-05
-5.92223	-7.40041e-11	-0.00360919	-5.82958e-15	1.70528e-10	2.5608e-09	4.27855e-05
-5.92221	-6.23173e-11	-0.00360919	-5.49661e-15	1.75941e-10	1.42862e-09	4.41385e-05
-5.92219	-4.86585e-11	-0.00360919	-5.10757e-15	1.81565e-10	-1.41584e-09	4.55443e-05
-5.92217	-3.62006e-11	-0.00360919	-4.75282e-15	1.87407e-10	-1.69523e-09	4.70048e-05
-5.92214	-2.53656e-11	-0.00360919	-4.44438e-15	1.93519e-10	-3.46567e-09	4.85277e-05
-5.92212	-1.84491e-11	-0.00360919	-4.24761e-15	1.99887e-10	-2.84501e-09	5.01177e-05
-5.92209	-1.49274e-11	-0.00360919	-4.14754e-15	2.06485e-10	-2.59381e-09	5.17697e-05
-5.92206	-1.4701e-11	-0.0036092	-4.1413e-15	2.13307e-10	-2.0158e-09	5.34795e-05
-5.92204	-1.72059e-11	-0.0036092	-4.21282e-15	2.204e-10	-7.09682e-10	5.52524e-05
-5.92201	-2.07905e-11	-0.0036092	-4.31502e-15	2.27768e-10	-2.59496e-11	5.70947e-05
-5.92198	-2.45326e-11	-0.0036092	-4.42169e-15	2.35346e-10	6.54417e-10	5.89988e-05
-5.92195	-2.74181e-11	-0.0036092	-4.50396e-15	2.43105e-10	1.08301e-09	6.09528e-05
-5.92192	-2.87217e-11	-0.0036092	-4.54121e-15	2.51081e-10	9.00079e-10	6.29576e-05
-5.92189	-2.86286e-11	-0.0036092	-4.53875e-15	2.59211e-10	4.87248e-10	6.50096e-05
-5.92185	-2.77279e-11	-0.0036092	-4.51333e-15	2.67367e-10	1.55744e-10	6.70846e-05
-5.92182	-2.65336e-11	-0.0036092	-4.47959e-15	2.75457e-10	-7.83582e-11	6.91544e-05
-5.92179	-2.54406e-11	-0.0036092	-4.44874e-15	2.83457e-10	-1.59787e-10	7.12044e-05
-5.92175	-2.46045e-11	-0.0036092	-4.42521e-15	2.92055e-10	-9.72462e-11	7.3319e-05
-5.92171	-2.39238e-11	-0.0036092	-4.40611e-15	3.01396e-10	-1.28612e-10	7.56045e-05
-5.92167	-2.34684e-11	-0.0036092	-4.39342e-15	3.11393e-10	-6.66911e-11	7.80684e-05
-5.92163	-2.31301e-11	-0.0036092	-4.38408e-15	3.21968e-10	-5.93965e-11	8.06894e-05
-5.92159	-2.29021e-11	-0.00360921	-4.37788e-15	3.33056e-10	-1.44706e-11	8.34495e-05
-5.92155	-2.2697e-11	-0.00360921	-4.37235e-15	3.44735e-10	-1.24769e-11	8.63502e-05
-5.92151	-2.25121e-11	-0.00360921	-4.36739e-15	3.56967e-10	2.5344e-11	8.93967e-05
-5.92146	-2.2263e-11	-0.00360921	-4.36063e-15	3.69668e-10	7.30325e-12	9.25735e-05
-5.92141	-2.19878e-11	-0.00360921	-4.35315e-15	3.82899e-10	-5.845e-11	9.58775e-05
-5.92137	-2.18454e-11	-0.00360921	-4.34944e-15	3.96596e-10	-3.19688e-11	9.93086e-05
-5.92131	-2.17786e-11	-0.00360921	-4.34789e-15	4.10621e-10	-3.81858e-11	0.000102841
-5.92126	-2.18093e-11	-0.00360921	-4.34912e-15	4.25021e-10	-5.14691e-11	0.000106463
-5.92121	-2.19805e-11	-0.00360921	-4.35433e-15	4.39658e-10	7.33944e-11	0.000110162
-5.92115	-2.1952e-11	-0.00360921	-4.35391e-15	4.5439e-10	-2.79441e-11	0.000113904
-5.92109	-2.20034e-11	-0.00360922	-4.35576e-15	4.6923e-10	-6.28593e-11	0.000117672
-5.92103	-2.22444e-11	-0.00360922	-4.36299e-15	4.83953e-10	3.08502e-11	0.000121439
-5.92097	-2.23979e-11	-0.00360922	-4.36774e-15	4.98417e-10	1.00247e-10	0.000125158
-5.92091	-2.22376e-11	-0.00360922	-4.36365e-15	5.13907e-10	-3.34689e-11	0.000128975
-5.92084	-2.2182e-11	-0.00360922	-4.36251e-15	5.30678e-10	-4.23564e-11	0.000133086
-5.92078	-2.22677e-11	-0.00360922	-4.3654e-15	5.47881e-10	-4.08967e-11	0.000137415
-5.92071	-2.24989e-11	-0.00360922	-4.37239e-15	5.653e-10	1.92035e-11	0.000141827
-5.92063	-2.26684e-11	-0.00360923	-4.37766e-15	5.82669e-10	9.98169e-12	0.00014626
-5.92056	-2.2806e-11	-0.00360923	-4.38204e-15	6.00108e-10	1.61644e-11	0.000150695
-5.92048	-2.28859e-11	-0.00360923	-4.3848e-15	6.17576e-10	2.60816e-11	0.000155143
-5.92041	-2.28655e-11	-0.00360923	-4.38475e-15	6.35232e-10	1.66966e-11	0.000159619
-5.92032	-2.2777e-11	-0.00360923	-4.3828e-15	6.5383e-10	-2.34757e-11	0.000164239
-5.92024	-2.27837e-11	-0.00360923	-4.38354e-15	6.73867e-10	1.30102e-11	0.000169162
-5.92016	-2.27347e-11	-0.00360923	-4.38273e-15	6.93977e-10	-2.83595e-11	0.000174278
-5.92007	-2.28096e-11	-0.00360924	-4.38543e-15	7.13495e-10	-1.82427e-12	0.000179328
-5.91998	-2.2895e-11	-0.00360924	-4.38844e-15	7.32406e-10	3.94589e-11	0.000184225
-5.91988	-2.27984e-11	-0.00360924	-4.38634e-15	7.51245e-10	2.71504e-11	0.000189036
-5.91979	-2.25695e-11	-0.00360924	-4.38056e-15	7.70292e-10	8.36427e-12	0.000193864
-5.91969	-2.22937e-11	-0.00360924	-4.37348e-15	7.90999e-10	-1.54313e-11	0.00019893
-5.91959	-2.20883e-11	-0.00360925	-4.36839e-15	8.12679e-10	-2.00009e-11	0.000204332
-5.91948	-2.19808e-11	-0.00360925	-4.36608e-15	8.33133e-10	-2.41962e-11	0.000209702
-5.91938	-2.1999e-11	-0.00360925	-4.36731e-15	8.5296e-10	2.32588e-11	0.000214835
-5.91927	-2.18912e-11	-0.00360925	-4.36504e-15	8.7237e-10	2.6751e-11	0.000219836
-5.91916	-2.16324e-11	-0.00360926	-4.35854e-15	8.92702e-10	-2.2706e-11	0.000224901
-5.91904	-2.14966e-11	-0.00360926	-4.35553e-15	9.14526e-10	-2.7364e-11	0.000230273
-5.91893	-2.15169e-11	-0.00360926	-4.3569e-15	9.35304e-10	-7.17989e-12	0.000235703
-5.91881	-2.15805e-11	-0.00360926	-4.35949e-15	9.55308e-10	1.92896e-11	0.0002409
-5.91869	-2.1528e-11	-0.00360926	-4.35887e-15	9.74887e-10	-4.96419e-12	0.000245945
-5.91856	-2.15053e-11	-0.00360927	-4.35908e-15	9.95658e-10	-1.65676e-11	0.000251088
-5.91844	-2.15872e-11	-0.00360927	-4.36224e-15	1.0167e-09	-3.04114e-11	0.000256416
-5.91831	-2.18679e-11	-0.00360927	-4.37095e-15	1.03663e-09	-8.63525e-12	0.000261639
-5.91817	-2.2211e-11	-0.00360928	-4.38139e-15	1.05604e-09	3.03964e-11	0.000266653
-5.91804	-2.23561e-11	-0.00360928	-4.38634e-15	1.07585e-09	-7.55427e-12	0.000271652
-5.9179	-2.25557e-11	-0.00360928	-4.39281e-15	1.09625e-09	1.17178e-12	0.000276777
-5.91776	-2.27508e-11	-0.00360928	-4.39916e-15	1.11552e-09	5.31499e-13	0.000281833
-5.91762	-2.29457e-11	-0.00360929	-4.40551e-15	1.13433e-09	9.89136e-12	0.000286687
-5.91748	-2.30723e-11	-0.00360929	-4.40998e-15	1.15344e-09	-1.70335e-11	0.000291521
-5.91733	-2.33263e-11	-0.00360929	-4.41799e-15	1.17261e-09	-1.23681e-12	0.000296401
-5.91718	-2.35937e-11	-0.0036093	-4.42636e-15	1.19084e-09	1.11567e-12	0.000301168
-5.91703	-2.38568e-11	-0.0036093	-4.43463e-15	1.20873e-09	9.67754e-12	0.000305772
-5.91687	-2.40493e-11	-0.0036093	-4.44094e-15	1.22693e-09	7.22765e-13	0.000310372
-5.91672	-2.42391e-11	-0.0036093	-4.44719e-15	1.24449e-09	-9.90125e-12	0.000314929
-5.91656	-2.45101e-11	-0.00360931	-4.45567e-15	1.26141e-09	-1.26836e-11	0.000319325
-5.9164	-2.48867e-11	-0.00360931	-4.46707e-15	1.2783e-09	3.36181e-12	0.000323635
-5.91624	-2.5241e-11	-0.00360931	-4.47784e-15	1.2949e-09	1.12942e-11	0.000327903
-5.91607	-2.55067e-11	-0.00360932	-4.48618e-15	1.31079e-09	-3.6833e-12	0.000332045
-5.9159	-2.58064e-11	-0.00360932	-4.49544e-15	1.32639e-09	6.23067e-13	0.000336059
-5.91573	-2.61044e-11	-0.00360932	-4.50466e-15	1.34175e-09	-9.09241e-12	0.000340006
-5.91556	-2.64837e-11	-0.00360933	-4.51609e-15	1.35646e-09	1.66506e-12	0.00034384
-5.91539	-2.68526e-11	-0.00360933	-4.52722e-15	1.37077e-09	-4.40072e-13	0.000347539
-5.91522	-2.72294e-11	-0.00360933	-4.53857e-15	1.38478e-09	-7.73301e-14	0.000351149
-5.91504	-2.76106e-11	-0.00360934	-4.55003e-15	1.39814e-09	3.01165e-12	0.000354639
-5.91486	-2.79687e-11	-0.00360934	-4.56085e-15	1.41114e-09	1.27976e-12	0.000357998
-5.91468	-2.83187e-11	-0.00360934	-4.57143e-15	1.42369e-09	-5.15913e-12	0.000361255
-5.9145	-2.87185e-11	-0.00360935	-4.58336e-15	1.43562e-09	-4.86423e-13	0.000364376
-5.91432	-2.91262e-11	-0.00360935	-4.59548e-15	1.44721e-09	-1.79778e-12	0.000367375
-5.91413	-2.95537e-11	-0.00360935	-4.60813e-15	1.45826e-09	3.13847e-12	0.000370261
-5.91395	-2.99553e-11	-0.00360936	-4.62005e-15	1.46869e-09	-7.14775e-12	0.000372999
-5.91376	-3.04267e-11	-0.00360936	-4.63385e-15	1.47883e-09	6.29819e-12	0.000375621
-5.91357	-3.0842e-11	-0.00360937	-4.64611e-15	1.4883e-09	5.29901e-12	0.000378121
-5.91338	-3.12097e-11	-0.00360937	-4.65706e-15	1.49723e-09	3.63076e-12	0.000380466
-5.91319	-3.1545e-11	-0.00360937	-4.66712e-15	1.50587e-09	-1.1478e-11	0.000382706
-5.913	-3.19923e-11	-0.00360938	-4.68018e-15	1.51374e-09	-7.891e-12	0.000384812
-5.91281	-3.25181e-11	-0.00360938	-4.69534e-15	1.52116e-09	-1.8302e-12	0.000386762
-5.91261	-3.30642e-11	-0.00360938	-4.71101e-15	1.52828e-09	-1.39077e-12	0.000388615
-5.91242	-3.36264e-11	-0.00360939	-4.72708e-15	1.53452e-09	1.39601e-11	0.000390318
-5.91222	-3.40544e-11	-0.00360939	-4.73952e-15	1.54045e-09	8.48299e-12	0.000391869
-5.91203	-3.44008e-11	-0.00360939	-4.74975e-15	1.54601e-09	-1.23876e-11	0.000393334
-5.91183	-3.48705e-11	-0.0036094	-4.76327e-15	1.55066e-09	-7.1272e-12	0.000394636
-5.91163	-3.5412e-11	-0.0036094	-4.77867e-15	1.55514e-09	-7.52341e-12	0.0003958
-5.91143	-3.60296e-11	-0.00360941	-4.79607e-15	1.55913e-09	5.97305e-12	0.000396881
-5.91123	-3.65895e-11	-0.00360941	-4.81191e-15	1.56224e-09	3.40278e-12	0.000397786
-5.91103	-3.71166e-11	-0.00360941	-4.82682e-15	1.56532e-09	2.88227e-12	0.000398575
-5.91084	-3.7616e-11	-0.00360942	-4.84096e-15	1.56768e-09	4.86813e-12	0.000399267
-5.91064	-3.80676e-11	-0.00360942	-4.85381e-15	1.56935e-09	3.05947e-13	0.000399782
-5.91044	-3.85165e-11	-0.00360942	-4.86655e-15	1.57103e-09	-5.86703e-12	0.000400209
-5.91024	-3.90247e-11	-0.00360943	-4.88084e-15	1.57176e-09	-2.75609e-12	0.000400516
-5.91004	-3.95607e-11	-0.00360943	-4.89583e-15	1.57209e-09	-4.94483e-12	0.000400651
-5.90983	-4.01463e-11	-0.00360944	-4.91209e-15	1.57237e-09	2.60385e-12	0.000400728
-5.90963	-4.0706e-11	-0.00360944	-4.92764e-15	1.57151e-09	-5.7808e-12	0.000400654
-5.90943	-4.13232e-11	-0.00360944	-4.94466e-15	1.57058e-09	5.25289e-12	0.000400427
-5.90923	-4.18876e-11	-0.00360945	-4.96026e-15	1.56941e-09	-2.65227e-12	0.000400159
-5.90903	-4.2478e-11	-0.00360945	-4.97649e-15	1.56709e-09	3.28773e-12	0.000399714
-5.90883	-4.30347e-11	-0.00360945	-4.9918e-15	1.56494e-09	7.78426e-13	0.000399144
-5.90863	-4.35829e-11	-0.00360946	-5.00685e-15	1.56228e-09	-4.89968e-13	0.00039853
-5.90844	-4.4135e-11	-0.00360946	-5.02196e-15	1.55861e-09	-9.83008e-12	0.000397724
-5.90824	-4.47835e-11	-0.00360946	-5.03957e-15	1.55526e-09	2.80181e-12	0.000396829
-5.90804	-4.54028e-11	-0.00360947	-5.05636e-15	1.5511e-09	-3.13499e-12	0.000395871
-5.90784	-4.60514e-11	-0.00360947	-5.07388e-15	1.54619e-09	8.98772e-12	0.000394715
-5.90764	-4.66094e-11	-0.00360948	-5.08899e-15	1.54162e-09	-7.03015e-13	0.000393506
-5.90745	-4.71727e-11	-0.00360948	-5.1042e-15	1.53596e-09	2.67099e-12	0.000392203
-5.90725	-4.77078e-11	-0.00360948	-5.11864e-15	1.52983e-09	-3.92476e-12	0.0003907
-5.90706	-4.8279e-11	-0.00360949	-5.13398e-15	1.52403e-09	-5.43193e-13	0.000389179
-5.90686	-4.88533e-11	-0.00360949	-5.14935e-15	1.51689e-09	-3.83006e-12	0.000387529
-5.90667	-4.94619e-11	-0.00360949	-5.16559e-15	1.50955e-09	-9.33346e-12	0.000385683
-5.90648	-5.01574e-11	-0.0036095	-5.18403e-15	1.50248e-09	1.90581e-13	0.000383845
-5.90629	-5.08478e-11	-0.0036095	-5.20228e-15	1.49389e-09	8.77667e-12	0.000381849
-5.9061	-5.14506e-11	-0.0036095	-5.21824e-15	1.48525e-09	-2.0782e-12	0.000379653
-5.90591	-5.20697e-11	-0.00360951	-5.23458e-15	1.47688e-09	2.48931e-12	0.000377484
-5.90572	-5.26619e-11	-0.00360951	-5.25018e-15	1.46683e-09	2.82717e-12	0.000375135
-5.90553	-5.32236e-11	-0.00360951	-5.26495e-15	1.45678e-09	-8.4714e-13	0.000372573
-5.90535	-5.37893e-11	-0.00360952	-5.2798e-15	1.44704e-09	1.35988e-12	0.00037005
-5.90516	-5.43386e-11	-0.00360952	-5.29417e-15	1.43554e-09	-7.84929e-12	0.000367343
-5.90498	-5.49555e-11	-0.00360952	-5.31026e-15	1.42384e-09	-1.16748e-11	0.000364385
-5.9048	-5.56732e-11	-0.00360953	-5.32889e-15	1.41267e-09	5.04309e-12	0.00036147
-5.90462	-5.63398e-11	-0.00360953	-5.34616e-15	1.39975e-09	9.58349e-12	0.000358399
-5.90444	-5.69149e-11	-0.00360953	-5.36105e-15	1.38611e-09	8.23908e-12	0.000355013
-5.90426	-5.74117e-11	-0.00360953	-5.37391e-15	1.37325e-09	4.46964e-13	0.000351634
-5.90409	-5.78999e-11	-0.00360954	-5.38652e-15	1.35915e-09	-5.80048e-12	0.000348198
-5.90391	-5.84333e-11	-0.00360954	-5.40025e-15	1.3432e-09	-6.26323e-12	0.000344368
-5.90374	-5.90141e-11	-0.00360954	-5.41516e-15	1.32822e-09	-1.56651e-11	0.000340425
-5.90357	-5.97209e-11	-0.00360955	-5.43323e-15	1.31304e-09	-1.33933e-11	0.000336579
-5.90341	-6.05318e-11	-0.00360955	-5.4539e-15	1.29499e-09	3.61163e-12	0.000332344
-5.90324	-6.13017e-11	-0.00360955	-5.47348e-15	1.27711e-09	5.19633e-12	0.000327764
-5.90308	-6.20186e-11	-0.00360955	-5.49169e-15	1.26003e-09	3.16089e-11	0.000323308
-5.90292	-6.24722e-11	-0.00360956	-5.5032e-15	1.24149e-09	3.67498e-11	0.000318767
-5.90276	-6.26285e-11	-0.00360956	-5.50716e-15	1.22017e-09	3.72393e-11	0.000313685
-5.9026	-6.24925e-11	-0.00360956	-5.50375e-15	1.19987e-09	4.86718e-12	0.00030838
-5.90245	-6.23216e-11	-0.00360957	-5.49945e-15	1.18015e-09	-4.62384e-11	0.000303279
-5.9023	-6.25012e-11	-0.00360957	-5.50399e-15	1.15858e-09	-7.18478e-11	0.000298017
-5.90215	-6.32078e-11	-0.00360957	-5.52179e-15	1.13422e-09	-5.10861e-11	0.000292162
-5.90201	-6.42688e-11	-0.00360957	-5.54847e-15	1.11092e-09	-2.35834e-11	0.000286087
-5.90187	-6.54749e-11	-0.00360957	-5.57875e-15	1.0885e-09	-2.01232e-11	0.00028026
-5.90173	-6.67962e-11	-0.00360958	-5.61185e-15	1.06537e-09	1.6871e-11	0.000274454
-5.90159	-6.79749e-11	-0.00360958	-5.64134e-15	1.039e-09	6.14227e-11	0.000268144
-5.90146	-6.87178e-11	-0.00360958	-5.65984e-15	1.01266e-09	7.74917e-11	0.000261425
-5.90133	-6.89419e-11	-0.00360958	-5.66533e-15	9.87794e-10	7.69523e-11	0.000254899
-5.9012	-6.86763e-11	-0.00360959	-5.65857e-15	9.63787e-10	7.42169e-11	0.000248671
-5.90108	-6.79614e-11	-0.00360959	-5.64058e-15	9.39421e-10	6.28428e-11	0.000242506
-5.90096	-6.68884e-11	-0.00360959	-5.61369e-15	9.12733e-10	3.06575e-11	0.000235999
-5.90085	-6.56677e-11	-0.00360959	-5.58315e-15	8.86166e-10	-1.50047e-11	0.000229212
-5.90073	-6.45672e-11	-0.00360959	-5.55566e-15	8.6154e-10	-7.45268e-11	0.000222687
-5.90062	-6.39063e-11	-0.0036096	-5.53916e-15	8.38717e-10	-1.45139e-10	0.00021664
-5.90052	-6.40385e-11	-0.0036096	-5.54244e-15	8.17392e-10	-1.95727e-10	0.000211014
-5.90041	-6.51866e-11	-0.0036096	-5.57098e-15	7.96639e-10	-1.7016e-10	0.000205651
-5.90031	-6.71691e-11	-0.0036096	-5.62025e-15	7.75316e-10	-7.05054e-11	0.000200289
-5.90021	-6.94468e-11	-0.0036096	-5.67679e-15	7.54342e-10	-3.06912e-11	0.000194899
-5.90012	-7.18103e-11	-0.0036096	-5.73539e-15	7.35675e-10	5.66527e-11	0.000189847
-5.90002	-7.38498e-11	-0.00360961	-5.78587e-15	7.19428e-10	7.64096e-11	0.000185398
-5.89993	-7.54941e-11	-0.00360961	-5.82648e-15	7.05399e-10	8.98747e-11	0.00018154
-5.89984	-7.67024e-11	-0.00360961	-5.85626e-15	6.93384e-10	6.32541e-11	0.000178221
-5.89975	-7.76107e-11	-0.00360961	-5.87856e-15	6.83078e-10	8.71548e-11	0.000175376
-5.89967	-7.81263e-11	-0.00360961	-5.89111e-15	6.74169e-10	1.20435e-10	0.000172928
-5.89958	-7.81179e-11	-0.00360961	-5.89069e-15	6.66167e-10	1.15037e-10	0.000170773
-5.89949	-7.76214e-11	-0.00360961	-5.8782e-15	6.59675e-10	6.99533e-11	0.000168926
-5.89941	-7.68358e-11	-0.00360962	-5.85857e-15	6.55755e-10	1.14312e-10	0.000167599
-5.89933	-7.55772e-11	-0.00360962	-5.8273e-15	6.54194e-10	7.18736e-11	0.0001669
-5.89924	-7.40222e-11	-0.00360962	-5.78872e-15	6.54864e-10	-1.0732e-11	0.000166787
-5.89916	-7.25103e-11	-0.00360962	-5.75126e-15	6.57692e-10	-4.69255e-11	0.000167233
-5.89908	-7.11886e-11	-0.00360962	-5.71854e-15	6.62534e-10	-4.8283e-11	0.00016821
-5.89899	-7.00608e-11	-0.00360962	-5.69063e-15	6.69314e-10	-4.22956e-11	0.000169691
-5.89891	-6.91019e-11	-0.00360962	-5.6669e-15	6.77917e-10	-1.42492e-11	0.000171651
-5.89882	-6.81922e-11	-0.00360962	-5.64442e-15	6.88285e-10	-3.72587e-11	0.000174069
-5.89873	-6.74319e-11	-0.00360963	-5.62564e-15	7.0031e-10	-1.13124e-10	0.000176922
-5.89864	-6.71631e-11	-0.00360963	-5.61896e-15	7.14e-10	-2.73289e-11	0.000180199
-5.89855	-6.70133e-11	-0.00360963	-5.61523e-15	7.34027e-10	-8.88723e-11	0.000184496
-5.89846	-6.72748e-11	-0.00360963	-5.62158e-15	7.63749e-10	-2.14266e-11	0.000190836
-5.89836	-6.76512e-11	-0.00360963	-5.63076e-15	7.99357e-10	-2.17282e-11	0.000199162
-5.89826	-6.81559e-11	-0.00360963	-5.64305e-15	8.40362e-10	-2.82869e-11	0.000208925
-5.89815	-6.88378e-11	-0.00360964	-5.65968e-15	8.86851e-10	7.89228e-12	0.000220076
-5.89804	-6.95129e-11	-0.00360964	-5.6761e-15	9.39464e-10	2.98247e-12	0.000232706
-5.89792	-7.02102e-11	-0.00360964	-5.69304e-15	9.98832e-10	1.82099e-11	0.000246978
-5.89779	-7.08357e-11	-0.00360964	-5.70818e-15	1.06618e-09	-2.52668e-11	0.000263128
-5.89766	-7.16751e-11	-0.00360964	-5.72851e-15	1.14279e-09	2.39274e-11	0.000281477
-5.89751	-7.24005e-11	-0.00360965	-5.746e-15	1.23107e-09	1.55273e-12	0.000302494
-5.89735	-7.31698e-11	-0.00360965	-5.76451e-15	1.334e-09	5.31616e-12	0.000326868
-5.89718	-7.39583e-11	-0.00360965	-5.78343e-15	1.4573e-09	7.51756e-12	0.000355706
-5.897	-7.47499e-11	-0.00360965	-5.80233e-15	1.61174e-09	1.80973e-11	0.000391114
-5.89679	-7.54395e-11	-0.00360966	-5.81869e-15	1.83303e-09	2.94476e-11	0.000439018
-5.89656	-7.58799e-11	-0.00360966	-5.82888e-15	2.13632e-09	2.52734e-11	0.000505907
-5.89629	-7.60491e-11	-0.00360966	-5.8324e-15	2.55506e-09	1.25073e-11	0.000597989
-5.89596	-7.60478e-11	-0.00360967	-5.83167e-15	3.1771e-09	9.33885e-13	0.000730752
-5.89556	-7.60273e-11	-0.00360968	-5.8303e-15	4.23206e-09	-3.15319e-12	0.000944753
-5.89502	-7.60851e-11	-0.00360968	-5.83052e-15	6.48735e-09	3.05122e-12	0.00136748
-5.89419	-7.60474e-11	-0.0036097	-5.82781e-15	1.34408e-08	9.68593e-12	0.0025459
-5.89247	-7.51371e-11	-0.00360972	-5.80264e-15	9.33522e-08	-2.36406e-12	0.0139073
-5.88028	-7.01199e-11	-0.00360989	-5.66988e-15	-0.0559786	-8.30262e-12	59.9746
54.0822	4.72453e-11	-0.0133559	5.23087e-15	-0.096039	3.11613e-14	119.968
