-51.7837	-3.07028e-12	-0.00357946	-4.45648e-16	0.04	-1.73874e-10	60.0052
-51.7814	-2.26225e-11	-0.0035796	-1.98644e-15	1.18858e-09	1.8801e-09	0.00240045
-51.7813	-9.70145e-12	-0.00357961	-9.67721e-16	6.40311e-10	2.06259e-09	0.000233039
-51.7812	5.67184e-12	-0.00357961	2.43593e-16	4.86058e-10	-4.644e-10	0.000143507
-51.7811	1.59033e-11	-0.00357962	1.04953e-15	4.34423e-10	-1.62034e-09	0.000117272
-51.7811	2.05637e-11	-0.00357962	1.41648e-15	4.16168e-10	-1.17035e-09	0.000108367
-51.781	2.19256e-11	-0.00357963	1.52355e-15	4.12018e-10	-2.50373e-10	0.000105513
-51.781	2.26168e-11	-0.00357963	1.5778e-15	4.14818e-10	1.98939e-10	0.000105341
-51.7809	2.38383e-11	-0.00357963	1.67377e-15	4.21183e-10	1.75048e-10	0.000106508
-51.7809	2.55483e-11	-0.00357964	1.80817e-15	4.29704e-10	-2.17585e-11	0.000108405
-51.7808	2.72333e-11	-0.00357964	1.94061e-15	4.39392e-10	-1.68756e-10	0.000110725
-51.7808	2.8484e-11	-0.00357964	2.0388e-15	4.50023e-10	-2.43941e-10	0.000113314
-51.7807	2.90656e-11	-0.00357965	2.08429e-15	4.61226e-10	-1.35341e-10	0.000116096
-51.7806	2.9264e-11	-0.00357965	2.09962e-15	4.73045e-10	-1.94014e-10	0.00011903
-51.7806	2.88829e-11	-0.00357965	2.06934e-15	4.85295e-10	-1.23666e-10	0.000122096
-51.7805	2.81096e-11	-0.00357966	2.0082e-15	4.98087e-10	-1.28435e-10	0.000125287
-51.7804	2.69084e-11	-0.00357966	1.9134e-15	5.11311e-10	-1.34983e-10	0.000128602
-51.7804	2.52357e-11	-0.00357966	1.78149e-15	5.25081e-10	-1.77751e-10	0.000132042
-51.7803	2.29233e-11	-0.00357967	1.59936e-15	5.39318e-10	-5.83365e-11	0.000135611
-51.7802	2.03478e-11	-0.00357967	1.39654e-15	5.54119e-10	-1.19115e-10	0.000139311
-51.7802	1.72812e-11	-0.00357968	1.15517e-15	5.69425e-10	-9.62669e-11	0.000143147
-51.7801	1.37806e-11	-0.00357968	8.79759e-16	5.8531e-10	-2.06303e-11	0.000147122
-51.78	1.01054e-11	-0.00357969	5.90691e-16	6.01717e-10	7.49014e-11	0.000151236
-51.78	6.61435e-12	-0.00357969	3.16187e-16	6.18755e-10	-1.68076e-11	0.000155498
-51.7799	2.95814e-12	-0.0035797	2.87954e-17	6.36489e-10	1.85206e-10	0.000159929
-51.7798	-5.19171e-14	-0.0035797	-2.07775e-16	6.54976e-10	5.09411e-11	0.000164545
-51.7797	-2.93686e-12	-0.00357971	-4.34412e-16	6.74179e-10	2.29556e-10	0.000169348
-51.7796	-4.92049e-12	-0.00357971	-5.9018e-16	6.94143e-10	2.04649e-10	0.000174339
-51.7795	-6.0579e-12	-0.00357972	-6.79464e-16	7.14855e-10	2.34309e-10	0.000179522
-51.7794	-6.16221e-12	-0.00357972	-6.8758e-16	7.36404e-10	1.64368e-10	0.000184908
-51.7794	-5.49854e-12	-0.00357973	-6.35398e-16	7.58887e-10	1.93724e-10	0.000190519
-51.7793	-3.87803e-12	-0.00357974	-5.08195e-16	7.82353e-10	1.05536e-10	0.000196375
-51.7792	-1.68139e-12	-0.00357974	-3.35801e-16	8.06717e-10	5.94246e-11	0.00020247
-51.7791	8.89071e-13	-0.00357975	-1.34153e-16	8.31997e-10	-5.72138e-11	0.000208797
-51.7789	3.23684e-12	-0.00357976	4.9932e-17	8.58237e-10	-6.88638e-11	0.000215363
-51.7788	5.28215e-12	-0.00357976	2.10238e-16	8.8566e-10	-1.4199e-10	0.000222202
-51.7787	6.59166e-12	-0.00357977	3.12732e-16	9.14205e-10	-1.1686e-10	0.000229335
-51.7786	7.26275e-12	-0.00357978	3.65206e-16	9.43742e-10	-1.06888e-10	0.000236737
-51.7785	7.31286e-12	-0.00357978	3.68926e-16	9.74242e-10	-8.3366e-11	0.000244389
-51.7784	6.84715e-12	-0.00357979	3.32286e-16	1.00591e-09	-2.95744e-11	0.000252312
-51.7782	6.17677e-12	-0.0035798	2.79603e-16	1.03876e-09	-1.32596e-12	0.000260535
-51.7781	5.47571e-12	-0.00357981	2.24538e-16	1.07249e-09	2.69361e-11	0.00026902
-51.778	4.93594e-12	-0.00357982	1.82134e-16	1.10696e-09	4.48844e-11	0.000277714
-51.7778	4.69536e-12	-0.00357983	1.63159e-16	1.14234e-09	3.74445e-11	0.000286617
-51.7777	4.71963e-12	-0.00357983	1.64884e-16	1.17833e-09	2.03634e-11	0.000295713
-51.7775	4.89753e-12	-0.00357984	1.78671e-16	1.21434e-09	6.58285e-12	0.000304891
-51.7774	5.13181e-12	-0.00357985	1.96799e-16	1.24995e-09	-3.20028e-12	0.00031402
-51.7772	5.34747e-12	-0.00357986	2.13471e-16	1.28506e-09	-6.63482e-12	0.000323035
-51.7771	5.51487e-12	-0.00357987	2.26381e-16	1.32276e-09	-4.03349e-12	0.000332317
-51.7769	5.65318e-12	-0.00357988	2.36966e-16	1.36373e-09	-5.37567e-12	0.000342345
-51.7767	5.74907e-12	-0.00357989	2.44246e-16	1.40752e-09	-2.78585e-12	0.00035315
-51.7765	5.82306e-12	-0.00357991	2.4982e-16	1.45379e-09	-2.49069e-12	0.000364632
-51.7763	5.87641e-12	-0.00357992	2.53754e-16	1.50222e-09	-5.96441e-13	0.000376704
-51.7762	5.92582e-12	-0.00357993	2.57356e-16	1.55315e-09	-5.14758e-13	0.000389371
-51.776	5.97182e-12	-0.00357994	2.60694e-16	1.60639e-09	1.09685e-12	0.000402651
-51.7758	6.03062e-12	-0.00357995	2.65026e-16	1.66154e-09	3.32208e-13	0.00041647
-51.7755	6.09496e-12	-0.00357997	2.69777e-16	1.71886e-09	-2.48523e-12	0.00043081
-51.7753	6.1343e-12	-0.00357998	2.72562e-16	1.77805e-09	-1.36233e-12	0.000445665
-51.7751	6.15956e-12	-0.00357999	2.74224e-16	1.83847e-09	-1.63991e-12	0.000460916
-51.7749	6.16647e-12	-0.00358001	2.74454e-16	1.90031e-09	-2.22603e-12	0.000476505
-51.7746	6.14665e-12	-0.00358002	2.72619e-16	1.96295e-09	3.1741e-12	0.000492378
-51.7744	6.16588e-12	-0.00358004	2.73804e-16	2.02573e-09	-1.21159e-12	0.00050837
-51.7741	6.17009e-12	-0.00358006	2.73789e-16	2.0887e-09	-2.74528e-12	0.000524406
-51.7738	6.13789e-12	-0.00358007	2.70946e-16	2.15086e-09	1.33636e-12	0.000540363
-51.7736	6.12304e-12	-0.00358009	2.69445e-16	2.21156e-09	4.39749e-12	0.000556031
-51.7733	6.16976e-12	-0.00358011	2.72718e-16	2.27649e-09	-1.46159e-12	0.000572054
-51.773	6.19664e-12	-0.00358012	2.74404e-16	2.34675e-09	-1.86775e-12	0.000589295
-51.7727	6.19642e-12	-0.00358014	2.74024e-16	2.41853e-09	-1.82032e-12	0.000607411
-51.7724	6.16813e-12	-0.00358016	2.71427e-16	2.49087e-09	8.42493e-13	0.000625793
-51.7721	6.15237e-12	-0.00358018	2.69812e-16	2.56257e-09	4.37593e-13	0.000644166
-51.7717	6.14331e-12	-0.0035802	2.68683e-16	2.63416e-09	7.19892e-13	0.000662444
-51.7714	6.14607e-12	-0.00358022	2.68458e-16	2.70544e-09	1.17498e-12	0.000680668
-51.7711	6.16918e-12	-0.00358024	2.69815e-16	2.7771e-09	7.62116e-13	0.000698901
-51.7707	6.20638e-12	-0.00358026	2.72217e-16	2.85239e-09	-1.05899e-12	0.000717647
-51.7703	6.22535e-12	-0.00358029	2.73222e-16	2.93345e-09	5.9859e-13	0.000737594
-51.77	6.25604e-12	-0.00358031	2.75098e-16	3.01426e-09	-1.29589e-12	0.000758245
-51.7696	6.26268e-12	-0.00358033	2.75132e-16	3.09195e-09	-8.60771e-14	0.000778468
-51.7692	6.2678e-12	-0.00358036	2.74995e-16	3.16645e-09	1.82913e-12	0.000797886
-51.7688	6.30996e-12	-0.00358038	2.77717e-16	3.24009e-09	1.27811e-12	0.000816788
-51.7684	6.3795e-12	-0.00358041	2.82506e-16	3.31406e-09	4.14124e-13	0.000835623
-51.768	6.45937e-12	-0.00358043	2.88087e-16	3.39456e-09	-7.01764e-13	0.000855333
-51.7675	6.52601e-12	-0.00358046	2.92602e-16	3.47857e-09	-9.27412e-13	0.000876326
-51.7671	6.57373e-12	-0.00358049	2.9566e-16	3.55666e-09	-1.1401e-12	0.000897012
-51.7666	6.59666e-12	-0.00358051	2.96818e-16	3.63142e-09	1.11848e-12	0.00091652
-51.7662	6.64598e-12	-0.00358054	2.99939e-16	3.70376e-09	1.30328e-12	0.000935294
-51.7657	6.72705e-12	-0.00358057	3.05489e-16	3.77935e-09	-1.07573e-12	0.000954174
-51.7652	6.78386e-12	-0.0035806	3.09159e-16	3.86053e-09	-1.31915e-12	0.000974183
-51.7647	6.80942e-12	-0.00358063	3.10409e-16	3.93656e-09	-3.4863e-13	0.000994249
-51.7642	6.82674e-12	-0.00358066	3.11049e-16	4.00862e-09	9.53908e-13	0.00101315
-51.7637	6.86875e-12	-0.00358069	3.13512e-16	4.07819e-09	-2.36854e-13	0.00103123
-51.7632	6.90534e-12	-0.00358072	3.15565e-16	4.15202e-09	-8.21647e-13	0.00104954
-51.7627	6.92083e-12	-0.00358075	3.16016e-16	4.22619e-09	-1.53324e-12	0.00106843
-51.7621	6.89529e-12	-0.00358079	3.13304e-16	4.29502e-09	-4.54762e-13	0.00108669
-51.7616	6.85687e-12	-0.00358082	3.09654e-16	4.36095e-09	1.53188e-12	0.00110389
-51.761	6.86046e-12	-0.00358085	3.09147e-16	4.42777e-09	-3.94217e-13	0.00112084
-51.7604	6.85298e-12	-0.00358089	3.07771e-16	4.49628e-09	5.0964e-14	0.00113812
-51.7599	6.84684e-12	-0.00358092	3.065e-16	4.55938e-09	1.8348e-14	0.00115492
-51.7593	6.84115e-12	-0.00358095	3.0529e-16	4.61987e-09	5.10959e-13	0.0011707
-51.7587	6.85044e-12	-0.00358099	3.05153e-16	4.68086e-09	-9.06563e-13	0.00118621
-51.7581	6.83279e-12	-0.00358102	3.0299e-16	4.74133e-09	-8.0351e-14	0.00120172
-51.7575	6.81248e-12	-0.00358106	3.00644e-16	4.79725e-09	4.46379e-14	0.00121659
-51.7569	6.7933e-12	-0.0035811	2.98357e-16	4.8511e-09	5.0991e-13	0.0012306
-51.7563	6.78967e-12	-0.00358113	2.97223e-16	4.90545e-09	3.04361e-14	0.00124442
-51.7556	6.78696e-12	-0.00358117	2.96144e-16	4.95657e-09	-5.54827e-13	0.00125789
-51.755	6.76668e-12	-0.00358121	2.93768e-16	5.00446e-09	-7.20982e-13	0.00127053
-51.7544	6.7232e-12	-0.00358125	2.89633e-16	5.05151e-09	1.6324e-13	0.00128266
-51.7537	6.68456e-12	-0.00358128	2.8589e-16	5.09678e-09	6.15024e-13	0.00129445
-51.7531	6.66557e-12	-0.00358132	2.83566e-16	5.13863e-09	-2.25634e-13	0.00130558
-51.7524	6.63903e-12	-0.00358136	2.8071e-16	5.1787e-09	1.69976e-14	0.00131604
-51.7518	6.61284e-12	-0.0035814	2.77853e-16	5.21725e-09	-5.45909e-13	0.00132608
-51.7511	6.56829e-12	-0.00358144	2.73681e-16	5.25266e-09	7.12953e-14	0.00133553
-51.7504	6.52583e-12	-0.00358148	2.69618e-16	5.28595e-09	-5.13925e-14	0.00134431
-51.7498	6.48136e-12	-0.00358151	2.65448e-16	5.31756e-09	-3.09047e-14	0.0013526
-51.7491	6.43558e-12	-0.00358155	2.61156e-16	5.34614e-09	1.54064e-13	0.00136028
-51.7484	6.39481e-12	-0.00358159	2.57263e-16	5.37281e-09	5.25625e-14	0.00136734
-51.7477	6.35564e-12	-0.00358163	2.53468e-16	5.39734e-09	-3.39804e-13	0.00137388
-51.747	6.30458e-12	-0.00358167	2.48834e-16	5.41907e-09	-5.92708e-14	0.00137979
-51.7463	6.25128e-12	-0.00358171	2.44029e-16	5.43907e-09	-1.4221e-13	0.00138512
-51.7456	6.19284e-12	-0.00358175	2.3886e-16	5.45664e-09	1.65047e-13	0.00138992
-51.7449	6.13996e-12	-0.00358179	2.34095e-16	5.47154e-09	-4.83654e-13	0.00139407
-51.7442	6.07006e-12	-0.00358183	2.28121e-16	5.48498e-09	3.66076e-13	0.00139769
-51.7435	6.01279e-12	-0.00358187	2.23041e-16	5.49564e-09	3.10577e-13	0.00140077
-51.7428	5.96629e-12	-0.00358191	2.18789e-16	5.50401e-09	2.09206e-13	0.0014032
-51.7421	5.92707e-12	-0.00358195	2.15076e-16	5.51105e-09	-7.8067e-13	0.00140517
-51.7414	5.86036e-12	-0.00358199	2.09373e-16	5.51505e-09	-5.6055e-13	0.00140658
-51.7407	5.77388e-12	-0.00358203	2.02233e-16	5.51717e-09	-1.67123e-13	0.00140736
-51.74	5.68148e-12	-0.00358207	1.94706e-16	5.51803e-09	-1.40873e-13	0.00140774
-51.7393	5.58412e-12	-0.00358211	1.86871e-16	5.51554e-09	9.06124e-13	0.00140753
-51.7386	5.51867e-12	-0.00358215	1.81294e-16	5.51182e-09	5.50075e-13	0.00140674
-51.7379	5.47261e-12	-0.00358219	1.77156e-16	5.50666e-09	-8.91053e-13	0.0014056
-51.7372	5.39529e-12	-0.00358223	1.70806e-16	5.4982e-09	-5.42128e-13	0.00140386
-51.7365	5.29908e-12	-0.00358227	1.6311e-16	5.48908e-09	-5.8299e-13	0.00140162
-51.7358	5.18262e-12	-0.00358231	1.53976e-16	5.4782e-09	3.71595e-13	0.00139906
-51.7351	5.07938e-12	-0.00358235	1.45801e-16	5.46422e-09	1.95007e-13	0.00139589
-51.7344	4.98319e-12	-0.00358239	1.38212e-16	5.45014e-09	1.62327e-13	0.0013923
-51.7337	4.8929e-12	-0.00358243	1.31013e-16	5.43361e-09	3.13456e-13	0.00138839
-51.733	4.81374e-12	-0.00358247	1.24634e-16	5.41477e-09	-1.85294e-14	0.00138387
-51.7323	4.73422e-12	-0.0035825	1.18278e-16	5.39604e-09	-4.82779e-13	0.00137908
-51.7316	4.63836e-12	-0.00358254	1.10767e-16	5.37416e-09	-2.57614e-13	0.00137389
-51.731	4.53406e-12	-0.00358258	1.02685e-16	5.35105e-09	-4.31063e-13	0.00136814
-51.7303	4.41549e-12	-0.00358262	9.36088e-17	5.32792e-09	1.43699e-13	0.00136223
-51.7296	4.30232e-12	-0.00358266	8.4976e-17	5.30112e-09	-5.07285e-13	0.00135586
-51.7289	4.17257e-12	-0.00358269	7.5181e-17	5.27428e-09	3.51591e-13	0.001349
-51.7283	4.05531e-12	-0.00358273	6.6287e-17	5.24682e-09	-2.68381e-13	0.00134207
-51.7276	3.92967e-12	-0.00358277	5.68691e-17	5.21577e-09	2.0334e-13	0.0013346
-51.7269	3.81155e-12	-0.0035828	4.79758e-17	5.18553e-09	5.596e-15	0.00132677
-51.7263	3.69429e-12	-0.00358284	3.91853e-17	5.15385e-09	-9.7287e-14	0.00131886
-51.7256	3.57455e-12	-0.00358287	3.02731e-17	5.11916e-09	-8.70661e-13	0.00131038
-51.7249	3.4272e-12	-0.00358291	1.94249e-17	5.08579e-09	1.63564e-13	0.00130169
-51.7243	3.28611e-12	-0.00358295	9.06657e-18	5.05009e-09	-3.31162e-13	0.00129287
-51.7237	3.13535e-12	-0.00358298	-1.91599e-18	5.01228e-09	6.91828e-13	0.00128348
-51.723	3.00783e-12	-0.00358302	-1.12493e-17	4.97593e-09	-1.21691e-13	0.00127401
-51.7224	2.87738e-12	-0.00358305	-2.0782e-17	4.93639e-09	1.68446e-13	0.00126431
-51.7217	2.75327e-12	-0.00358308	-2.9835e-17	4.89575e-09	-4.02329e-13	0.00125407
-51.7211	2.61762e-12	-0.00358312	-3.96352e-17	4.85651e-09	-1.12658e-13	0.00124387
-51.7205	2.47957e-12	-0.00358315	-4.96048e-17	4.8134e-09	-4.06065e-13	0.00123336
-51.7199	2.33028e-12	-0.00358318	-6.02919e-17	4.77009e-09	-9.07143e-13	0.00122232
-51.7193	2.15474e-12	-0.00358322	-7.275e-17	4.72801e-09	-6.50436e-14	0.00121142
-51.7187	1.97879e-12	-0.00358325	-8.52073e-17	4.68161e-09	7.18037e-13	0.00120012
-51.7181	1.82601e-12	-0.00358328	-9.60315e-17	4.6355e-09	-2.63201e-13	0.0011883
-51.7175	1.66695e-12	-0.00358331	-1.07261e-16	4.59064e-09	1.56129e-13	0.00117669
-51.7169	1.514e-12	-0.00358334	-1.1801e-16	4.54106e-09	1.92509e-13	0.00116463
-51.7163	1.36829e-12	-0.00358337	-1.28259e-16	4.49194e-09	-1.48701e-13	0.00115203
-51.7158	1.21989e-12	-0.0035834	-1.38664e-16	4.44428e-09	5.93938e-14	0.00113967
-51.7152	1.07475e-12	-0.00358344	-1.48801e-16	4.39165e-09	-8.21183e-13	0.00112687
-51.7146	9.08334e-13	-0.00358346	-1.60364e-16	4.33899e-09	-1.2068e-12	0.00111342
-51.7141	7.10528e-13	-0.00358349	-1.74007e-16	4.28838e-09	3.99796e-13	0.00110024
-51.7135	5.25964e-13	-0.00358352	-1.86711e-16	4.23304e-09	8.55931e-13	0.00108671
-51.713	3.66887e-13	-0.00358355	-1.97672e-16	4.17602e-09	7.41713e-13	0.00107237
-51.7125	2.29705e-13	-0.00358358	-2.07115e-16	4.1219e-09	-1.98076e-14	0.00105818
-51.7119	9.3782e-14	-0.00358361	-2.16461e-16	4.06461e-09	-6.47333e-13	0.00104396
-51.7114	-5.70262e-14	-0.00358363	-2.26781e-16	4.00234e-09	-7.0524e-13	0.0010287
-51.7109	-2.23518e-13	-0.00358366	-2.38105e-16	3.94356e-09	-1.67721e-12	0.00101324
-51.7104	-4.29734e-13	-0.00358369	-2.52074e-16	3.8847e-09	-1.47345e-12	0.000998227
-51.7099	-6.69362e-13	-0.00358371	-2.68273e-16	3.81799e-09	2.63972e-13	0.0009822
-51.7094	-8.98446e-13	-0.00358374	-2.83706e-16	3.75238e-09	4.36893e-13	0.000965311
-51.7089	-1.11314e-12	-0.00358376	-2.98157e-16	3.68971e-09	3.22397e-12	0.000948938
-51.7085	-1.2484e-12	-0.00358379	-3.07231e-16	3.62332e-09	3.82772e-12	0.000932466
-51.708	-1.29281e-12	-0.00358381	-3.10229e-16	3.54949e-09	3.94792e-12	0.000914571
-51.7075	-1.24697e-12	-0.00358384	-3.07196e-16	3.47928e-09	5.42117e-13	0.000896188
-51.7071	-1.19002e-12	-0.00358386	-3.03417e-16	3.41135e-09	-4.96967e-12	0.000878558
-51.7067	-1.24226e-12	-0.00358388	-3.06934e-16	3.33867e-09	-7.83616e-12	0.000860616
-51.7062	-1.46017e-12	-0.0035839	-3.2146e-16	3.25861e-09	-5.68984e-12	0.000841125
-51.7058	-1.79103e-12	-0.00358393	-3.43469e-16	3.18226e-09	-2.74851e-12	0.000821167
-51.7054	-2.1699e-12	-0.00358395	-3.68599e-16	3.10904e-09	-2.40305e-12	0.000802083
-51.705	-2.58767e-12	-0.00358397	-3.96269e-16	3.03438e-09	1.68768e-12	0.000783215
-51.7046	-2.96275e-12	-0.00358399	-4.21057e-16	2.95112e-09	6.71079e-12	0.000763066
-51.7043	-3.20129e-12	-0.00358401	-4.36762e-16	2.8686e-09	8.62311e-12	0.000741916
-51.7039	-3.27549e-12	-0.00358403	-4.41573e-16	2.79087e-09	8.68537e-12	0.000721471
-51.7035	-3.19318e-12	-0.00358404	-4.36042e-16	2.71611e-09	8.49241e-12	0.000702019
-51.7032	-2.96605e-12	-0.00358406	-4.20938e-16	2.64089e-09	7.30079e-12	0.000682887
-51.7029	-2.62232e-12	-0.00358408	-3.982e-16	2.55969e-09	3.68665e-12	0.000662934
-51.7025	-2.22903e-12	-0.0035841	-3.72208e-16	2.47939e-09	-1.55397e-12	0.000642334
-51.7022	-1.87264e-12	-0.00358411	-3.48716e-16	2.40503e-09	-8.49521e-12	0.000622606
-51.7019	-1.65715e-12	-0.00358413	-3.34503e-16	2.33616e-09	-1.68433e-11	0.000604338
-51.7016	-1.69862e-12	-0.00358414	-3.37247e-16	2.27188e-09	-2.29702e-11	0.000587357
-51.7013	-2.07154e-12	-0.00358416	-3.61736e-16	2.20958e-09	-2.02136e-11	0.000571213
-51.701	-2.71886e-12	-0.00358417	-4.04226e-16	2.14607e-09	-8.63948e-12	0.000555168
-51.7008	-3.46572e-12	-0.00358419	-4.5316e-16	2.0839e-09	-3.99186e-12	0.00053914
-51.7005	-4.24395e-12	-0.0035842	-5.04115e-16	2.02842e-09	6.39357e-12	0.000524137
-51.7002	-4.91881e-12	-0.00358421	-5.48214e-16	1.97991e-09	8.83289e-12	0.000510876
-51.7	-5.46607e-12	-0.00358423	-5.83912e-16	1.93774e-09	1.05457e-11	0.000499312
-51.6997	-5.87144e-12	-0.00358424	-6.10267e-16	1.9013e-09	7.44155e-12	0.000489289
-51.6995	-6.17903e-12	-0.00358425	-6.30216e-16	1.86972e-09	1.04093e-11	0.000480616
-51.6993	-6.35748e-12	-0.00358426	-6.41687e-16	1.84211e-09	1.45527e-11	0.000473069
-51.699	-6.36246e-12	-0.00358427	-6.41822e-16	1.81711e-09	1.40289e-11	0.000466361
-51.6988	-6.20493e-12	-0.00358429	-6.31372e-16	1.79634e-09	8.63809e-12	0.000460525
-51.6986	-5.95033e-12	-0.0035843	-6.1456e-16	1.78265e-09	1.41629e-11	0.00045613
-51.6983	-5.53678e-12	-0.00358431	-5.87422e-16	1.77541e-09	9.05709e-12	0.000453461
-51.6981	-5.02244e-12	-0.00358432	-5.53756e-16	1.77424e-09	-1.08164e-12	0.00045239
-51.6979	-4.52067e-12	-0.00358433	-5.20942e-16	1.7789e-09	-5.58468e-12	0.000452835
-51.6977	-4.08089e-12	-0.00358434	-4.92214e-16	1.78896e-09	-5.80424e-12	0.000454712
-51.6974	-3.70479e-12	-0.00358435	-4.67661e-16	1.80418e-09	-5.10716e-12	0.000457935
-51.6972	-3.3842e-12	-0.00358437	-4.46731e-16	1.82421e-09	-1.63363e-12	0.00046243
-51.697	-3.07904e-12	-0.00358438	-4.26823e-16	1.84887e-09	-4.54531e-12	0.000468128
-51.6967	-2.82331e-12	-0.00358439	-4.10155e-16	1.87783e-09	-1.41775e-11	0.000474964
-51.6965	-2.73322e-12	-0.0035844	-4.04271e-16	1.91107e-09	-3.42421e-12	0.000482895
-51.6963	-2.68324e-12	-0.00358441	-4.00968e-16	1.96103e-09	-1.12977e-11	0.000493504
-51.696	-2.77314e-12	-0.00358443	-4.0676e-16	2.03651e-09	-2.78464e-12	0.000509501
-51.6957	-2.90264e-12	-0.00358444	-4.15088e-16	2.12719e-09	-2.85467e-12	0.00053069
-51.6955	-3.07661e-12	-0.00358445	-4.26291e-16	2.23161e-09	-3.73515e-12	0.00055557
-51.6952	-3.31224e-12	-0.00358447	-4.4146e-16	2.34985e-09	9.06729e-13	0.000583967
-51.6949	-3.54679e-12	-0.00358448	-4.56523e-16	2.48344e-09	2.7273e-13	0.000616085
-51.6946	-3.79036e-12	-0.0035845	-4.72138e-16	2.63383e-09	2.26414e-12	0.000652306
-51.6942	-4.01069e-12	-0.00358452	-4.86228e-16	2.804e-09	-3.43654e-12	0.000693197
-51.6939	-4.30668e-12	-0.00358453	-5.0516e-16	2.99699e-09	3.02267e-12	0.000739526
-51.6935	-4.56531e-12	-0.00358455	-5.21637e-16	3.21874e-09	7.81236e-14	0.000792441
-51.6931	-4.8415e-12	-0.00358457	-5.39186e-16	3.47642e-09	5.75928e-13	0.000853617
-51.6926	-5.12704e-12	-0.0035846	-5.57293e-16	3.78424e-09	8.73714e-13	0.000925784
-51.6922	-5.41682e-12	-0.00358462	-5.75575e-16	4.16892e-09	2.32238e-12	0.00101417
-51.6916	-5.67435e-12	-0.00358465	-5.9173e-16	4.72044e-09	3.92321e-12	0.00113369
-51.691	-5.8479e-12	-0.00358468	-6.02437e-16	5.47357e-09	3.42964e-12	0.0013003
-51.6903	-5.92943e-12	-0.00358471	-6.07119e-16	6.50715e-09	1.72444e-12	0.00152856
-51.6895	-5.95479e-12	-0.00358475	-6.08126e-16	8.03193e-09	1.26183e-13	0.00185559
-51.6885	-5.97965e-12	-0.0035848	-6.08939e-16	1.05969e-08	-4.6699e-13	0.00237887
-51.6871	-6.04406e-12	-0.00358487	-6.11991e-16	1.60175e-08	4.31689e-13	0.00340244
-51.6851	-6.09734e-12	-0.00358497	-6.13769e-16	3.23083e-08	1.53355e-12	0.006199
-51.6809	-5.88703e-12	-0.00358517	-5.97448e-16	1.93277e-07	1.06151e-13	0.0301203
-51.655	-4.43321e-12	-0.00358638	-4.9368e-16	-0.0558133	-1.12162e-12	59.9002
8.21927	-1.07522e-12	-0.013344	4.71425e-17	-0.0960435	7.69281e-17	119.877
