15.2043	-1.7863e-13	0.00408209	-3.66596e-18	0.0399932	3.27015e-16	85.8573
16.1574	-1.63602e-13	0.00395629	-5.71917e-18	8.64787e-07	1.41918e-15	1.11693
16.3213	-1.49391e-13	0.00390442	-2.66985e-18	6.27529e-07	3.889e-16	0.263772
16.4212	-1.38785e-13	0.00387107	1.66018e-19	5.37459e-07	-4.42095e-16	0.181772
16.503	-1.31903e-13	0.00384287	1.81255e-18	5.16157e-07	-6.04471e-16	0.159757
16.5809	-1.2771e-13	0.00381532	2.52072e-18	5.22167e-07	-3.33873e-16	0.156885
16.6599	-1.24776e-13	0.00378666	2.48572e-18	5.41443e-07	-6.71497e-17	0.161629
16.7425	-1.21985e-13	0.00375584	2.56143e-18	5.68164e-07	3.17052e-17	0.170421
16.8303	-1.1888e-13	0.00372206	2.77869e-18	5.99191e-07	2.42229e-17	0.181796
16.9243	-1.15442e-13	0.00368444	2.84942e-18	6.32944e-07	-1.54745e-17	0.195057
17.0254	-1.11824e-13	0.00364184	3.02984e-18	6.68136e-07	-3.04487e-17	0.209832
17.1342	-1.08096e-13	0.00359564	3.14249e-18	7.0433e-07	-3.38151e-17	0.225969
17.2514	-1.04277e-13	0.00354646	3.12555e-18	7.40594e-07	-1.77489e-17	0.243383
17.3775	-1.00277e-13	0.00349403	2.82909e-18	7.76338e-07	-1.98198e-17	0.261948
17.5133	-9.61091e-14	0.00343815	2.2114e-18	8.10679e-07	-1.47788e-17	0.281523
17.6591	-9.17414e-14	0.00337873	1.72583e-18	8.43045e-07	-1.47508e-17	0.301944
17.8152	-8.71772e-14	0.00331578	1.33958e-18	8.72713e-07	-1.59605e-17	0.323031
17.9821	-8.24343e-14	0.00324963	1.32137e-18	8.99347e-07	-1.96228e-17	0.344627
18.1599	-7.75557e-14	0.00318155	1.15027e-18	9.22568e-07	-1.85167e-17	0.366636
18.3487	-7.25479e-14	0.00311173	1.3417e-18	9.42034e-07	-2.26541e-17	0.388885
18.5488	-6.74709e-14	0.0030398	1.82135e-18	9.57491e-07	-2.2412e-17	0.41112
18.7599	-6.23496e-14	0.00296598	2.61945e-18	9.68975e-07	-2.09404e-17	0.433137
18.9819	-5.71957e-14	0.00289133	3.54314e-18	9.76631e-07	-1.8497e-17	0.454886
19.2147	-5.20064e-14	0.00281777	4.50452e-18	9.80586e-07	-2.51891e-17	0.476345
19.4582	-4.68867e-14	0.00274406	5.6514e-18	9.81024e-07	-1.46299e-17	0.49729
19.712	-4.17365e-14	0.00266983	6.8526e-18	9.78303e-07	-2.16546e-17	0.517493
19.9757	-3.66709e-14	0.00259604	7.98964e-18	9.72713e-07	-1.41183e-17	0.537018
20.2491	-3.16138e-14	0.00252468	9.11577e-18	9.64528e-07	-1.49386e-17	0.555954
20.5317	-2.65956e-14	0.00245407	1.00289e-17	9.54253e-07	-1.24052e-17	0.574104
20.8232	-2.16017e-14	0.00238393	1.10667e-17	9.42196e-07	-1.48027e-17	0.591343
21.123	-1.66859e-14	0.00231588	1.2199e-17	9.28414e-07	-1.15233e-17	0.607887
21.431	-1.18144e-14	0.00224993	1.32391e-17	9.13447e-07	-1.25968e-17	0.623728
21.7468	-7.02008e-15	0.00218478	1.45924e-17	8.97689e-07	-1.0281e-17	0.638671
22.0697	-2.2821e-15	0.00212135	1.60733e-17	8.80918e-07	-1.11211e-17	0.652896
22.3997	2.37471e-15	0.00206037	1.77165e-17	8.63647e-07	-8.21695e-18	0.66649
22.7362	6.98631e-15	0.00200038	1.9568e-17	8.46241e-07	-9.44602e-18	0.679281
23.0789	1.15206e-14	0.00194206	2.15163e-17	8.28341e-07	-7.77189e-18	0.691421
23.4276	1.5998e-14	0.00188598	2.33942e-17	8.10422e-07	-7.95087e-18	0.702999
23.7819	2.04065e-14	0.00183091	2.50643e-17	7.92776e-07	-7.95961e-18	0.713877
24.1415	2.47372e-14	0.00177761	2.6171e-17	7.74891e-07	-7.51465e-18	0.724213
24.5062	2.89918e-14	0.00172611	2.68464e-17	7.57427e-07	-7.54996e-18	0.734046
24.8755	3.31624e-14	0.00167558	2.70457e-17	7.403e-07	-7.01044e-18	0.743283
25.2494	3.72523e-14	0.00162691	2.70763e-17	7.23194e-07	-6.17318e-18	0.752089
25.6276	4.12727e-14	0.00157953	2.70891e-17	7.06768e-07	-5.79411e-18	0.760429
26.0099	4.52248e-14	0.00153319	2.7944e-17	6.9055e-07	-5.91419e-18	0.768296
26.3959	4.91025e-14	0.00148859	2.97128e-17	6.74684e-07	-5.94375e-18	0.77581
26.7857	5.29011e-14	0.00144487	3.22582e-17	6.59519e-07	-5.4285e-18	0.782889
27.1788	5.6626e-14	0.00140244	3.4628e-17	6.44427e-07	-4.81384e-18	0.789623
27.5753	6.02869e-14	0.00136123	3.6707e-17	6.30069e-07	-4.0073e-18	0.796031
27.9749	6.38962e-14	0.00132082	3.84748e-17	6.16051e-07	-4.23718e-18	0.802076
28.3774	6.74467e-14	0.00128178	4.00774e-17	6.02385e-07	-4.20898e-18	0.807859
28.7827	7.09368e-14	0.0012435	4.14656e-17	5.8942e-07	-4.41844e-18	0.813322
29.1907	7.43593e-14	0.00120623	4.28223e-17	5.76572e-07	-4.58009e-18	0.818527
29.6012	7.77093e-14	0.00116991	4.4084e-17	5.6443e-07	-4.41706e-18	0.823487
30.0142	8.09875e-14	0.00113428	4.50586e-17	5.52571e-07	-4.08042e-18	0.828179
30.4294	8.41992e-14	0.00109971	4.56482e-17	5.41106e-07	-4.37318e-18	0.832676
30.8469	8.73365e-14	0.00106572	4.62938e-17	5.30231e-07	-4.13466e-18	0.836927
31.2663	9.04024e-14	0.0010326	4.74339e-17	5.19467e-07	-3.62451e-18	0.840993
31.6878	9.34065e-14	0.00100016	4.91949e-17	5.09403e-07	-3.42963e-18	0.844863
32.1112	9.63513e-14	0.00096834	5.09732e-17	4.99439e-07	-3.0998e-18	0.848542
32.5364	9.92427e-14	0.000937289	5.26173e-17	4.90018e-07	-2.52798e-18	0.852068
32.9633	1.02092e-13	0.000906705	5.38143e-17	4.80906e-07	-3.20115e-18	0.855405
33.3918	1.04883e-13	0.000876869	5.44833e-17	4.72055e-07	-3.22596e-18	0.85861
33.8219	1.07615e-13	0.000847476	5.48703e-17	4.63725e-07	-2.85055e-18	0.861649
34.2534	1.10295e-13	0.000818685	5.56879e-17	4.55465e-07	-2.52866e-18	0.86456
34.6864	1.12929e-13	0.000790389	5.70104e-17	4.47781e-07	-2.94962e-18	0.867335
35.1208	1.15507e-13	0.000762542	5.85291e-17	4.40166e-07	-3.349e-18	0.869978
35.5564	1.18019e-13	0.000735233	6.01452e-17	4.33007e-07	-2.95681e-18	0.872513
35.9933	1.20474e-13	0.000708267	6.169e-17	4.26064e-07	-2.60212e-18	0.874917
36.4313	1.22879e-13	0.000681828	6.31257e-17	4.19359e-07	-2.60072e-18	0.877229
36.8705	1.25233e-13	0.000655695	6.43183e-17	4.13052e-07	-2.30829e-18	0.87942
37.3108	1.27542e-13	0.00063001	6.52919e-17	4.06795e-07	-2.28096e-18	0.881523
37.752	1.29805e-13	0.000604646	6.61332e-17	4.01036e-07	-2.22606e-18	0.883524
38.1943	1.32025e-13	0.000579631	6.70364e-17	3.95256e-07	-2.21984e-18	0.885436
38.6375	1.34199e-13	0.000554958	6.80801e-17	3.8995e-07	-2.20875e-18	0.887263
39.0815	1.36329e-13	0.000530552	6.88191e-17	3.84676e-07	-2.36821e-18	0.889
39.5265	1.38411e-13	0.000506494	6.92246e-17	3.79748e-07	-2.4523e-18	0.890667
39.9722	1.40442e-13	0.000482649	6.94174e-17	3.74986e-07	-2.11677e-18	0.892243
40.4187	1.42428e-13	0.000459127	6.96019e-17	3.70397e-07	-1.93868e-18	0.893759
40.866	1.44375e-13	0.000435799	6.99749e-17	3.66115e-07	-1.67636e-18	0.895192
41.3139	1.46287e-13	0.000412741	7.06912e-17	3.61864e-07	-1.63867e-18	0.896565
41.7625	1.48165e-13	0.000389877	7.16933e-17	3.58002e-07	-1.99589e-18	0.897866
42.2118	1.50001e-13	0.000367225	7.24704e-17	3.54107e-07	-1.90616e-18	0.899105
42.6616	1.51797e-13	0.000344771	7.30017e-17	3.50604e-07	-1.71704e-18	0.900284
43.1121	1.53556e-13	0.000322479	7.40161e-17	3.47086e-07	-1.54716e-18	0.9014
43.563	1.55283e-13	0.000300379	7.56048e-17	3.43885e-07	-1.91082e-18	0.902465
44.0145	1.56968e-13	0.000278404	7.75476e-17	3.40758e-07	-1.89089e-18	0.903465
44.4665	1.58612e-13	0.000256607	7.95151e-17	3.37823e-07	-1.84799e-18	0.904421
44.919	1.60216e-13	0.000234912	8.08127e-17	3.3508e-07	-1.85048e-18	0.905314
45.3718	1.6178e-13	0.000213365	8.11006e-17	3.32399e-07	-1.93713e-18	0.906166
45.8251	1.63301e-13	0.00019191	8.06233e-17	3.3001e-07	-1.68148e-18	0.90696
46.2788	1.64785e-13	0.000170568	8.06952e-17	3.27591e-07	-1.32343e-18	0.907712
46.7328	1.66241e-13	0.000149311	8.13856e-17	3.25516e-07	-1.28994e-18	0.908413
47.1872	1.67668e-13	0.000128136	8.21531e-17	3.23375e-07	-9.07245e-19	0.90907
47.6419	1.69076e-13	0.000107035	8.29465e-17	3.21575e-07	-1.44413e-18	0.909684
48.0969	1.70451e-13	8.5989e-05	8.37201e-17	3.19728e-07	-1.59292e-18	0.91025
48.5522	1.71791e-13	6.50039e-05	8.44955e-17	3.1817e-07	-1.73226e-18	0.910779
49.0077	1.73093e-13	4.40531e-05	8.56737e-17	3.16627e-07	-1.65272e-18	0.911259
49.4634	1.74357e-13	2.3145e-05	8.72773e-17	3.15287e-07	-1.41639e-18	0.911706
49.9194	1.7559e-13	2.25474e-06	8.88496e-17	3.14047e-07	-7.47648e-19	0.912104
50.3755	1.76806e-13	-1.86136e-05	8.98473e-17	3.12919e-07	-8.59167e-19	0.91247
50.8318	1.78003e-13	-3.94782e-05	9.03985e-17	3.11966e-07	-1.42618e-18	0.912792
51.2883	1.79168e-13	-6.03411e-05	9.11944e-17	3.11057e-07	-1.60695e-18	0.913079
51.7449	1.80296e-13	-8.12155e-05	9.20681e-17	3.10365e-07	-2.32854e-18	0.913326
52.2016	1.81372e-13	-0.000102105	9.19391e-17	3.0969e-07	-2.09912e-18	0.913536
52.6585	1.824e-13	-0.000123025	9.07786e-17	3.09232e-07	-1.02656e-18	0.913711
53.1153	1.83404e-13	-0.000143974	8.97084e-17	3.08807e-07	-3.34664e-19	0.913846
53.5723	1.84401e-13	-0.000164973	8.9091e-17	3.08561e-07	-1.02943e-18	0.91395
54.0293	1.85375e-13	-0.000186013	8.97829e-17	3.08398e-07	-1.0638e-18	0.914013
54.4863	1.86324e-13	-0.000207124	9.16287e-17	3.08349e-07	-1.49731e-18	0.914045
54.9433	1.87239e-13	-0.000228289	9.42788e-17	3.08448e-07	-9.41296e-19	0.914038
55.4003	1.88132e-13	-0.000249542	9.67784e-17	3.08596e-07	-1.28535e-18	0.914
55.8573	1.88996e-13	-0.000270868	9.87791e-17	3.08947e-07	-1.13184e-18	0.913923
56.3143	1.89834e-13	-0.000292293	1.00015e-16	3.09301e-07	-1.41731e-18	0.913814
56.7712	1.9064e-13	-0.000313813	1.00371e-16	3.09887e-07	-1.19062e-18	0.91367
57.2279	1.91418e-13	-0.000335441	1.00144e-16	3.10462e-07	-1.86962e-18	0.913491
57.6846	1.92154e-13	-0.000357189	9.9554e-17	3.11263e-07	-1.08939e-18	0.913279
58.1412	1.92864e-13	-0.00037905	9.92799e-17	3.12079e-07	-1.32964e-18	0.913029
58.5977	1.93544e-13	-0.00040106	9.94304e-17	3.13076e-07	-1.45481e-18	0.91275
59.054	1.9419e-13	-0.000423187	9.95371e-17	3.14149e-07	-1.72528e-18	0.91243
59.5101	1.94797e-13	-0.000445492	9.93614e-17	3.1533e-07	-7.63046e-19	0.912082
59.9661	1.95386e-13	-0.000467921	9.92982e-17	3.16668e-07	-1.10603e-18	0.911692
-59.5782	1.95949e-13	-0.000490549	9.96859e-17	3.18034e-07	-1.34302e-18	0.911274
-59.1227	1.96482e-13	-0.00051332	1.00373e-16	3.19631e-07	-1.42569e-18	0.910815
-58.6674	1.96982e-13	-0.000536299	1.00898e-16	3.21195e-07	-8.00627e-19	0.910324
-58.2124	1.97463e-13	-0.000559451	1.01303e-16	3.23036e-07	-1.10507e-18	0.909795
-57.7576	1.97919e-13	-0.00058281	1.01652e-16	3.24821e-07	-1.38074e-18	0.909231
-57.3031	1.98344e-13	-0.000606382	1.01881e-16	3.26885e-07	-1.09853e-18	0.908632
-56.849	1.98743e-13	-0.000630154	1.01189e-16	3.28918e-07	-1.76343e-18	0.907993
-56.3951	1.99102e-13	-0.000654182	9.96534e-17	3.31186e-07	-2.09148e-18	0.907321
-55.9416	1.99413e-13	-0.000678405	9.79696e-17	3.33491e-07	-1.70966e-18	0.906605
-55.4885	1.99685e-13	-0.000702924	9.65623e-17	3.35951e-07	-1.35276e-18	0.905858
-55.0358	1.99926e-13	-0.000727643	9.6631e-17	3.38543e-07	-1.01804e-18	0.905064
-54.5835	2.00144e-13	-0.000752683	9.82576e-17	3.41199e-07	-1.2778e-18	0.904238
-54.1315	2.00333e-13	-0.000777948	1.00936e-16	3.44073e-07	-1.46443e-18	0.903366
-53.6801	2.00489e-13	-0.000803536	1.02945e-16	3.46945e-07	-1.3901e-18	0.902457
-53.2291	2.00613e-13	-0.000829396	1.03974e-16	3.50086e-07	-1.28301e-18	0.901505
-52.7786	2.00708e-13	-0.000855566	1.04163e-16	3.53207e-07	-1.18471e-18	0.90051
-52.3286	2.00777e-13	-0.000882067	1.03658e-16	3.56593e-07	-1.44259e-18	0.899474
-51.8791	2.00813e-13	-0.000908858	1.03515e-16	3.59998e-07	-1.946e-18	0.89839
-51.4302	2.00805e-13	-0.000936044	1.03959e-16	3.63608e-07	-2.4274e-18	0.897266
-50.9818	2.00743e-13	-0.000963508	1.04603e-16	3.67329e-07	-2.44309e-18	0.896089
-50.5341	2.00626e-13	-0.000991417	1.05118e-16	3.71158e-07	-1.74233e-18	0.894873
-50.087	2.0047e-13	-0.00101962	1.05058e-16	3.75208e-07	-1.46717e-18	0.8936
-49.6405	2.00282e-13	-0.00104828	1.04287e-16	3.79273e-07	-1.22713e-18	0.892285
-49.1947	2.00067e-13	-0.00107729	1.02954e-16	3.8364e-07	-1.30342e-18	0.890913
-48.7496	1.99823e-13	-0.00110673	1.01808e-16	3.8798e-07	-1.78227e-18	0.889492
-48.3052	1.9954e-13	-0.00113661	1.01099e-16	3.92638e-07	-2.25969e-18	0.888018
-47.8616	1.99207e-13	-0.00116688	1.01353e-16	3.97302e-07	-2.22242e-18	0.886484
-47.4187	1.98826e-13	-0.00119768	1.02419e-16	4.02227e-07	-2.19912e-18	0.884901
-46.9767	1.98396e-13	-0.00122885	1.03977e-16	4.0726e-07	-1.65037e-18	0.883249
-46.5355	1.97932e-13	-0.00126062	1.05478e-16	4.12442e-07	-1.40117e-18	0.881548
-46.0951	1.97437e-13	-0.00129277	1.06586e-16	4.17865e-07	-1.76779e-18	0.879773
-45.6557	1.96904e-13	-0.00132554	1.06955e-16	4.2333e-07	-2.63883e-18	0.877943
-45.2172	1.96315e-13	-0.00135878	1.06763e-16	4.29126e-07	-2.75334e-18	0.87604
-44.7796	1.95667e-13	-0.00139258	1.06786e-16	4.34928e-07	-2.8656e-18	0.87407
-44.3431	1.94958e-13	-0.00142698	1.06966e-16	4.41063e-07	-2.78417e-18	0.872032
-43.9076	1.94189e-13	-0.00146188	1.06477e-16	4.4727e-07	-2.27045e-18	0.869913
-43.4732	1.93374e-13	-0.00149751	1.05171e-16	4.53714e-07	-2.01839e-18	0.867728
-43.0399	1.92517e-13	-0.00153362	1.03446e-16	4.60379e-07	-2.73865e-18	0.86545
-42.6077	1.91603e-13	-0.00157052	1.01862e-16	4.67139e-07	-2.65929e-18	0.863102
-42.1768	1.90634e-13	-0.00160797	1.00896e-16	4.74261e-07	-2.54705e-18	0.860659
-41.7471	1.89613e-13	-0.00164617	1.01014e-16	4.81397e-07	-2.62781e-18	0.858132
-41.3187	1.88539e-13	-0.00168508	1.0219e-16	4.88931e-07	-2.65727e-18	0.855513
-40.8916	1.87412e-13	-0.00172464	1.03081e-16	4.96533e-07	-2.65393e-18	0.852791
-40.4659	1.86232e-13	-0.00176511	1.03456e-16	5.04431e-07	-3.18883e-18	0.849981
-40.0416	1.84988e-13	-0.00180617	1.03651e-16	5.12572e-07	-3.34347e-18	0.847049
-39.6188	1.83678e-13	-0.00184824	1.03914e-16	5.2084e-07	-3.46883e-18	0.844024
-39.1976	1.823e-13	-0.00189101	1.04382e-16	5.29512e-07	-3.47185e-18	0.840873
-38.7779	1.80854e-13	-0.00193468	1.04788e-16	5.3823e-07	-3.46331e-18	0.837608
-38.36	1.79342e-13	-0.00197931	1.05178e-16	5.47362e-07	-3.14147e-18	0.834223
-37.9437	1.7777e-13	-0.00202468	1.04834e-16	5.56647e-07	-3.08947e-18	0.830694
-37.5293	1.76141e-13	-0.00207127	1.03723e-16	5.66182e-07	-3.40374e-18	0.827049
-37.1167	1.7445e-13	-0.0021186	1.02283e-16	5.76093e-07	-3.7201e-18	0.823239
-36.706	1.7269e-13	-0.00216714	1.012e-16	5.86073e-07	-4.05396e-18	0.819295
-36.2974	1.70856e-13	-0.00221668	1.00572e-16	5.96534e-07	-4.31938e-18	0.81519
-35.8908	1.68943e-13	-0.00226719	1.00438e-16	6.07095e-07	-4.13523e-18	0.810913
-35.4865	1.66957e-13	-0.0023191	1.00614e-16	6.17997e-07	-3.86483e-18	0.806484
-35.0844	1.64905e-13	-0.00237187	1.00509e-16	6.29242e-07	-4.1971e-18	0.801845
-34.6846	1.62781e-13	-0.00242614	9.97757e-17	6.40589e-07	-4.63172e-18	0.797039
-34.2873	1.60578e-13	-0.00248154	9.83439e-17	6.52426e-07	-4.94745e-18	0.792024
-33.8926	1.58292e-13	-0.00253811	9.72548e-17	6.64368e-07	-5.24069e-18	0.78679
-33.5005	1.55918e-13	-0.00259638	9.63699e-17	6.76631e-07	-4.7854e-18	0.781362
-33.1112	1.53468e-13	-0.00265563	9.5873e-17	6.89273e-07	-4.73922e-18	0.775665
-32.7249	1.50945e-13	-0.00271665	9.54589e-17	7.01959e-07	-5.16585e-18	0.769748
-32.3415	1.48343e-13	-0.00277911	9.49918e-17	7.15117e-07	-5.47947e-18	0.763573
-31.9613	1.45658e-13	-0.00284278	9.41858e-17	7.28403e-07	-5.78345e-18	0.757102
-31.5844	1.42888e-13	-0.00290863	9.30245e-17	7.41868e-07	-6.37549e-18	0.750385
-31.2109	1.40024e-13	-0.00297568	9.16864e-17	7.55733e-07	-6.72347e-18	0.74333
-30.8411	1.37063e-13	-0.00304447	9.06886e-17	7.69567e-07	-6.54998e-18	0.735967
-30.4749	1.34013e-13	-0.00311542	8.99296e-17	7.83655e-07	-6.36054e-18	0.728302
-30.1127	1.3088e-13	-0.00318756	8.93772e-17	7.97972e-07	-6.7433e-18	0.720231
-29.7547	1.27662e-13	-0.00326203	8.87094e-17	8.12148e-07	-6.59772e-18	0.711828
-29.4009	1.24367e-13	-0.0033385	8.80133e-17	8.26546e-07	-7.52332e-18	0.703049
-29.0517	1.20982e-13	-0.00341626	8.71293e-17	8.4093e-07	-8.35812e-18	0.693805
-28.7071	1.17499e-13	-0.00349685	8.59532e-17	8.55066e-07	-8.94911e-18	0.684189
-28.3675	1.13913e-13	-0.00357931	8.45492e-17	8.69226e-07	-9.10517e-18	0.674121
-28.033	1.1023e-13	-0.00366314	8.29559e-17	8.83131e-07	-9.24431e-18	0.663525
-27.7039	1.06455e-13	-0.00375015	8.12386e-17	8.96543e-07	-9.37011e-18	0.652507
-27.3805	1.02593e-13	-0.00383906	7.95449e-17	9.09671e-07	-1.02348e-17	0.640975
-27.063	9.86391e-14	-0.00392925	7.8171e-17	9.22223e-07	-1.02644e-17	0.628838
-26.7516	9.4603e-14	-0.00402268	7.70064e-17	9.33914e-07	-1.14945e-17	0.616225
-26.4467	9.0475e-14	-0.00411834	7.58395e-17	9.44832e-07	-1.35869e-17	0.603072
-26.1486	8.6236e-14	-0.004215	7.50564e-17	9.54761e-07	-1.42672e-17	0.589238
-25.8575	8.18902e-14	-0.00431417	7.41897e-17	9.63331e-07	-1.40952e-17	0.574859
-25.5737	7.74536e-14	-0.00441641	7.31557e-17	9.70489e-07	-1.54868e-17	0.559964
-25.2975	7.29222e-14	-0.00451941	7.20749e-17	9.76044e-07	-1.77259e-17	0.54439
-25.0293	6.8284e-14	-0.00462317	7.09966e-17	9.79692e-07	-1.68552e-17	0.528173
-24.7694	6.35696e-14	-0.00473015	6.97578e-17	9.81214e-07	-1.72615e-17	0.51148
-24.5178	5.87916e-14	-0.00483856	6.8642e-17	9.80426e-07	-2.21095e-17	0.494271
-24.2751	5.39119e-14	-0.00494663	6.73589e-17	9.77074e-07	-2.56464e-17	0.476447
-24.0414	4.89149e-14	-0.00505447	6.64463e-17	9.70979e-07	-2.65916e-17	0.458115
-23.817	4.3818e-14	-0.00516419	6.54283e-17	9.62064e-07	-2.84157e-17	0.439466
-23.6019	3.86289e-14	-0.00527424	6.42642e-17	9.50142e-07	-2.45355e-17	0.42053
-23.3965	3.34185e-14	-0.00538255	6.34904e-17	9.35117e-07	-2.825e-17	0.40128
-23.2007	2.81776e-14	-0.0054886	6.3099e-17	9.17e-07	-3.7984e-17	0.381822
-23.0146	2.2845e-14	-0.00559278	6.29072e-17	8.96006e-07	-2.86326e-17	0.362343
-22.8383	1.75387e-14	-0.00569602	6.27589e-17	8.72278e-07	-3.38468e-17	0.343002
-22.6716	1.22402e-14	-0.00579637	6.26238e-17	8.45981e-07	-3.01066e-17	0.323866
-22.5144	7.00762e-15	-0.00589274	6.27821e-17	8.17367e-07	-3.20179e-17	0.30501
-22.3666	1.84976e-15	-0.00598477	6.29326e-17	7.86891e-07	-3.32407e-17	0.286568
-22.2279	-3.22116e-15	-0.00607245	6.27906e-17	7.54974e-07	-3.05762e-17	0.268685
-22.0979	-8.16934e-15	-0.00615595	6.2428e-17	7.22189e-07	-4.36389e-17	0.251493
-21.9764	-1.30626e-14	-0.00623567	6.22281e-17	6.88865e-07	-2.61587e-17	0.235078
-21.8629	-1.77816e-14	-0.00630924	6.16962e-17	6.55343e-07	-6.84709e-17	0.219455
-21.7569	-2.25467e-14	-0.00637638	6.121e-17	6.21972e-07	-3.62073e-17	0.204648
-21.6582	-2.71667e-14	-0.00643797	6.03901e-17	5.89281e-07	-6.35655e-17	0.190719
-21.5662	-3.17638e-14	-0.0064946	5.99428e-17	5.57523e-07	-7.41517e-17	0.17771
-21.4805	-3.6365e-14	-0.00654677	5.91588e-17	5.27181e-07	-1.08884e-16	0.165653
-21.4006	-4.1091e-14	-0.00659489	5.79218e-17	4.98474e-07	-1.09155e-16	0.15458
-21.3259	-4.59113e-14	-0.00663936	5.63815e-17	4.72043e-07	-4.48135e-17	0.14455
-21.256	-5.05822e-14	-0.00668058	5.45078e-17	4.48459e-07	9.44256e-18	0.13569
-21.1902	-5.49465e-14	-0.00671893	5.2976e-17	4.29168e-07	1.26164e-17	0.128262
-21.1277	-5.9052e-14	-0.00675493	5.11625e-17	4.16599e-07	-1.764e-16	0.122834
-21.0674	-6.35503e-14	-0.00678922	4.95125e-17	4.16307e-07	-5.40606e-16	0.120662
-21.0071	-6.96748e-14	-0.00682291	4.66105e-17	4.42411e-07	-9.50985e-16	0.125047
-20.9423	-7.93279e-14	-0.00685709	4.22974e-17	5.22842e-07	-6.48647e-16	0.143867
-20.8632	-9.36918e-14	-0.00689461	3.61632e-17	7.60794e-07	7.73534e-16	0.210628
-20.7317	-1.12477e-13	-0.00694937	2.98257e-17	-4.4888e-06	2.47048e-15	0.971766
-19.8915	-1.28718e-13	-0.00712454	3.69001e-17	-0.0590624	4.01937e-16	85.7445
