56.8547	-2.91375e-11	-0.00360658	-2.35435e-15	0.04	-2.14745e-09	60.0042
56.8554	-1.01758e-10	-0.0036066	-4.67894e-15	3.59479e-10	2.31183e-08	0.000722139
56.8554	-5.37357e-11	-0.0036066	-3.14134e-15	1.93706e-10	2.52613e-08	7.04817e-05
56.8555	3.32075e-12	-0.0036066	-1.3153e-15	1.47131e-10	-5.7408e-09	4.34246e-05
56.8555	4.12651e-11	-0.00360661	-1.01201e-16	1.31554e-10	-1.98842e-08	3.54972e-05
56.8555	5.85289e-11	-0.00360661	4.50985e-16	1.26038e-10	-1.43459e-08	3.28103e-05
56.8555	6.35551e-11	-0.00360661	6.11567e-16	1.24803e-10	-3.06882e-09	3.19539e-05
56.8555	6.60929e-11	-0.00360661	6.92512e-16	1.2568e-10	2.43081e-09	3.19096e-05
56.8555	7.05944e-11	-0.00360661	8.36261e-16	1.2764e-10	2.13553e-09	3.22712e-05
56.8556	7.69025e-11	-0.00360661	1.03777e-15	1.30256e-10	-2.72049e-10	3.28541e-05
56.8556	8.3114e-11	-0.00360661	1.23614e-15	1.33227e-10	-2.06696e-09	3.35657e-05
56.8556	8.77132e-11	-0.00360661	1.38291e-15	1.36486e-10	-2.98191e-09	3.43594e-05
56.8556	8.98325e-11	-0.00360661	1.45035e-15	1.39921e-10	-1.65303e-09	3.52123e-05
56.8556	9.05319e-11	-0.00360661	1.47236e-15	1.43546e-10	-2.366e-09	3.61117e-05
56.8557	8.90861e-11	-0.00360661	1.42578e-15	1.47305e-10	-1.50535e-09	3.70525e-05
56.8557	8.61901e-11	-0.00360661	1.33284e-15	1.51232e-10	-1.56109e-09	3.80316e-05
56.8557	8.1713e-11	-0.00360661	1.18937e-15	1.55293e-10	-1.63823e-09	3.90493e-05
56.8557	7.54951e-11	-0.00360661	9.90276e-16	1.59524e-10	-2.15559e-09	4.01058e-05
56.8557	6.69175e-11	-0.00360661	7.15812e-16	1.63901e-10	-7.00562e-10	4.12024e-05
56.8557	5.73732e-11	-0.00360662	4.10498e-16	1.68453e-10	-1.43729e-09	4.23401e-05
56.8558	4.60216e-11	-0.00360662	4.75005e-17	1.73164e-10	-1.15721e-09	4.35202e-05
56.8558	3.3076e-11	-0.00360662	-3.6634e-16	1.78056e-10	-2.37493e-10	4.47435e-05
56.8558	1.94954e-11	-0.00360662	-8.00381e-16	1.83112e-10	9.21047e-10	4.60108e-05
56.8558	6.60352e-12	-0.00360662	-1.21232e-15	1.88365e-10	-1.90882e-10	4.73241e-05
56.8559	-6.88728e-12	-0.00360662	-1.64329e-15	1.93837e-10	2.25428e-09	4.86903e-05
56.8559	-1.79866e-11	-0.00360662	-1.99779e-15	1.99542e-10	6.26809e-10	5.01143e-05
56.8559	-2.8616e-11	-0.00360662	-2.33718e-15	2.05474e-10	2.78359e-09	5.1597e-05
56.8559	-3.59181e-11	-0.00360662	-2.57029e-15	2.11645e-10	2.47735e-09	5.31388e-05
56.856	-4.00998e-11	-0.00360662	-2.70372e-15	2.1805e-10	2.8298e-09	5.47411e-05
56.856	-4.04777e-11	-0.00360662	-2.71571e-15	2.2472e-10	1.98082e-09	5.6407e-05
56.856	-3.80317e-11	-0.00360663	-2.6376e-15	2.31684e-10	2.32958e-09	5.8144e-05
56.8561	-3.2072e-11	-0.00360663	-2.4474e-15	2.38957e-10	1.26334e-09	5.99579e-05
56.8561	-2.40022e-11	-0.00360663	-2.18996e-15	2.46515e-10	7.06018e-10	6.18474e-05
56.8561	-1.45686e-11	-0.00360663	-1.8891e-15	2.54364e-10	-6.95939e-10	6.38103e-05
56.8561	-5.9621e-12	-0.00360663	-1.61472e-15	2.62518e-10	-8.34079e-10	6.58492e-05
56.8562	1.52551e-12	-0.00360663	-1.37611e-15	2.71047e-10	-1.70787e-09	6.79747e-05
56.8562	6.3077e-12	-0.00360663	-1.22384e-15	2.79933e-10	-1.40268e-09	7.01934e-05
56.8563	8.74551e-12	-0.00360663	-1.14633e-15	2.89137e-10	-1.2796e-09	7.24982e-05
56.8563	8.90674e-12	-0.00360664	-1.14141e-15	2.98652e-10	-9.95116e-10	7.48832e-05
56.8563	7.18019e-12	-0.00360664	-1.19664e-15	3.0854e-10	-3.50843e-10	7.73553e-05
56.8564	4.70692e-12	-0.00360664	-1.27565e-15	3.18811e-10	-1.33758e-11	7.99237e-05
56.8564	2.12415e-12	-0.00360664	-1.35811e-15	3.2937e-10	3.22772e-10	8.25776e-05
56.8564	1.33032e-13	-0.00360664	-1.4217e-15	3.40179e-10	5.34848e-10	8.53001e-05
56.8565	-7.64456e-13	-0.00360664	-1.45046e-15	3.51285e-10	4.44819e-10	8.80924e-05
56.8565	-6.95882e-13	-0.00360665	-1.44847e-15	3.62604e-10	2.41004e-10	9.09495e-05
56.8566	-6.84295e-14	-0.00360665	-1.42871e-15	3.73952e-10	7.71966e-11	9.38375e-05
56.8566	7.62551e-13	-0.00360665	-1.40249e-15	3.85202e-10	-3.85958e-11	9.67168e-05
56.8567	1.52383e-12	-0.00360665	-1.37851e-15	3.9632e-10	-7.89429e-11	9.95668e-05
56.8567	2.10778e-12	-0.00360665	-1.36017e-15	4.08267e-10	-4.8035e-11	0.000102506
56.8568	2.58442e-12	-0.00360665	-1.34528e-15	4.21248e-10	-6.36204e-11	0.000105682
56.8568	2.90549e-12	-0.00360666	-1.33534e-15	4.35138e-10	-3.29868e-11	0.000109106
56.8569	3.14572e-12	-0.00360666	-1.32799e-15	4.49827e-10	-2.94012e-11	0.000112747
56.8569	3.30981e-12	-0.00360666	-1.32306e-15	4.65223e-10	-7.14278e-12	0.00011658
56.857	3.45834e-12	-0.00360666	-1.31864e-15	4.81436e-10	-6.15935e-12	0.000120608
56.8571	3.59317e-12	-0.00360667	-1.31468e-15	4.98409e-10	1.26142e-11	0.000124837
56.8571	3.77279e-12	-0.00360667	-1.3093e-15	5.16026e-10	3.66804e-12	0.000129244
56.8572	3.97083e-12	-0.00360667	-1.30335e-15	5.34371e-10	-2.9008e-11	0.000133826
56.8573	4.07716e-12	-0.00360667	-1.30032e-15	5.53353e-10	-1.58747e-11	0.000138583
56.8573	4.13131e-12	-0.00360668	-1.29897e-15	5.72778e-10	-1.89883e-11	0.000143477
56.8574	4.11808e-12	-0.00360668	-1.29976e-15	5.92711e-10	-2.5627e-11	0.000148492
56.8575	4.00762e-12	-0.00360668	-1.30364e-15	6.12959e-10	3.65328e-11	0.000153612
56.8576	4.03604e-12	-0.00360668	-1.30314e-15	6.33321e-10	-1.3922e-11	0.000158787
56.8576	4.00924e-12	-0.00360669	-1.3044e-15	6.53818e-10	-3.13551e-11	0.000163994
56.8577	3.85097e-12	-0.00360669	-1.30984e-15	6.74134e-10	1.53577e-11	0.000169195
56.8578	3.75374e-12	-0.00360669	-1.31335e-15	6.94071e-10	5.00336e-11	0.000174324
56.8579	3.87486e-12	-0.0036067	-1.30997e-15	7.15416e-10	-1.66967e-11	0.000179585
56.858	3.92361e-12	-0.0036067	-1.3089e-15	7.38525e-10	-2.11687e-11	0.00018525
56.8581	3.87434e-12	-0.0036067	-1.31093e-15	7.6221e-10	-2.0475e-11	0.000191213
56.8582	3.72407e-12	-0.00360671	-1.31617e-15	7.86173e-10	9.58014e-12	0.000197285
56.8583	3.61705e-12	-0.00360671	-1.32004e-15	8.10041e-10	4.97637e-12	0.000203381
56.8584	3.53246e-12	-0.00360671	-1.32323e-15	8.33979e-10	8.08564e-12	0.000209473
56.8585	3.48834e-12	-0.00360672	-1.32517e-15	8.57931e-10	1.30786e-11	0.000215576
56.8586	3.51443e-12	-0.00360672	-1.32489e-15	8.82117e-10	8.39077e-12	0.000221711
56.8587	3.58841e-12	-0.00360673	-1.32312e-15	9.0758e-10	-1.17861e-11	0.000228039
56.8588	3.59638e-12	-0.00360673	-1.32345e-15	9.35011e-10	6.54658e-12	0.00023478
56.8589	3.64359e-12	-0.00360674	-1.32258e-15	9.62507e-10	-1.42726e-11	0.00024178
56.8591	3.60466e-12	-0.00360674	-1.32441e-15	9.89147e-10	-9.29867e-13	0.00024868
56.8592	3.5588e-12	-0.00360674	-1.3265e-15	1.01491e-09	1.98962e-11	0.000255359
56.8593	3.64039e-12	-0.00360675	-1.32459e-15	1.04054e-09	1.37282e-11	0.000261909
56.8595	3.81505e-12	-0.00360675	-1.31979e-15	1.06642e-09	4.26602e-12	0.000268474
56.8596	4.02304e-12	-0.00360676	-1.31397e-15	1.09456e-09	-7.76337e-12	0.00027536
56.8597	4.18239e-12	-0.00360676	-1.30969e-15	1.124e-09	-1.00972e-11	0.000282699
56.8599	4.27371e-12	-0.00360677	-1.30758e-15	1.15171e-09	-1.22511e-11	0.000289983
56.86	4.27738e-12	-0.00360678	-1.30821e-15	1.1785e-09	1.18064e-11	0.00029693
56.8602	4.3698e-12	-0.00360678	-1.30611e-15	1.20468e-09	1.36145e-11	0.000303683
56.8603	4.56876e-12	-0.00360679	-1.30069e-15	1.23209e-09	-1.151e-11	0.000310513
56.8605	4.68189e-12	-0.00360679	-1.29798e-15	1.26151e-09	-1.39157e-11	0.000317756
56.8606	4.68588e-12	-0.0036068	-1.29871e-15	1.28943e-09	-3.663e-12	0.000325066
56.8608	4.65986e-12	-0.0036068	-1.30037e-15	1.31624e-09	9.84199e-12	0.000332043
56.861	4.71584e-12	-0.00360681	-1.2995e-15	1.34242e-09	-2.52773e-12	0.000338798
56.8611	4.75132e-12	-0.00360682	-1.29931e-15	1.37019e-09	-8.47549e-12	0.000345676
56.8613	4.71353e-12	-0.00360682	-1.30138e-15	1.39828e-09	-1.55995e-11	0.000352796
56.8615	4.53599e-12	-0.00360683	-1.30782e-15	1.4248e-09	-4.47491e-12	0.000359757
56.8617	4.31445e-12	-0.00360684	-1.31562e-15	1.45054e-09	1.55706e-11	0.000366419
56.8619	4.23282e-12	-0.00360684	-1.3191e-15	1.47678e-09	-3.90896e-12	0.000373046
56.8621	4.11293e-12	-0.00360685	-1.32378e-15	1.50378e-09	5.74449e-13	0.000379834
56.8622	3.99636e-12	-0.00360686	-1.32836e-15	1.52918e-09	2.45476e-13	0.000386514
56.8624	3.8802e-12	-0.00360686	-1.33294e-15	1.55389e-09	5.08383e-12	0.000392902
56.8626	3.8125e-12	-0.00360687	-1.33603e-15	1.57897e-09	-8.8351e-12	0.00039925
56.8628	3.65482e-12	-0.00360688	-1.3419e-15	1.60407e-09	-6.79576e-13	0.000405646
56.863	3.48769e-12	-0.00360689	-1.34808e-15	1.62782e-09	5.38913e-13	0.000411875
56.8633	3.32367e-12	-0.00360689	-1.35415e-15	1.65106e-09	4.99271e-12	0.000417867
56.8635	3.20983e-12	-0.0036069	-1.35869e-15	1.67467e-09	3.48097e-13	0.00042384
56.8637	3.09808e-12	-0.00360691	-1.36317e-15	1.69735e-09	-5.19311e-12	0.000429741
56.8639	2.92865e-12	-0.00360692	-1.36944e-15	1.71912e-09	-6.66847e-12	0.000435409
56.8641	2.68399e-12	-0.00360693	-1.37799e-15	1.74077e-09	1.70143e-12	0.000440945
56.8643	2.45513e-12	-0.00360693	-1.38606e-15	1.76199e-09	5.86613e-12	0.000446411
56.8646	2.28933e-12	-0.00360694	-1.39221e-15	1.7822e-09	-1.97447e-12	0.000451694
56.8648	2.09921e-12	-0.00360695	-1.39909e-15	1.80196e-09	2.81967e-13	0.00045679
56.865	1.91022e-12	-0.00360696	-1.40594e-15	1.82135e-09	-4.83647e-12	0.000461781
56.8652	1.66307e-12	-0.00360697	-1.41454e-15	1.8398e-09	8.20004e-13	0.000466606
56.8655	1.42302e-12	-0.00360698	-1.42293e-15	1.85766e-09	-2.89867e-13	0.000471237
56.8657	1.1772e-12	-0.00360698	-1.43149e-15	1.87508e-09	-9.95491e-14	0.000475735
56.866	9.27897e-13	-0.00360699	-1.44014e-15	1.89156e-09	1.5387e-12	0.000480057
56.8662	6.94944e-13	-0.003607	-1.44828e-15	1.90751e-09	6.24591e-13	0.000484193
56.8664	4.67619e-13	-0.00360701	-1.45625e-15	1.92282e-09	-2.80174e-12	0.000488178
56.8667	2.04138e-13	-0.00360702	-1.4653e-15	1.93725e-09	-3.22212e-13	0.000491971
56.8669	-6.52996e-14	-0.00360703	-1.4745e-15	1.95117e-09	-1.02482e-12	0.000495586
56.8672	-3.49417e-13	-0.00360704	-1.48414e-15	1.96434e-09	1.61323e-12	0.00049904
56.8674	-6.15258e-13	-0.00360705	-1.49321e-15	1.97663e-09	-3.89775e-12	0.000502286
56.8677	-9.31861e-13	-0.00360705	-1.50379e-15	1.98849e-09	3.31045e-12	0.000505367
56.8679	-1.20841e-12	-0.00360706	-1.51315e-15	1.99943e-09	2.78797e-12	0.000508273
56.8682	-1.45097e-12	-0.00360707	-1.52148e-15	2.0096e-09	1.90098e-12	0.000510966
56.8685	-1.67041e-12	-0.00360708	-1.5291e-15	2.01936e-09	-6.2572e-12	0.000513508
56.8687	-1.97144e-12	-0.00360709	-1.53914e-15	2.02807e-09	-4.34511e-12	0.000515862
56.869	-2.32992e-12	-0.0036071	-1.55087e-15	2.03613e-09	-1.07749e-12	0.000518001
56.8692	-2.70382e-12	-0.00360711	-1.56303e-15	2.04378e-09	-8.43875e-13	0.000520004
56.8695	-3.09011e-12	-0.00360712	-1.57552e-15	2.05022e-09	7.51436e-12	0.0005218
56.8697	-3.37943e-12	-0.00360713	-1.58511e-15	2.05623e-09	4.56176e-12	0.000523388
56.87	-3.60984e-12	-0.00360714	-1.59294e-15	2.06172e-09	-6.82995e-12	0.000524855
56.8703	-3.93059e-12	-0.00360715	-1.60341e-15	2.06599e-09	-3.98108e-12	0.0005261
56.8705	-4.30442e-12	-0.00360716	-1.61544e-15	2.07002e-09	-4.2187e-12	0.000527159
56.8708	-4.73464e-12	-0.00360717	-1.62908e-15	2.07339e-09	3.18545e-12	0.000528102
56.8711	-5.12346e-12	-0.00360717	-1.64148e-15	2.07557e-09	1.78452e-12	0.000528809
56.8713	-5.48909e-12	-0.00360718	-1.65316e-15	2.07769e-09	1.50618e-12	0.000529358
56.8716	-5.83516e-12	-0.00360719	-1.66422e-15	2.07886e-09	2.61273e-12	0.000529778
56.8719	-6.1468e-12	-0.0036072	-1.67426e-15	2.07911e-09	9.6133e-14	0.000529959
56.8721	-6.45721e-12	-0.00360721	-1.68424e-15	2.07937e-09	-3.33312e-12	0.000530024
56.8724	-6.81182e-12	-0.00360722	-1.69547e-15	2.07837e-09	-1.61762e-12	0.000529929
56.8727	-7.18769e-12	-0.00360723	-1.7073e-15	2.07684e-09	-2.84662e-12	0.000529606
56.8729	-7.60095e-12	-0.00360724	-1.72017e-15	2.07525e-09	1.35872e-12	0.000529208
56.8732	-7.99593e-12	-0.00360725	-1.73249e-15	2.07216e-09	-3.33004e-12	0.000528611
56.8734	-8.4343e-12	-0.00360726	-1.74602e-15	2.06898e-09	2.84533e-12	0.000527812
56.8737	-8.83448e-12	-0.00360727	-1.75839e-15	2.06549e-09	-1.58494e-12	0.000526961
56.874	-9.25484e-12	-0.00360728	-1.77133e-15	2.0605e-09	1.75395e-12	0.00052588
56.8742	-9.65116e-12	-0.00360729	-1.78353e-15	2.05574e-09	3.46792e-13	0.000524636
56.8745	-1.0042e-11	-0.00360729	-1.79553e-15	2.05032e-09	-3.68562e-13	0.000523338
56.8748	-1.04367e-11	-0.0036073	-1.80761e-15	2.04359e-09	-5.6633e-12	0.00052179
56.875	-1.09038e-11	-0.00360731	-1.82173e-15	2.0373e-09	1.48206e-12	0.00052013
56.8753	-1.13502e-11	-0.00360732	-1.83522e-15	2.02996e-09	-1.88762e-12	0.000518391
56.8755	-1.18194e-11	-0.00360733	-1.84931e-15	2.02166e-09	5.01399e-12	0.000516397
56.8758	-1.22221e-11	-0.00360734	-1.86147e-15	2.01383e-09	-4.95544e-13	0.00051434
56.8761	-1.26296e-11	-0.00360735	-1.87372e-15	2.00459e-09	1.43329e-12	0.000512163
56.8763	-1.3017e-11	-0.00360736	-1.88536e-15	1.99477e-09	-2.34063e-12	0.000509732
56.8766	-1.34322e-11	-0.00360737	-1.89776e-15	1.98539e-09	-4.08912e-13	0.000507284
56.8768	-1.38506e-11	-0.00360737	-1.91021e-15	1.9743e-09	-2.30204e-12	0.000504673
56.8771	-1.42956e-11	-0.00360738	-1.92338e-15	1.96297e-09	-5.4856e-12	0.000501815
56.8773	-1.48067e-11	-0.00360739	-1.93837e-15	1.95202e-09	-8.86749e-15	0.000498974
56.8776	-1.53151e-11	-0.0036074	-1.95326e-15	1.93913e-09	4.962e-12	0.000495933
56.8778	-1.57587e-11	-0.00360741	-1.96626e-15	1.92621e-09	-1.30849e-12	0.000492643
56.8781	-1.62155e-11	-0.00360742	-1.97959e-15	1.91366e-09	1.34006e-12	0.000489394
56.8783	-1.6653e-11	-0.00360743	-1.99235e-15	1.89897e-09	1.54369e-12	0.000485922
56.8785	-1.70684e-11	-0.00360743	-2.00444e-15	1.88432e-09	-5.90549e-13	0.000482181
56.8788	-1.74877e-11	-0.00360744	-2.0166e-15	1.87012e-09	6.96731e-13	0.000478501
56.879	-1.78956e-11	-0.00360745	-2.02841e-15	1.85365e-09	-4.68823e-12	0.000474591
56.8793	-1.83552e-11	-0.00360746	-2.04163e-15	1.837e-09	-6.95117e-12	0.000470368
56.8795	-1.88921e-11	-0.00360747	-2.05698e-15	1.82104e-09	2.83727e-12	0.000466209
56.8797	-1.93914e-11	-0.00360747	-2.07122e-15	1.80289e-09	5.52223e-12	0.000461861
56.88	-1.98222e-11	-0.00360748	-2.08352e-15	1.78384e-09	4.75563e-12	0.000457118
56.8802	-2.01945e-11	-0.00360749	-2.09415e-15	1.76585e-09	1.77269e-13	0.000452394
56.8804	-2.0561e-11	-0.0036075	-2.10459e-15	1.74631e-09	-3.51512e-12	0.000447608
56.8806	-2.09625e-11	-0.0036075	-2.11597e-15	1.72443e-09	-3.80313e-12	0.000442328
56.8809	-2.14008e-11	-0.00360751	-2.12835e-15	1.70385e-09	-9.39613e-12	0.000436914
56.8811	-2.19359e-11	-0.00360752	-2.14336e-15	1.68305e-09	-8.08348e-12	0.000431639
56.8813	-2.25512e-11	-0.00360753	-2.16057e-15	1.65865e-09	2.00756e-12	0.000425875
56.8815	-2.31363e-11	-0.00360753	-2.17689e-15	1.6345e-09	2.96276e-12	0.000419685
56.8817	-2.3682e-11	-0.00360754	-2.19207e-15	1.61143e-09	1.87489e-11	0.000413666
56.8819	-2.40275e-11	-0.00360755	-2.20171e-15	1.58654e-09	2.18991e-11	0.000407551
56.8821	-2.41463e-11	-0.00360755	-2.20506e-15	1.55816e-09	2.2278e-11	0.000400759
56.8823	-2.40418e-11	-0.00360756	-2.20226e-15	1.53115e-09	2.94371e-12	0.000393698
56.8825	-2.39103e-11	-0.00360757	-2.19873e-15	1.50493e-09	-2.77479e-11	0.000386911
56.8827	-2.40472e-11	-0.00360757	-2.20256e-15	1.47641e-09	-4.32575e-11	0.000379932
56.8829	-2.45885e-11	-0.00360758	-2.21749e-15	1.44438e-09	-3.09031e-11	0.000372214
56.8831	-2.54024e-11	-0.00360759	-2.23984e-15	1.41378e-09	-1.44161e-11	0.00036423
56.8832	-2.63289e-11	-0.00360759	-2.26522e-15	1.38435e-09	-1.2371e-11	0.000356577
56.8834	-2.73452e-11	-0.0036076	-2.29299e-15	1.35407e-09	9.97152e-12	0.000348966
56.8836	-2.82533e-11	-0.0036076	-2.31777e-15	1.31973e-09	3.69957e-11	0.000340728
56.8838	-2.88273e-11	-0.00360761	-2.33338e-15	1.2855e-09	4.68658e-11	0.000331987
56.8839	-2.90025e-11	-0.00360761	-2.33807e-15	1.2532e-09	4.66876e-11	0.000323506
56.8841	-2.88005e-11	-0.00360762	-2.33252e-15	1.22204e-09	4.51677e-11	0.000315417
56.8842	-2.82518e-11	-0.00360762	-2.31753e-15	1.19048e-09	3.83774e-11	0.000307422
56.8844	-2.74262e-11	-0.00360763	-2.29507e-15	1.15603e-09	1.88718e-11	0.000299008
56.8845	-2.64856e-11	-0.00360763	-2.26951e-15	1.12179e-09	-8.93649e-12	0.000290253
56.8847	-2.56367e-11	-0.00360764	-2.24649e-15	1.09006e-09	-4.53174e-11	0.000281844
56.8848	-2.51265e-11	-0.00360764	-2.23268e-15	1.06065e-09	-8.86101e-11	0.000274051
56.885	-2.52289e-11	-0.00360765	-2.23549e-15	1.03318e-09	-1.19799e-10	0.000266802
56.8851	-2.61172e-11	-0.00360765	-2.25955e-15	1.00647e-09	-1.04438e-10	0.000259896
56.8852	-2.76522e-11	-0.00360766	-2.30104e-15	9.79082e-10	-4.35842e-11	0.000253001
56.8853	-2.94173e-11	-0.00360766	-2.34869e-15	9.52168e-10	-1.92435e-11	0.00024608
56.8855	-3.12506e-11	-0.00360766	-2.3981e-15	9.282e-10	3.43774e-11	0.000239595
56.8856	-3.28345e-11	-0.00360767	-2.44072e-15	9.07313e-10	4.66128e-11	0.000233878
56.8857	-3.41132e-11	-0.00360767	-2.47506e-15	8.8925e-10	5.50104e-11	0.000228914
56.8858	-3.50549e-11	-0.00360768	-2.50028e-15	8.73744e-10	3.87401e-11	0.000224636
56.8859	-3.57645e-11	-0.00360768	-2.51922e-15	8.6041e-10	5.35595e-11	0.00022096
56.886	-3.61696e-11	-0.00360768	-2.52993e-15	8.4885e-10	7.42068e-11	0.000217787
56.8861	-3.61681e-11	-0.00360769	-2.52972e-15	8.38445e-10	7.10295e-11	0.000214988
56.8862	-3.57871e-11	-0.00360769	-2.51931e-15	8.29951e-10	4.33172e-11	0.00021258
56.8864	-3.51809e-11	-0.00360769	-2.50289e-15	8.24701e-10	7.08381e-11	0.000210828
56.8865	-3.42065e-11	-0.0036077	-2.47659e-15	8.22421e-10	4.47147e-11	0.000209868
56.8866	-3.30004e-11	-0.0036077	-2.44413e-15	8.22948e-10	-6.36462e-12	0.000209645
56.8867	-3.18269e-11	-0.0036077	-2.41258e-15	8.26183e-10	-2.88151e-11	0.000210124
56.8868	-3.08005e-11	-0.00360771	-2.38502e-15	8.31943e-10	-2.97155e-11	0.000211271
56.8869	-2.99244e-11	-0.00360771	-2.3615e-15	8.40127e-10	-2.60569e-11	0.000213048
56.887	-2.91791e-11	-0.00360771	-2.34152e-15	8.50589e-10	-8.67955e-12	0.000215424
56.8871	-2.84716e-11	-0.00360772	-2.32257e-15	8.63251e-10	-2.30076e-11	0.000218371
56.8872	-2.78801e-11	-0.00360772	-2.30675e-15	8.77975e-10	-7.02843e-11	0.000221862
56.8873	-2.76717e-11	-0.00360773	-2.30115e-15	8.94767e-10	-1.69786e-11	0.000225878
56.8874	-2.7556e-11	-0.00360773	-2.29805e-15	9.19472e-10	-5.53971e-11	0.000231167
56.8875	-2.77617e-11	-0.00360773	-2.30351e-15	9.56282e-10	-1.34241e-11	0.000239007
56.8877	-2.80574e-11	-0.00360774	-2.31135e-15	1.00041e-09	-1.36478e-11	0.000249322
56.8878	-2.84537e-11	-0.00360774	-2.32186e-15	1.05122e-09	-1.7788e-11	0.000261421
56.8879	-2.89893e-11	-0.00360775	-2.33605e-15	1.10881e-09	4.81244e-12	0.000275238
56.8881	-2.95202e-11	-0.00360775	-2.35008e-15	1.17395e-09	1.74124e-12	0.000290882
56.8882	-3.00693e-11	-0.00360775	-2.36458e-15	1.24743e-09	1.1296e-11	0.000308552
56.8884	-3.0563e-11	-0.00360776	-2.37757e-15	1.33073e-09	-1.59983e-11	0.000328536
56.8886	-3.12254e-11	-0.00360777	-2.39498e-15	1.42541e-09	1.48965e-11	0.000351225
56.8887	-3.17996e-11	-0.00360777	-2.41002e-15	1.53446e-09	8.38425e-13	0.000377197
56.8889	-3.24095e-11	-0.00360778	-2.42595e-15	1.66149e-09	3.20685e-12	0.000407294
56.8891	-3.3036e-11	-0.00360778	-2.44227e-15	1.81357e-09	4.5999e-12	0.00044288
56.8894	-3.36667e-11	-0.00360779	-2.45862e-15	2.00396e-09	1.13101e-11	0.000486546
56.8896	-3.42192e-11	-0.0036078	-2.47284e-15	2.27677e-09	1.85599e-11	0.000545614
56.8899	-3.45777e-11	-0.00360781	-2.48187e-15	2.65036e-09	1.59978e-11	0.000628057
56.8903	-3.47248e-11	-0.00360782	-2.48527e-15	3.16544e-09	7.94911e-12	0.000741421
56.8907	-3.47401e-11	-0.00360783	-2.48511e-15	3.92937e-09	5.96394e-13	0.000904625
56.8912	-3.47441e-11	-0.00360785	-2.48452e-15	5.22251e-09	-2.02919e-12	0.00116723
56.8918	-3.48171e-11	-0.00360787	-2.48549e-15	7.97964e-09	1.96104e-12	0.00168477
56.8928	-3.48288e-11	-0.0036079	-2.48437e-15	1.64307e-08	6.37679e-12	0.00312051
56.8949	-3.41827e-11	-0.00360797	-2.46502e-15	1.10183e-07	-1.02197e-12	0.0165557
56.9094	-3.04789e-11	-0.0036084	-2.36115e-15	-0.055953	-5.15128e-12	59.9632
-3.14181	1.32533e-11	-0.0133519	1.79803e-15	-0.0960425	1.08778e-14	119.952
