15.3839	-2.82726e-10	-0.00360988	-2.4454e-14	0.04	-1.03474e-08	60.0075
15.3843	-4.47705e-10	-0.00360988	-2.78889e-14	1.69688e-10	1.11207e-07	0.000340526
15.3843	-3.38528e-10	-0.00360988	-2.56146e-14	9.06317e-11	1.21285e-07	3.33198e-05
15.3843	-2.08901e-10	-0.00360988	-2.29153e-14	6.98615e-11	-2.76842e-08	2.05335e-05
15.3843	-1.22726e-10	-0.00360988	-2.11211e-14	6.2907e-11	-9.55586e-08	1.67875e-05
15.3843	-8.35389e-11	-0.00360988	-2.03054e-14	5.9836e-11	-6.89061e-08	1.55187e-05
15.3843	-7.21492e-11	-0.00360988	-2.00685e-14	5.90573e-11	-1.47396e-08	1.51155e-05
15.3843	-6.64119e-11	-0.00360988	-1.99493e-14	5.94508e-11	1.1658e-08	1.50962e-05
15.3843	-5.62181e-11	-0.00360988	-1.97374e-14	6.03811e-11	1.02343e-08	1.52691e-05
15.3843	-4.1927e-11	-0.00360988	-1.94402e-14	6.16445e-11	-1.3188e-09	1.55467e-05
15.3844	-2.78591e-11	-0.00360988	-1.91477e-14	6.30711e-11	-9.92424e-09	1.58853e-05
15.3844	-1.74546e-11	-0.00360988	-1.89315e-14	6.46198e-11	-1.43037e-08	1.6263e-05
15.3844	-1.26803e-11	-0.00360988	-1.88325e-14	6.6244e-11	-7.92625e-09	1.66687e-05
15.3844	-1.11296e-11	-0.00360988	-1.88006e-14	6.79649e-11	-1.13366e-08	1.70967e-05
15.3844	-1.44462e-11	-0.00360988	-1.887e-14	6.97512e-11	-7.20654e-09	1.75444e-05
15.3844	-2.1052e-11	-0.00360989	-1.90078e-14	7.16176e-11	-7.46807e-09	1.80105e-05
15.3844	-3.12419e-11	-0.00360989	-1.92202e-14	7.35483e-11	-7.8316e-09	1.8495e-05
15.3844	-4.53764e-11	-0.00360989	-1.95146e-14	7.55555e-11	-1.03009e-08	1.89981e-05
15.3844	-6.48566e-11	-0.00360989	-1.99201e-14	7.76518e-11	-3.33204e-09	1.95204e-05
15.3844	-8.65225e-11	-0.00360989	-2.03711e-14	7.98121e-11	-6.85194e-09	2.00624e-05
15.3844	-1.12278e-10	-0.00360989	-2.0907e-14	8.20587e-11	-5.50666e-09	2.06248e-05
15.3845	-1.41636e-10	-0.00360989	-2.15178e-14	8.44024e-11	-1.10599e-09	2.1208e-05
15.3845	-1.72423e-10	-0.00360989	-2.21582e-14	8.68288e-11	4.43044e-09	2.18122e-05
15.3845	-2.0164e-10	-0.00360989	-2.27658e-14	8.93201e-11	-8.82718e-10	2.24386e-05
15.3845	-2.32202e-10	-0.00360989	-2.34013e-14	9.1959e-11	1.07915e-08	2.30904e-05
15.3845	-2.57338e-10	-0.00360989	-2.39238e-14	9.46629e-11	3.01589e-09	2.37699e-05
15.3845	-2.81401e-10	-0.00360989	-2.4424e-14	9.75106e-11	1.33016e-08	2.44777e-05
15.3845	-2.97923e-10	-0.00360989	-2.47673e-14	1.00448e-10	1.18285e-08	2.52139e-05
15.3845	-3.07378e-10	-0.00360989	-2.49637e-14	1.03501e-10	1.34965e-08	2.59792e-05
15.3846	-3.08224e-10	-0.00360989	-2.49812e-14	1.06682e-10	9.43755e-09	2.67752e-05
15.3846	-3.02683e-10	-0.00360989	-2.48659e-14	1.10005e-10	1.10878e-08	2.76054e-05
15.3846	-2.89199e-10	-0.00360989	-2.45857e-14	1.13485e-10	5.99985e-09	2.84727e-05
15.3846	-2.70952e-10	-0.00360989	-2.42066e-14	1.17103e-10	3.34087e-09	2.93765e-05
15.3846	-2.49631e-10	-0.00360989	-2.37638e-14	1.20868e-10	-3.33038e-09	3.03157e-05
15.3846	-2.3019e-10	-0.00360989	-2.33601e-14	1.24773e-10	-3.9834e-09	3.12917e-05
15.3846	-2.13287e-10	-0.00360989	-2.30092e-14	1.2886e-10	-8.12961e-09	3.23095e-05
15.3847	-2.02503e-10	-0.00360989	-2.27855e-14	1.33115e-10	-6.67025e-09	3.33725e-05
15.3847	-1.97018e-10	-0.00360989	-2.26718e-14	1.37526e-10	-6.07731e-09	3.44772e-05
15.3847	-1.96675e-10	-0.00360989	-2.26648e-14	1.42088e-10	-4.71959e-09	3.56208e-05
15.3847	-2.00592e-10	-0.00360989	-2.27463e-14	1.46834e-10	-1.659e-09	3.68069e-05
15.3847	-2.06191e-10	-0.00360989	-2.28627e-14	1.51766e-10	-5.78405e-11	3.80398e-05
15.3847	-2.12034e-10	-0.00360989	-2.29841e-14	1.56841e-10	1.53367e-09	3.93145e-05
15.3848	-2.16541e-10	-0.00360989	-2.30777e-14	1.62038e-10	2.5346e-09	4.0623e-05
15.3848	-2.1858e-10	-0.00360989	-2.31201e-14	1.67381e-10	2.10486e-09	4.19659e-05
15.3848	-2.18443e-10	-0.00360989	-2.31174e-14	1.72831e-10	1.13839e-09	4.33411e-05
15.3848	-2.17048e-10	-0.00360989	-2.30887e-14	1.78301e-10	3.63044e-10	4.47323e-05
15.3849	-2.15197e-10	-0.00360989	-2.30505e-14	1.8373e-10	-1.83897e-10	4.61207e-05
15.3849	-2.13505e-10	-0.00360989	-2.30156e-14	1.89101e-10	-3.73786e-10	4.74967e-05
15.3849	-2.12213e-10	-0.00360989	-2.2989e-14	1.94875e-10	-2.27527e-10	4.89165e-05
15.3849	-2.11164e-10	-0.00360989	-2.29675e-14	2.01148e-10	-3.00449e-10	5.04513e-05
15.385	-2.10467e-10	-0.00360989	-2.29532e-14	2.07863e-10	-1.55808e-10	5.2106e-05
15.385	-2.09952e-10	-0.00360989	-2.29428e-14	2.14968e-10	-1.38652e-10	5.38667e-05
15.385	-2.0961e-10	-0.00360989	-2.29359e-14	2.2242e-10	-3.3875e-11	5.57213e-05
15.385	-2.09304e-10	-0.00360989	-2.29299e-14	2.30272e-10	-2.92023e-11	5.76712e-05
15.3851	-2.0903e-10	-0.00360989	-2.29244e-14	2.385e-10	5.88172e-11	5.97197e-05
15.3851	-2.08657e-10	-0.00360989	-2.2917e-14	2.47046e-10	1.67867e-11	6.18568e-05
15.3851	-2.08244e-10	-0.00360989	-2.29087e-14	2.55954e-10	-1.36053e-10	6.40805e-05
15.3852	-2.08037e-10	-0.0036099	-2.29047e-14	2.6518e-10	-7.43632e-11	6.63908e-05
15.3852	-2.0795e-10	-0.0036099	-2.29032e-14	2.74632e-10	-8.86923e-11	6.87705e-05
15.3852	-2.08014e-10	-0.0036099	-2.29048e-14	2.84343e-10	-1.19379e-10	7.12121e-05
15.3853	-2.08296e-10	-0.0036099	-2.2911e-14	2.94222e-10	1.7031e-10	7.3708e-05
15.3853	-2.0827e-10	-0.0036099	-2.29108e-14	3.04172e-10	-6.47653e-11	7.62343e-05
15.3853	-2.08367e-10	-0.0036099	-2.29131e-14	3.14204e-10	-1.45509e-10	7.87803e-05
15.3854	-2.0876e-10	-0.0036099	-2.29216e-14	3.24168e-10	7.15826e-11	8.13279e-05
15.3854	-2.09017e-10	-0.0036099	-2.29272e-14	3.33967e-10	2.31937e-10	8.38459e-05
15.3855	-2.08788e-10	-0.0036099	-2.29229e-14	3.44464e-10	-7.74589e-11	8.64318e-05
15.3855	-2.08722e-10	-0.0036099	-2.29219e-14	3.55831e-10	-9.78388e-11	8.92175e-05
15.3856	-2.08875e-10	-0.0036099	-2.29254e-14	3.675e-10	-9.42838e-11	9.21526e-05
15.3856	-2.09255e-10	-0.0036099	-2.29336e-14	3.79327e-10	4.44608e-11	9.51463e-05
15.3856	-2.09539e-10	-0.0036099	-2.29399e-14	3.91134e-10	2.31321e-11	9.81576e-05
15.3857	-2.09774e-10	-0.0036099	-2.29452e-14	4.03002e-10	3.73188e-11	0.000101174
15.3857	-2.09921e-10	-0.0036099	-2.29486e-14	4.14904e-10	6.00447e-11	0.000104203
15.3858	-2.09913e-10	-0.0036099	-2.29489e-14	4.26946e-10	3.83517e-11	0.000107254
15.3859	-2.09801e-10	-0.0036099	-2.2947e-14	4.39638e-10	-5.39492e-11	0.000110405
15.3859	-2.09837e-10	-0.00360991	-2.29482e-14	4.53315e-10	2.9847e-11	0.000113765
15.386	-2.09787e-10	-0.00360991	-2.29477e-14	4.6706e-10	-6.50024e-11	0.000117259
15.386	-2.0993e-10	-0.00360991	-2.29511e-14	4.80425e-10	-4.10865e-12	0.000120713
15.3861	-2.10089e-10	-0.00360991	-2.29549e-14	4.934e-10	9.02904e-11	0.00012407
15.3862	-2.09968e-10	-0.00360991	-2.2953e-14	5.06346e-10	6.19414e-11	0.000127372
15.3862	-2.09645e-10	-0.00360991	-2.29469e-14	5.19451e-10	1.891e-11	0.000130692
15.3863	-2.0925e-10	-0.00360991	-2.29393e-14	5.33698e-10	-3.53734e-11	0.000134177
15.3864	-2.08966e-10	-0.00360991	-2.29341e-14	5.48624e-10	-4.568e-11	0.000137894
15.3864	-2.08832e-10	-0.00360991	-2.2932e-14	5.62747e-10	-5.5088e-11	0.000141596
15.3865	-2.08893e-10	-0.00360991	-2.29338e-14	5.76469e-10	5.28413e-11	0.000145144
15.3866	-2.08761e-10	-0.00360991	-2.29318e-14	5.89932e-10	6.05976e-11	0.000148608
15.3866	-2.08399e-10	-0.00360991	-2.2925e-14	6.04043e-10	-5.16255e-11	0.000152122
15.3867	-2.08226e-10	-0.00360992	-2.29221e-14	6.1919e-10	-6.20015e-11	0.00015585
15.3868	-2.08294e-10	-0.00360992	-2.29242e-14	6.33656e-10	-1.61957e-11	0.000159624
15.3869	-2.08428e-10	-0.00360992	-2.29277e-14	6.47624e-10	4.3582e-11	0.000163247
15.387	-2.08386e-10	-0.00360992	-2.29275e-14	6.61331e-10	-1.12162e-11	0.000166774
15.387	-2.0839e-10	-0.00360992	-2.29283e-14	6.75874e-10	-3.72831e-11	0.000170374
15.3871	-2.08555e-10	-0.00360992	-2.29324e-14	6.90628e-10	-6.8252e-11	0.000174107
15.3872	-2.09024e-10	-0.00360992	-2.29427e-14	7.04661e-10	-1.91451e-11	0.000177775
15.3873	-2.09588e-10	-0.00360992	-2.29549e-14	7.18368e-10	6.83654e-11	0.00018131
15.3874	-2.0985e-10	-0.00360992	-2.2961e-14	7.32371e-10	-1.67733e-11	0.000184842
15.3875	-2.10196e-10	-0.00360993	-2.29688e-14	7.46813e-10	2.78097e-12	0.000188467
15.3876	-2.10535e-10	-0.00360993	-2.29764e-14	7.60512e-10	1.34665e-12	0.000192053
15.3877	-2.10874e-10	-0.00360993	-2.29841e-14	7.7393e-10	2.21794e-11	0.000195508
15.3878	-2.11109e-10	-0.00360993	-2.29896e-14	7.87584e-10	-3.77469e-11	0.000198959
15.3879	-2.11538e-10	-0.00360993	-2.29991e-14	8.0131e-10	-2.53832e-12	0.000202448
15.388	-2.11988e-10	-0.00360993	-2.3009e-14	8.14422e-10	2.68685e-12	0.000205868
15.3881	-2.12431e-10	-0.00360993	-2.30188e-14	8.27335e-10	2.1611e-11	0.000209185
15.3882	-2.12767e-10	-0.00360994	-2.30264e-14	8.40487e-10	1.75338e-12	0.000212507
15.3883	-2.13099e-10	-0.00360994	-2.30339e-14	8.53236e-10	-2.16593e-11	0.000215807
15.3884	-2.13553e-10	-0.00360994	-2.30439e-14	8.65581e-10	-2.7679e-11	0.000219006
15.3885	-2.14167e-10	-0.00360994	-2.3057e-14	8.77926e-10	7.67768e-12	0.000222152
15.3886	-2.14747e-10	-0.00360994	-2.30695e-14	8.9011e-10	2.50294e-11	0.000225278
15.3887	-2.15193e-10	-0.00360994	-2.30793e-14	9.01838e-10	-7.84324e-12	0.000228326
15.3889	-2.1569e-10	-0.00360994	-2.30901e-14	9.13395e-10	1.5982e-12	0.000231293
15.389	-2.16184e-10	-0.00360995	-2.31008e-14	9.2482e-10	-1.95752e-11	0.000234222
15.3891	-2.16799e-10	-0.00360995	-2.3114e-14	9.35822e-10	3.91801e-12	0.000237081
15.3892	-2.17398e-10	-0.00360995	-2.31268e-14	9.46577e-10	-6.66239e-13	0.000239854
15.3893	-2.18009e-10	-0.00360995	-2.31398e-14	9.57157e-10	1.26482e-13	0.000242573
15.3895	-2.18625e-10	-0.00360995	-2.31529e-14	9.67314e-10	6.8077e-12	0.000245216
15.3896	-2.19206e-10	-0.00360995	-2.31653e-14	9.77243e-10	3.04021e-12	0.000247776
15.3897	-2.19774e-10	-0.00360995	-2.31774e-14	9.86896e-10	-1.08354e-11	0.000250271
15.3898	-2.20416e-10	-0.00360996	-2.3191e-14	9.96146e-10	-7.35854e-13	0.000252681
15.39	-2.21068e-10	-0.00360996	-2.32048e-14	1.00518e-09	-3.54e-12	0.000255011
15.3901	-2.21749e-10	-0.00360996	-2.32191e-14	1.01387e-09	7.04327e-12	0.00025727
15.3902	-2.2239e-10	-0.00360996	-2.32326e-14	1.02215e-09	-1.49526e-11	0.000259432
15.3903	-2.23134e-10	-0.00360996	-2.32481e-14	1.03025e-09	1.37783e-11	0.00026152
15.3905	-2.23794e-10	-0.00360996	-2.32619e-14	1.0379e-09	1.15832e-11	0.000263528
15.3906	-2.24381e-10	-0.00360997	-2.32742e-14	1.0452e-09	7.98427e-12	0.000265434
15.3907	-2.2492e-10	-0.00360997	-2.32856e-14	1.05232e-09	-2.40397e-11	0.000267272
15.3909	-2.25624e-10	-0.00360997	-2.33002e-14	1.05893e-09	-1.63289e-11	0.000269021
15.391	-2.26442e-10	-0.00360997	-2.3317e-14	1.06523e-09	-3.46147e-12	0.000270667
15.3911	-2.27288e-10	-0.00360997	-2.33343e-14	1.07134e-09	-2.51552e-12	0.000272249
15.3913	-2.28157e-10	-0.00360997	-2.33521e-14	1.07685e-09	2.97126e-11	0.000273731
15.3914	-2.28826e-10	-0.00360998	-2.33659e-14	1.08216e-09	1.80816e-11	0.00027511
15.3916	-2.29374e-10	-0.00360998	-2.33773e-14	1.08723e-09	-2.56149e-11	0.000276432
15.3917	-2.30101e-10	-0.00360998	-2.33921e-14	1.09167e-09	-1.45045e-11	0.000277643
15.3918	-2.30933e-10	-0.00360998	-2.3409e-14	1.096e-09	-1.52439e-11	0.000278761
15.392	-2.31874e-10	-0.00360998	-2.3428e-14	1.1e-09	1.28486e-11	0.000279823
15.3921	-2.32729e-10	-0.00360999	-2.34452e-14	1.10338e-09	7.4573e-12	0.000280764
15.3923	-2.33534e-10	-0.00360999	-2.34615e-14	1.10675e-09	6.3415e-12	0.000281625
15.3924	-2.34297e-10	-0.00360999	-2.34768e-14	1.10962e-09	1.03998e-11	0.000282421
15.3925	-2.34988e-10	-0.00360999	-2.34908e-14	1.11202e-09	9.6123e-13	0.000283092
15.3927	-2.35674e-10	-0.00360999	-2.35046e-14	1.11442e-09	-1.17058e-11	0.000283703
15.3928	-2.36444e-10	-0.00360999	-2.352e-14	1.11615e-09	-5.26979e-12	0.00028423
15.393	-2.37253e-10	-0.00361	-2.35361e-14	1.11761e-09	-9.70735e-12	0.000284636
15.3931	-2.38133e-10	-0.00361	-2.35536e-14	1.11903e-09	5.72941e-12	0.000285003
15.3933	-2.38972e-10	-0.00361	-2.35702e-14	1.11964e-09	-1.13458e-11	0.000285262
15.3934	-2.39893e-10	-0.00361	-2.35884e-14	1.1202e-09	1.10977e-11	0.000285411
15.3935	-2.40735e-10	-0.00361	-2.3605e-14	1.12059e-09	-4.96034e-12	0.000285532
15.3937	-2.41613e-10	-0.00361	-2.36222e-14	1.12016e-09	7.06051e-12	0.000285527
15.3938	-2.4244e-10	-0.00361001	-2.36384e-14	1.11984e-09	1.96671e-12	0.000285431
15.394	-2.43253e-10	-0.00361001	-2.36543e-14	1.11915e-09	-5.92776e-13	0.000285303
15.3941	-2.4407e-10	-0.00361001	-2.36703e-14	1.11774e-09	-1.93153e-11	0.000285036
15.3943	-2.45023e-10	-0.00361001	-2.36887e-14	1.11655e-09	6.06452e-12	0.000284705
15.3944	-2.45932e-10	-0.00361001	-2.37063e-14	1.11477e-09	-5.81836e-12	0.000284326
15.3945	-2.46881e-10	-0.00361002	-2.37247e-14	1.11245e-09	1.83554e-11	0.000283803
15.3947	-2.47698e-10	-0.00361002	-2.37404e-14	1.11036e-09	-1.00297e-12	0.00028324
15.3948	-2.4852e-10	-0.00361002	-2.37563e-14	1.10747e-09	5.69101e-12	0.000282606
15.395	-2.493e-10	-0.00361002	-2.37712e-14	1.10424e-09	-7.38678e-12	0.000281826
15.3951	-2.5013e-10	-0.00361002	-2.37871e-14	1.10123e-09	-6.72197e-13	0.00028103
15.3952	-2.50962e-10	-0.00361002	-2.3803e-14	1.09723e-09	-7.14045e-12	0.000280137
15.3954	-2.51841e-10	-0.00361003	-2.38197e-14	1.09308e-09	-1.79141e-11	0.000279099
15.3955	-2.52842e-10	-0.00361003	-2.38387e-14	1.08911e-09	8.56502e-13	0.000278064
15.3957	-2.53833e-10	-0.00361003	-2.38574e-14	1.08402e-09	1.76451e-11	0.000276909
15.3958	-2.54697e-10	-0.00361003	-2.38738e-14	1.07888e-09	-3.63941e-12	0.000275606
15.3959	-2.55583e-10	-0.00361003	-2.38904e-14	1.07392e-09	5.2749e-12	0.000274317
15.3961	-2.56428e-10	-0.00361003	-2.39063e-14	1.06771e-09	5.90097e-12	0.000272893
15.3962	-2.57228e-10	-0.00361004	-2.39213e-14	1.06148e-09	-1.25698e-12	0.000271309
15.3963	-2.58032e-10	-0.00361004	-2.39363e-14	1.05547e-09	3.01859e-12	0.000269749
15.3965	-2.58811e-10	-0.00361004	-2.39508e-14	1.04814e-09	-1.47805e-11	0.000268048
15.3966	-2.59684e-10	-0.00361004	-2.3967e-14	1.04065e-09	-2.20754e-11	0.000266158
15.3967	-2.60696e-10	-0.00361004	-2.39858e-14	1.03351e-09	1.01846e-11	0.000264294
15.3969	-2.61635e-10	-0.00361004	-2.40032e-14	1.02508e-09	1.88402e-11	0.00026231
15.397	-2.62443e-10	-0.00361004	-2.40181e-14	1.01608e-09	1.61661e-11	0.000260088
15.3971	-2.63139e-10	-0.00361005	-2.40309e-14	1.00764e-09	1.18914e-12	0.000257865
15.3973	-2.63822e-10	-0.00361005	-2.40434e-14	9.98256e-10	-1.07332e-11	0.000255593
15.3974	-2.64566e-10	-0.00361005	-2.4057e-14	9.87479e-10	-1.15629e-11	0.000253024
15.3975	-2.65376e-10	-0.00361005	-2.40718e-14	9.7739e-10	-2.93674e-11	0.000250364
15.3976	-2.6636e-10	-0.00361005	-2.40897e-14	9.67116e-10	-2.49191e-11	0.000247769
15.3978	-2.67487e-10	-0.00361005	-2.41103e-14	9.54706e-10	7.37455e-12	0.000244878
15.3979	-2.68554e-10	-0.00361006	-2.41297e-14	9.42381e-10	1.03262e-11	0.000241726
15.398	-2.69546e-10	-0.00361006	-2.41477e-14	9.30612e-10	6.00609e-11	0.000238655
15.3981	-2.7017e-10	-0.00361006	-2.41589e-14	9.17724e-10	6.94484e-11	0.000235512
15.3982	-2.70379e-10	-0.00361006	-2.41625e-14	9.02751e-10	7.00439e-11	0.000231961
15.3984	-2.70181e-10	-0.00361006	-2.41586e-14	8.88495e-10	9.03341e-12	0.000228236
15.3985	-2.69936e-10	-0.00361006	-2.41538e-14	8.74631e-10	-8.66486e-11	0.000224653
15.3986	-2.70177e-10	-0.00361006	-2.4158e-14	8.59358e-10	-1.34113e-10	0.000220939
15.3987	-2.71148e-10	-0.00361006	-2.41754e-14	8.41971e-10	-9.48168e-11	0.000216777
15.3988	-2.72609e-10	-0.00361007	-2.42018e-14	8.25333e-10	-4.32161e-11	0.000212441
15.3989	-2.74267e-10	-0.00361007	-2.42318e-14	8.09309e-10	-3.66192e-11	0.000208278
15.399	-2.76082e-10	-0.00361007	-2.42645e-14	7.92715e-10	3.21763e-11	0.000204121
15.3991	-2.77698e-10	-0.00361007	-2.42936e-14	7.73667e-10	1.1459e-10	0.000199579
15.3992	-2.7871e-10	-0.00361007	-2.43116e-14	7.54603e-10	1.43864e-10	0.000194722
15.3993	-2.79005e-10	-0.00361007	-2.43166e-14	7.36599e-10	1.42317e-10	0.000189998
15.3994	-2.78625e-10	-0.00361007	-2.43093e-14	7.19195e-10	1.36745e-10	0.000185486
15.3995	-2.77628e-10	-0.00361007	-2.42909e-14	7.01487e-10	1.15307e-10	0.000181011
15.3996	-2.7614e-10	-0.00361008	-2.42636e-14	6.82008e-10	5.57047e-11	0.000176272
15.3997	-2.74452e-10	-0.00361008	-2.42327e-14	6.6258e-10	-2.83598e-11	0.000171314
15.3997	-2.72931e-10	-0.00361008	-2.4205e-14	6.44567e-10	-1.37464e-10	0.000166543
15.3998	-2.72016e-10	-0.00361008	-2.41882e-14	6.27872e-10	-2.6641e-10	0.00016212
15.3999	-2.7219e-10	-0.00361008	-2.41911e-14	6.12268e-10	-3.58163e-10	0.000158005
15.4	-2.73757e-10	-0.00361008	-2.42192e-14	5.97066e-10	-3.10338e-10	0.000154079
15.4001	-2.76466e-10	-0.00361008	-2.42678e-14	5.8141e-10	-1.27466e-10	0.000150147
15.4001	-2.79575e-10	-0.00361008	-2.43235e-14	5.6599e-10	-5.45134e-11	0.000146187
15.4002	-2.82799e-10	-0.00361008	-2.43813e-14	5.52277e-10	1.04738e-10	0.000142475
15.4003	-2.85576e-10	-0.00361008	-2.44309e-14	5.4036e-10	1.40374e-10	0.000139209
15.4003	-2.8781e-10	-0.00361008	-2.44707e-14	5.30093e-10	1.64451e-10	0.000136382
15.4004	-2.89446e-10	-0.00361008	-2.44997e-14	5.21324e-10	1.15654e-10	0.000133956
15.4005	-2.90671e-10	-0.00361009	-2.45213e-14	5.13827e-10	1.58704e-10	0.000131884
15.4005	-2.91359e-10	-0.00361009	-2.45333e-14	5.07372e-10	2.18607e-10	0.000130106
15.4006	-2.91331e-10	-0.00361009	-2.45324e-14	5.0159e-10	2.08277e-10	0.000128547
15.4007	-2.90639e-10	-0.00361009	-2.45196e-14	4.96937e-10	1.26207e-10	0.000127217
15.4007	-2.89553e-10	-0.00361009	-2.44998e-14	4.94216e-10	2.06054e-10	0.000126278
15.4008	-2.87825e-10	-0.00361009	-2.44685e-14	4.93271e-10	1.28931e-10	0.00012581
15.4009	-2.85694e-10	-0.00361009	-2.443e-14	4.94008e-10	-2.03649e-11	0.000125784
15.4009	-2.83625e-10	-0.00361009	-2.43927e-14	4.96375e-10	-8.55274e-11	0.000126179
15.401	-2.81816e-10	-0.00361009	-2.43601e-14	5.00266e-10	-8.77662e-11	0.000126977
15.4011	-2.80273e-10	-0.00361009	-2.43323e-14	5.05626e-10	-7.67856e-11	0.000128155
15.4011	-2.7896e-10	-0.00361009	-2.43086e-14	5.12373e-10	-2.62207e-11	0.000129698
15.4012	-2.77716e-10	-0.00361009	-2.42861e-14	5.20464e-10	-6.74511e-11	0.000131589
15.4013	-2.76676e-10	-0.00361009	-2.42673e-14	5.29821e-10	-2.03277e-10	0.000133812
15.4013	-2.76302e-10	-0.0036101	-2.42604e-14	5.40453e-10	-4.91124e-11	0.000136359
15.4014	-2.76091e-10	-0.0036101	-2.42564e-14	5.55901e-10	-1.59062e-10	0.000139683
15.4015	-2.76437e-10	-0.0036101	-2.42623e-14	5.78723e-10	-3.81114e-11	0.000144559
15.4015	-2.76937e-10	-0.0036101	-2.4271e-14	6.06045e-10	-3.85292e-11	0.000150949
15.4016	-2.7761e-10	-0.0036101	-2.42826e-14	6.37511e-10	-5.0084e-11	0.00015844
15.4017	-2.78521e-10	-0.0036101	-2.42985e-14	6.73198e-10	1.44948e-11	0.000166997
15.4018	-2.79421e-10	-0.0036101	-2.43141e-14	7.13606e-10	5.74383e-12	0.000176694
15.4019	-2.80349e-10	-0.0036101	-2.43302e-14	7.59232e-10	3.27771e-11	0.000187658
15.402	-2.81178e-10	-0.0036101	-2.43444e-14	8.11031e-10	-4.43625e-11	0.000200074
15.4021	-2.82292e-10	-0.0036101	-2.43637e-14	8.69999e-10	4.28793e-11	0.00021419
15.4022	-2.8325e-10	-0.0036101	-2.43801e-14	9.38018e-10	3.2178e-12	0.000230374
15.4023	-2.84264e-10	-0.00361011	-2.43974e-14	1.01738e-09	9.8747e-12	0.000249158
15.4024	-2.85299e-10	-0.00361011	-2.4415e-14	1.11255e-09	1.37391e-11	0.000271403
15.4026	-2.86334e-10	-0.00361011	-2.44324e-14	1.23183e-09	3.22708e-11	0.000298736
15.4027	-2.87227e-10	-0.00361011	-2.44473e-14	1.40271e-09	5.19813e-11	0.000335723
15.4029	-2.87778e-10	-0.00361011	-2.4456e-14	1.63718e-09	4.43734e-11	0.000387398
15.4031	-2.8796e-10	-0.00361012	-2.4458e-14	1.96145e-09	2.18406e-11	0.000458636
15.4034	-2.87904e-10	-0.00361012	-2.44556e-14	2.44412e-09	1.60226e-12	0.000561538
15.4037	-2.87809e-10	-0.00361012	-2.44522e-14	3.26464e-09	-5.45186e-12	0.000727771
15.4041	-2.87796e-10	-0.00361013	-2.44496e-14	5.02453e-09	5.22142e-12	0.00105711
15.4047	-2.87609e-10	-0.00361013	-2.44428e-14	1.04901e-08	1.61298e-11	0.00198079
15.4061	-2.86137e-10	-0.00361015	-2.44104e-14	7.61651e-08	-5.90001e-12	0.0112384
15.416	-2.78181e-10	-0.00361025	-2.42366e-14	-0.0560024	-1.63899e-11	59.985
-44.6089	2.4837e-10	-0.0133356	2.41323e-14	-0.0960356	1.43463e-13	119.982
