27.6864	-1.3619e-09	-0.00361216	-1.18194e-13	0.04	-2.11983e-08	60.0034
27.6866	-1.60178e-09	-0.00361217	-1.21181e-13	1.19676e-10	2.27817e-07	0.000241692
27.6866	-1.44289e-09	-0.00361217	-1.19199e-13	6.09844e-11	2.48279e-07	2.36723e-05
27.6866	-1.25429e-09	-0.00361217	-1.16848e-13	5.06459e-11	-5.67683e-08	1.45895e-05
27.6866	-1.12893e-09	-0.00361217	-1.15285e-13	4.7141e-11	-1.95687e-07	1.19286e-05
27.6866	-1.07193e-09	-0.00361217	-1.14575e-13	4.32932e-11	-1.41078e-07	1.10276e-05
27.6866	-1.05538e-09	-0.00361217	-1.14368e-13	4.20271e-11	-3.01774e-08	1.07415e-05
27.6866	-1.04704e-09	-0.00361217	-1.14265e-13	4.2208e-11	2.38546e-08	1.07284e-05
27.6866	-1.03223e-09	-0.00361217	-1.1408e-13	4.28568e-11	2.09353e-08	1.08517e-05
27.6866	-1.01145e-09	-0.00361217	-1.13822e-13	4.38221e-11	-2.70973e-09	1.10495e-05
27.6866	-9.91007e-10	-0.00361217	-1.13567e-13	4.4883e-11	-2.03159e-08	1.12907e-05
27.6866	-9.75891e-10	-0.00361217	-1.13379e-13	4.59794e-11	-2.92703e-08	1.15596e-05
27.6867	-9.68964e-10	-0.00361217	-1.13293e-13	4.71001e-11	-1.62173e-08	1.18486e-05
27.6867	-9.66726e-10	-0.00361217	-1.13265e-13	4.83115e-11	-2.31883e-08	1.21535e-05
27.6867	-9.71565e-10	-0.00361217	-1.13326e-13	4.95737e-11	-1.47355e-08	1.24724e-05
27.6867	-9.81187e-10	-0.00361217	-1.13446e-13	5.08934e-11	-1.52661e-08	1.28044e-05
27.6867	-9.96018e-10	-0.00361217	-1.13631e-13	5.22574e-11	-1.60047e-08	1.31496e-05
27.6867	-1.01658e-09	-0.00361217	-1.13887e-13	5.36601e-11	-2.1048e-08	1.3508e-05
27.6867	-1.04492e-09	-0.00361217	-1.1424e-13	5.51927e-11	-6.79578e-09	1.38802e-05
27.6867	-1.07642e-09	-0.00361217	-1.14633e-13	5.67005e-11	-1.39875e-08	1.42665e-05
27.6867	-1.11387e-09	-0.00361217	-1.15099e-13	5.83069e-11	-1.12332e-08	1.46673e-05
27.6867	-1.15655e-09	-0.00361217	-1.15631e-13	6.00176e-11	-2.23677e-09	1.50829e-05
27.6867	-1.2013e-09	-0.00361217	-1.16188e-13	6.18004e-11	9.07596e-09	1.55136e-05
27.6867	-1.24376e-09	-0.00361217	-1.16716e-13	6.35263e-11	-1.78017e-09	1.59602e-05
27.6867	-1.28817e-09	-0.00361217	-1.17269e-13	6.55062e-11	2.20655e-08	1.64249e-05
27.6867	-1.32469e-09	-0.00361217	-1.17723e-13	6.73658e-11	6.1788e-09	1.69095e-05
27.6868	-1.35964e-09	-0.00361217	-1.18158e-13	6.94516e-11	2.71789e-08	1.74142e-05
27.6868	-1.38364e-09	-0.00361217	-1.18456e-13	7.15124e-11	2.41614e-08	1.79393e-05
27.6868	-1.39736e-09	-0.00361217	-1.18626e-13	7.36673e-11	2.75565e-08	1.84852e-05
27.6868	-1.39858e-09	-0.00361217	-1.18641e-13	7.59123e-11	1.92614e-08	1.90531e-05
27.6868	-1.39052e-09	-0.00361217	-1.18541e-13	7.82631e-11	2.26204e-08	1.96455e-05
27.6868	-1.37093e-09	-0.00361217	-1.18297e-13	8.07494e-11	1.22299e-08	2.02643e-05
27.6868	-1.34442e-09	-0.00361217	-1.17967e-13	8.33393e-11	6.80017e-09	2.09094e-05
27.6868	-1.31346e-09	-0.00361217	-1.17582e-13	8.60585e-11	-6.80869e-09	2.15798e-05
27.6868	-1.28523e-09	-0.00361217	-1.17231e-13	8.88468e-11	-8.13737e-09	2.22766e-05
27.6868	-1.2607e-09	-0.00361217	-1.16927e-13	9.1774e-11	-1.6586e-08	2.30034e-05
27.6869	-1.24504e-09	-0.00361217	-1.16732e-13	9.47998e-11	-1.36033e-08	2.37625e-05
27.6869	-1.23709e-09	-0.00361217	-1.16633e-13	9.79431e-11	-1.2388e-08	2.45516e-05
27.6869	-1.23659e-09	-0.00361217	-1.16627e-13	1.01198e-10	-9.61515e-09	2.53686e-05
27.6869	-1.24228e-09	-0.00361217	-1.16698e-13	1.0459e-10	-3.37588e-09	2.62162e-05
27.6869	-1.25041e-09	-0.00361217	-1.16799e-13	1.08117e-10	-1.13367e-10	2.70974e-05
27.6869	-1.25888e-09	-0.00361217	-1.16904e-13	1.11746e-10	3.1268e-09	2.80086e-05
27.6869	-1.26542e-09	-0.00361217	-1.16985e-13	1.15463e-10	5.16206e-09	2.89442e-05
27.687	-1.26838e-09	-0.00361217	-1.17021e-13	1.19285e-10	4.28437e-09	2.99048e-05
27.687	-1.26818e-09	-0.00361218	-1.17019e-13	1.23184e-10	2.31555e-09	3.08886e-05
27.687	-1.26616e-09	-0.00361218	-1.16994e-13	1.271e-10	7.37175e-10	3.18843e-05
27.687	-1.26348e-09	-0.00361218	-1.1696e-13	1.30988e-10	-3.75314e-10	3.28784e-05
27.687	-1.26103e-09	-0.00361218	-1.1693e-13	1.34836e-10	-7.61e-10	3.3864e-05
27.687	-1.25916e-09	-0.00361218	-1.16907e-13	1.38973e-10	-4.63289e-10	3.48814e-05
27.6871	-1.25764e-09	-0.00361218	-1.16888e-13	1.43469e-10	-6.11066e-10	3.59811e-05
27.6871	-1.25663e-09	-0.00361218	-1.16875e-13	1.48281e-10	-3.16905e-10	3.7167e-05
27.6871	-1.25589e-09	-0.00361218	-1.16866e-13	1.53374e-10	-2.81828e-10	3.84289e-05
27.6871	-1.25539e-09	-0.00361218	-1.1686e-13	1.58718e-10	-6.90028e-11	3.97585e-05
27.6871	-1.25495e-09	-0.00361218	-1.16854e-13	1.64349e-10	-5.94688e-11	4.11568e-05
27.6871	-1.25456e-09	-0.00361218	-1.16849e-13	1.70252e-10	1.19039e-10	4.26262e-05
27.6872	-1.25402e-09	-0.00361218	-1.16843e-13	1.76385e-10	3.37311e-11	4.41595e-05
27.6872	-1.25343e-09	-0.00361218	-1.16835e-13	1.8278e-10	-2.75954e-10	4.57556e-05
27.6872	-1.25313e-09	-0.00361218	-1.16832e-13	1.89406e-10	-1.50751e-10	4.74145e-05
27.6872	-1.25301e-09	-0.00361218	-1.1683e-13	1.96198e-10	-1.79595e-10	4.9124e-05
27.6873	-1.25311e-09	-0.00361218	-1.16831e-13	2.03179e-10	-2.41483e-10	5.08787e-05
27.6873	-1.25352e-09	-0.00361218	-1.16836e-13	2.10284e-10	3.44645e-10	5.26733e-05
27.6873	-1.25349e-09	-0.00361218	-1.16836e-13	2.17446e-10	-1.30932e-10	5.44909e-05
27.6873	-1.25363e-09	-0.00361218	-1.16838e-13	2.24671e-10	-2.93899e-10	5.63237e-05
27.6874	-1.2542e-09	-0.00361218	-1.16845e-13	2.31851e-10	1.44857e-10	5.81591e-05
27.6874	-1.25458e-09	-0.00361218	-1.16849e-13	2.3892e-10	4.68309e-10	5.99745e-05
27.6874	-1.25425e-09	-0.00361218	-1.16845e-13	2.46493e-10	-1.56422e-10	6.18399e-05
27.6875	-1.25416e-09	-0.00361218	-1.16844e-13	2.54696e-10	-1.97292e-10	6.38498e-05
27.6875	-1.25439e-09	-0.00361218	-1.16846e-13	2.63121e-10	-1.89843e-10	6.59682e-05
27.6875	-1.25494e-09	-0.00361219	-1.16853e-13	2.71666e-10	8.98284e-11	6.81304e-05
27.6876	-1.25536e-09	-0.00361219	-1.16858e-13	2.80205e-10	4.67733e-11	7.0307e-05
27.6876	-1.2557e-09	-0.00361219	-1.16862e-13	2.88794e-10	7.52385e-11	7.24892e-05
27.6876	-1.25592e-09	-0.00361219	-1.16865e-13	2.97416e-10	1.20794e-10	7.4682e-05
27.6877	-1.25591e-09	-0.00361219	-1.16865e-13	3.06147e-10	7.70232e-11	7.68929e-05
27.6877	-1.25575e-09	-0.00361219	-1.16863e-13	3.15352e-10	-1.08361e-10	7.91781e-05
27.6878	-1.25581e-09	-0.00361219	-1.16863e-13	3.25274e-10	5.98915e-11	8.1615e-05
27.6878	-1.25574e-09	-0.00361219	-1.16862e-13	3.35254e-10	-1.30304e-10	8.41508e-05
27.6878	-1.25595e-09	-0.00361219	-1.16865e-13	3.44973e-10	-8.11348e-12	8.66606e-05
27.6879	-1.25619e-09	-0.00361219	-1.16868e-13	3.54421e-10	1.80795e-10	8.91027e-05
27.6879	-1.25602e-09	-0.00361219	-1.16865e-13	3.6386e-10	1.23755e-10	9.15092e-05
27.688	-1.25556e-09	-0.00361219	-1.1686e-13	3.73424e-10	3.75304e-11	9.39303e-05
27.688	-1.255e-09	-0.00361219	-1.16853e-13	3.8382e-10	-7.09077e-11	9.64735e-05
27.6881	-1.2546e-09	-0.00361219	-1.16848e-13	3.94718e-10	-9.13147e-11	9.91867e-05
27.6881	-1.25442e-09	-0.0036122	-1.16845e-13	4.05051e-10	-1.0986e-10	0.000101892
27.6882	-1.25451e-09	-0.0036122	-1.16846e-13	4.15109e-10	1.0524e-10	0.00010449
27.6882	-1.25433e-09	-0.0036122	-1.16844e-13	4.24994e-10	1.20419e-10	0.000107031
27.6883	-1.25382e-09	-0.0036122	-1.16838e-13	4.35358e-10	-1.02848e-10	0.000109611
27.6883	-1.25358e-09	-0.0036122	-1.16834e-13	4.46485e-10	-1.23196e-10	0.000112349
27.6884	-1.25369e-09	-0.0036122	-1.16836e-13	4.57135e-10	-3.20581e-11	0.000115124
27.6885	-1.25389e-09	-0.0036122	-1.16838e-13	4.67442e-10	8.64404e-11	0.000117794
27.6885	-1.25384e-09	-0.0036122	-1.16837e-13	4.77574e-10	-2.22222e-11	0.000120399
27.6886	-1.25385e-09	-0.0036122	-1.16837e-13	4.88327e-10	-7.3687e-11	0.00012306
27.6886	-1.2541e-09	-0.0036122	-1.1684e-13	4.99248e-10	-1.34629e-10	0.000125821
27.6887	-1.25477e-09	-0.00361221	-1.16848e-13	5.09665e-10	-3.73942e-11	0.00012854
27.6888	-1.25559e-09	-0.00361221	-1.16858e-13	5.19862e-10	1.35114e-10	0.000131167
27.6888	-1.25597e-09	-0.00361221	-1.16862e-13	5.30291e-10	-3.2798e-11	0.000133795
27.6889	-1.25647e-09	-0.00361221	-1.16868e-13	5.41055e-10	5.73495e-12	0.000136496
27.689	-1.25696e-09	-0.00361221	-1.16874e-13	5.51299e-10	2.90695e-12	0.000139173
27.689	-1.25745e-09	-0.00361221	-1.16879e-13	5.61357e-10	4.37465e-11	0.00014176
27.6891	-1.2578e-09	-0.00361221	-1.16883e-13	5.71603e-10	-7.37255e-11	0.000144347
27.6892	-1.25841e-09	-0.00361221	-1.1689e-13	5.8192e-10	-4.63245e-12	0.000146967
27.6893	-1.25906e-09	-0.00361222	-1.16898e-13	5.9181e-10	5.59382e-12	0.000149542
27.6893	-1.2597e-09	-0.00361222	-1.16905e-13	6.01572e-10	4.24908e-11	0.000152046
27.6894	-1.26018e-09	-0.00361222	-1.16911e-13	6.11527e-10	3.67468e-12	0.000154559
27.6895	-1.26066e-09	-0.00361222	-1.16916e-13	6.21208e-10	-4.18732e-11	0.000157061
27.6896	-1.26131e-09	-0.00361222	-1.16924e-13	6.30613e-10	-5.34149e-11	0.000159493
27.6896	-1.26218e-09	-0.00361222	-1.16934e-13	6.40036e-10	1.536e-11	0.000161892
27.6897	-1.26301e-09	-0.00361222	-1.16943e-13	6.4936e-10	4.89201e-11	0.000164281
27.6898	-1.26364e-09	-0.00361223	-1.16951e-13	6.5837e-10	-1.48286e-11	0.000166618
27.6899	-1.26435e-09	-0.00361223	-1.16959e-13	6.67274e-10	3.46423e-12	0.0001689
27.69	-1.26505e-09	-0.00361223	-1.16967e-13	6.76098e-10	-3.7373e-11	0.000171159
27.6901	-1.26592e-09	-0.00361223	-1.16977e-13	6.84632e-10	8.00965e-12	0.000173372
27.6901	-1.26677e-09	-0.00361223	-1.16986e-13	6.93004e-10	-8.28132e-13	0.000175526
27.6902	-1.26763e-09	-0.00361223	-1.16996e-13	7.01264e-10	7.02843e-13	0.000177645
27.6903	-1.2685e-09	-0.00361223	-1.17006e-13	7.09232e-10	1.35114e-11	0.000179713
27.6904	-1.26932e-09	-0.00361224	-1.17015e-13	7.1705e-10	6.25475e-12	0.000181725
27.6905	-1.27011e-09	-0.00361224	-1.17024e-13	7.24682e-10	-2.02752e-11	0.000183694
27.6906	-1.27101e-09	-0.00361224	-1.17034e-13	7.32035e-10	-9.23115e-13	0.000185604
27.6907	-1.27193e-09	-0.00361224	-1.17044e-13	7.39245e-10	-6.25355e-12	0.000187459
27.6908	-1.27288e-09	-0.00361224	-1.17055e-13	7.46216e-10	1.38983e-11	0.000189266
27.6909	-1.27377e-09	-0.00361224	-1.17065e-13	7.52902e-10	-2.79039e-11	0.000191007
27.691	-1.27481e-09	-0.00361225	-1.17076e-13	7.5947e-10	2.66616e-11	0.000192696
27.6911	-1.27573e-09	-0.00361225	-1.17087e-13	7.65727e-10	2.24014e-11	0.00019433
27.6912	-1.27654e-09	-0.00361225	-1.17095e-13	7.71736e-10	1.55145e-11	0.000195893
27.6913	-1.27728e-09	-0.00361225	-1.17103e-13	7.77623e-10	-4.49242e-11	0.00019741
27.6914	-1.27826e-09	-0.00361225	-1.17114e-13	7.83145e-10	-3.02144e-11	0.000198864
27.6915	-1.27939e-09	-0.00361225	-1.17127e-13	7.88455e-10	-5.90166e-12	0.000200244
27.6916	-1.28056e-09	-0.00361226	-1.17139e-13	7.93636e-10	-4.09703e-12	0.000201581
27.6917	-1.28175e-09	-0.00361226	-1.17153e-13	7.98383e-10	5.62678e-11	0.000202846
27.6918	-1.28267e-09	-0.00361226	-1.17162e-13	8.02992e-10	3.42844e-11	0.000204038
27.6919	-1.28342e-09	-0.00361226	-1.1717e-13	8.07428e-10	-4.739e-11	0.000205191
27.692	-1.28441e-09	-0.00361226	-1.17181e-13	8.11412e-10	-2.64833e-11	0.000206264
27.6921	-1.28555e-09	-0.00361227	-1.17193e-13	8.15324e-10	-2.77353e-11	0.00020727
27.6922	-1.28684e-09	-0.00361227	-1.17207e-13	8.18996e-10	2.45271e-11	0.000208237
27.6923	-1.288e-09	-0.00361227	-1.1722e-13	8.22221e-10	1.44331e-11	0.000209116
27.6924	-1.28909e-09	-0.00361227	-1.17231e-13	8.25441e-10	1.23078e-11	0.000209937
27.6925	-1.29013e-09	-0.00361227	-1.17242e-13	8.28298e-10	1.97459e-11	0.000210712
27.6926	-1.29106e-09	-0.00361227	-1.17252e-13	8.30802e-10	2.26816e-12	0.000211395
27.6927	-1.29198e-09	-0.00361228	-1.17262e-13	8.33319e-10	-2.10353e-11	0.000212035
27.6928	-1.29302e-09	-0.00361228	-1.17272e-13	8.35341e-10	-9.12162e-12	0.000212613
27.6929	-1.29411e-09	-0.00361228	-1.17284e-13	8.37157e-10	-1.72081e-11	0.000213102
27.693	-1.29529e-09	-0.00361228	-1.17296e-13	8.38952e-10	1.11068e-11	0.000213563
27.6931	-1.29642e-09	-0.00361228	-1.17308e-13	8.40144e-10	-2.01155e-11	0.000213943
27.6932	-1.29765e-09	-0.00361229	-1.17321e-13	8.41301e-10	2.08792e-11	0.000214243
27.6934	-1.29878e-09	-0.00361229	-1.17332e-13	8.42329e-10	-8.42493e-12	0.000214521
27.6935	-1.29995e-09	-0.00361229	-1.17345e-13	8.42741e-10	1.34411e-11	0.000214705
27.6936	-1.30105e-09	-0.00361229	-1.17356e-13	8.43239e-10	4.14916e-12	0.000214821
27.6937	-1.30213e-09	-0.00361229	-1.17367e-13	8.43461e-10	-4.98767e-13	0.000214912
27.6938	-1.30321e-09	-0.00361229	-1.17378e-13	8.43135e-10	-3.43031e-11	0.000214899
27.6939	-1.30448e-09	-0.0036123	-1.17391e-13	8.42973e-10	1.16012e-11	0.000214837
27.694	-1.30568e-09	-0.0036123	-1.17403e-13	8.42366e-10	-9.83024e-12	0.000214739
27.6941	-1.30693e-09	-0.0036123	-1.17416e-13	8.41341e-10	3.36275e-11	0.000214531
27.6942	-1.30801e-09	-0.0036123	-1.17426e-13	8.40493e-10	-1.22755e-12	0.000214292
27.6943	-1.30908e-09	-0.0036123	-1.17437e-13	8.39037e-10	1.07561e-11	0.000213999
27.6944	-1.3101e-09	-0.00361231	-1.17447e-13	8.37312e-10	-1.26512e-11	0.000213593
27.6945	-1.31119e-09	-0.00361231	-1.17458e-13	8.35751e-10	-6.22264e-13	0.000213175
27.6946	-1.31227e-09	-0.00361231	-1.17469e-13	8.3344e-10	-1.21306e-11	0.000212681
27.6947	-1.31342e-09	-0.00361231	-1.1748e-13	8.31002e-10	-3.12142e-11	0.000212076
27.6949	-1.31473e-09	-0.00361231	-1.17493e-13	8.2869e-10	2.2105e-12	0.00021147
27.695	-1.31602e-09	-0.00361231	-1.17506e-13	8.25525e-10	3.19157e-11	0.000210772
27.6951	-1.31714e-09	-0.00361232	-1.17517e-13	8.22309e-10	-5.83636e-12	0.000209959
27.6952	-1.31829e-09	-0.00361232	-1.17528e-13	8.19215e-10	9.91157e-12	0.000209155
27.6953	-1.31938e-09	-0.00361232	-1.17538e-13	8.1517e-10	1.09681e-11	0.000208245
27.6954	-1.32041e-09	-0.00361232	-1.17548e-13	8.11094e-10	-1.66283e-12	0.00020721
27.6955	-1.32144e-09	-0.00361232	-1.17558e-13	8.07171e-10	5.84405e-12	0.000206191
27.6956	-1.32244e-09	-0.00361233	-1.17567e-13	8.02228e-10	-2.53577e-11	0.000205061
27.6957	-1.32356e-09	-0.00361233	-1.17578e-13	7.97151e-10	-3.80045e-11	0.000203784
27.6958	-1.32486e-09	-0.00361233	-1.17591e-13	7.9233e-10	1.84652e-11	0.000202523
27.6959	-1.32607e-09	-0.00361233	-1.17603e-13	7.86504e-10	3.3465e-11	0.000201166
27.696	-1.3271e-09	-0.00361233	-1.17612e-13	7.8023e-10	2.86668e-11	0.000199624
27.6961	-1.32798e-09	-0.00361233	-1.1762e-13	7.74361e-10	2.53328e-12	0.000198076
27.6962	-1.32884e-09	-0.00361234	-1.17628e-13	7.6776e-10	-1.81514e-11	0.000196487
27.6963	-1.32978e-09	-0.00361234	-1.17637e-13	7.60067e-10	-1.95154e-11	0.000194666
27.6964	-1.3308e-09	-0.00361234	-1.17646e-13	7.52886e-10	-5.02082e-11	0.00019277
27.6965	-1.33206e-09	-0.00361234	-1.17658e-13	7.45544e-10	-4.23338e-11	0.000190919
27.6966	-1.3335e-09	-0.00361234	-1.17672e-13	7.36536e-10	1.34594e-11	0.000188836
27.6967	-1.33487e-09	-0.00361234	-1.17685e-13	7.27573e-10	1.84746e-11	0.000186546
27.6968	-1.33613e-09	-0.00361234	-1.17697e-13	7.1902e-10	1.03803e-10	0.000184313
27.6968	-1.3369e-09	-0.00361235	-1.17704e-13	7.09581e-10	1.1949e-10	0.00018202
27.6969	-1.33713e-09	-0.00361235	-1.17705e-13	6.98506e-10	1.2005e-10	0.000179406
27.697	-1.33681e-09	-0.00361235	-1.177e-13	6.87964e-10	1.52996e-11	0.000176652
27.6971	-1.33643e-09	-0.00361235	-1.17694e-13	6.77702e-10	-1.48085e-10	0.000174
27.6972	-1.3367e-09	-0.00361235	-1.17696e-13	6.66324e-10	-2.28453e-10	0.000171243
27.6973	-1.33793e-09	-0.00361235	-1.17707e-13	6.53283e-10	-1.60753e-10	0.000168131
27.6974	-1.33981e-09	-0.00361236	-1.17726e-13	6.40797e-10	-7.24919e-11	0.000164878
27.6975	-1.34195e-09	-0.00361236	-1.17747e-13	6.28763e-10	-6.10615e-11	0.000161754
27.6975	-1.34429e-09	-0.00361236	-1.1777e-13	6.16262e-10	5.57508e-11	0.000158627
27.6976	-1.34636e-09	-0.00361236	-1.17791e-13	6.01828e-10	1.95077e-10	0.000155195
27.6977	-1.34764e-09	-0.00361236	-1.17803e-13	5.87354e-10	2.43929e-10	0.000151511
27.6978	-1.34798e-09	-0.00361236	-1.17805e-13	5.7368e-10	2.40539e-10	0.000147924
27.6978	-1.34743e-09	-0.00361236	-1.17798e-13	5.60449e-10	2.30403e-10	0.000144496
27.6979	-1.34607e-09	-0.00361236	-1.17782e-13	5.46958e-10	1.93602e-10	0.000141091
27.698	-1.34406e-09	-0.00361237	-1.1776e-13	5.32062e-10	9.27525e-11	0.000137474
27.698	-1.3418e-09	-0.00361237	-1.17735e-13	5.17181e-10	-4.87987e-11	0.000133679
27.6981	-1.33976e-09	-0.00361237	-1.17712e-13	5.03383e-10	-2.31846e-10	0.000130025
27.6982	-1.33852e-09	-0.00361237	-1.17698e-13	4.90592e-10	-4.47501e-10	0.000126637
27.6982	-1.33871e-09	-0.00361237	-1.17699e-13	4.78636e-10	-6.00075e-10	0.000123484
27.6983	-1.34073e-09	-0.00361237	-1.17719e-13	4.66976e-10	-5.18493e-10	0.000120475
27.6984	-1.34424e-09	-0.00361237	-1.17755e-13	4.54945e-10	-2.11397e-10	0.000117456
27.6984	-1.34827e-09	-0.00361237	-1.17796e-13	4.43081e-10	-8.90417e-11	0.000114411
27.6985	-1.35244e-09	-0.00361237	-1.17838e-13	4.32538e-10	1.76953e-10	0.000111556
27.6985	-1.35603e-09	-0.00361237	-1.17874e-13	4.23389e-10	2.35933e-10	0.000109047
27.6986	-1.35891e-09	-0.00361238	-1.17903e-13	4.15522e-10	2.75487e-10	0.000106879
27.6986	-1.361e-09	-0.00361238	-1.17924e-13	4.08819e-10	1.93613e-10	0.000105023
27.6987	-1.36256e-09	-0.00361238	-1.17939e-13	4.03107e-10	2.64788e-10	0.000103441
27.6987	-1.36342e-09	-0.00361238	-1.17946e-13	3.98204e-10	3.63762e-10	0.000102088
27.6988	-1.36334e-09	-0.00361238	-1.17945e-13	3.93825e-10	3.45831e-10	0.000100906
27.6988	-1.36239e-09	-0.00361238	-1.17934e-13	3.90327e-10	2.08936e-10	9.9902e-05
27.6989	-1.36094e-09	-0.00361238	-1.17918e-13	3.88344e-10	3.40871e-10	9.92036e-05
27.6989	-1.35864e-09	-0.00361238	-1.17893e-13	3.87754e-10	2.12414e-10	9.88757e-05
27.699	-1.35583e-09	-0.00361238	-1.17863e-13	3.88486e-10	-3.51264e-11	9.88938e-05
27.699	-1.3531e-09	-0.00361238	-1.17834e-13	3.90502e-10	-1.42817e-10	9.9244e-05
27.6991	-1.35071e-09	-0.00361238	-1.17808e-13	3.9372e-10	-1.46228e-10	9.99108e-05
27.6991	-1.34867e-09	-0.00361238	-1.17786e-13	3.98099e-10	-1.278e-10	0.000100879
27.6992	-1.34692e-09	-0.00361239	-1.17767e-13	4.03575e-10	-4.41309e-11	0.000102134
27.6992	-1.34527e-09	-0.00361239	-1.17749e-13	4.10118e-10	-1.12e-10	0.000103666
27.6993	-1.34388e-09	-0.00361239	-1.17734e-13	4.17667e-10	-3.35418e-10	0.000105461
27.6993	-1.34337e-09	-0.00361239	-1.17728e-13	4.26231e-10	-8.10513e-11	0.000107514
27.6994	-1.34305e-09	-0.00361239	-1.17723e-13	4.38607e-10	-2.61585e-10	0.000110182
27.6995	-1.34347e-09	-0.00361239	-1.17727e-13	4.56821e-10	-6.23544e-11	0.00011408
27.6995	-1.34408e-09	-0.00361239	-1.17732e-13	4.78616e-10	-6.28725e-11	0.000119178
27.6996	-1.34491e-09	-0.00361239	-1.17739e-13	5.03716e-10	-8.16239e-11	0.000125154
27.6996	-1.34604e-09	-0.00361239	-1.1775e-13	5.32194e-10	2.43333e-11	0.000131981
27.6997	-1.34716e-09	-0.00361239	-1.1776e-13	5.64453e-10	9.98992e-12	0.00013972
27.6998	-1.34831e-09	-0.00361239	-1.1777e-13	6.00899e-10	5.41374e-11	0.000148475
27.6999	-1.34933e-09	-0.0036124	-1.17779e-13	6.42302e-10	-7.17879e-11	0.000158395
27.6999	-1.35071e-09	-0.0036124	-1.17791e-13	6.89468e-10	7.05646e-11	0.000169681
27.7	-1.35188e-09	-0.0036124	-1.17802e-13	7.43915e-10	5.86974e-12	0.00018263
27.7001	-1.35312e-09	-0.0036124	-1.17812e-13	8.07495e-10	1.67029e-11	0.000197671
27.7002	-1.35437e-09	-0.0036124	-1.17823e-13	8.83785e-10	2.29501e-11	0.000215496
27.7003	-1.35562e-09	-0.0036124	-1.17833e-13	9.79467e-10	5.28674e-11	0.000237413
27.7005	-1.35667e-09	-0.00361241	-1.17841e-13	1.11653e-09	8.44509e-11	0.000267078
27.7006	-1.35727e-09	-0.00361241	-1.17844e-13	1.30477e-09	7.17518e-11	0.000308543
27.7008	-1.35737e-09	-0.00361241	-1.17842e-13	1.5655e-09	3.51262e-11	0.000365775
27.701	-1.35714e-09	-0.00361241	-1.17836e-13	1.95425e-09	2.48436e-12	0.000448579
27.7012	-1.35683e-09	-0.00361242	-1.17827e-13	2.61643e-09	-8.77933e-12	0.000582599
27.7015	-1.35655e-09	-0.00361242	-1.17818e-13	4.04075e-09	8.15797e-12	0.000848802
27.7021	-1.35592e-09	-0.00361243	-1.17801e-13	8.49164e-09	2.47343e-11	0.00159936
27.7031	-1.35324e-09	-0.00361245	-1.17753e-13	6.41114e-08	-1.26559e-11	0.0093891
27.7115	-1.33796e-09	-0.00361258	-1.17462e-13	-0.0560079	-3.83748e-11	59.9864
-32.3105	1.30988e-09	-0.0133405	1.15193e-13	-0.0960431	7.22229e-13	119.981
