37.2686	-4.14471e-08	-0.00361409	-3.70236e-12	0.04	-6.43492e-08	60.0038
37.2687	-4.18737e-08	-0.00361409	-3.70778e-12	6.08821e-11	6.97726e-07	0.00014156
37.2688	-4.15881e-08	-0.00361409	-3.70409e-12	-3.017e-13	7.59619e-07	1.38837e-05
37.2688	-4.12493e-08	-0.00361409	-3.69971e-12	4.03665e-11	-1.74094e-07	8.55776e-06
37.2688	-4.10242e-08	-0.00361409	-3.69681e-12	5.34669e-11	-5.99015e-07	6.99751e-06
37.2688	-4.09218e-08	-0.00361409	-3.69549e-12	3.35742e-11	-4.31728e-07	6.46942e-06
37.2688	-4.0892e-08	-0.00361409	-3.6951e-12	2.52724e-11	-9.23471e-08	6.30199e-06
37.2688	-4.0877e-08	-0.00361409	-3.6949e-12	2.43134e-11	7.29408e-08	6.29465e-06
37.2688	-4.08504e-08	-0.00361409	-3.69456e-12	2.4546e-11	6.39887e-08	6.36742e-06
37.2688	-4.0813e-08	-0.00361409	-3.69408e-12	2.58052e-11	-8.33271e-09	6.48388e-06
37.2688	-4.07763e-08	-0.00361409	-3.6936e-12	2.69034e-11	-6.2158e-08	6.62586e-06
37.2688	-4.07491e-08	-0.00361409	-3.69325e-12	2.74783e-11	-8.95097e-08	6.78414e-06
37.2688	-4.07366e-08	-0.00361409	-3.69309e-12	2.77565e-11	-4.95826e-08	6.95422e-06
37.2688	-4.07325e-08	-0.00361409	-3.69303e-12	2.83173e-11	-7.08676e-08	7.13363e-06
37.2688	-4.07412e-08	-0.00361409	-3.69314e-12	2.8953e-11	-4.50134e-08	7.32133e-06
37.2688	-4.07584e-08	-0.00361409	-3.69336e-12	2.96246e-11	-4.66161e-08	7.51677e-06
37.2688	-4.07849e-08	-0.00361409	-3.6937e-12	3.03062e-11	-4.88532e-08	7.71998e-06
37.2688	-4.08217e-08	-0.00361409	-3.69417e-12	3.08441e-11	-6.42342e-08	7.93103e-06
37.2688	-4.08724e-08	-0.00361409	-3.69483e-12	3.2155e-11	-2.06863e-08	8.1502e-06
37.2688	-4.09289e-08	-0.00361409	-3.69555e-12	3.27098e-11	-4.26316e-08	8.37768e-06
37.2688	-4.09959e-08	-0.00361409	-3.69641e-12	3.37108e-11	-3.42032e-08	8.61376e-06
37.2688	-4.10723e-08	-0.00361409	-3.69739e-12	3.51405e-11	-6.72889e-09	8.85861e-06
37.2688	-4.11524e-08	-0.00361409	-3.69842e-12	3.67486e-11	2.77956e-08	9.11239e-06
37.2688	-4.12284e-08	-0.00361409	-3.6994e-12	3.72367e-11	-5.33381e-09	9.37555e-06
37.2688	-4.13079e-08	-0.00361409	-3.70042e-12	3.94351e-11	6.74031e-08	9.64944e-06
37.2688	-4.13732e-08	-0.00361409	-3.70126e-12	3.98108e-11	1.89254e-08	9.93507e-06
37.2688	-4.14357e-08	-0.00361409	-3.70206e-12	4.16142e-11	8.29432e-08	1.02326e-05
37.2688	-4.14785e-08	-0.00361409	-3.70261e-12	4.24699e-11	7.37024e-08	1.05423e-05
37.2689	-4.15029e-08	-0.00361409	-3.70292e-12	4.34924e-11	8.40084e-08	1.08642e-05
37.2689	-4.15049e-08	-0.00361409	-3.70294e-12	4.45624e-11	5.86874e-08	1.11992e-05
37.2689	-4.14903e-08	-0.00361409	-3.70275e-12	4.57331e-11	6.88837e-08	1.15487e-05
37.2689	-4.1455e-08	-0.00361409	-3.70229e-12	4.72355e-11	3.71985e-08	1.19139e-05
37.2689	-4.14074e-08	-0.00361409	-3.70168e-12	4.8844e-11	2.06425e-08	1.22946e-05
37.2689	-4.13518e-08	-0.00361409	-3.70096e-12	5.07749e-11	-2.07943e-08	1.26903e-05
37.2689	-4.1301e-08	-0.00361409	-3.7003e-12	5.24267e-11	-2.48253e-08	1.31017e-05
37.2689	-4.12569e-08	-0.00361409	-3.69973e-12	5.42408e-11	-5.05107e-08	1.3531e-05
37.2689	-4.12287e-08	-0.00361409	-3.69936e-12	5.58936e-11	-4.14051e-08	1.39794e-05
37.2689	-4.12143e-08	-0.00361409	-3.69917e-12	5.76706e-11	-3.76802e-08	1.44456e-05
37.2689	-4.12132e-08	-0.00361409	-3.69915e-12	5.95402e-11	-2.92242e-08	1.49285e-05
37.2689	-4.12232e-08	-0.00361409	-3.69928e-12	6.15466e-11	-1.0244e-08	1.54295e-05
37.2689	-4.12375e-08	-0.00361409	-3.69946e-12	6.3647e-11	-3.25861e-10	1.59506e-05
37.2689	-4.12525e-08	-0.00361409	-3.69964e-12	6.58091e-11	9.51301e-09	1.64896e-05
37.269	-4.12639e-08	-0.00361409	-3.69979e-12	6.8009e-11	1.56826e-08	1.70433e-05
37.269	-4.1269e-08	-0.00361409	-3.69985e-12	7.02604e-11	1.30057e-08	1.76119e-05
37.269	-4.12684e-08	-0.00361409	-3.69983e-12	7.25654e-11	7.02233e-09	1.81945e-05
37.269	-4.12645e-08	-0.00361409	-3.69978e-12	7.48865e-11	2.23025e-09	1.87844e-05
37.269	-4.12595e-08	-0.00361409	-3.69971e-12	7.71936e-11	-1.14358e-09	1.93737e-05
37.269	-4.12548e-08	-0.00361409	-3.69964e-12	7.94776e-11	-2.31092e-09	1.99583e-05
37.269	-4.12512e-08	-0.00361409	-3.69959e-12	8.19321e-11	-1.40716e-09	2.0562e-05
37.269	-4.12482e-08	-0.00361409	-3.69954e-12	8.46001e-11	-1.85302e-09	2.12146e-05
37.269	-4.12461e-08	-0.00361409	-3.69951e-12	8.74564e-11	-9.611e-10	2.19184e-05
37.269	-4.12445e-08	-0.00361409	-3.69948e-12	9.04806e-11	-8.53987e-10	2.26676e-05
37.2691	-4.12433e-08	-0.00361409	-3.69946e-12	9.36542e-11	-2.09769e-10	2.34572e-05
37.2691	-4.12422e-08	-0.00361409	-3.69944e-12	9.70005e-11	-1.8074e-10	2.42878e-05
37.2691	-4.12412e-08	-0.00361409	-3.69942e-12	1.00509e-10	3.58404e-10	2.51611e-05
37.2691	-4.12399e-08	-0.00361409	-3.6994e-12	1.04157e-10	1.00468e-10	2.60727e-05
37.2691	-4.12384e-08	-0.00361409	-3.69937e-12	1.07961e-10	-8.33724e-10	2.70221e-05
37.2691	-4.12376e-08	-0.00361409	-3.69935e-12	1.11906e-10	-4.55172e-10	2.80094e-05
37.2691	-4.12369e-08	-0.00361409	-3.69933e-12	1.15952e-10	-5.41407e-10	2.90273e-05
37.2691	-4.12367e-08	-0.00361409	-3.69932e-12	1.20113e-10	-7.26891e-10	3.00729e-05
37.2692	-4.1237e-08	-0.00361409	-3.69932e-12	1.24352e-10	1.0377e-09	3.1143e-05
37.2692	-4.12366e-08	-0.00361409	-3.6993e-12	1.28627e-10	-3.93866e-10	3.22276e-05
37.2692	-4.12364e-08	-0.00361409	-3.69929e-12	1.32944e-10	-8.82815e-10	3.33223e-05
37.2692	-4.12369e-08	-0.00361409	-3.69929e-12	1.3724e-10	4.36061e-10	3.44195e-05
37.2692	-4.12371e-08	-0.00361409	-3.69928e-12	1.41473e-10	1.40569e-09	3.55061e-05
37.2692	-4.12361e-08	-0.00361409	-3.69926e-12	1.4601e-10	-4.69812e-10	3.66234e-05
37.2693	-4.12354e-08	-0.00361409	-3.69924e-12	1.50925e-10	-5.91352e-10	3.78275e-05
37.2693	-4.12353e-08	-0.00361409	-3.69922e-12	1.55977e-10	-5.67861e-10	3.90972e-05
37.2693	-4.12357e-08	-0.00361409	-3.69922e-12	1.61106e-10	2.69721e-10	4.03944e-05
37.2693	-4.12359e-08	-0.00361409	-3.69921e-12	1.66238e-10	1.40525e-10	4.17016e-05
37.2693	-4.1236e-08	-0.00361409	-3.6992e-12	1.71406e-10	2.25211e-10	4.30138e-05
37.2694	-4.12358e-08	-0.00361409	-3.69918e-12	1.766e-10	3.6059e-10	4.43339e-05
37.2694	-4.12352e-08	-0.00361409	-3.69916e-12	1.81865e-10	2.29315e-10	4.56664e-05
37.2694	-4.12343e-08	-0.00361409	-3.69913e-12	1.8742e-10	-3.23121e-10	4.70449e-05
37.2694	-4.12337e-08	-0.00361409	-3.69911e-12	1.93408e-10	1.78045e-10	4.85155e-05
37.2695	-4.12329e-08	-0.00361409	-3.69909e-12	1.9944e-10	-3.87465e-10	5.0047e-05
37.2695	-4.12326e-08	-0.00361409	-3.69907e-12	2.05325e-10	-2.38173e-11	5.15652e-05
37.2695	-4.12323e-08	-0.00361409	-3.69905e-12	2.11059e-10	5.36269e-10	5.30454e-05
37.2695	-4.12313e-08	-0.00361409	-3.69902e-12	2.16795e-10	3.65861e-10	5.45066e-05
37.2696	-4.12298e-08	-0.00361409	-3.69899e-12	2.22615e-10	1.09758e-10	5.59789e-05
37.2696	-4.1228e-08	-0.00361409	-3.69895e-12	2.28941e-10	-2.10955e-10	5.75264e-05
37.2696	-4.12265e-08	-0.00361409	-3.69891e-12	2.35578e-10	-2.70566e-10	5.91779e-05
37.2697	-4.12254e-08	-0.00361409	-3.69888e-12	2.41889e-10	-3.24404e-10	6.08275e-05
37.2697	-4.12248e-08	-0.00361409	-3.69885e-12	2.48046e-10	3.09698e-10	6.2416e-05
37.2697	-4.12236e-08	-0.00361409	-3.69882e-12	2.54111e-10	3.53289e-10	6.39732e-05
37.2697	-4.12218e-08	-0.00361409	-3.69878e-12	2.60475e-10	-3.03284e-10	6.55566e-05
37.2698	-4.12205e-08	-0.00361409	-3.69874e-12	2.67307e-10	-3.6192e-10	6.72379e-05
37.2698	-4.12198e-08	-0.00361409	-3.69871e-12	2.73867e-10	-9.38774e-11	6.89442e-05
37.2698	-4.12192e-08	-0.00361409	-3.69868e-12	2.80235e-10	2.52818e-10	7.05912e-05
37.2699	-4.12182e-08	-0.00361409	-3.69865e-12	2.86511e-10	-6.5256e-11	7.2202e-05
37.2699	-4.12173e-08	-0.00361409	-3.69862e-12	2.93172e-10	-2.14993e-10	7.38504e-05
37.27	-4.12167e-08	-0.00361409	-3.69859e-12	2.99949e-10	-3.91484e-10	7.55625e-05
37.27	-4.12169e-08	-0.00361409	-3.69857e-12	3.06438e-10	-1.0745e-10	7.72527e-05
37.27	-4.12172e-08	-0.00361409	-3.69855e-12	3.12809e-10	3.93343e-10	7.88912e-05
37.2701	-4.12169e-08	-0.00361409	-3.69852e-12	3.19334e-10	-9.44507e-11	8.05343e-05
37.2701	-4.12166e-08	-0.00361409	-3.69849e-12	3.26077e-10	1.73461e-11	8.22247e-05
37.2702	-4.12164e-08	-0.00361409	-3.69847e-12	3.32521e-10	9.12459e-12	8.39048e-05
37.2702	-4.12161e-08	-0.00361409	-3.69844e-12	3.38868e-10	1.26749e-10	8.55346e-05
37.2702	-4.12156e-08	-0.00361409	-3.69841e-12	3.45346e-10	-2.11605e-10	8.71687e-05
37.2703	-4.12155e-08	-0.00361409	-3.69838e-12	3.51882e-10	-1.23095e-11	8.88267e-05
37.2703	-4.12154e-08	-0.00361409	-3.69835e-12	3.58176e-10	1.70652e-11	9.04615e-05
37.2704	-4.12153e-08	-0.00361409	-3.69832e-12	3.6441e-10	1.2252e-10	9.20576e-05
37.2704	-4.12149e-08	-0.00361409	-3.69829e-12	3.70776e-10	1.11591e-11	9.3663e-05
37.2705	-4.12145e-08	-0.00361409	-3.69826e-12	3.76993e-10	-1.18634e-10	9.52664e-05
37.2705	-4.12143e-08	-0.00361409	-3.69823e-12	3.83059e-10	-1.50851e-10	9.68314e-05
37.2706	-4.12145e-08	-0.0036141	-3.6982e-12	3.89153e-10	4.507e-11	9.83808e-05
37.2706	-4.12146e-08	-0.0036141	-3.69817e-12	3.95204e-10	1.39896e-10	9.99282e-05
37.2707	-4.12144e-08	-0.0036141	-3.69814e-12	4.01081e-10	-4.09493e-11	0.000101448
37.2707	-4.12142e-08	-0.0036141	-3.69811e-12	4.06909e-10	1.0866e-11	0.000102939
37.2708	-4.12141e-08	-0.0036141	-3.69808e-12	4.12706e-10	-1.04089e-10	0.00010442
37.2708	-4.12142e-08	-0.0036141	-3.69805e-12	4.18342e-10	2.39221e-11	0.000105877
37.2709	-4.12142e-08	-0.0036141	-3.69802e-12	4.23896e-10	-9.50843e-13	0.000107303
37.2709	-4.12142e-08	-0.0036141	-3.69798e-12	4.29398e-10	3.35546e-12	0.000108712
37.271	-4.12143e-08	-0.0036141	-3.69795e-12	4.34738e-10	3.90849e-11	0.000110093
37.271	-4.12142e-08	-0.0036141	-3.69792e-12	4.40002e-10	1.86859e-11	0.000111444
37.2711	-4.1214e-08	-0.0036141	-3.69788e-12	4.45168e-10	-5.50711e-11	0.000112773
37.2712	-4.12141e-08	-0.0036141	-3.69785e-12	4.50178e-10	-1.12259e-12	0.00011407
37.2712	-4.12141e-08	-0.0036141	-3.69782e-12	4.55116e-10	-1.58318e-11	0.000115337
37.2713	-4.12142e-08	-0.0036141	-3.69778e-12	4.59922e-10	3.98498e-11	0.000116579
37.2713	-4.12141e-08	-0.0036141	-3.69775e-12	4.64568e-10	-7.53665e-11	0.000117783
37.2714	-4.12143e-08	-0.0036141	-3.69772e-12	4.69155e-10	7.48516e-11	0.00011896
37.2714	-4.12143e-08	-0.0036141	-3.69768e-12	4.73565e-10	6.27525e-11	0.000120106
37.2715	-4.1214e-08	-0.0036141	-3.69764e-12	4.77836e-10	4.35741e-11	0.000121212
37.2716	-4.12137e-08	-0.0036141	-3.6976e-12	4.82045e-10	-1.21338e-10	0.000122293
37.2716	-4.12137e-08	-0.0036141	-3.69757e-12	4.86041e-10	-8.05943e-11	0.000123338
37.2717	-4.12139e-08	-0.0036141	-3.69753e-12	4.89919e-10	-1.41671e-11	0.000124342
37.2718	-4.12142e-08	-0.0036141	-3.6975e-12	4.93729e-10	-9.17692e-12	0.000125321
37.2718	-4.12145e-08	-0.0036141	-3.69747e-12	4.97282e-10	1.53711e-10	0.000126259
37.2719	-4.12144e-08	-0.0036141	-3.69743e-12	5.0076e-10	9.3601e-11	0.000127155
37.2719	-4.12139e-08	-0.0036141	-3.69738e-12	5.04142e-10	-1.26157e-10	0.000128029
37.272	-4.12139e-08	-0.0036141	-3.69735e-12	5.07251e-10	-6.93716e-11	0.000128856
37.2721	-4.1214e-08	-0.0036141	-3.69731e-12	5.10327e-10	-7.22492e-11	0.000129645
37.2721	-4.12144e-08	-0.0036141	-3.69728e-12	5.13262e-10	6.73921e-11	0.000130411
37.2722	-4.12146e-08	-0.0036141	-3.69724e-12	5.15927e-10	4.01588e-11	0.000131124
37.2723	-4.12147e-08	-0.0036141	-3.6972e-12	5.18597e-10	3.42759e-11	0.000131804
37.2723	-4.12146e-08	-0.0036141	-3.69716e-12	5.21047e-10	5.37094e-11	0.000132456
37.2724	-4.12144e-08	-0.0036141	-3.69712e-12	5.23282e-10	7.311e-12	0.000133053
37.2725	-4.12141e-08	-0.0036141	-3.69708e-12	5.25534e-10	-5.39622e-11	0.000133625
37.2725	-4.1214e-08	-0.0036141	-3.69704e-12	5.2748e-10	-2.23708e-11	0.00013416
37.2726	-4.1214e-08	-0.0036141	-3.697e-12	5.29301e-10	-4.33468e-11	0.00013464
37.2727	-4.12142e-08	-0.0036141	-3.69696e-12	5.31115e-10	3.07638e-11	0.000135103
37.2727	-4.12142e-08	-0.0036141	-3.69692e-12	5.32553e-10	-5.06043e-11	0.000135517
37.2728	-4.12144e-08	-0.0036141	-3.69688e-12	5.33972e-10	5.60331e-11	0.000135881
37.2729	-4.12144e-08	-0.0036141	-3.69684e-12	5.35313e-10	-2.01102e-11	0.000136233
37.2729	-4.12145e-08	-0.0036141	-3.6968e-12	5.36266e-10	3.64198e-11	0.000136526
37.273	-4.12145e-08	-0.0036141	-3.69676e-12	5.37277e-10	1.22823e-11	0.000136776
37.2731	-4.12144e-08	-0.0036141	-3.69672e-12	5.38113e-10	2.82556e-13	0.000137011
37.2731	-4.12143e-08	-0.0036141	-3.69668e-12	5.38601e-10	-8.61778e-11	0.00013718
37.2732	-4.12145e-08	-0.0036141	-3.69664e-12	5.39195e-10	3.15112e-11	0.000137318
37.2733	-4.12146e-08	-0.0036141	-3.6966e-12	5.39504e-10	-2.32185e-11	0.000137433
37.2734	-4.12148e-08	-0.0036141	-3.69657e-12	5.39545e-10	8.7197e-11	0.000137477
37.2734	-4.12147e-08	-0.0036141	-3.69652e-12	5.39698e-10	-1.58193e-12	0.000137502
37.2735	-4.12146e-08	-0.0036141	-3.69648e-12	5.3946e-10	2.8669e-11	0.000137491
37.2736	-4.12144e-08	-0.0036141	-3.69644e-12	5.39046e-10	-3.0428e-11	0.000137408
37.2736	-4.12143e-08	-0.0036141	-3.6964e-12	5.38735e-10	-2.98718e-14	0.000137316
37.2737	-4.12142e-08	-0.0036141	-3.69636e-12	5.37936e-10	-2.8835e-11	0.000137174
37.2738	-4.12142e-08	-0.00361411	-3.69631e-12	5.37051e-10	-7.62723e-11	0.00013696
37.2738	-4.12145e-08	-0.00361411	-3.69628e-12	5.36244e-10	7.4532e-12	0.000136744
37.2739	-4.12147e-08	-0.00361411	-3.69624e-12	5.34878e-10	8.1159e-11	0.000136467
37.274	-4.12146e-08	-0.00361411	-3.6962e-12	5.33474e-10	-1.28715e-11	0.000136114
37.274	-4.12146e-08	-0.00361411	-3.69616e-12	5.32141e-10	2.61051e-11	0.000135766
37.2741	-4.12145e-08	-0.00361411	-3.69612e-12	5.30183e-10	2.85316e-11	0.000135346
37.2742	-4.12144e-08	-0.00361411	-3.69608e-12	5.28197e-10	-2.6906e-12	0.000134844
37.2742	-4.12142e-08	-0.00361411	-3.69603e-12	5.26301e-10	1.57188e-11	0.000134349
37.2743	-4.1214e-08	-0.00361411	-3.69599e-12	5.23731e-10	-6.06407e-11	0.00013378
37.2744	-4.12139e-08	-0.00361411	-3.69595e-12	5.21062e-10	-9.10734e-11	0.000133112
37.2744	-4.12142e-08	-0.00361411	-3.69592e-12	5.1855e-10	4.68039e-11	0.000132452
37.2745	-4.12143e-08	-0.00361411	-3.69588e-12	5.15369e-10	8.28675e-11	0.000131727
37.2746	-4.12142e-08	-0.00361411	-3.69584e-12	5.1188e-10	7.07218e-11	0.000130877
37.2746	-4.12138e-08	-0.00361411	-3.69579e-12	5.08644e-10	7.21217e-12	0.00013002
37.2747	-4.12134e-08	-0.00361411	-3.69575e-12	5.04913e-10	-4.262e-11	0.000129132
37.2748	-4.12131e-08	-0.00361411	-3.69571e-12	5.00449e-10	-4.56332e-11	0.000128088
37.2748	-4.1213e-08	-0.00361411	-3.69567e-12	4.96304e-10	-1.18858e-10	0.000126991
37.2749	-4.12133e-08	-0.00361411	-3.69564e-12	4.92038e-10	-9.93233e-11	0.000125919
37.275	-4.12139e-08	-0.00361411	-3.69561e-12	4.86656e-10	3.42297e-11	0.00012469
37.275	-4.12143e-08	-0.00361411	-3.69558e-12	4.81283e-10	4.5927e-11	0.000123319
37.2751	-4.12146e-08	-0.00361411	-3.69554e-12	4.76162e-10	2.48018e-10	0.000121982
37.2751	-4.12142e-08	-0.00361411	-3.6955e-12	4.70435e-10	2.83658e-10	0.0001206
37.2752	-4.12129e-08	-0.00361411	-3.69545e-12	4.63603e-10	2.83323e-10	0.000119
37.2753	-4.12108e-08	-0.00361411	-3.69539e-12	4.571e-10	3.49618e-11	0.000117301
37.2753	-4.12086e-08	-0.00361411	-3.69533e-12	4.50763e-10	-3.4922e-10	0.000115665
37.2754	-4.12075e-08	-0.00361411	-3.69528e-12	4.43662e-10	-5.35737e-10	0.000113952
37.2754	-4.12079e-08	-0.00361411	-3.69526e-12	4.35428e-10	-3.74394e-10	0.000111998
37.2755	-4.12093e-08	-0.00361411	-3.69524e-12	4.27539e-10	-1.66322e-10	0.000109944
37.2755	-4.12111e-08	-0.00361411	-3.69523e-12	4.19927e-10	-1.38861e-10	0.000107969
37.2756	-4.12133e-08	-0.00361411	-3.69522e-12	4.1198e-10	1.33445e-10	0.000105987
37.2756	-4.12151e-08	-0.00361411	-3.69521e-12	4.02715e-10	4.56058e-10	0.000103794
37.2757	-4.12157e-08	-0.00361411	-3.69519e-12	3.93396e-10	5.66903e-10	0.000101426
37.2757	-4.12149e-08	-0.00361411	-3.69515e-12	3.84588e-10	5.56297e-10	9.9116e-05
37.2758	-4.12127e-08	-0.00361411	-3.69509e-12	3.76053e-10	5.30287e-10	9.69062e-05
37.2758	-4.12092e-08	-0.00361411	-3.69503e-12	3.67319e-10	4.43111e-10	9.47061e-05
37.2759	-4.12049e-08	-0.00361411	-3.69495e-12	3.57619e-10	2.09296e-10	9.23574e-05
37.2759	-4.12001e-08	-0.00361411	-3.69487e-12	3.47904e-10	-1.1644e-10	8.98836e-05
37.276	-4.11958e-08	-0.00361411	-3.69479e-12	3.38894e-10	-5.35313e-10	8.74978e-05
37.276	-4.11927e-08	-0.00361411	-3.69473e-12	3.30541e-10	-1.0264e-09	8.52855e-05
37.2761	-4.11919e-08	-0.00361411	-3.69469e-12	3.22731e-10	-1.37073e-09	8.32263e-05
37.2761	-4.11939e-08	-0.00361411	-3.69469e-12	3.15104e-10	-1.17927e-09	8.12595e-05
37.2761	-4.11982e-08	-0.00361411	-3.69472e-12	3.07208e-10	-4.75491e-10	7.92818e-05
37.2762	-4.12033e-08	-0.00361411	-3.69475e-12	2.99409e-10	-1.95637e-10	7.72821e-05
37.2762	-4.12087e-08	-0.00361411	-3.69479e-12	2.92487e-10	4.08899e-10	7.54064e-05
37.2763	-4.12132e-08	-0.00361411	-3.69482e-12	2.86493e-10	5.41025e-10	7.37608e-05
37.2763	-4.12166e-08	-0.00361411	-3.69484e-12	2.81355e-10	6.28589e-10	7.23426e-05
37.2763	-4.12188e-08	-0.00361411	-3.69485e-12	2.76997e-10	4.41219e-10	7.11328e-05
37.2764	-4.12202e-08	-0.00361411	-3.69484e-12	2.73302e-10	6.00403e-10	7.01067e-05
37.2764	-4.12206e-08	-0.00361411	-3.69483e-12	2.70149e-10	8.21576e-10	6.92342e-05
37.2764	-4.12195e-08	-0.00361411	-3.69479e-12	2.67345e-10	7.78458e-10	6.84753e-05
37.2765	-4.12171e-08	-0.00361411	-3.69475e-12	2.65135e-10	4.6799e-10	6.78365e-05
37.2765	-4.1214e-08	-0.00361411	-3.69469e-12	2.6395e-10	7.62859e-10	6.7404e-05
37.2765	-4.12096e-08	-0.00361411	-3.69462e-12	2.63711e-10	4.72186e-10	6.72225e-05
37.2766	-4.12044e-08	-0.00361411	-3.69454e-12	2.64372e-10	-8.40054e-11	6.72763e-05
37.2766	-4.11993e-08	-0.00361411	-3.69446e-12	2.65908e-10	-3.24746e-10	6.75561e-05
37.2766	-4.11947e-08	-0.00361411	-3.69439e-12	2.68266e-10	-3.31342e-10	6.80522e-05
37.2767	-4.11907e-08	-0.00361411	-3.69432e-12	2.71419e-10	-2.89171e-10	6.87544e-05
37.2767	-4.11871e-08	-0.00361411	-3.69426e-12	2.75328e-10	-1.01764e-10	6.96542e-05
37.2767	-4.11836e-08	-0.00361411	-3.6942e-12	2.79972e-10	-2.52541e-10	7.07439e-05
37.2768	-4.11806e-08	-0.00361411	-3.69414e-12	2.85313e-10	-7.48335e-10	7.20161e-05
37.2768	-4.11788e-08	-0.00361411	-3.6941e-12	2.91359e-10	-1.81136e-10	7.34668e-05
37.2769	-4.11773e-08	-0.00361411	-3.69406e-12	3.00025e-10	-5.80653e-10	7.53411e-05
37.2769	-4.11769e-08	-0.00361411	-3.69403e-12	3.12707e-10	-1.37574e-10	7.8061e-05
37.2769	-4.11768e-08	-0.00361411	-3.69401e-12	3.2787e-10	-1.3816e-10	8.16088e-05
37.277	-4.11769e-08	-0.00361411	-3.69399e-12	3.45335e-10	-1.78909e-10	8.57659e-05
37.277	-4.11775e-08	-0.00361411	-3.69397e-12	3.6516e-10	5.52656e-11	9.05171e-05
37.2771	-4.11779e-08	-0.00361411	-3.69394e-12	3.87633e-10	2.35836e-11	9.59064e-05
37.2771	-4.11783e-08	-0.00361411	-3.69392e-12	4.13046e-10	1.20419e-10	0.000102008
37.2772	-4.11785e-08	-0.00361411	-3.69389e-12	4.41944e-10	-1.55754e-10	0.000108928
37.2772	-4.1179e-08	-0.00361411	-3.69386e-12	4.74903e-10	1.56135e-10	0.000116809
37.2773	-4.11792e-08	-0.00361411	-3.69383e-12	5.12993e-10	1.43944e-11	0.000125862
37.2774	-4.11793e-08	-0.00361411	-3.69379e-12	5.57529e-10	3.79754e-11	0.000136391
37.2774	-4.11793e-08	-0.00361411	-3.69375e-12	6.1103e-10	5.13948e-11	0.000148883
37.2775	-4.1179e-08	-0.00361411	-3.6937e-12	6.78196e-10	1.15776e-10	0.00016426
37.2776	-4.11783e-08	-0.00361412	-3.69364e-12	7.74407e-10	1.8291e-10	0.000185079
37.2777	-4.11765e-08	-0.00361412	-3.69356e-12	9.06735e-10	1.53983e-10	0.000214204
37.2778	-4.11736e-08	-0.00361412	-3.69346e-12	1.09045e-09	7.40327e-11	0.000254483
37.2779	-4.11695e-08	-0.00361412	-3.69334e-12	1.36512e-09	3.53917e-12	0.00031291
37.2781	-4.11644e-08	-0.00361412	-3.69318e-12	1.83449e-09	-2.07425e-11	0.000407763
37.2783	-4.11578e-08	-0.00361412	-3.69296e-12	2.84868e-09	1.39133e-11	0.000596956
37.2787	-4.11472e-08	-0.00361412	-3.69263e-12	6.04953e-09	4.3854e-11	0.00113498
37.2795	-4.11231e-08	-0.00361412	-3.69192e-12	4.87315e-08	-6.57996e-11	0.00705872
37.2858	-4.09475e-08	-0.00361413	-3.68649e-12	-0.0560237	-6.08133e-10	59.9928
-22.7277	4.11746e-08	-0.0133431	3.78602e-12	-0.0960421	2.22572e-11	119.99
