28.4585	1.45954e-13	0.000839849	5.19231e-17	-1.63012e-06	-6.54091e-16	60.6584
29.1164	1.22868e-13	0.000839605	4.33711e-17	4.97747e-07	5.67295e-15	0.732346
29.1909	1.41388e-13	0.000839625	4.20578e-17	3.05942e-07	3.59799e-15	0.117115
29.2335	1.59641e-13	0.000839639	4.12726e-17	2.45764e-07	-1.80963e-15	0.0761638
29.267	1.70983e-13	0.000839652	4.06369e-17	2.27713e-07	-3.57104e-15	0.0644802
29.298	1.75912e-13	0.000839665	4.00389e-17	2.24589e-07	-2.27513e-15	0.0613866
29.3284	1.77302e-13	0.000839679	3.94369e-17	2.28276e-07	-4.55936e-16	0.0614684
29.3594	1.78011e-13	0.000839694	3.88093e-17	2.35672e-07	3.00073e-16	0.0630822
29.3915	1.79225e-13	0.000839711	3.81425e-17	2.45275e-07	2.21824e-16	0.0655684
29.425	1.80864e-13	0.00083973	3.74249e-17	2.5648e-07	-8.39717e-17	0.0686308
29.4601	1.82436e-13	0.00083975	3.66459e-17	2.68842e-07	-2.6752e-16	0.0721255
29.4971	1.83596e-13	0.000839773	3.57924e-17	2.82305e-07	-3.23e-16	0.0759882
29.5361	1.8419e-13	0.000839799	3.48834e-17	2.96711e-07	-1.52023e-16	0.0801962
29.5773	1.84504e-13	0.000839828	3.39561e-17	3.12129e-07	-1.90602e-16	0.0847469
29.6209	1.8442e-13	0.00083986	3.30062e-17	3.28487e-07	-8.70501e-17	0.0896509
29.667	1.84131e-13	0.000839896	3.20302e-17	3.45881e-07	-7.43253e-17	0.0949251
29.7158	1.83644e-13	0.000839936	3.10255e-17	3.64266e-07	-6.24043e-17	0.100592
29.7676	1.82966e-13	0.000839982	2.9989e-17	3.83724e-07	-8.22531e-17	0.106675
29.8225	1.8202e-13	0.000840034	2.89196e-17	4.04204e-07	2.83368e-17	0.113198
29.8808	1.81099e-13	0.000840094	2.78152e-17	4.25748e-07	-1.31531e-17	0.120184
29.9427	1.80081e-13	0.000840164	2.66758e-17	4.48269e-07	8.90148e-18	0.127649
30.0084	1.79028e-13	0.000840246	2.55014e-17	4.71766e-07	5.95885e-17	0.135608
30.0783	1.78118e-13	0.000840345	2.42933e-17	4.96212e-07	1.08163e-16	0.14409
30.1525	1.77552e-13	0.00084046	2.30562e-17	5.21611e-07	4.24132e-17	0.153129
30.2314	1.77118e-13	0.00084059	2.17966e-17	5.47897e-07	1.37263e-16	0.162758
30.3153	1.77232e-13	0.000840736	2.05256e-17	5.74963e-07	5.19999e-17	0.172994
30.4044	1.77585e-13	0.000840899	1.92662e-17	6.02601e-07	1.21737e-16	0.183834
30.4991	1.78537e-13	0.000841081	1.80651e-17	6.30626e-07	9.22899e-17	0.19526
30.5997	1.80011e-13	0.000841283	1.69067e-17	6.58781e-07	8.92027e-17	0.207243
30.7063	1.82051e-13	0.000841508	1.57085e-17	6.86866e-07	5.03058e-17	0.219751
30.8194	1.84497e-13	0.000841759	1.44649e-17	7.14666e-07	5.27295e-17	0.23276
30.9391	1.87402e-13	0.000842044	1.31715e-17	7.41941e-07	1.60257e-17	0.246232
31.0656	1.90575e-13	0.000842376	1.1828e-17	7.68445e-07	-1.72669e-18	0.260115
31.1992	1.93912e-13	0.000842758	1.04389e-17	7.93956e-07	-3.62827e-17	0.274354
31.34	1.97174e-13	0.000843187	9.01031e-18	8.18217e-07	-3.37294e-17	0.288874
31.4881	2.00355e-13	0.000843659	7.56102e-18	8.4112e-07	-4.73304e-17	0.303622
31.6436	2.03328e-13	0.000844177	6.08535e-18	8.62448e-07	-3.4944e-17	0.318537
31.8066	2.06159e-13	0.000844746	4.53973e-18	8.82023e-07	-2.7621e-17	0.333512
31.9771	2.08885e-13	0.00084538	2.92222e-18	8.99825e-07	-1.82744e-17	0.348485
32.1551	2.11567e-13	0.000846103	1.23416e-18	9.15895e-07	-2.16619e-18	0.363465
32.3406	2.14342e-13	0.000846908	-5.25333e-19	9.30122e-07	4.11868e-18	0.378415
32.5335	2.17268e-13	0.000847784	-2.3572e-18	9.42398e-07	8.58331e-18	0.393188
32.7338	2.20391e-13	0.000848731	-4.23331e-18	9.52779e-07	1.05354e-17	0.40767
32.9412	2.23735e-13	0.000849762	-6.14927e-18	9.61463e-07	5.37618e-18	0.421915
33.1557	2.27251e-13	0.000850915	-8.10995e-18	9.68496e-07	-1.45356e-18	0.435998
33.3772	2.30865e-13	0.000852181	-1.01116e-17	9.7385e-07	-5.38239e-18	0.449787
33.6055	2.34528e-13	0.00085354	-1.21426e-17	9.77652e-07	-6.73879e-18	0.463151
33.8403	2.38217e-13	0.000854995	-1.42602e-17	9.80061e-07	-6.75438e-18	0.476157
34.0816	2.41926e-13	0.00085658	-1.64634e-17	9.81158e-07	-5.20029e-18	0.488876
34.3292	2.45666e-13	0.000858318	-1.87535e-17	9.81041e-07	-5.12104e-18	0.501225
34.5829	2.49434e-13	0.000860171	-2.1102e-17	9.79828e-07	-4.03974e-18	0.513163
34.8424	2.53235e-13	0.000862138	-2.31481e-17	9.77626e-07	-4.17048e-18	0.52471
35.1076	2.57065e-13	0.000864259	-2.49103e-17	9.74528e-07	-4.62575e-18	0.535885
35.3783	2.60911e-13	0.000866555	-2.63876e-17	9.70617e-07	-5.30463e-18	0.546716
35.6543	2.64759e-13	0.000868979	-2.75003e-17	9.66026e-07	-4.45343e-18	0.557163
35.9354	2.68616e-13	0.000871538	-2.87182e-17	9.60848e-07	-4.92018e-18	0.567188
36.2215	2.7247e-13	0.000874296	-3.00769e-17	9.55055e-07	-5.44243e-18	0.576895
36.5123	2.76309e-13	0.000877222	-3.1617e-17	9.48822e-07	-4.81201e-18	0.586294
36.8078	2.80138e-13	0.000880288	-3.33836e-17	9.42292e-07	-4.94134e-18	0.595261
37.1076	2.83949e-13	0.000883538	-3.52978e-17	9.35295e-07	-5.50919e-18	0.603916
37.4117	2.8773e-13	0.000887002	-3.73498e-17	9.2804e-07	-4.38865e-18	0.612319
37.7199	2.91495e-13	0.00089062	-3.948e-17	9.20699e-07	-6.24481e-18	0.620319
38.032	2.9521e-13	0.000894413	-4.14397e-17	9.13022e-07	-6.61718e-18	0.628025
38.3479	2.98865e-13	0.000898448	-4.32575e-17	9.05233e-07	-5.08939e-18	0.635505
38.6675	3.02481e-13	0.000902654	-4.48747e-17	8.97491e-07	-3.61517e-18	0.642624
38.9906	3.06078e-13	0.000907036	-4.64338e-17	8.89511e-07	-5.36455e-18	0.649482
39.317	3.09625e-13	0.000911677	-4.79841e-17	8.8157e-07	-5.13551e-18	0.656122
39.6467	3.13123e-13	0.000916506	-4.94959e-17	8.73702e-07	-5.52458e-18	0.662447
39.9794	3.16561e-13	0.000921517	-5.09026e-17	8.65723e-07	-4.69948e-18	0.668547
40.3152	3.19951e-13	0.000926801	-5.22311e-17	8.57889e-07	-5.28014e-18	0.674423
40.6539	3.2328e-13	0.000932284	-5.34302e-17	8.5009e-07	-4.26209e-18	0.680043
40.9953	3.26564e-13	0.000937962	-5.44789e-17	8.4235e-07	-4.62618e-18	0.685461
41.3393	3.29794e-13	0.000943926	-5.5434e-17	8.34772e-07	-4.94477e-18	0.69065
41.6859	3.32961e-13	0.000950094	-5.63139e-17	8.27208e-07	-5.33585e-18	0.695644
42.035	3.36058e-13	0.000956475	-5.74364e-17	8.19884e-07	-3.95752e-18	0.700434
42.3863	3.39106e-13	0.000963154	-5.87773e-17	8.12593e-07	-5.30918e-18	0.705027
42.74	3.42079e-13	0.000970037	-6.04149e-17	8.05489e-07	-4.23168e-18	0.709452
43.0958	3.44995e-13	0.00097716	-6.21477e-17	7.98613e-07	-3.63414e-18	0.713663
43.4537	3.47863e-13	0.000984583	-6.39494e-17	7.9168e-07	-4.53105e-18	0.71774
43.8135	3.50665e-13	0.000992211	-6.57809e-17	7.85183e-07	-4.75575e-18	0.721635
44.1753	3.53396e-13	0.00100012	-6.75578e-17	7.78675e-07	-4.80354e-18	0.725342
44.5389	3.56054e-13	0.00100831	-6.92659e-17	7.72334e-07	-4.4474e-18	0.728946
44.9042	3.58642e-13	0.00101672	-7.09184e-17	7.66396e-07	-4.29428e-18	0.732338
45.2712	3.61164e-13	0.00102544	-7.25721e-17	7.60265e-07	-3.09241e-18	0.735623
45.6399	3.6364e-13	0.00103443	-7.41922e-17	7.54684e-07	-2.70292e-18	0.738769
46.01	3.66075e-13	0.00104366	-7.57119e-17	7.49088e-07	-4.47618e-18	0.741732
46.3816	3.68438e-13	0.00105323	-7.7104e-17	7.43663e-07	-4.63122e-18	0.744619
46.7546	3.70722e-13	0.00106305	-7.83648e-17	7.38649e-07	-4.63191e-18	0.747323
47.1289	3.72928e-13	0.00107315	-7.95456e-17	7.33487e-07	-3.83483e-18	0.74993
47.5045	3.75069e-13	0.00108358	-8.06545e-17	7.28839e-07	-4.29164e-18	0.752418
47.8813	3.77137e-13	0.00109426	-8.15793e-17	7.24182e-07	-3.91183e-18	0.754755
48.2593	3.79136e-13	0.00110528	-8.23302e-17	7.19779e-07	-3.94442e-18	0.757011
48.6383	3.81067e-13	0.0011166	-8.2957e-17	7.15626e-07	-2.92894e-18	0.759123
49.0184	3.82947e-13	0.00112818	-8.3798e-17	7.11551e-07	-1.91556e-18	0.761138
49.3995	3.84795e-13	0.00114015	-8.48718e-17	7.07788e-07	-3.26212e-18	0.763043
49.7815	3.86586e-13	0.00115237	-8.63448e-17	7.04128e-07	-3.87833e-18	0.764834
50.1643	3.88306e-13	0.00116493	-8.81643e-17	7.00735e-07	-4.63858e-18	0.766526
50.548	3.89941e-13	0.00117785	-9.02821e-17	6.97449e-07	-3.87743e-18	0.768117
50.9324	3.91504e-13	0.00119103	-9.22488e-17	6.94474e-07	-4.23941e-18	0.7696
51.3176	3.92989e-13	0.00120462	-9.3879e-17	6.91551e-07	-2.65304e-18	0.770991
51.7034	3.94425e-13	0.00121851	-9.50516e-17	6.8896e-07	-2.33475e-18	0.772284
52.0899	3.95818e-13	0.00123271	-9.60404e-17	6.86457e-07	-1.99107e-18	0.773473
52.4769	3.97175e-13	0.00124733	-9.6941e-17	6.84183e-07	-3.13993e-18	0.774583
52.8645	3.98473e-13	0.00126223	-9.78025e-17	6.82136e-07	-4.21702e-18	0.775584
53.2525	3.9969e-13	0.00127753	-9.87803e-17	6.80197e-07	-4.5173e-18	0.776504
53.641	4.00821e-13	0.00129319	-9.98433e-17	6.78532e-07	-2.87185e-18	0.777333
54.0298	4.01898e-13	0.00130916	-1.00713e-16	6.77011e-07	-1.56415e-18	0.778064
54.419	4.02945e-13	0.00132559	-1.01358e-16	6.75666e-07	-2.81499e-18	0.778719
54.8085	4.03937e-13	0.00134232	-1.01905e-16	6.74576e-07	-3.34204e-18	0.779275
55.1983	4.04866e-13	0.00135946	-1.02664e-16	6.73587e-07	-4.29638e-18	0.779749
55.5883	4.05711e-13	0.00137701	-1.03639e-16	6.72847e-07	-3.18293e-18	0.780142
55.9784	4.06494e-13	0.00139487	-1.04609e-16	6.72295e-07	-3.00342e-18	0.780436
56.3687	4.07219e-13	0.00141323	-1.05483e-16	6.71864e-07	-2.94364e-18	0.780659
56.7591	4.07886e-13	0.00143192	-1.06261e-16	6.71729e-07	-2.67016e-18	0.780788
57.1495	4.08502e-13	0.00145102	-1.07147e-16	6.71669e-07	-2.13231e-18	0.780832
57.5399	4.09075e-13	0.0014706	-1.08179e-16	6.71862e-07	-2.56033e-18	0.780802
57.9303	4.09599e-13	0.00149049	-1.09371e-16	6.72246e-07	-2.24927e-18	0.780671
58.3206	4.10079e-13	0.00151091	-1.10652e-16	6.72748e-07	-2.80687e-18	0.78047
58.7108	4.10504e-13	0.00153171	-1.12012e-16	6.7353e-07	-2.79853e-18	0.780178
59.1008	4.10874e-13	0.00155292	-1.13016e-16	6.74422e-07	-3.91079e-18	0.779797
59.4906	4.11168e-13	0.00157466	-1.13681e-16	6.75514e-07	-2.99235e-18	0.779345
59.8801	4.11403e-13	0.00159674	-1.14272e-16	6.76853e-07	-2.34903e-18	0.77879
-59.7306	4.11592e-13	0.00161936	-1.15036e-16	6.78264e-07	-2.14867e-18	0.778161
-59.3417	4.11739e-13	0.00164242	-1.16055e-16	6.79974e-07	-3.12589e-18	0.777445
-58.9532	4.11826e-13	0.00166589	-1.17138e-16	6.81799e-07	-3.47687e-18	0.776633
-58.5651	4.11845e-13	0.00168995	-1.18204e-16	6.83807e-07	-3.06803e-18	0.775749
-58.1774	4.11804e-13	0.00171439	-1.19087e-16	6.86072e-07	-3.2852e-18	0.77476
-57.7903	4.117e-13	0.00173937	-1.19618e-16	6.88417e-07	-2.09916e-18	0.773689
-57.4038	4.11555e-13	0.00176487	-1.19851e-16	6.91024e-07	-2.73322e-18	0.772534
-57.0178	4.11358e-13	0.00179077	-1.20152e-16	6.93809e-07	-2.86643e-18	0.771271
-56.6325	4.11106e-13	0.00181733	-1.20615e-16	6.9671e-07	-1.91523e-18	0.769932
-56.2479	4.10818e-13	0.00184431	-1.21336e-16	6.99909e-07	-2.12846e-18	0.768489
-55.864	4.10489e-13	0.00187182	-1.21953e-16	7.03185e-07	-1.86587e-18	0.766948
-55.4809	4.10126e-13	0.00189995	-1.22431e-16	7.0669e-07	-3.34558e-18	0.765325
-55.0987	4.09699e-13	0.00192849	-1.22638e-16	7.1042e-07	-3.52799e-18	0.763582
-54.7173	4.09206e-13	0.00195771	-1.22481e-16	7.14235e-07	-3.44579e-18	0.761753
-54.3369	4.08648e-13	0.00198745	-1.22068e-16	7.18328e-07	-3.52146e-18	0.759821
-53.9575	4.08026e-13	0.00201767	-1.21857e-16	7.22566e-07	-2.7637e-18	0.75777
-53.5791	4.07353e-13	0.00204864	-1.21972e-16	7.26943e-07	-1.92424e-18	0.755632
-53.2019	4.06645e-13	0.00208005	-1.22452e-16	7.31604e-07	-1.75819e-18	0.75337
-52.8258	4.05907e-13	0.0021121	-1.23217e-16	7.36341e-07	-3.20755e-18	0.750996
-52.4509	4.05111e-13	0.00214483	-1.24164e-16	7.413e-07	-3.53058e-18	0.748523
-52.0773	4.04251e-13	0.00217801	-1.25173e-16	7.4648e-07	-3.22475e-18	0.745911
-51.705	4.03335e-13	0.00221197	-1.26034e-16	7.51743e-07	-2.81086e-18	0.743191
-51.3341	4.0237e-13	0.00224652	-1.26778e-16	7.57257e-07	-2.33714e-18	0.740351
-50.9646	4.01366e-13	0.00228159	-1.27296e-16	7.62935e-07	-2.01669e-18	0.737366
-50.5967	4.00329e-13	0.00231752	-1.27631e-16	7.68721e-07	-2.14462e-18	0.734269
-50.2303	3.99257e-13	0.00235396	-1.27737e-16	7.74764e-07	-3.73968e-18	0.73103
-49.8657	3.98121e-13	0.00239106	-1.27785e-16	7.80916e-07	-2.89879e-18	0.727643
-49.5027	3.96939e-13	0.00242899	-1.27671e-16	7.87214e-07	-3.81941e-18	0.724132
-49.1415	3.95693e-13	0.0024674	-1.27565e-16	7.93732e-07	-2.67023e-18	0.720459
-48.7822	3.94406e-13	0.00250664	-1.27583e-16	8.00345e-07	-2.7384e-18	0.716631
-48.4249	3.93077e-13	0.00254662	-1.27709e-16	8.07106e-07	-3.08568e-18	0.712662
-48.0696	3.91701e-13	0.0025871	-1.27545e-16	8.14052e-07	-3.14257e-18	0.708515
-47.7164	3.90278e-13	0.00262854	-1.27131e-16	8.2108e-07	-3.27333e-18	0.704201
-47.3654	3.88806e-13	0.00267064	-1.26434e-16	8.28245e-07	-3.37384e-18	0.699724
-47.0167	3.87285e-13	0.00271328	-1.25385e-16	8.35544e-07	-3.29434e-18	0.695055
-46.6703	3.85717e-13	0.00275697	-1.24118e-16	8.42924e-07	-2.2181e-18	0.690201
-46.3265	3.84123e-13	0.00280127	-1.22654e-16	8.50397e-07	-1.55179e-18	0.685159
-45.9852	3.82514e-13	0.00284614	-1.21383e-16	8.57957e-07	-3.37868e-18	0.679912
-45.6465	3.8086e-13	0.00289211	-1.20393e-16	8.65574e-07	-2.99736e-18	0.674454
-45.3107	3.7917e-13	0.00293866	-1.19785e-16	8.73233e-07	-2.88066e-18	0.668783
-44.9778	3.77446e-13	0.00298579	-1.19414e-16	8.8091e-07	-2.89228e-18	0.66289
-44.6478	3.7569e-13	0.00303406	-1.19183e-16	8.88606e-07	-2.91202e-18	0.656761
-44.321	3.73904e-13	0.00308289	-1.19059e-16	8.96276e-07	-3.42433e-18	0.650386
-43.9974	3.7208e-13	0.00313227	-1.18627e-16	9.03877e-07	-4.08008e-18	0.64377
-43.6772	3.70209e-13	0.00318282	-1.17916e-16	9.11412e-07	-2.99131e-18	0.636897
-43.3605	3.68312e-13	0.00323395	-1.16917e-16	9.18856e-07	-2.0381e-18	0.629736
-43.0475	3.66405e-13	0.00328552	-1.1574e-16	9.26105e-07	-3.3226e-18	0.622306
-42.7382	3.6447e-13	0.00333823	-1.14407e-16	9.33163e-07	-3.30227e-18	0.614609
-42.4329	3.62509e-13	0.00339161	-1.12999e-16	9.40022e-07	-2.81683e-18	0.606587
-42.1316	3.60532e-13	0.00344531	-1.11439e-16	9.46563e-07	-2.19822e-18	0.598248
-41.8346	3.5855e-13	0.00349992	-1.09923e-16	9.52724e-07	-3.29332e-18	0.589629
-41.542	3.56549e-13	0.00355542	-1.08383e-16	9.58508e-07	-2.0772e-18	0.580685
-41.254	3.5455e-13	0.00361114	-1.06873e-16	9.63834e-07	-3.42017e-19	0.571366
-40.9707	3.52579e-13	0.00366729	-1.05174e-16	9.68573e-07	-9.86923e-19	0.561723
-40.6922	3.50628e-13	0.00372455	-1.03396e-16	9.72681e-07	-3.27183e-18	0.551778
-40.4189	3.48668e-13	0.0037821	-1.01686e-16	9.76103e-07	-3.24604e-18	0.541468
-40.1508	3.46702e-13	0.00383967	-9.99383e-17	9.78733e-07	-4.78245e-18	0.530768
-39.8881	3.44714e-13	0.0038978	-9.83363e-17	9.80464e-07	-8.12669e-18	0.519739
-39.631	3.42663e-13	0.00395672	-9.67783e-17	9.81222e-07	-9.37088e-18	0.508413
-39.3797	3.40541e-13	0.00401555	-9.53468e-17	9.80919e-07	-7.34125e-18	0.496745
-39.1343	3.38378e-13	0.00407417	-9.38889e-17	9.79456e-07	-6.62534e-19	0.484719
-38.895	3.36262e-13	0.00413311	-9.235e-17	9.76754e-07	6.72478e-18	0.472388
-38.6619	3.34279e-13	0.00419259	-9.06687e-17	9.72756e-07	9.56014e-18	0.459819
-38.4352	3.32459e-13	0.00425172	-8.89709e-17	9.67382e-07	1.19332e-17	0.44702
-38.2149	3.30822e-13	0.00431026	-8.71715e-17	9.6057e-07	1.53737e-17	0.433986
-38.0012	3.29398e-13	0.00436843	-8.51792e-17	9.52292e-07	1.57739e-17	0.42076
-37.7941	3.28182e-13	0.004427	-8.33266e-17	9.42583e-07	5.25556e-18	0.407426
-37.5937	3.27057e-13	0.00448526	-8.15497e-17	9.31472e-07	-7.87502e-18	0.394065
-37.4	3.25894e-13	0.00454266	-7.94406e-17	9.18942e-07	-1.72124e-17	0.380695
-37.213	3.24611e-13	0.0045991	-7.72017e-17	9.05056e-07	-2.17789e-17	0.367338
-37.0327	3.23176e-13	0.00465476	-7.48571e-17	8.89928e-07	-2.2968e-17	0.354068
-36.859	3.21595e-13	0.00471038	-7.25365e-17	8.73767e-07	-4.1001e-17	0.340992
-36.6917	3.1973e-13	0.00476568	-6.99853e-17	8.56817e-07	-4.64395e-17	0.328233
-36.5307	3.17562e-13	0.00482005	-6.71767e-17	8.3929e-07	-4.1544e-17	0.315884
-36.3758	3.15153e-13	0.00487329	-6.44054e-17	8.21123e-07	-2.84395e-17	0.303919
-36.2268	3.12624e-13	0.00492541	-6.19338e-17	8.0238e-07	-1.00604e-17	0.292271
-36.0836	3.10121e-13	0.00497653	-5.96052e-17	7.83356e-07	9.44656e-18	0.280991
-35.9458	3.0778e-13	0.00502719	-5.73619e-17	7.64395e-07	2.96238e-17	0.270203
-35.8134	3.05724e-13	0.00507808	-5.53552e-17	7.4581e-07	3.79081e-17	0.260015
-35.6858	3.03987e-13	0.00512855	-5.3572e-17	7.27689e-07	4.25129e-17	0.250457
-35.5629	3.02574e-13	0.00517827	-5.19623e-17	7.10108e-07	3.58652e-17	0.2415
-35.4443	3.01423e-13	0.00522715	-5.0744e-17	6.93056e-07	3.65182e-17	0.233099
-35.3298	3.00522e-13	0.0052752	-4.97966e-17	6.76497e-07	4.62656e-17	0.225191
-35.2191	2.99906e-13	0.00532249	-4.90023e-17	6.60344e-07	3.98109e-17	0.217709
-35.1121	2.99524e-13	0.00536917	-4.85688e-17	6.44476e-07	3.68271e-17	0.210572
-35.0086	2.99344e-13	0.00541552	-4.81047e-17	6.28958e-07	4.14642e-17	0.203743
-34.9084	2.99379e-13	0.00546275	-4.79319e-17	6.14258e-07	3.90378e-17	0.197314
-34.8112	2.99602e-13	0.0055112	-4.79205e-17	6.00306e-07	8.7721e-18	0.191341
-34.717	2.99859e-13	0.00556007	-4.78384e-17	5.86947e-07	-9.54197e-18	0.185754
-34.6255	3.00066e-13	0.00560901	-4.79284e-17	5.74014e-07	-1.4102e-17	0.180469
-34.5365	3.00204e-13	0.00565782	-4.81928e-17	5.61398e-07	-2.15795e-17	0.175415
-34.4501	3.00245e-13	0.0057064	-4.83883e-17	5.48981e-07	-4.11293e-18	0.170539
-34.366	3.00267e-13	0.0057547	-4.86028e-17	5.36712e-07	-1.60433e-17	0.1658
-34.2843	3.00223e-13	0.00580272	-4.86849e-17	5.24532e-07	-7.27583e-17	0.161172
-34.2048	2.99892e-13	0.00585049	-4.85903e-17	5.12461e-07	-2.8482e-17	0.156643
-34.1276	2.99459e-13	0.00589811	-4.86215e-17	5.00485e-07	-5.60176e-17	0.15221
-34.0526	2.9883e-13	0.00594576	-4.82836e-17	4.88685e-07	-5.23858e-17	0.147883
-33.9797	2.98027e-13	0.00599383	-4.74826e-17	4.77217e-07	-5.24611e-17	0.143698
-33.9089	2.97061e-13	0.00604299	-4.71442e-17	4.66212e-07	-5.65931e-17	0.139703
-33.84	2.95926e-13	0.00609273	-4.62911e-17	4.5542e-07	-4.18008e-17	0.135869
-33.7731	2.94683e-13	0.00614257	-4.50174e-17	4.44762e-07	-8.49375e-17	0.132136
-33.7079	2.93197e-13	0.00619223	-4.39305e-17	4.34106e-07	-4.85034e-18	0.128464
-33.6446	2.91738e-13	0.00624151	-4.27602e-17	4.23483e-07	-1.26012e-16	0.124834
-33.5831	2.89933e-13	0.00629026	-4.10159e-17	4.12827e-07	1.17433e-18	0.121238
-33.5234	2.88184e-13	0.0063384	-3.94074e-17	4.02258e-07	-5.8729e-17	0.117685
-33.4654	2.86316e-13	0.00638585	-3.73861e-17	3.91755e-07	-6.03783e-17	0.114191
-33.4092	2.84334e-13	0.00643258	-3.54381e-17	3.8155e-07	-1.1434e-16	0.110787
-33.3546	2.821e-13	0.00647858	-3.26079e-17	3.71732e-07	-8.2648e-17	0.107523
-33.3016	2.79711e-13	0.0065239	-2.99672e-17	3.62814e-07	6.4044e-17	0.104494
-33.2501	2.77553e-13	0.00656865	-2.7563e-17	3.55347e-07	1.5703e-16	0.101863
-33.1998	2.7584e-13	0.00661303	-2.54184e-17	3.50713e-07	1.42598e-16	0.0999306
-33.1502	2.74506e-13	0.00665748	-2.34171e-17	3.51374e-07	-1.50852e-16	0.099298
-33.1005	2.72794e-13	0.00670284	-2.13358e-17	3.63007e-07	-6.05936e-16	0.101261
-33.0489	2.69456e-13	0.00675091	-1.70351e-17	4.00367e-07	-9.67522e-16	0.109209
-32.9913	2.62935e-13	0.00680613	-9.85777e-18	4.95083e-07	-3.2157e-16	0.131677
-32.9172	2.53371e-13	0.00687677	6.27239e-19	7.65394e-07	1.39461e-15	0.206773
-32.7845	2.45478e-13	0.00699997	1.04101e-17	-0.0400145	1.196e-15	118.89
-31.542	2.89085e-13	0.00791706	1.17048e-18	0.096048	7.8651e-17	178.758
