4.64844	3.08536e-13	-0.00351931	-2.2704e-16	0.0400001	-1.3657e-11	60.0126
4.65603	-4.87099e-12	-0.00352058	-1.17304e-15	3.97552e-09	1.48668e-10	0.00809235
4.65654	-1.44878e-12	-0.00352066	-5.48552e-16	2.14081e-09	1.64004e-10	0.000779814
4.65681	2.63075e-12	-0.0035207	1.95403e-16	1.62449e-09	-3.64494e-11	0.000479891
4.65702	5.34868e-12	-0.00352074	6.90824e-16	1.45142e-09	-1.28485e-10	0.000391991
4.6572	6.58868e-12	-0.00352077	9.16726e-16	1.38997e-09	-9.29489e-11	0.000362092
4.65738	6.95297e-12	-0.0035208	9.82905e-16	1.37566e-09	-1.98857e-11	0.000352434
4.65755	7.1392e-12	-0.00352083	1.01664e-15	1.38454e-09	1.58696e-11	0.000351741
4.65773	7.46663e-12	-0.00352086	1.0761e-15	1.40531e-09	1.3994e-11	0.000355521
4.65791	7.92428e-12	-0.00352089	1.15927e-15	1.43324e-09	-1.67966e-12	0.000361729
4.65809	8.37569e-12	-0.00352092	1.24129e-15	1.46503e-09	-1.34164e-11	0.000369342
4.65828	8.71188e-12	-0.00352095	1.30223e-15	1.49993e-09	-1.94479e-11	0.000377844
4.65847	8.87021e-12	-0.00352098	1.33082e-15	1.53669e-09	-1.08018e-11	0.00038698
4.65866	8.92665e-12	-0.00352101	1.34084e-15	1.57546e-09	-1.55179e-11	0.00039661
4.65887	8.82874e-12	-0.00352105	1.32272e-15	1.61563e-09	-9.91619e-12	0.000406674
4.65907	8.62624e-12	-0.00352108	1.28559e-15	1.65754e-09	-1.03193e-11	0.000417138
4.65928	8.30949e-12	-0.00352112	1.22762e-15	1.70085e-09	-1.08681e-11	0.000428004
4.6595	7.86668e-12	-0.00352115	1.14679e-15	1.74591e-09	-1.43271e-11	0.00043927
4.65972	7.25273e-12	-0.00352119	1.03479e-15	1.79246e-09	-4.76448e-12	0.000450951
4.65995	6.56799e-12	-0.00352123	9.10019e-16	1.84083e-09	-9.66661e-12	0.000463054
4.66018	5.75136e-12	-0.00352126	7.61265e-16	1.8908e-09	-7.85283e-12	0.000475593
4.66043	4.81794e-12	-0.0035213	5.91369e-16	1.94263e-09	-1.77868e-12	0.000488574
4.66067	3.8369e-12	-0.00352135	4.12838e-16	1.99611e-09	5.92103e-12	0.000502002
4.66093	2.90416e-12	-0.00352139	2.43137e-16	2.0516e-09	-1.47321e-12	0.000515898
4.66119	1.92621e-12	-0.00352143	6.53351e-17	2.10931e-09	1.48517e-11	0.000530334
4.66146	1.12037e-12	-0.00352148	-8.11615e-17	2.16943e-09	4.02345e-12	0.00054536
4.66173	3.47189e-13	-0.00352152	-2.21616e-16	2.23181e-09	1.85047e-11	0.000560983
4.66202	-1.85042e-13	-0.00352157	-3.18302e-16	2.29661e-09	1.65359e-11	0.000577203
4.66231	-4.90703e-13	-0.00352162	-3.73826e-16	2.36377e-09	1.89933e-11	0.000594033
4.66261	-5.19174e-13	-0.00352167	-3.78977e-16	2.43358e-09	1.33635e-11	0.000611501
4.66292	-3.41218e-13	-0.00352172	-3.46699e-16	2.50634e-09	1.57968e-11	0.000629685
4.66324	9.44019e-14	-0.00352177	-2.67644e-16	2.5822e-09	8.65919e-12	0.000648642
4.66357	6.85729e-13	-0.00352183	-1.60468e-16	2.66088e-09	4.92566e-12	0.000668355
4.66391	1.37862e-12	-0.00352188	-3.48782e-17	2.74242e-09	-4.59157e-12	0.000688792
4.66426	2.0125e-12	-0.00352194	7.98757e-17	2.82694e-09	-5.55916e-12	0.000709977
4.66462	2.56577e-12	-0.003522	1.79951e-16	2.91518e-09	-1.15741e-11	0.000732017
4.66499	2.92124e-12	-0.00352206	2.44194e-16	3.00692e-09	-9.55284e-12	0.000754978
4.66538	3.10482e-12	-0.00352212	2.77226e-16	3.10171e-09	-8.76933e-12	0.000778776
4.66577	3.12079e-12	-0.00352219	2.79902e-16	3.19943e-09	-6.86665e-12	0.000803338
4.66618	2.99723e-12	-0.00352226	2.57367e-16	3.30073e-09	-2.45645e-12	0.000828733
4.6666	2.81806e-12	-0.00352233	2.24666e-16	3.40567e-09	-1.32191e-13	0.00085505
4.66703	2.63032e-12	-0.0035224	1.90532e-16	3.51321e-09	2.20717e-12	0.000882164
4.66748	2.48609e-12	-0.00352247	1.64269e-16	3.62291e-09	3.70612e-12	0.000909889
4.66794	2.42294e-12	-0.00352255	1.52659e-16	3.73524e-09	3.10486e-12	0.000938225
4.66842	2.43178e-12	-0.00352263	1.54053e-16	3.84927e-09	1.6972e-12	0.000967115
4.66891	2.48253e-12	-0.00352271	1.63004e-16	3.96302e-09	5.55687e-13	0.000996189
4.66942	2.54883e-12	-0.00352279	1.74717e-16	4.07515e-09	-2.59505e-13	0.00102502
4.66994	2.61027e-12	-0.00352288	1.85584e-16	4.18527e-09	-5.48622e-13	0.00105339
4.67047	2.65873e-12	-0.00352296	1.94052e-16	4.30351e-09	-3.32914e-13	0.00108254
4.67102	2.69942e-12	-0.00352305	2.01167e-16	4.43191e-09	-4.47742e-13	0.00111403
4.67158	2.72867e-12	-0.00352315	2.0617e-16	4.56907e-09	-2.31615e-13	0.00114794
4.67217	2.75208e-12	-0.00352324	2.10101e-16	4.71376e-09	-2.07915e-13	0.00118393
4.67277	2.76998e-12	-0.00352334	2.13002e-16	4.86491e-09	-4.85946e-14	0.00122171
4.67339	2.78695e-12	-0.00352345	2.15727e-16	5.02358e-09	-4.18387e-14	0.00126127
4.67403	2.80314e-12	-0.00352355	2.18347e-16	5.18907e-09	9.53326e-14	0.00130267
4.67469	2.82301e-12	-0.00352366	2.21619e-16	5.36007e-09	3.06803e-14	0.00134565
4.67538	2.84459e-12	-0.00352377	2.25118e-16	5.53736e-09	-2.1059e-13	0.00139014
4.67608	2.85944e-12	-0.00352389	2.27438e-16	5.71989e-09	-1.15542e-13	0.00143611
4.67681	2.87057e-12	-0.00352401	2.29091e-16	5.90555e-09	-1.40306e-13	0.00148315
4.67756	2.87678e-12	-0.00352413	2.29826e-16	6.09492e-09	-1.92151e-13	0.00153107
4.67834	2.87571e-12	-0.00352426	2.2922e-16	6.28595e-09	2.7519e-13	0.00157968
4.67914	2.88565e-12	-0.00352439	2.30629e-16	6.47649e-09	-1.04623e-13	0.00162844
4.67997	2.89156e-12	-0.00352453	2.3124e-16	6.6667e-09	-2.39506e-13	0.00167711
4.68082	2.88746e-12	-0.00352467	2.3011e-16	6.85333e-09	1.16387e-13	0.00172527
4.6817	2.88834e-12	-0.00352481	2.29818e-16	7.03434e-09	3.86992e-13	0.00177227
4.68259	2.90661e-12	-0.00352496	2.32641e-16	7.22776e-09	-1.27187e-13	0.00182014
4.68352	2.91951e-12	-0.00352511	2.34461e-16	7.43692e-09	-1.64436e-13	0.00187162
4.68447	2.92499e-12	-0.00352526	2.34975e-16	7.64967e-09	-1.61823e-13	0.00192557
4.68544	2.92272e-12	-0.00352542	2.34045e-16	7.8629e-09	7.47157e-14	0.00198004
4.68645	2.92414e-12	-0.00352559	2.33809e-16	8.07281e-09	3.90971e-14	0.00203416
4.68748	2.92761e-12	-0.00352576	2.33921e-16	8.28101e-09	6.49982e-14	0.00208765
4.68853	2.93461e-12	-0.00352593	2.34605e-16	8.48689e-09	1.06996e-13	0.00214062
4.68962	2.94758e-12	-0.00352611	2.36331e-16	8.69254e-09	7.06241e-14	0.00219327
4.69073	2.96478e-12	-0.00352629	2.38816e-16	8.90811e-09	-9.50978e-14	0.00224717
4.69186	2.977e-12	-0.00352647	2.40369e-16	9.14004e-09	5.61412e-14	0.00230444
4.69303	2.99281e-12	-0.00352666	2.42583e-16	9.36953e-09	-1.18106e-13	0.00236349
4.69423	3.00196e-12	-0.00352686	2.43586e-16	9.58762e-09	-7.283e-15	0.00242078
4.69545	3.01088e-12	-0.00352706	2.44534e-16	9.7942e-09	1.71358e-13	0.00247515
4.6967	3.03071e-12	-0.00352726	2.47392e-16	9.99648e-09	1.22008e-13	0.00252749
4.69798	3.05873e-12	-0.00352747	2.51614e-16	1.01981e-08	4.21621e-14	0.00257921
4.69928	3.09007e-12	-0.00352768	2.56477e-16	1.0418e-08	-6.30413e-14	0.0026332
4.70061	3.11789e-12	-0.0035279	2.60671e-16	1.06468e-08	-8.5397e-14	0.00269066
4.70197	3.14051e-12	-0.00352812	2.63896e-16	1.08555e-08	-1.07056e-13	0.00274669
4.70336	3.15616e-12	-0.00352834	2.65859e-16	1.10523e-08	1.09422e-13	0.00279864
4.70477	3.17982e-12	-0.00352857	2.69302e-16	1.12399e-08	1.29082e-13	0.00284789
4.70621	3.21314e-12	-0.0035288	2.74292e-16	1.14356e-08	-1.01427e-13	0.00289699
4.70767	3.23964e-12	-0.00352904	2.78104e-16	1.16461e-08	-1.26871e-13	0.00294904
4.70916	3.25719e-12	-0.00352928	2.8039e-16	1.18392e-08	-3.28707e-14	0.00300077
4.71067	3.27255e-12	-0.00352952	2.82219e-16	1.20184e-08	9.63624e-14	0.00304848
4.7122	3.29554e-12	-0.00352977	2.85363e-16	1.21884e-08	-2.14171e-14	0.00309324
4.71376	3.31718e-12	-0.00353002	2.88186e-16	1.23692e-08	-8.08108e-14	0.0031382
4.71534	3.33277e-12	-0.00353028	2.90027e-16	1.2549e-08	-1.54551e-13	0.00318444
4.71695	3.33618e-12	-0.00353054	2.89728e-16	1.27112e-08	-4.68484e-14	0.00322828
4.71857	3.33584e-12	-0.0035308	2.88684e-16	1.2863e-08	1.57115e-13	0.00326854
4.72021	3.3484e-12	-0.00353106	2.89948e-16	1.30156e-08	-4.00215e-14	0.00330757
4.72188	3.35779e-12	-0.00353133	2.90632e-16	1.31714e-08	5.78103e-15	0.00334712
4.72356	3.36777e-12	-0.0035316	2.91347e-16	1.33095e-08	2.46336e-15	0.00338481
4.72526	3.37807e-12	-0.00353187	2.92165e-16	1.34384e-08	5.47974e-14	0.00341907
4.72698	3.39318e-12	-0.00353215	2.93795e-16	1.35671e-08	-9.57781e-14	0.00345211
4.72872	3.40013e-12	-0.00353242	2.93978e-16	1.36926e-08	-8.58149e-15	0.00348472
4.73047	3.40639e-12	-0.0035327	2.9403e-16	1.38035e-08	4.86053e-15	0.00351505
4.73223	3.41313e-12	-0.00353298	2.94111e-16	1.39069e-08	5.58163e-14	0.00354254
4.73401	3.42488e-12	-0.00353327	2.95122e-16	1.40103e-08	4.07071e-15	0.00356908
4.7358	3.43708e-12	-0.00353355	2.96114e-16	1.41031e-08	-6.09299e-14	0.00359425
4.7376	3.44388e-12	-0.00353384	2.96225e-16	1.41854e-08	-8.08074e-14	0.00361672
4.73942	3.44338e-12	-0.00353413	2.95089e-16	1.42641e-08	1.74521e-14	0.00363738
4.74124	3.44447e-12	-0.00353442	2.94253e-16	1.43366e-08	6.9287e-14	0.00365678
4.74307	3.45192e-12	-0.00353471	2.94418e-16	1.43983e-08	-2.58429e-14	0.003674
4.74491	3.45702e-12	-0.003535	2.94194e-16	1.44541e-08	1.73321e-15	0.00368908
4.74676	3.46231e-12	-0.00353529	2.9401e-16	1.45046e-08	-6.39848e-14	0.00370272
4.74862	3.46167e-12	-0.00353559	2.92763e-16	1.45455e-08	7.34942e-15	0.00371446
4.75048	3.46172e-12	-0.00353588	2.91666e-16	1.45798e-08	-7.07202e-15	0.00372411
4.75234	3.46111e-12	-0.00353617	2.90468e-16	1.46087e-08	-4.75668e-15	0.00373221
4.75421	3.46006e-12	-0.00353647	2.8922e-16	1.46286e-08	1.7463e-14	0.00373848
4.75608	3.46063e-12	-0.00353676	2.88236e-16	1.46428e-08	5.49587e-15	0.00374285
4.75795	3.46173e-12	-0.00353706	2.87285e-16	1.46506e-08	-4.25693e-14	0.00374567
4.75982	3.45883e-12	-0.00353735	2.85743e-16	1.46504e-08	-8.73035e-15	0.00374664
4.7617	3.45512e-12	-0.00353765	2.84008e-16	1.46452e-08	-1.92976e-14	0.00374595
4.76357	3.4496e-12	-0.00353794	2.81999e-16	1.46332e-08	1.90295e-14	0.00374374
4.76544	3.44587e-12	-0.00353823	2.80271e-16	1.46138e-08	-6.29733e-14	0.00373971
4.76731	3.43625e-12	-0.00353853	2.77607e-16	1.45904e-08	4.45394e-14	0.00373422
4.76918	3.43081e-12	-0.00353882	2.75605e-16	1.45596e-08	3.83748e-14	0.00372727
4.77104	3.42895e-12	-0.00353911	2.74222e-16	1.45228e-08	2.59877e-14	0.00371859
4.77289	3.42951e-12	-0.0035394	2.73263e-16	1.44825e-08	-1.03549e-13	0.0037087
4.77475	3.42048e-12	-0.00353969	2.70681e-16	1.44345e-08	-7.6613e-14	0.00369736
4.77659	3.40441e-12	-0.00353997	2.66984e-16	1.43817e-08	-2.5642e-14	0.00368443
4.77843	3.38604e-12	-0.00354026	2.62923e-16	1.4326e-08	-2.25915e-14	0.00367051
4.78026	3.36568e-12	-0.00354054	2.5852e-16	1.4262e-08	1.1933e-13	0.00365514
4.78209	3.35628e-12	-0.00354082	2.55943e-16	1.41952e-08	7.31282e-14	0.00363835
4.7839	3.35357e-12	-0.00354111	2.54477e-16	1.41251e-08	-1.24632e-13	0.00362079
4.78571	3.33961e-12	-0.00354139	2.51224e-16	1.40471e-08	-7.8637e-14	0.0036018
4.7875	3.31867e-12	-0.00354166	2.46826e-16	1.39681e-08	-8.60052e-14	0.00358165
4.78929	3.29017e-12	-0.00354194	2.41215e-16	1.38852e-08	4.76475e-14	0.00356086
4.79106	3.26607e-12	-0.00354221	2.36328e-16	1.37951e-08	2.34692e-14	0.00353867
4.79283	3.2442e-12	-0.00354248	2.31813e-16	1.37055e-08	1.92856e-14	0.00351562
4.79458	3.22416e-12	-0.00354275	2.27645e-16	1.36105e-08	4.17766e-14	0.00349193
4.79632	3.20789e-12	-0.00354302	2.24059e-16	1.35105e-08	-6.07714e-15	0.00346692
4.79805	3.19121e-12	-0.00354328	2.20467e-16	1.34116e-08	-7.46639e-14	0.00344141
4.79976	3.16826e-12	-0.00354355	2.15912e-16	1.33058e-08	-4.26892e-14	0.00341516
4.80146	3.14186e-12	-0.00354381	2.10726e-16	1.31979e-08	-6.9559e-14	0.00338774
4.80315	3.10981e-12	-0.00354407	2.04754e-16	1.30908e-08	1.62079e-14	0.00336017
4.80482	3.07938e-12	-0.00354432	1.99037e-16	1.29757e-08	-8.28439e-14	0.00333168
4.80648	3.04234e-12	-0.00354457	1.92284e-16	1.28615e-08	4.78131e-14	0.00330227
4.80812	3.00956e-12	-0.00354482	1.86262e-16	1.27468e-08	-4.72715e-14	0.00327292
4.80975	2.97322e-12	-0.00354507	1.79645e-16	1.26245e-08	2.55512e-14	0.00324253
4.81137	2.9393e-12	-0.00354532	1.73499e-16	1.25051e-08	-4.93147e-15	0.00321154
4.81296	2.9053e-12	-0.00354556	1.67349e-16	1.23834e-08	-2.13248e-14	0.00318063
4.81455	2.86995e-12	-0.0035458	1.61017e-16	1.22555e-08	-1.45335e-13	0.00314863
4.81611	2.82358e-12	-0.00354604	1.52971e-16	1.2132e-08	1.86776e-14	0.0031164
4.81766	2.77913e-12	-0.00354627	1.4524e-16	1.20039e-08	-6.11618e-14	0.00308414
4.8192	2.73046e-12	-0.0035465	1.36934e-16	1.1872e-08	1.05244e-13	0.00305083
4.82071	2.69031e-12	-0.00354673	1.29927e-16	1.17447e-08	-2.68158e-14	0.0030176
4.82221	2.64857e-12	-0.00354696	1.2273e-16	1.1611e-08	2.10197e-14	0.00298415
4.8237	2.60888e-12	-0.00354718	1.15892e-16	1.14759e-08	-7.39457e-14	0.00294971
4.82516	2.56422e-12	-0.0035474	1.08279e-16	1.13452e-08	-2.63797e-14	0.00291565
4.82661	2.51817e-12	-0.00354762	1.00544e-16	1.12067e-08	-7.65055e-14	0.00288115
4.82805	2.4672e-12	-0.00354784	9.19675e-17	1.10688e-08	-1.63402e-13	0.00284574
4.82946	2.40531e-12	-0.00354805	8.18649e-17	1.0935e-08	-2.11235e-14	0.00281094
4.83086	2.34269e-12	-0.00354826	7.15828e-17	1.07924e-08	1.14338e-13	0.00277553
4.83224	2.28877e-12	-0.00354847	6.27063e-17	1.06517e-08	-5.4673e-14	0.00273924
4.8336	2.23184e-12	-0.00354867	5.33817e-17	1.0515e-08	1.82538e-14	0.0027037
4.83494	2.17687e-12	-0.00354887	4.44578e-17	1.03687e-08	2.51592e-14	0.00266745
4.83626	2.12433e-12	-0.00354907	3.58702e-17	1.02246e-08	-3.50696e-14	0.00263026
4.83757	2.07023e-12	-0.00354926	2.70882e-17	1.0085e-08	1.95518e-15	0.00259394
4.83886	2.017e-12	-0.00354945	1.85191e-17	9.93534e-09	-1.5671e-13	0.0025569
4.84013	1.95462e-12	-0.00354964	8.53475e-18	9.78679e-09	-2.28978e-13	0.00251872
4.84138	1.87886e-12	-0.00354983	-3.46342e-18	9.64406e-09	6.09353e-14	0.00248143
4.84261	1.80797e-12	-0.00355001	-1.46595e-17	9.49185e-09	1.46002e-13	0.00244367
4.84382	1.74704e-12	-0.00355019	-2.42904e-17	9.3371e-09	1.27335e-13	0.00240437
4.84501	1.6947e-12	-0.00355037	-3.25917e-17	9.18999e-09	-1.21215e-14	0.00236574
4.84619	1.64248e-12	-0.00355054	-4.08647e-17	9.03699e-09	-1.29454e-13	0.00232732
4.84734	1.58366e-12	-0.00355071	-5.01236e-17	8.87412e-09	-1.4221e-13	0.0022869
4.84847	1.51784e-12	-0.00355088	-6.03875e-17	8.72016e-09	-3.27782e-13	0.00224636
4.84959	1.43493e-12	-0.00355105	-7.32436e-17	8.56719e-09	-2.93524e-13	0.00220708
4.85068	1.33742e-12	-0.00355121	-8.8262e-17	8.3981e-09	3.51405e-14	0.00216588
4.85175	1.24372e-12	-0.00355137	-1.02605e-16	8.23264e-09	6.92632e-14	0.00212307
4.8528	1.15551e-12	-0.00355152	-1.16131e-16	8.07477e-09	6.09611e-13	0.00208171
4.85383	1.10041e-12	-0.00355167	-1.24633e-16	7.90991e-09	7.35436e-13	0.00204043
4.85484	1.08357e-12	-0.00355182	-1.27355e-16	7.73001e-09	7.68671e-13	0.00199633
4.85583	1.10503e-12	-0.00355197	-1.24267e-16	7.55917e-09	1.09611e-13	0.00195147
4.85679	1.13131e-12	-0.00355211	-1.20547e-16	7.39439e-09	-9.76886e-13	0.00190855
4.85774	1.11091e-12	-0.00355225	-1.23778e-16	7.22046e-09	-1.5573e-12	0.00186524
4.85866	1.01925e-12	-0.00355238	-1.37668e-16	7.03172e-09	-1.14813e-12	0.00181887
4.85956	8.78467e-13	-0.00355251	-1.58869e-16	6.85215e-09	-5.72209e-13	0.00177179
4.86043	7.1627e-13	-0.00355264	-1.8322e-16	6.6804e-09	-5.08624e-13	0.00172687
4.86128	5.36466e-13	-0.00355277	-2.10198e-16	6.50658e-09	3.12527e-13	0.0016827
4.86211	3.74323e-13	-0.00355289	-2.34471e-16	6.31541e-09	1.33533e-12	0.00163605
4.86292	2.70752e-13	-0.00355301	-2.49977e-16	6.12691e-09	1.73939e-12	0.00158753
4.8637	2.38263e-13	-0.00355312	-2.54803e-16	5.94965e-09	1.77033e-12	0.00154079
4.86446	2.73906e-13	-0.00355323	-2.49514e-16	5.77968e-09	1.74824e-12	0.00149642
4.8652	3.72982e-13	-0.00355334	-2.34812e-16	5.6096e-09	1.51939e-12	0.00145297
4.86591	5.23504e-13	-0.00355344	-2.12511e-16	5.42775e-09	7.85737e-13	0.00140801
4.86661	6.96341e-13	-0.00355354	-1.86894e-16	5.24868e-09	-2.9528e-13	0.00136191
4.86728	8.53584e-13	-0.00355364	-1.63648e-16	5.08302e-09	-1.74386e-12	0.00131788
4.86792	9.49325e-13	-0.00355374	-1.49572e-16	4.92971e-09	-3.50299e-12	0.00127714
4.86855	9.32045e-13	-0.00355383	-1.52208e-16	4.78674e-09	-4.81608e-12	0.0012393
4.86916	7.6825e-13	-0.00355392	-1.76523e-16	4.64856e-09	-4.27492e-12	0.0012034
4.86976	4.82465e-13	-0.003554	-2.18838e-16	4.50845e-09	-1.86673e-12	0.00116786
4.87033	1.51635e-13	-0.00355409	-2.67812e-16	4.37171e-09	-8.96486e-13	0.00113251
4.87089	-1.94139e-13	-0.00355417	-3.18905e-16	4.24954e-09	1.30116e-12	0.00109946
4.87143	-4.94983e-13	-0.00355425	-3.63264e-16	4.14239e-09	1.83076e-12	0.00107018
4.87196	-7.39879e-13	-0.00355432	-3.99333e-16	4.0489e-09	2.21005e-12	0.00104457
4.87247	-9.22187e-13	-0.0035544	-4.26146e-16	3.96771e-09	1.56217e-12	0.00102227
4.87298	-1.06132e-12	-0.00355447	-4.4655e-16	3.89693e-09	2.20962e-12	0.00100287
4.87348	-1.14306e-12	-0.00355454	-4.58495e-16	3.83466e-09	3.11511e-12	0.000985889
4.87397	-1.14734e-12	-0.00355461	-4.58997e-16	3.77803e-09	3.02262e-12	0.000970713
4.87445	-1.07875e-12	-0.00355468	-4.48828e-16	3.73036e-09	1.87732e-12	0.0009574
4.87492	-9.66375e-13	-0.00355475	-4.32192e-16	3.69752e-09	3.08567e-12	0.000947124
4.8754	-7.82253e-13	-0.00355482	-4.05049e-16	3.67815e-09	1.99624e-12	0.000940461
4.87586	-5.52284e-13	-0.00355489	-3.71202e-16	3.67139e-09	-1.98156e-13	0.000937126
4.87633	-3.27377e-13	-0.00355496	-3.38187e-16	3.67668e-09	-1.18209e-12	0.000936938
4.8768	-1.29855e-13	-0.00355502	-3.09181e-16	3.69307e-09	-1.23757e-12	0.000939704
4.87727	3.9411e-14	-0.00355509	-2.84319e-16	3.72002e-09	-1.09244e-12	0.000945236
4.87775	1.84004e-13	-0.00355516	-2.63108e-16	3.75677e-09	-3.35585e-13	0.000953367
4.87823	3.21989e-13	-0.00355523	-2.42918e-16	3.80288e-09	-9.7932e-13	0.000963942
4.87871	4.37924e-13	-0.0035553	-2.25993e-16	3.85763e-09	-3.11434e-12	0.000976815
4.8792	4.78933e-13	-0.00355537	-2.19989e-16	3.92095e-09	-7.52009e-13	0.000991886
4.8797	5.01816e-13	-0.00355544	-2.16702e-16	4.01823e-09	-2.50656e-12	0.00101239
4.88022	4.61049e-13	-0.00355552	-2.2269e-16	4.1673e-09	-6.27191e-13	0.00104383
4.88075	4.02103e-13	-0.00355559	-2.3134e-16	4.34674e-09	-6.47817e-13	0.00108577
4.8813	3.2266e-13	-0.00355567	-2.42939e-16	4.5534e-09	-8.50519e-13	0.00113507
4.88188	2.1474e-13	-0.00355576	-2.58727e-16	4.78726e-09	1.85822e-13	0.00119131
4.88249	1.06944e-13	-0.00355584	-2.74408e-16	5.05115e-09	4.34646e-14	0.00125488
4.88314	-5.40201e-15	-0.00355594	-2.90784e-16	5.34776e-09	4.93835e-13	0.00132646
4.88382	-1.0751e-13	-0.00355604	-3.0562e-16	5.68282e-09	-7.98438e-13	0.00140715
4.88454	-2.44967e-13	-0.00355614	-3.25536e-16	6.06202e-09	6.66727e-13	0.0014984
4.88532	-3.65828e-13	-0.00355625	-3.43061e-16	6.49686e-09	-2.54642e-15	0.00160243
4.88615	-4.95477e-13	-0.00355637	-3.61764e-16	7.00106e-09	1.1065e-13	0.00172245
4.88704	-6.30264e-13	-0.0035565	-3.81217e-16	7.60217e-09	1.79337e-13	0.00186376
4.88801	-7.67945e-13	-0.00355664	-4.01037e-16	8.35228e-09	5.1712e-13	0.00203657
4.88908	-8.91671e-13	-0.00355679	-4.18745e-16	9.42833e-09	8.97807e-13	0.00227022
4.89028	-9.7733e-13	-0.00355696	-4.30914e-16	1.0894e-08	7.94579e-13	0.00259561
4.89167	-1.02105e-12	-0.00355716	-4.36915e-16	1.28972e-08	4.03058e-13	0.00304003
4.89332	-1.03962e-12	-0.00355739	-4.39288e-16	1.58378e-08	2.74367e-14	0.00367415
4.89535	-1.05966e-12	-0.00355768	-4.41733e-16	2.07561e-08	-1.17103e-13	0.00468398
4.898	-1.10153e-12	-0.00355806	-4.47178e-16	3.10623e-08	9.96241e-14	0.00664702
4.90199	-1.14448e-12	-0.00355862	-4.52413e-16	6.14437e-08	3.87657e-13	0.0119426
4.90995	-1.07595e-12	-0.00355974	-4.40883e-16	3.29298e-07	9.03815e-14	0.0541754
4.95617	-4.68864e-13	-0.00356606	-3.49781e-16	-0.0554825	-2.62472e-13	59.7435
-55.3466	-8.28053e-13	-0.0133303	-7.17318e-17	-0.0960396	-5.62488e-16	119.702
