27.1139	1.04686e-13	0.000839925	6.11559e-17	-1.8786e-06	-5.32407e-16	60.6824
27.7907	8.47591e-14	0.000839902	5.2444e-17	5.2215e-07	5.15774e-15	0.755795
27.8697	1.02805e-13	0.000839933	5.0918e-17	3.23832e-07	3.10284e-15	0.124366
27.915	1.20208e-13	0.000839955	5.00134e-17	2.61142e-07	-1.63207e-15	0.081204
27.9509	1.31028e-13	0.000839975	4.92888e-17	2.4254e-07	-3.13141e-15	0.068921
27.9839	1.35839e-13	0.000839997	4.86138e-17	2.39649e-07	-1.97741e-15	0.0657485
28.0166	1.37359e-13	0.00084002	4.79419e-17	2.43963e-07	-3.92e-16	0.0659574
28.0499	1.38255e-13	0.000840047	4.72493e-17	2.52229e-07	2.60464e-16	0.0678086
28.0844	1.39634e-13	0.000840077	4.6522e-17	2.62865e-07	1.90356e-16	0.0706045
28.1205	1.41419e-13	0.000840111	4.57518e-17	2.75234e-07	-7.1421e-17	0.0740317
28.1584	1.4316e-13	0.000840148	4.49314e-17	2.88868e-07	-2.25788e-16	0.0779388
28.1984	1.44544e-13	0.00084019	4.40547e-17	3.03708e-07	-2.70626e-16	0.0822591
28.2407	1.45434e-13	0.000840236	4.31142e-17	3.19586e-07	-1.24129e-16	0.0869704
28.2854	1.46099e-13	0.000840288	4.2102e-17	3.36576e-07	-1.56338e-16	0.0920718
28.3328	1.46433e-13	0.000840344	4.10101e-17	3.54598e-07	-6.85566e-17	0.0975771
28.383	1.46614e-13	0.000840407	3.98256e-17	3.73751e-07	-5.83337e-17	0.103506
28.4363	1.46652e-13	0.000840476	3.85349e-17	3.9398e-07	-4.94569e-17	0.109886
28.4929	1.46551e-13	0.000840553	3.71172e-17	4.15366e-07	-6.66714e-17	0.116743
28.553	1.46244e-13	0.000840637	3.5596e-17	4.37847e-07	2.41772e-17	0.124107
28.617	1.45995e-13	0.000840731	3.40332e-17	4.61458e-07	-1.09088e-17	0.132003
28.685	1.45693e-13	0.000840835	3.24214e-17	4.861e-07	6.44081e-18	0.140455
28.7574	1.45395e-13	0.000840951	3.07526e-17	5.11738e-07	4.65369e-17	0.149479
28.8345	1.45257e-13	0.000841081	2.90219e-17	5.38207e-07	8.42124e-17	0.159083
28.9165	1.45455e-13	0.000841229	2.72261e-17	5.65415e-07	2.92994e-17	0.169268
29.0038	1.45794e-13	0.000841399	2.53638e-17	5.93228e-07	1.05407e-16	0.180045
29.0966	1.46643e-13	0.0008416	2.34389e-17	6.216e-07	3.60398e-17	0.191438
29.1952	1.47724e-13	0.000841828	2.14552e-17	6.50288e-07	9.19713e-17	0.203456
29.3	1.49354e-13	0.000842085	1.94256e-17	6.7905e-07	6.83393e-17	0.21607
29.4113	1.51465e-13	0.00084237	1.73784e-17	7.07583e-07	6.62236e-17	0.229235
29.5293	1.54093e-13	0.000842684	1.53754e-17	7.35644e-07	3.52661e-17	0.242898
29.6542	1.57097e-13	0.000843032	1.34028e-17	7.62989e-07	3.78946e-17	0.257018
29.7863	1.60523e-13	0.000843416	1.14087e-17	7.89359e-07	8.44849e-18	0.271539
29.9257	1.64198e-13	0.000843846	9.38042e-18	8.14466e-07	-4.70127e-18	0.286377
30.0727	1.68036e-13	0.000844337	7.31625e-18	8.38169e-07	-3.05987e-17	0.301467
30.2272	1.71836e-13	0.000844898	5.23266e-18	8.6027e-07	-2.71369e-17	0.316753
30.3894	1.75605e-13	0.000845518	3.15256e-18	8.80669e-07	-3.78134e-17	0.332177
30.5594	1.79232e-13	0.000846195	1.14663e-18	8.99185e-07	-2.65006e-17	0.347661
30.7371	1.82789e-13	0.000846933	-8.24201e-19	9.15694e-07	-2.00526e-17	0.363083
30.9224	1.86313e-13	0.000847742	-2.814e-18	9.30223e-07	-1.23634e-17	0.378372
31.1154	1.89863e-13	0.000848652	-4.82772e-18	9.42894e-07	-1.36708e-18	0.393563
31.316	1.93538e-13	0.000849665	-6.8579e-18	9.53644e-07	8.98327e-19	0.40864
31.5241	1.97359e-13	0.000850762	-8.86806e-18	9.6243e-07	3.0697e-18	0.423444
31.7395	2.01348e-13	0.000851943	-1.08326e-17	9.69361e-07	3.4507e-18	0.437859
31.9619	2.05507e-13	0.000853222	-1.28022e-17	9.7464e-07	-1.02676e-18	0.451962
32.1914	2.09784e-13	0.000854643	-1.47858e-17	9.78328e-07	-5.82344e-18	0.465839
32.4278	2.1412e-13	0.000856186	-1.67622e-17	9.80478e-07	-7.6547e-18	0.479345
32.6708	2.18485e-13	0.000857832	-1.86643e-17	9.81244e-07	-7.62126e-18	0.492357
32.9201	2.2287e-13	0.000859591	-2.04633e-17	9.80754e-07	-7.32093e-18	0.504991
33.1758	2.2727e-13	0.000861514	-2.21973e-17	9.79102e-07	-5.94849e-18	0.517317
33.4375	2.31697e-13	0.000863588	-2.38419e-17	9.76437e-07	-5.91538e-18	0.529205
33.705	2.36143e-13	0.000865782	-2.53448e-17	9.72855e-07	-5.12222e-18	0.540633
33.9781	2.40612e-13	0.000868112	-2.67982e-17	9.68432e-07	-5.92092e-18	0.551697
34.2567	2.45088e-13	0.00087064	-2.82221e-17	9.63301e-07	-6.35003e-18	0.562385
34.5405	2.49557e-13	0.000873322	-2.95984e-17	9.57552e-07	-6.66507e-18	0.572663
34.8293	2.5401e-13	0.00087614	-3.11183e-17	9.51272e-07	-6.05978e-18	0.582549
35.123	2.58447e-13	0.000879144	-3.2831e-17	9.44522e-07	-6.62199e-18	0.592064
35.4214	2.62857e-13	0.000882351	-3.47375e-17	9.37364e-07	-6.53334e-18	0.601237
35.7243	2.67234e-13	0.000885709	-3.68408e-17	9.29923e-07	-5.68675e-18	0.610048
36.0314	2.71585e-13	0.000889239	-3.893e-17	9.22242e-07	-5.90049e-18	0.618484
36.3427	2.75903e-13	0.000893007	-4.10065e-17	9.14262e-07	-5.99766e-18	0.626627
36.6581	2.80182e-13	0.000896943	-4.29963e-17	9.06207e-07	-4.70901e-18	0.634457
36.9772	2.84437e-13	0.000901052	-4.47525e-17	8.98086e-07	-6.69727e-18	0.641917
37.3	2.88633e-13	0.000905413	-4.63187e-17	8.89731e-07	-7.1623e-18	0.64913
37.6263	2.92758e-13	0.000909964	-4.76363e-17	8.81476e-07	-5.50731e-18	0.656068
37.956	2.96834e-13	0.000914693	-4.88849e-17	8.73257e-07	-4.53994e-18	0.662655
38.289	3.00875e-13	0.000919687	-5.01246e-17	8.6485e-07	-6.24642e-18	0.669041
38.6251	3.04849e-13	0.000924885	-5.14043e-17	8.56716e-07	-5.5595e-18	0.675167
38.9641	3.08763e-13	0.000930271	-5.29288e-17	8.486e-07	-6.07578e-18	0.680981
39.3061	3.12607e-13	0.000935938	-5.46839e-17	8.40412e-07	-4.95821e-18	0.686632
39.6508	3.16396e-13	0.000941815	-5.66878e-17	8.32601e-07	-5.2925e-18	0.692017
39.9981	3.20122e-13	0.000947894	-5.85958e-17	8.24716e-07	-4.42837e-18	0.697156
40.3479	3.23797e-13	0.00095427	-6.03711e-17	8.16962e-07	-4.81315e-18	0.702146
40.7002	3.27413e-13	0.000960856	-6.19507e-17	8.09572e-07	-4.97631e-18	0.706865
41.0548	3.30964e-13	0.000967667	-6.34364e-17	8.02038e-07	-5.69022e-18	0.71141
41.4116	3.34436e-13	0.000974783	-6.48681e-17	7.9488e-07	-4.32981e-18	0.715793
41.7706	3.37851e-13	0.000982108	-6.6173e-17	7.87883e-07	-5.26066e-18	0.719932
42.1316	3.4119e-13	0.000989692	-6.73508e-17	7.80905e-07	-4.43531e-18	0.723943
42.4945	3.44467e-13	0.000997576	-6.8404e-17	7.74353e-07	-4.28753e-18	0.72776
42.8593	3.47682e-13	0.00100567	-6.94301e-17	7.67768e-07	-4.65499e-18	0.731405
43.2259	3.50827e-13	0.00101407	-7.05348e-17	7.61496e-07	-4.90682e-18	0.734918
43.5943	3.53897e-13	0.00102274	-7.17398e-17	7.55433e-07	-5.01843e-18	0.738239
43.9642	3.56887e-13	0.00103165	-7.31919e-17	7.49461e-07	-4.57041e-18	0.741436
44.3357	3.59805e-13	0.00104089	-7.48819e-17	7.43857e-07	-4.34651e-18	0.744471
44.7087	3.62653e-13	0.00105038	-7.67376e-17	7.38248e-07	-3.16581e-18	0.747376
45.0831	3.65453e-13	0.00106014	-7.82963e-17	7.33038e-07	-2.90695e-18	0.750147
45.4588	3.68208e-13	0.00107025	-7.95872e-17	7.27893e-07	-4.22915e-18	0.75277
45.8358	3.70893e-13	0.0010806	-8.06352e-17	7.23021e-07	-4.45574e-18	0.755281
46.2141	3.73502e-13	0.00109127	-8.18027e-17	7.18388e-07	-4.23635e-18	0.757643
46.5935	3.76039e-13	0.00110226	-8.30563e-17	7.13794e-07	-3.16251e-18	0.759914
46.974	3.78523e-13	0.00111349	-8.44727e-17	7.09667e-07	-3.82347e-18	0.762043
47.3555	3.8094e-13	0.00112511	-8.5959e-17	7.0545e-07	-4.24482e-18	0.764063
47.7381	3.83283e-13	0.001137	-8.74903e-17	7.01689e-07	-4.35948e-18	0.765981
48.1215	3.85547e-13	0.00114919	-8.88781e-17	6.97995e-07	-3.3882e-18	0.76776
48.5058	3.87751e-13	0.00116177	-9.01063e-17	6.9448e-07	-2.16455e-18	0.76947
48.891	3.89919e-13	0.00117459	-9.13161e-17	6.91338e-07	-3.29938e-18	0.771039
49.2769	3.92026e-13	0.00118781	-9.26781e-17	6.88132e-07	-3.91729e-18	0.772527
49.6635	3.94062e-13	0.00120134	-9.41966e-17	6.85404e-07	-4.33993e-18	0.77391
50.0508	3.96018e-13	0.00121517	-9.56387e-17	6.82653e-07	-3.97611e-18	0.775182
50.4387	3.97899e-13	0.00122942	-9.69654e-17	6.80218e-07	-4.284e-18	0.776379
50.8271	3.997e-13	0.00124395	-9.8065e-17	6.77968e-07	-2.74857e-18	0.777457
51.2161	4.0145e-13	0.00125887	-9.89438e-17	6.75861e-07	-1.911e-18	0.778456
51.6056	4.03164e-13	0.00127416	-9.96308e-17	6.74008e-07	-1.79268e-18	0.77936
51.9955	4.04846e-13	0.00128974	-1.00656e-16	6.72331e-07	-2.86741e-18	0.780164
52.3858	4.06473e-13	0.00130578	-1.02111e-16	6.70805e-07	-4.36121e-18	0.780891
52.7764	4.08016e-13	0.00132213	-1.0404e-16	6.69561e-07	-4.67758e-18	0.781519
53.1673	4.09469e-13	0.00133886	-1.06135e-16	6.68405e-07	-3.35149e-18	0.782061
53.5584	4.10857e-13	0.00135601	-1.08323e-16	6.67509e-07	-1.70301e-18	0.782524
53.9498	4.12213e-13	0.00137348	-1.09944e-16	6.66798e-07	-2.87782e-18	0.782886
54.3413	4.13513e-13	0.00139142	-1.10939e-16	6.66216e-07	-3.34171e-18	0.783177
54.733	4.14747e-13	0.00140971	-1.11359e-16	6.65919e-07	-4.19064e-18	0.783375
55.1247	4.159e-13	0.00142839	-1.12015e-16	6.65711e-07	-3.14489e-18	0.783488
55.5165	4.16992e-13	0.00144755	-1.12974e-16	6.6575e-07	-3.11021e-18	0.783526
55.9082	4.18022e-13	0.00146702	-1.14273e-16	6.65973e-07	-3.15752e-18	0.783467
56.2999	4.1899e-13	0.001487	-1.15671e-16	6.66333e-07	-3.04204e-18	0.783336
56.6916	4.19899e-13	0.00150738	-1.17094e-16	6.66945e-07	-2.37478e-18	0.783118
57.0831	4.20761e-13	0.00152814	-1.18085e-16	6.67686e-07	-2.8716e-18	0.782813
57.4744	4.21566e-13	0.00154944	-1.18666e-16	6.68623e-07	-2.4291e-18	0.782435
57.8655	4.22323e-13	0.00157108	-1.18955e-16	6.69785e-07	-2.89188e-18	0.781961
58.2563	4.23023e-13	0.00159324	-1.1939e-16	6.71048e-07	-2.59642e-18	0.781413
58.6469	4.23672e-13	0.00161585	-1.19935e-16	6.72577e-07	-3.65405e-18	0.78078
59.0371	4.24249e-13	0.00163886	-1.20641e-16	6.74229e-07	-2.84112e-18	0.780058
59.427	4.2477e-13	0.00166245	-1.21469e-16	6.76075e-07	-2.80391e-18	0.779261
59.8164	4.25236e-13	0.00168643	-1.22425e-16	6.78135e-07	-2.60572e-18	0.778368
-59.7947	4.25651e-13	0.00171093	-1.23537e-16	6.80315e-07	-3.4765e-18	0.777397
-59.4062	4.25997e-13	0.00173596	-1.24743e-16	6.82724e-07	-3.59056e-18	0.776341
-59.0183	4.26274e-13	0.00176138	-1.26341e-16	6.85298e-07	-3.08838e-18	0.77519
-58.631	4.2649e-13	0.00178745	-1.28237e-16	6.88021e-07	-3.26069e-18	0.773961
-58.2444	4.26643e-13	0.00181394	-1.30283e-16	6.90986e-07	-2.09964e-18	0.772635
-57.8584	4.26755e-13	0.00184095	-1.31934e-16	6.94053e-07	-3.29053e-18	0.771222
-57.4731	4.26803e-13	0.00186859	-1.33141e-16	6.9735e-07	-3.51807e-18	0.769723
-57.0887	4.26784e-13	0.00189663	-1.33723e-16	7.00816e-07	-2.54808e-18	0.768121
-56.705	4.26716e-13	0.00192535	-1.3391e-16	7.04423e-07	-2.40094e-18	0.766436
-56.3222	4.26602e-13	0.00195458	-1.33711e-16	7.08259e-07	-1.91265e-18	0.76465
-55.9404	4.26452e-13	0.0019843	-1.33777e-16	7.12223e-07	-3.35939e-18	0.762766
-55.5595	4.26238e-13	0.00201476	-1.3411e-16	7.16373e-07	-3.62816e-18	0.760792
-55.1796	4.25956e-13	0.00204566	-1.34746e-16	7.2073e-07	-3.73338e-18	0.758705
-54.8008	4.25604e-13	0.00207721	-1.35436e-16	7.2519e-07	-4.03469e-18	0.756525
-54.4231	4.25176e-13	0.00210943	-1.36046e-16	7.29889e-07	-3.24795e-18	0.75424
-54.0465	4.24689e-13	0.0021421	-1.3643e-16	7.34724e-07	-2.35534e-18	0.75184
-53.6712	4.2416e-13	0.00217557	-1.36452e-16	7.3971e-07	-2.48292e-18	0.749344
-53.2972	4.23586e-13	0.0022096	-1.36257e-16	7.44918e-07	-3.77251e-18	0.746726
-52.9245	4.22943e-13	0.00224419	-1.36125e-16	7.50227e-07	-4.137e-18	0.743995
-52.5532	4.22227e-13	0.00227963	-1.36018e-16	7.55728e-07	-3.65855e-18	0.741157
-52.1833	4.21445e-13	0.00231556	-1.36226e-16	7.61417e-07	-3.13662e-18	0.738182
-51.815	4.20609e-13	0.00235223	-1.36565e-16	7.67188e-07	-3.09906e-18	0.735097
-51.4482	4.19719e-13	0.00238967	-1.37183e-16	7.7319e-07	-2.80379e-18	0.731885
-51.0831	4.18783e-13	0.00242761	-1.37503e-16	7.79314e-07	-3.02842e-18	0.72853
-50.7197	4.17796e-13	0.00246646	-1.37553e-16	7.85545e-07	-4.54206e-18	0.72506
-50.3581	4.16731e-13	0.00250598	-1.37135e-16	7.91999e-07	-3.65075e-18	0.72144
-49.9983	4.15607e-13	0.00254606	-1.36384e-16	7.98528e-07	-4.26272e-18	0.717673
-49.6404	4.14412e-13	0.00258717	-1.35549e-16	8.05181e-07	-2.8126e-18	0.71378
-49.2845	4.13174e-13	0.00262886	-1.34593e-16	8.12039e-07	-2.55426e-18	0.709715
-48.9307	4.11897e-13	0.00267123	-1.33897e-16	8.18922e-07	-3.37914e-18	0.705499
-48.579	4.1057e-13	0.00271464	-1.33543e-16	8.25946e-07	-4.47023e-18	0.701141
-48.2295	4.09172e-13	0.00275862	-1.33399e-16	8.33133e-07	-4.57296e-18	0.696588
-47.8824	4.07705e-13	0.00280337	-1.33327e-16	8.40313e-07	-4.96013e-18	0.691876
-47.5377	4.06162e-13	0.00284918	-1.33266e-16	8.47617e-07	-4.83038e-18	0.687005
-47.1954	4.04548e-13	0.00289553	-1.33101e-16	8.55049e-07	-3.41884e-18	0.681915
-46.8557	4.02888e-13	0.00294276	-1.32913e-16	8.62427e-07	-2.99929e-18	0.676653
-46.5187	4.0119e-13	0.00299104	-1.32668e-16	8.69895e-07	-4.67393e-18	0.671214
-46.1845	3.99429e-13	0.00303986	-1.32313e-16	8.77443e-07	-4.19109e-18	0.665532
-45.8532	3.97613e-13	0.00308961	-1.31902e-16	8.84893e-07	-4.52551e-18	0.659655
-45.5249	3.9574e-13	0.00314045	-1.31407e-16	8.92356e-07	-4.19442e-18	0.653588
-45.1996	3.93816e-13	0.00319182	-1.30731e-16	8.99849e-07	-4.19374e-18	0.647252
-44.8776	3.91844e-13	0.00324408	-1.29921e-16	9.07188e-07	-4.85456e-18	0.640688
-44.5589	3.89815e-13	0.00329753	-1.2881e-16	9.14431e-07	-5.73628e-18	0.633921
-44.2437	3.87717e-13	0.0033515	-1.27481e-16	9.21616e-07	-4.29437e-18	0.626868
-43.9321	3.85577e-13	0.00340624	-1.25894e-16	9.286e-07	-3.61418e-18	0.61954
-43.6242	3.83407e-13	0.0034623	-1.24157e-16	9.35336e-07	-4.90484e-18	0.611988
-43.3201	3.81189e-13	0.00351889	-1.2236e-16	9.41883e-07	-4.75534e-18	0.604153
-43.02	3.78929e-13	0.00357603	-1.20562e-16	9.4815e-07	-4.5812e-18	0.595991
-42.7241	3.76633e-13	0.00363453	-1.18912e-16	9.54021e-07	-4.57054e-18	0.587562
-42.4324	3.74303e-13	0.00369373	-1.1736e-16	9.59503e-07	-5.6603e-18	0.578863
-42.1452	3.71928e-13	0.00375327	-1.16086e-16	9.64561e-07	-4.49674e-18	0.569821
-41.8626	3.69527e-13	0.00381378	-1.1496e-16	9.69081e-07	-3.9333e-18	0.560445
-41.5848	3.67113e-13	0.0038754	-1.13954e-16	9.72986e-07	-5.41859e-18	0.550784
-41.3118	3.64667e-13	0.00393729	-1.12983e-16	9.76236e-07	-6.96626e-18	0.540814
-41.044	3.62173e-13	0.00399947	-1.11492e-16	9.78751e-07	-7.11966e-18	0.530487
-40.7813	3.59635e-13	0.00406286	-1.0986e-16	9.80435e-07	-7.7979e-18	0.519819
-40.5241	3.57049e-13	0.00412687	-1.07915e-16	9.81207e-07	-8.48981e-18	0.508853
-40.2725	3.54412e-13	0.00419085	-1.05664e-16	9.80991e-07	-9.7772e-18	0.497586
-40.0266	3.51715e-13	0.00425494	-1.03389e-16	9.79698e-07	-6.5065e-18	0.485993
-39.7865	3.49005e-13	0.0043201	-1.01117e-16	9.77246e-07	1.5008e-18	0.474086
-39.5525	3.4638e-13	0.00438562	-9.88216e-17	9.73565e-07	7.18618e-18	0.461906
-39.3246	3.43906e-13	0.0044508	-9.66514e-17	9.686e-07	9.67162e-18	0.449491
-39.103	3.41608e-13	0.00451563	-9.44692e-17	9.62274e-07	1.06008e-17	0.436849
-38.8877	3.39489e-13	0.00458087	-9.23374e-17	9.54551e-07	7.99012e-18	0.423995
-38.679	3.37518e-13	0.00464666	-9.0209e-17	9.45413e-07	2.60284e-18	0.410985
-38.4768	3.35636e-13	0.00471195	-8.81893e-17	9.34882e-07	-9.05378e-18	0.397878
-38.2811	3.33726e-13	0.00477641	-8.58926e-17	9.22972e-07	-2.13987e-17	0.384729
-38.092	3.31677e-13	0.00484012	-8.33653e-17	9.09663e-07	-3.30823e-17	0.371548
-37.9096	3.29399e-13	0.00490381	-8.06381e-17	8.95068e-07	-3.7621e-17	0.358385
-37.7336	3.26872e-13	0.00496779	-7.77847e-17	8.7932e-07	-3.30453e-17	0.345335
-37.5642	3.24158e-13	0.00503101	-7.46575e-17	8.62561e-07	-4.32386e-17	0.332478
-37.4012	3.21194e-13	0.0050931	-7.12752e-17	8.44985e-07	-4.61244e-17	0.31989
-37.2443	3.17981e-13	0.00515399	-6.82442e-17	8.26777e-07	-4.39538e-17	0.307645
-37.0935	3.14561e-13	0.00521384	-6.54497e-17	8.07863e-07	-2.35232e-17	0.295719
-36.9486	3.11104e-13	0.00527325	-6.26836e-17	7.88426e-07	1.95515e-18	0.284087
-36.8094	3.07797e-13	0.00533303	-6.01705e-17	7.68854e-07	2.68499e-17	0.272865
-36.6758	3.04801e-13	0.00539227	-5.79807e-17	7.49307e-07	4.86943e-17	0.262142
-36.5473	3.02234e-13	0.00545051	-5.60727e-17	7.29939e-07	5.45107e-17	0.251935
-36.4238	3.00104e-13	0.00550762	-5.46207e-17	7.1082e-07	5.64942e-17	0.242237
-36.3051	2.98391e-13	0.00556358	-5.36273e-17	6.92002e-07	4.95274e-17	0.233023
-36.1908	2.97025e-13	0.00561849	-5.29254e-17	6.73472e-07	5.1077e-17	0.224254
-36.0808	2.95992e-13	0.00567256	-5.24198e-17	6.55219e-07	6.01648e-17	0.215882
-35.9749	2.95315e-13	0.00572626	-5.21882e-17	6.37418e-07	5.14224e-17	0.207908
-35.8729	2.94926e-13	0.00578106	-5.19943e-17	6.20229e-07	4.46943e-17	0.200372
-35.7745	2.9477e-13	0.00583634	-5.21908e-17	6.03449e-07	4.73774e-17	0.193234
-35.6797	2.94845e-13	0.00589142	-5.25296e-17	5.87012e-07	4.18372e-17	0.186412
-35.5881	2.95108e-13	0.00594597	-5.31539e-17	5.70839e-07	6.55227e-18	0.179855
-35.4998	2.95392e-13	0.00599983	-5.39059e-17	5.54898e-07	-1.46104e-17	0.173527
-35.4146	2.95602e-13	0.00605288	-5.41633e-17	5.3915e-07	-2.08943e-17	0.167401
-35.3324	2.9572e-13	0.00610511	-5.46171e-17	5.23616e-07	-2.88332e-17	0.161463
-35.2531	2.95719e-13	0.00615652	-5.4698e-17	5.0829e-07	-9.4049e-18	0.155705
-35.1767	2.95682e-13	0.00620716	-5.45591e-17	4.93217e-07	-2.48408e-17	0.150126
-35.103	2.95556e-13	0.00625717	-5.42021e-17	4.78419e-07	-9.85053e-17	0.144729
-35.032	2.95083e-13	0.00630673	-5.38617e-17	4.63997e-07	-4.56977e-17	0.139527
-34.9635	2.94471e-13	0.00635612	-5.28178e-17	4.50039e-07	-8.6583e-17	0.134546
-34.8974	2.93595e-13	0.00640495	-5.1986e-17	4.36504e-07	-8.39253e-17	0.129785
-34.8337	2.92483e-13	0.00645287	-5.06259e-17	4.23252e-07	-8.55295e-17	0.125204
-34.7722	2.91147e-13	0.00649972	-4.88078e-17	4.10275e-07	-9.66794e-17	0.120773
-34.7129	2.89571e-13	0.00654541	-4.70544e-17	3.97513e-07	-7.85168e-17	0.116473
-34.6557	2.87828e-13	0.00658989	-4.49944e-17	3.85013e-07	-1.40782e-16	0.1123
-34.6006	2.85759e-13	0.00663314	-4.23665e-17	3.72733e-07	-2.78151e-17	0.10825
-34.5475	2.83691e-13	0.00667515	-3.97087e-17	3.60748e-07	-2.07257e-16	0.104324
-34.4963	2.81168e-13	0.00671594	-3.69742e-17	3.49017e-07	-2.22225e-17	0.100525
-34.447	2.78683e-13	0.0067555	-3.34498e-17	3.37646e-07	-1.13394e-16	0.0968576
-34.3994	2.76018e-13	0.00679388	-3.00538e-17	3.26606e-07	-1.16884e-16	0.0933319
-34.3536	2.73183e-13	0.00683111	-2.64418e-17	3.16079e-07	-2.01344e-16	0.0899675
-34.3095	2.70004e-13	0.00686723	-2.26073e-17	3.06117e-07	-1.57215e-16	0.0867967
-34.2668	2.66601e-13	0.00690234	-1.86056e-17	2.97125e-07	7.79726e-17	0.0838847
-34.2256	2.63468e-13	0.00693653	-1.44902e-17	2.89527e-07	2.33788e-16	0.0813522
-34.1855	2.60892e-13	0.00697	-1.10613e-17	2.84435e-07	2.16728e-16	0.0794251
-34.1462	2.58792e-13	0.00700306	-8.20238e-18	2.8383e-07	-2.57888e-16	0.0785625
-34.1069	2.56191e-13	0.0070363	-4.9882e-18	2.92336e-07	-1.01817e-15	0.0797602
-34.0664	2.51441e-13	0.00707095	4.75821e-19	3.22114e-07	-1.65256e-15	0.0856268
-34.0213	2.42429e-13	0.00710995	9.75703e-18	4.00126e-07	-5.95559e-16	0.102711
-33.9637	2.29202e-13	0.00715987	2.30495e-17	6.40083e-07	2.34109e-15	0.160197
-33.8611	2.17656e-13	0.00724376	3.54013e-17	-0.0400071	2.25989e-15	119.133
-32.8917	2.7387e-13	0.00783435	2.08079e-17	0.0960385	9.21938e-17	179.036
