39.9655	-6.7031e-09	-0.00361708	-5.91921e-13	0.04	-3.76512e-08	60.0076
39.9657	-7.02677e-09	-0.00361709	-5.96079e-13	8.84388e-11	4.05246e-07	0.000183606
39.9657	-6.81188e-09	-0.00361709	-5.93306e-13	3.65019e-11	4.41403e-07	1.79962e-05
39.9657	-6.55688e-09	-0.00361709	-5.90016e-13	4.14175e-11	-1.01053e-07	1.1092e-05
39.9657	-6.3874e-09	-0.00361709	-5.8783e-13	4.28988e-11	-3.47997e-07	9.06933e-06
39.9657	-6.31035e-09	-0.00361709	-5.86837e-13	3.51518e-11	-2.50845e-07	8.38461e-06
39.9657	-6.28797e-09	-0.00361709	-5.86548e-13	3.21238e-11	-5.36566e-08	8.16738e-06
39.9657	-6.2767e-09	-0.00361709	-5.86402e-13	3.19714e-11	4.23965e-08	8.15764e-06
39.9657	-6.25667e-09	-0.00361709	-5.86144e-13	3.24248e-11	3.72001e-08	8.25169e-06
39.9657	-6.2286e-09	-0.00361709	-5.85782e-13	3.33488e-11	-4.83059e-09	8.40238e-06
39.9657	-6.20097e-09	-0.00361709	-5.85426e-13	3.42861e-11	-3.61188e-08	8.5861e-06
39.9657	-6.18054e-09	-0.00361709	-5.85162e-13	3.51018e-11	-5.20247e-08	8.79094e-06
39.9658	-6.17118e-09	-0.00361709	-5.85042e-13	3.58512e-11	-2.88212e-08	9.01105e-06
39.9658	-6.16816e-09	-0.00361709	-5.85003e-13	3.67321e-11	-4.12012e-08	9.24323e-06
39.9658	-6.17471e-09	-0.00361709	-5.85087e-13	3.76643e-11	-2.61757e-08	9.48612e-06
39.9658	-6.18771e-09	-0.00361709	-5.85254e-13	3.86407e-11	-2.71126e-08	9.73902e-06
39.9658	-6.20775e-09	-0.00361709	-5.85513e-13	3.96465e-11	-2.84187e-08	1.0002e-05
39.9658	-6.23554e-09	-0.00361709	-5.85871e-13	4.06361e-11	-3.73696e-08	1.0275e-05
39.9658	-6.27382e-09	-0.00361709	-5.86364e-13	4.19158e-11	-1.20491e-08	1.05586e-05
39.9658	-6.31639e-09	-0.00361709	-5.86912e-13	4.29732e-11	-2.48168e-08	1.08529e-05
39.9658	-6.36698e-09	-0.00361709	-5.87564e-13	4.42123e-11	-1.99197e-08	1.11583e-05
39.9658	-6.42462e-09	-0.00361709	-5.88306e-13	4.56316e-11	-3.94103e-09	1.1475e-05
39.9658	-6.48506e-09	-0.00361709	-5.89084e-13	4.71433e-11	1.61442e-08	1.18032e-05
39.9658	-6.54241e-09	-0.00361709	-5.89822e-13	4.83136e-11	-3.12986e-09	1.21436e-05
39.9658	-6.60237e-09	-0.00361709	-5.90594e-13	5.01059e-11	3.91959e-08	1.24978e-05
39.9658	-6.65168e-09	-0.00361709	-5.91229e-13	5.13257e-11	1.09916e-08	1.28672e-05
39.9658	-6.69886e-09	-0.00361709	-5.91836e-13	5.30736e-11	4.82544e-08	1.32519e-05
39.9658	-6.73124e-09	-0.00361709	-5.92252e-13	5.45463e-11	4.2887e-08	1.36523e-05
39.9658	-6.74974e-09	-0.00361709	-5.92489e-13	5.61214e-11	4.88977e-08	1.40685e-05
39.9659	-6.75136e-09	-0.00361709	-5.92509e-13	5.77635e-11	3.41682e-08	1.45016e-05
39.9659	-6.74044e-09	-0.00361709	-5.92368e-13	5.94971e-11	4.0115e-08	1.49533e-05
39.9659	-6.71396e-09	-0.00361709	-5.92026e-13	6.14028e-11	2.16748e-08	1.54253e-05
39.9659	-6.67815e-09	-0.00361709	-5.91565e-13	6.34002e-11	1.20391e-08	1.59173e-05
39.9659	-6.63632e-09	-0.00361709	-5.91026e-13	6.55638e-11	-1.20933e-08	1.64288e-05
39.9659	-6.59819e-09	-0.00361709	-5.90534e-13	6.76927e-11	-1.44449e-08	1.69604e-05
39.9659	-6.56505e-09	-0.00361709	-5.90107e-13	6.99497e-11	-2.94145e-08	1.7515e-05
39.9659	-6.5439e-09	-0.00361709	-5.89834e-13	7.2222e-11	-2.4118e-08	1.80943e-05
39.9659	-6.53314e-09	-0.00361709	-5.89695e-13	7.45992e-11	-2.19552e-08	1.86965e-05
39.9659	-6.53245e-09	-0.00361709	-5.89686e-13	7.70691e-11	-1.70341e-08	1.93202e-05
39.9659	-6.5401e-09	-0.00361709	-5.89783e-13	7.96592e-11	-5.9755e-09	1.99673e-05
39.9659	-6.55104e-09	-0.00361709	-5.89923e-13	8.23565e-11	-1.95007e-10	2.06401e-05
39.966	-6.56245e-09	-0.00361709	-5.90069e-13	8.51326e-11	5.54237e-09	2.1336e-05
39.966	-6.57124e-09	-0.00361709	-5.90181e-13	8.79721e-11	9.14292e-09	2.20507e-05
39.966	-6.5752e-09	-0.00361709	-5.90231e-13	9.08889e-11	7.58514e-09	2.27845e-05
39.966	-6.5749e-09	-0.00361709	-5.90227e-13	9.38677e-11	4.0974e-09	2.35363e-05
39.966	-6.57214e-09	-0.00361709	-5.9019e-13	9.68611e-11	1.30278e-09	2.42974e-05
39.966	-6.56849e-09	-0.00361709	-5.90142e-13	9.98347e-11	-6.65774e-10	2.50574e-05
39.966	-6.56515e-09	-0.00361709	-5.90098e-13	1.02779e-10	-1.34752e-09	2.58113e-05
39.966	-6.5626e-09	-0.00361709	-5.90065e-13	1.05944e-10	-8.20441e-10	2.65895e-05
39.9661	-6.56052e-09	-0.00361709	-5.90037e-13	1.09383e-10	-1.08122e-09	2.74308e-05
39.9661	-6.55912e-09	-0.00361709	-5.90018e-13	1.13065e-10	-5.6075e-10	2.8338e-05
39.9661	-6.55808e-09	-0.00361709	-5.90003e-13	1.16962e-10	-4.98455e-10	2.93037e-05
39.9661	-6.55738e-09	-0.00361709	-5.89993e-13	1.21052e-10	-1.22235e-10	3.03212e-05
39.9661	-6.55675e-09	-0.00361709	-5.89984e-13	1.25363e-10	-1.05328e-10	3.13914e-05
39.9661	-6.55618e-09	-0.00361709	-5.89975e-13	1.29882e-10	2.09853e-10	3.25164e-05
39.9661	-6.55541e-09	-0.00361709	-5.89964e-13	1.3458e-10	5.9144e-11	3.36906e-05
39.9662	-6.55457e-09	-0.00361709	-5.89952e-13	1.39479e-10	-4.87291e-10	3.49132e-05
39.9662	-6.55412e-09	-0.00361709	-5.89945e-13	1.44557e-10	-2.66102e-10	3.61842e-05
39.9662	-6.55391e-09	-0.00361709	-5.89941e-13	1.49763e-10	-3.16754e-10	3.74943e-05
39.9662	-6.55399e-09	-0.00361709	-5.8994e-13	1.55116e-10	-4.25577e-10	3.88396e-05
39.9662	-6.5545e-09	-0.00361709	-5.89945e-13	1.60567e-10	6.07546e-10	4.0216e-05
39.9663	-6.5544e-09	-0.0036171	-5.89943e-13	1.66063e-10	-2.30653e-10	4.16106e-05
39.9663	-6.55454e-09	-0.0036171	-5.89943e-13	1.71611e-10	-5.17376e-10	4.30176e-05
39.9663	-6.55525e-09	-0.0036171	-5.8995e-13	1.77127e-10	2.55348e-10	4.44272e-05
39.9663	-6.5557e-09	-0.0036171	-5.89954e-13	1.82562e-10	8.24173e-10	4.58224e-05
39.9663	-6.5552e-09	-0.0036171	-5.89946e-13	1.88384e-10	-2.7533e-10	4.72565e-05
39.9664	-6.55502e-09	-0.0036171	-5.89942e-13	1.94692e-10	-3.46897e-10	4.88019e-05
39.9664	-6.55526e-09	-0.0036171	-5.89943e-13	2.01173e-10	-3.33432e-10	5.04311e-05
39.9664	-6.55594e-09	-0.0036171	-5.8995e-13	2.0775e-10	1.5815e-10	5.20948e-05
39.9664	-6.55642e-09	-0.0036171	-5.89954e-13	2.14326e-10	8.23947e-11	5.37706e-05
39.9665	-6.55682e-09	-0.0036171	-5.89957e-13	2.20946e-10	1.32252e-10	5.54518e-05
39.9665	-6.55703e-09	-0.0036171	-5.89957e-13	2.27595e-10	2.11998e-10	5.71422e-05
39.9665	-6.55695e-09	-0.0036171	-5.89954e-13	2.34332e-10	1.35003e-10	5.88477e-05
39.9666	-6.55666e-09	-0.0036171	-5.89948e-13	2.41437e-10	-1.89979e-10	6.06112e-05
39.9666	-6.55666e-09	-0.0036171	-5.89946e-13	2.49096e-10	1.04905e-10	6.24922e-05
39.9666	-6.55649e-09	-0.0036171	-5.89941e-13	2.56806e-10	-2.28116e-10	6.44504e-05
39.9667	-6.55669e-09	-0.0036171	-5.89941e-13	2.64322e-10	-1.40595e-11	6.63901e-05
39.9667	-6.55692e-09	-0.0036171	-5.89941e-13	2.71636e-10	3.16212e-10	6.82796e-05
39.9667	-6.5566e-09	-0.0036171	-5.89935e-13	2.78949e-10	2.16084e-10	7.01433e-05
39.9668	-6.5559e-09	-0.0036171	-5.89923e-13	2.86365e-10	6.51947e-11	7.20198e-05
39.9668	-6.55505e-09	-0.0036171	-5.89909e-13	2.94425e-10	-1.24139e-10	7.39915e-05
39.9668	-6.55442e-09	-0.0036171	-5.89898e-13	3.02878e-10	-1.59534e-10	7.60954e-05
39.9669	-6.55407e-09	-0.0036171	-5.89891e-13	3.10905e-10	-1.91596e-10	7.81951e-05
39.9669	-6.5541e-09	-0.00361711	-5.89888e-13	3.18729e-10	1.83324e-10	8.02146e-05
39.967	-6.55375e-09	-0.00361711	-5.89881e-13	3.26427e-10	2.09418e-10	8.21922e-05
39.967	-6.55296e-09	-0.00361711	-5.89868e-13	3.34501e-10	-1.79228e-10	8.42017e-05
39.967	-6.55254e-09	-0.00361711	-5.89859e-13	3.4317e-10	-2.14269e-10	8.6335e-05
39.9671	-6.55257e-09	-0.00361711	-5.89856e-13	3.51481e-10	-5.56109e-11	8.84984e-05
39.9671	-6.55272e-09	-0.00361711	-5.89855e-13	3.59537e-10	1.50103e-10	9.05838e-05
39.9672	-6.55253e-09	-0.00361711	-5.89849e-13	3.67468e-10	-3.85815e-11	9.26207e-05
39.9672	-6.55244e-09	-0.00361711	-5.89844e-13	3.75885e-10	-1.27661e-10	9.47036e-05
39.9673	-6.55264e-09	-0.00361711	-5.89843e-13	3.84442e-10	-2.32882e-10	9.68663e-05
39.9673	-6.55342e-09	-0.00361711	-5.89849e-13	3.9262e-10	-6.42233e-11	9.89985e-05
39.9674	-6.55438e-09	-0.00361711	-5.89857e-13	4.00639e-10	2.34017e-10	0.000101062
39.9674	-6.55475e-09	-0.00361711	-5.89858e-13	4.08846e-10	-5.63818e-11	0.00010313
39.9675	-6.55529e-09	-0.00361711	-5.89861e-13	4.17322e-10	1.02168e-11	0.000105255
39.9675	-6.55581e-09	-0.00361712	-5.89863e-13	4.25407e-10	5.32557e-12	0.000107365
39.9676	-6.55632e-09	-0.00361712	-5.89865e-13	4.33358e-10	7.56366e-11	0.000109409
39.9676	-6.55663e-09	-0.00361712	-5.89865e-13	4.41467e-10	-1.26605e-10	0.000111455
39.9677	-6.55731e-09	-0.00361712	-5.89869e-13	4.4964e-10	-7.55948e-12	0.00011353
39.9677	-6.55802e-09	-0.00361712	-5.89874e-13	4.57494e-10	1.00227e-11	0.000115572
39.9678	-6.55871e-09	-0.00361712	-5.89878e-13	4.65261e-10	7.32877e-11	0.000117562
39.9679	-6.5592e-09	-0.00361712	-5.89879e-13	4.73188e-10	6.6015e-12	0.000119562
39.9679	-6.55967e-09	-0.00361712	-5.89881e-13	4.80914e-10	-7.1368e-11	0.000121556
39.968	-6.56038e-09	-0.00361712	-5.89885e-13	4.88437e-10	-9.09109e-11	0.000123499
39.968	-6.56137e-09	-0.00361712	-5.89892e-13	4.95986e-10	2.68065e-11	0.00012542
39.9681	-6.5623e-09	-0.00361712	-5.89899e-13	5.03469e-10	8.40021e-11	0.000127335
39.9682	-6.56297e-09	-0.00361713	-5.89902e-13	5.10719e-10	-2.48671e-11	0.000129213
39.9682	-6.56373e-09	-0.00361713	-5.89907e-13	5.17899e-10	6.35035e-12	0.000131051
39.9683	-6.56448e-09	-0.00361713	-5.89911e-13	5.25028e-10	-6.31051e-11	0.000132875
39.9684	-6.56546e-09	-0.00361713	-5.89918e-13	5.31942e-10	1.41686e-11	0.000134664
39.9684	-6.56639e-09	-0.00361713	-5.89924e-13	5.38741e-10	-8.60028e-13	0.000136411
39.9685	-6.56735e-09	-0.00361713	-5.8993e-13	5.45465e-10	1.7456e-12	0.000138135
39.9686	-6.56831e-09	-0.00361713	-5.89937e-13	5.51972e-10	2.34273e-11	0.00013982
39.9686	-6.56919e-09	-0.00361713	-5.89942e-13	5.58373e-10	1.10963e-11	0.000141465
39.9687	-6.57005e-09	-0.00361713	-5.89947e-13	5.6464e-10	-3.37293e-11	0.000143079
39.9688	-6.57104e-09	-0.00361713	-5.89954e-13	5.70699e-10	-9.8114e-13	0.00014465
39.9689	-6.57205e-09	-0.00361714	-5.8996e-13	5.76658e-10	-9.95126e-12	0.000146181
39.9689	-6.5731e-09	-0.00361714	-5.89968e-13	5.82439e-10	2.39907e-11	0.000147678
39.969	-6.57407e-09	-0.00361714	-5.89974e-13	5.88009e-10	-4.63182e-11	0.000149124
39.9691	-6.57522e-09	-0.00361714	-5.89982e-13	5.93496e-10	4.54047e-11	0.000150533
39.9692	-6.57622e-09	-0.00361714	-5.89988e-13	5.98749e-10	3.81255e-11	0.000151901
39.9692	-6.57708e-09	-0.00361714	-5.89992e-13	6.03817e-10	2.648e-11	0.000153217
39.9693	-6.57784e-09	-0.00361714	-5.89996e-13	6.088e-10	-7.4636e-11	0.000154497
39.9694	-6.5789e-09	-0.00361714	-5.90002e-13	6.13504e-10	-4.98276e-11	0.000155732
39.9695	-6.58016e-09	-0.00361715	-5.90011e-13	6.18051e-10	-9.12125e-12	0.000156911
39.9695	-6.58147e-09	-0.00361715	-5.90021e-13	6.22505e-10	-6.07838e-12	0.000158058
39.9696	-6.58281e-09	-0.00361715	-5.90031e-13	6.26626e-10	9.43269e-11	0.00015915
39.9697	-6.58378e-09	-0.00361715	-5.90036e-13	6.30646e-10	5.75072e-11	0.000160188
39.9698	-6.58453e-09	-0.00361715	-5.90039e-13	6.34538e-10	-7.81343e-11	0.000161196
39.9699	-6.5856e-09	-0.00361715	-5.90045e-13	6.38081e-10	-4.32373e-11	0.000162143
39.97	-6.58685e-09	-0.00361715	-5.90054e-13	6.41574e-10	-4.51562e-11	0.00016304
39.97	-6.58829e-09	-0.00361715	-5.90065e-13	6.44885e-10	4.1323e-11	0.000163907
39.9701	-6.58957e-09	-0.00361716	-5.90073e-13	6.47849e-10	2.45362e-11	0.000164707
39.9702	-6.59075e-09	-0.00361716	-5.90081e-13	6.50815e-10	2.09547e-11	0.000165462
39.9703	-6.59185e-09	-0.00361716	-5.90087e-13	6.53499e-10	3.31194e-11	0.000166182
39.9704	-6.59282e-09	-0.00361716	-5.90092e-13	6.5591e-10	4.29852e-12	0.000166832
39.9704	-6.59378e-09	-0.00361716	-5.90097e-13	6.58336e-10	-3.39354e-11	0.000167448
39.9705	-6.59488e-09	-0.00361716	-5.90103e-13	6.60374e-10	-1.42999e-11	0.000168017
39.9706	-6.59604e-09	-0.00361716	-5.9011e-13	6.62253e-10	-2.74724e-11	0.000168516
39.9707	-6.59733e-09	-0.00361716	-5.90118e-13	6.64118e-10	1.88753e-11	0.000168993
39.9708	-6.59853e-09	-0.00361717	-5.90126e-13	6.6551e-10	-3.21138e-11	0.000169408
39.9709	-6.59988e-09	-0.00361717	-5.90135e-13	6.66876e-10	3.47723e-11	0.000169759
39.971	-6.60108e-09	-0.00361717	-5.90142e-13	6.68141e-10	-1.30105e-11	0.000170095
39.971	-6.60234e-09	-0.00361717	-5.9015e-13	6.6892e-10	2.25514e-11	0.000170355
39.9711	-6.6035e-09	-0.00361717	-5.90157e-13	6.69768e-10	7.40318e-12	0.000170563
39.9712	-6.60464e-09	-0.00361717	-5.90163e-13	6.70398e-10	-1.49705e-13	0.000170751
39.9713	-6.60577e-09	-0.00361717	-5.90169e-13	6.70593e-10	-5.48161e-11	0.000170856
39.9714	-6.60714e-09	-0.00361717	-5.90178e-13	6.70918e-10	1.95127e-11	0.000170922
39.9715	-6.60843e-09	-0.00361718	-5.90186e-13	6.70889e-10	-1.5116e-11	0.00017096
39.9716	-6.60978e-09	-0.00361718	-5.90195e-13	6.70526e-10	5.49184e-11	0.00017091
39.9716	-6.6109e-09	-0.00361718	-5.90201e-13	6.70303e-10	-1.32413e-12	0.000170835
39.9717	-6.61202e-09	-0.00361718	-5.90207e-13	6.69594e-10	1.7923e-11	0.000170717
39.9718	-6.61306e-09	-0.00361718	-5.90212e-13	6.68669e-10	-1.96737e-11	0.000170508
39.9719	-6.61419e-09	-0.00361718	-5.90218e-13	6.67871e-10	-3.42406e-13	0.000170289
39.972	-6.61532e-09	-0.00361718	-5.90224e-13	6.66472e-10	-1.87439e-11	0.000170009
39.9721	-6.61652e-09	-0.00361718	-5.90231e-13	6.64968e-10	-4.91478e-11	0.000169639
39.9721	-6.61793e-09	-0.00361719	-5.9024e-13	6.63561e-10	4.3194e-12	0.000169268
39.9722	-6.61932e-09	-0.00361719	-5.90249e-13	6.61468e-10	5.16026e-11	0.000168822
39.9723	-6.62048e-09	-0.00361719	-5.90255e-13	6.59329e-10	-8.60768e-12	0.000168283
39.9724	-6.62168e-09	-0.00361719	-5.90262e-13	6.57283e-10	1.64263e-11	0.000167749
39.9725	-6.62281e-09	-0.00361719	-5.90268e-13	6.54468e-10	1.80426e-11	0.00016713
39.9726	-6.62385e-09	-0.00361719	-5.90273e-13	6.51623e-10	-2.02232e-12	0.000166409
39.9727	-6.6249e-09	-0.00361719	-5.90277e-13	6.48895e-10	9.85361e-12	0.000165699
39.9727	-6.62591e-09	-0.00361719	-5.90282e-13	6.4534e-10	-3.94558e-11	0.000164898
39.9728	-6.62707e-09	-0.00361719	-5.90288e-13	6.4167e-10	-5.92676e-11	0.000163977
39.9729	-6.62847e-09	-0.0036172	-5.90297e-13	6.38199e-10	2.98655e-11	0.000163067
39.973	-6.62974e-09	-0.0036172	-5.90305e-13	6.33911e-10	5.33532e-11	0.000162079
39.9731	-6.63078e-09	-0.0036172	-5.9031e-13	6.29252e-10	4.56337e-11	0.000160938
39.9731	-6.63163e-09	-0.0036172	-5.90312e-13	6.24912e-10	4.48402e-12	0.000159792
39.9732	-6.63246e-09	-0.0036172	-5.90315e-13	6.19971e-10	-2.79393e-11	0.000158609
39.9733	-6.6334e-09	-0.0036172	-5.90319e-13	6.14139e-10	-2.99854e-11	0.000157236
39.9734	-6.63444e-09	-0.0036172	-5.90324e-13	6.08708e-10	-7.78529e-11	0.000155801
39.9735	-6.63577e-09	-0.0036172	-5.90332e-13	6.03138e-10	-6.53191e-11	0.000154399
39.9735	-6.63735e-09	-0.00361721	-5.90343e-13	5.96208e-10	2.1843e-11	0.000152806
39.9736	-6.63882e-09	-0.00361721	-5.90353e-13	5.89302e-10	2.95728e-11	0.000151043
39.9737	-6.64016e-09	-0.00361721	-5.90362e-13	5.82716e-10	1.62142e-10	0.000149324
39.9738	-6.64089e-09	-0.00361721	-5.90364e-13	5.75399e-10	1.85998e-10	0.000147552
39.9738	-6.64093e-09	-0.00361721	-5.90357e-13	5.66742e-10	1.86302e-10	0.000145517
39.9739	-6.64029e-09	-0.00361721	-5.90343e-13	5.58501e-10	2.34615e-11	0.000143364
39.974	-6.63958e-09	-0.00361721	-5.90329e-13	5.50475e-10	-2.29435e-10	0.000141291
39.974	-6.63969e-09	-0.00361721	-5.90323e-13	5.41529e-10	-3.52996e-10	0.000139128
39.9741	-6.64101e-09	-0.00361721	-5.90332e-13	5.31214e-10	-2.47472e-10	0.000136674
39.9742	-6.64314e-09	-0.00361721	-5.90351e-13	5.21335e-10	-1.10675e-10	0.000134101
39.9742	-6.6456e-09	-0.00361722	-5.90373e-13	5.11808e-10	-9.27834e-11	0.000131628
39.9743	-6.64832e-09	-0.00361722	-5.90398e-13	5.01886e-10	8.72152e-11	0.00012915
39.9744	-6.6507e-09	-0.00361722	-5.90419e-13	4.90373e-10	3.0116e-10	0.000126418
39.9744	-6.65209e-09	-0.00361722	-5.90429e-13	4.78811e-10	3.75396e-10	0.000123478
39.9745	-6.65231e-09	-0.00361722	-5.90426e-13	4.67884e-10	3.6924e-10	0.000120613
39.9746	-6.65141e-09	-0.00361722	-5.9041e-13	4.57304e-10	3.52802e-10	0.000117872
39.9746	-6.64951e-09	-0.00361722	-5.90383e-13	4.46496e-10	2.95613e-10	0.000115147
39.9747	-6.64682e-09	-0.00361722	-5.90347e-13	4.34527e-10	1.40646e-10	0.000112245
39.9747	-6.64381e-09	-0.00361722	-5.90308e-13	4.22554e-10	-7.60236e-11	0.000109194
39.9748	-6.64108e-09	-0.00361722	-5.90271e-13	4.11451e-10	-3.55399e-10	0.000106254
39.9748	-6.63936e-09	-0.00361722	-5.90247e-13	4.01158e-10	-6.83712e-10	0.000103528
39.9749	-6.63943e-09	-0.00361722	-5.90243e-13	3.91536e-10	-9.14919e-10	0.00010099
39.9749	-6.64177e-09	-0.00361722	-5.90265e-13	3.82145e-10	-7.88762e-10	9.85678e-05
39.975	-6.64599e-09	-0.00361723	-5.90309e-13	3.72439e-10	-3.19704e-10	9.61346e-05
39.975	-6.65085e-09	-0.00361723	-5.90359e-13	3.62859e-10	-1.33011e-10	9.36773e-05
39.9751	-6.6559e-09	-0.00361723	-5.90412e-13	3.54351e-10	2.71526e-10	9.13728e-05
39.9751	-6.66021e-09	-0.00361723	-5.90457e-13	3.46977e-10	3.60561e-10	8.93492e-05
39.9752	-6.66364e-09	-0.00361723	-5.90491e-13	3.40646e-10	4.19909e-10	8.76029e-05
39.9752	-6.66609e-09	-0.00361723	-5.90515e-13	3.35264e-10	2.94944e-10	8.61105e-05
39.9753	-6.66788e-09	-0.00361723	-5.90531e-13	3.30688e-10	4.02297e-10	8.48418e-05
39.9753	-6.66879e-09	-0.00361723	-5.90537e-13	3.26773e-10	5.51516e-10	8.37601e-05
39.9753	-6.66855e-09	-0.00361723	-5.90531e-13	3.23284e-10	5.23424e-10	8.28167e-05
39.9754	-6.66723e-09	-0.00361723	-5.90512e-13	3.20515e-10	3.15454e-10	8.20193e-05
39.9754	-6.66527e-09	-0.00361723	-5.90486e-13	3.18988e-10	5.1438e-10	8.1472e-05
39.9755	-6.66229e-09	-0.00361723	-5.90448e-13	3.18604e-10	3.19455e-10	8.12284e-05
39.9755	-6.65865e-09	-0.00361723	-5.90403e-13	3.19307e-10	-5.47981e-11	8.12691e-05
39.9755	-6.65512e-09	-0.00361723	-5.9036e-13	3.21066e-10	-2.17189e-10	8.15828e-05
39.9756	-6.65202e-09	-0.00361723	-5.90321e-13	3.23815e-10	-2.21975e-10	8.21572e-05
39.9756	-6.64934e-09	-0.00361723	-5.90287e-13	3.27523e-10	-1.93848e-10	8.29799e-05
39.9757	-6.64704e-09	-0.00361724	-5.90257e-13	3.32137e-10	-6.75538e-11	8.40401e-05
39.9757	-6.64485e-09	-0.00361724	-5.90229e-13	3.37634e-10	-1.69566e-10	8.53284e-05
39.9758	-6.64299e-09	-0.00361724	-5.90204e-13	3.43965e-10	-5.05193e-10	8.68354e-05
39.9758	-6.6422e-09	-0.00361724	-5.90191e-13	3.51139e-10	-1.22123e-10	8.85561e-05
39.9758	-6.64167e-09	-0.00361724	-5.90181e-13	3.61463e-10	-3.92939e-10	9.07855e-05
39.9759	-6.64202e-09	-0.00361724	-5.90181e-13	3.76611e-10	-9.33093e-11	9.4031e-05
39.9759	-6.64262e-09	-0.00361724	-5.90183e-13	3.94731e-10	-9.38866e-11	9.82698e-05
39.976	-6.64348e-09	-0.00361724	-5.90188e-13	4.156e-10	-1.2175e-10	0.000103237
39.976	-6.64471e-09	-0.00361724	-5.90197e-13	4.39282e-10	3.70938e-11	0.000108914
39.9761	-6.6459e-09	-0.00361724	-5.90205e-13	4.66119e-10	1.56051e-11	0.000115351
39.9762	-6.64712e-09	-0.00361724	-5.90213e-13	4.96454e-10	8.15353e-11	0.000122636
39.9762	-6.64816e-09	-0.00361724	-5.90219e-13	5.30931e-10	-1.06483e-10	0.000130894
39.9763	-6.64964e-09	-0.00361724	-5.90229e-13	5.70231e-10	1.05972e-10	0.000140295
39.9764	-6.65084e-09	-0.00361724	-5.90235e-13	6.15624e-10	9.43342e-12	0.000151087
39.9764	-6.65209e-09	-0.00361725	-5.90242e-13	6.68666e-10	2.55585e-11	0.000163631
39.9765	-6.65335e-09	-0.00361725	-5.90248e-13	7.3235e-10	3.48021e-11	0.000178505
39.9766	-6.65456e-09	-0.00361725	-5.90252e-13	8.12261e-10	7.90583e-11	0.000196805
39.9767	-6.6555e-09	-0.00361725	-5.90253e-13	9.26731e-10	1.2549e-10	0.000221577
39.9768	-6.65583e-09	-0.00361725	-5.90246e-13	1.08406e-09	1.0618e-10	0.000256217
39.977	-6.65548e-09	-0.00361725	-5.90229e-13	1.30222e-09	5.16652e-11	0.000304078
39.9771	-6.65463e-09	-0.00361726	-5.90204e-13	1.62798e-09	3.37106e-12	0.000373415
39.9773	-6.65354e-09	-0.00361726	-5.90172e-13	2.18377e-09	-1.32002e-11	0.000485814
39.9776	-6.65225e-09	-0.00361726	-5.90132e-13	3.38202e-09	1.14067e-11	0.000709544
39.9781	-6.65002e-09	-0.00361727	-5.90067e-13	7.1455e-09	3.44321e-11	0.00134312
39.979	-6.64371e-09	-0.00361728	-5.89914e-13	5.57442e-08	-2.56563e-11	0.00811691
39.9862	-6.60317e-09	-0.00361737	-5.88858e-13	-0.0560243	-1.20484e-10	59.994
-20.027	6.61164e-09	-0.0133586	5.86298e-13	-0.096035	3.5928e-12	119.994
