-56.4108	-8.03482e-10	-0.0036103	-6.96164e-14	0.04	-1.70108e-08	60.0014
-56.4105	-1.01732e-09	-0.00361031	-7.26729e-14	1.33401e-10	1.82796e-07	0.00026849
-56.4105	-8.75734e-10	-0.00361031	-7.06467e-14	6.96408e-11	1.99258e-07	2.62894e-05
-56.4105	-7.0766e-10	-0.00361031	-6.82425e-14	5.56778e-11	-4.55368e-08	1.6202e-05
-56.4105	-5.95936e-10	-0.00361031	-6.66447e-14	5.09793e-11	-1.57033e-07	1.32468e-05
-56.4105	-5.45137e-10	-0.00361031	-6.59184e-14	4.76424e-11	-1.13218e-07	1.2246e-05
-56.4105	-5.30378e-10	-0.00361031	-6.57075e-14	4.66371e-11	-2.4218e-08	1.19282e-05
-56.4105	-5.22947e-10	-0.00361031	-6.56015e-14	4.68938e-11	1.91471e-08	1.19134e-05
-56.4105	-5.0974e-10	-0.00361031	-6.54129e-14	4.76218e-11	1.68053e-08	1.20502e-05
-56.4104	-4.91223e-10	-0.00361031	-6.51484e-14	4.86563e-11	-2.17232e-09	1.22697e-05
-56.4104	-4.72997e-10	-0.00361031	-6.48882e-14	4.98085e-11	-1.63046e-08	1.25374e-05
-56.4104	-4.59521e-10	-0.00361031	-6.46958e-14	5.10289e-11	-2.34936e-08	1.28358e-05
-56.4104	-4.53344e-10	-0.00361031	-6.46078e-14	5.22928e-11	-1.30173e-08	1.31565e-05
-56.4104	-4.51345e-10	-0.00361031	-6.45796e-14	5.36452e-11	-1.86143e-08	1.34948e-05
-56.4104	-4.55654e-10	-0.00361031	-6.46416e-14	5.50516e-11	-1.18301e-08	1.38487e-05
-56.4104	-4.64227e-10	-0.00361031	-6.47644e-14	5.65216e-11	-1.2257e-08	1.42171e-05
-56.4104	-4.77444e-10	-0.00361031	-6.49536e-14	5.80415e-11	-1.28512e-08	1.46002e-05
-56.4104	-4.95771e-10	-0.00361031	-6.52158e-14	5.96134e-11	-1.69014e-08	1.49979e-05
-56.4104	-5.21024e-10	-0.00361031	-6.55769e-14	6.12922e-11	-5.45999e-09	1.54109e-05
-56.4104	-5.49107e-10	-0.00361031	-6.59783e-14	6.29829e-11	-1.1235e-08	1.58394e-05
-56.4104	-5.82487e-10	-0.00361031	-6.64553e-14	6.47624e-11	-9.02464e-09	1.62841e-05
-56.4104	-6.20531e-10	-0.00361031	-6.69988e-14	6.66378e-11	-1.80162e-09	1.67453e-05
-56.4104	-6.60423e-10	-0.00361031	-6.75686e-14	6.8586e-11	7.28242e-09	1.72231e-05
-56.4103	-6.98277e-10	-0.00361031	-6.81092e-14	7.05289e-11	-1.43506e-09	1.77186e-05
-56.4103	-7.3787e-10	-0.00361031	-6.86745e-14	7.26703e-11	1.77149e-08	1.82341e-05
-56.4103	-7.7043e-10	-0.00361031	-6.91393e-14	7.47716e-11	4.95764e-09	1.87717e-05
-56.4103	-8.01596e-10	-0.00361031	-6.9584e-14	7.70546e-11	2.18246e-08	1.93316e-05
-56.4103	-8.22993e-10	-0.00361031	-6.98893e-14	7.93598e-11	1.94034e-08	1.9914e-05
-56.4103	-8.35233e-10	-0.00361031	-7.00638e-14	8.17632e-11	2.21327e-08	2.05196e-05
-56.4103	-8.36323e-10	-0.00361031	-7.00791e-14	8.42669e-11	1.54721e-08	2.11495e-05
-56.4103	-8.29141e-10	-0.00361031	-6.99765e-14	8.68857e-11	1.81725e-08	2.18065e-05
-56.4103	-8.11675e-10	-0.00361031	-6.97272e-14	8.96413e-11	9.8276e-09	2.24929e-05
-56.4103	-7.88044e-10	-0.00361031	-6.939e-14	9.25094e-11	5.46676e-09	2.32083e-05
-56.4102	-7.60436e-10	-0.00361031	-6.89962e-14	9.55076e-11	-5.46647e-09	2.39518e-05
-56.4102	-7.35266e-10	-0.00361031	-6.86373e-14	9.85994e-11	-6.53473e-09	2.47245e-05
-56.4102	-7.13385e-10	-0.00361031	-6.83254e-14	1.01841e-10	-1.33245e-08	2.55304e-05
-56.4102	-6.99427e-10	-0.00361031	-6.81266e-14	1.05203e-10	-1.09296e-08	2.63722e-05
-56.4102	-6.92331e-10	-0.00361031	-6.80255e-14	1.08692e-10	-9.95458e-09	2.72471e-05
-56.4102	-6.9189e-10	-0.00361031	-6.80193e-14	1.12304e-10	-7.72769e-09	2.8153e-05
-56.4102	-6.96963e-10	-0.00361031	-6.80917e-14	1.16064e-10	-2.71414e-09	2.90926e-05
-56.4101	-7.04212e-10	-0.00361031	-6.81951e-14	1.19973e-10	-9.21813e-11	3.00695e-05
-56.4101	-7.11775e-10	-0.00361031	-6.83028e-14	1.23995e-10	2.51247e-09	3.10796e-05
-56.4101	-7.17608e-10	-0.00361031	-6.83859e-14	1.28115e-10	4.14914e-09	3.21167e-05
-56.4101	-7.20249e-10	-0.00361031	-6.84236e-14	1.32351e-10	3.44426e-09	3.31813e-05
-56.4101	-7.20073e-10	-0.00361031	-6.84211e-14	1.36673e-10	1.86188e-09	3.42717e-05
-56.4101	-7.18271e-10	-0.00361031	-6.83955e-14	1.41011e-10	5.9305e-10	3.5375e-05
-56.41	-7.15879e-10	-0.00361031	-6.83616e-14	1.45319e-10	-3.0148e-10	3.64765e-05
-56.41	-7.13693e-10	-0.00361031	-6.83305e-14	1.49582e-10	-6.11736e-10	3.75684e-05
-56.41	-7.12025e-10	-0.00361031	-6.83069e-14	1.54165e-10	-3.72405e-10	3.86954e-05
-56.41	-7.10672e-10	-0.00361031	-6.82878e-14	1.59145e-10	-4.91359e-10	3.99136e-05
-56.41	-7.09774e-10	-0.00361031	-6.82751e-14	1.64475e-10	-2.54822e-10	4.12272e-05
-56.41	-7.09112e-10	-0.00361031	-6.82658e-14	1.70117e-10	-2.26658e-10	4.2625e-05
-56.4099	-7.08674e-10	-0.00361031	-6.82597e-14	1.76035e-10	-5.54609e-11	4.40976e-05
-56.4099	-7.08282e-10	-0.00361031	-6.82542e-14	1.82271e-10	-4.78007e-11	4.56462e-05
-56.4099	-7.07932e-10	-0.00361032	-6.82493e-14	1.88807e-10	9.58588e-11	4.72734e-05
-56.4099	-7.07454e-10	-0.00361032	-6.82427e-14	1.95598e-10	2.72212e-11	4.89713e-05
-56.4098	-7.06925e-10	-0.00361032	-6.82353e-14	2.02678e-10	-2.22076e-10	5.07385e-05
-56.4098	-7.06664e-10	-0.00361032	-6.82317e-14	2.10013e-10	-1.21337e-10	5.2575e-05
-56.4098	-7.06555e-10	-0.00361032	-6.82303e-14	2.17531e-10	-1.44601e-10	5.44672e-05
-56.4098	-7.06643e-10	-0.00361032	-6.82317e-14	2.25257e-10	-1.94491e-10	5.64093e-05
-56.4097	-7.07013e-10	-0.00361032	-6.82371e-14	2.33119e-10	2.77544e-10	5.83952e-05
-56.4097	-7.06984e-10	-0.00361032	-6.82368e-14	2.41041e-10	-1.05472e-10	6.04062e-05
-56.4097	-7.07115e-10	-0.00361032	-6.82389e-14	2.49033e-10	-2.36812e-10	6.24337e-05
-56.4096	-7.07627e-10	-0.00361032	-6.82463e-14	2.56974e-10	1.16653e-10	6.44636e-05
-56.4096	-7.07964e-10	-0.00361032	-6.82512e-14	2.64789e-10	3.77382e-10	6.64709e-05
-56.4096	-7.07675e-10	-0.00361032	-6.82473e-14	2.7316e-10	-1.26046e-10	6.85332e-05
-56.4095	-7.07596e-10	-0.00361032	-6.82463e-14	2.82228e-10	-1.59048e-10	7.07551e-05
-56.4095	-7.07801e-10	-0.00361032	-6.82494e-14	2.9154e-10	-1.5311e-10	7.30967e-05
-56.4095	-7.08296e-10	-0.00361032	-6.82566e-14	3.00983e-10	7.23736e-11	7.54862e-05
-56.4094	-7.08669e-10	-0.00361032	-6.8262e-14	3.10415e-10	3.76754e-11	7.78912e-05
-56.4094	-7.08979e-10	-0.00361032	-6.82666e-14	3.19902e-10	6.06573e-11	8.03016e-05
-56.4093	-7.09175e-10	-0.00361032	-6.82695e-14	3.29422e-10	9.74466e-11	8.27232e-05
-56.4093	-7.09172e-10	-0.00361032	-6.82697e-14	3.3906e-10	6.21669e-11	8.51642e-05
-56.4093	-7.09035e-10	-0.00361033	-6.8268e-14	3.4922e-10	-8.74579e-11	8.76867e-05
-56.4092	-7.09088e-10	-0.00361033	-6.82689e-14	3.60171e-10	4.83522e-11	9.03765e-05
-56.4092	-7.09032e-10	-0.00361033	-6.82684e-14	3.71183e-10	-1.0523e-10	9.31748e-05
-56.4091	-7.09223e-10	-0.00361033	-6.82713e-14	3.81902e-10	-6.58188e-12	9.59436e-05
-56.4091	-7.09436e-10	-0.00361033	-6.82745e-14	3.92319e-10	1.46053e-10	9.86366e-05
-56.409	-7.09289e-10	-0.00361033	-6.82726e-14	4.02721e-10	1.0004e-10	0.000101289
-56.409	-7.08882e-10	-0.00361033	-6.82672e-14	4.13258e-10	3.03985e-11	0.000103957
-56.4089	-7.08384e-10	-0.00361033	-6.82604e-14	4.24712e-10	-5.72637e-11	0.000106759
-56.4089	-7.08027e-10	-0.00361033	-6.82557e-14	4.36717e-10	-7.38049e-11	0.000109748
-56.4088	-7.07866e-10	-0.00361033	-6.82537e-14	4.48093e-10	-8.88575e-11	0.000112727
-56.4087	-7.07954e-10	-0.00361033	-6.82552e-14	4.5916e-10	8.51536e-11	0.000115587
-56.4087	-7.07795e-10	-0.00361033	-6.82533e-14	4.70031e-10	9.75002e-11	0.000118382
-56.4086	-7.07341e-10	-0.00361034	-6.82472e-14	4.81428e-10	-8.32114e-11	0.00012122
-56.4086	-7.0713e-10	-0.00361034	-6.82446e-14	4.93663e-10	-9.97524e-11	0.000124231
-56.4085	-7.07228e-10	-0.00361034	-6.82463e-14	5.05367e-10	-2.59872e-11	0.000127281
-56.4084	-7.07412e-10	-0.00361034	-6.82492e-14	5.16685e-10	7.0028e-11	0.000130215
-56.4084	-7.0737e-10	-0.00361034	-6.82489e-14	5.27806e-10	-1.80089e-11	0.000133074
-56.4083	-7.07387e-10	-0.00361034	-6.82495e-14	5.39607e-10	-5.976e-11	0.000135995
-56.4082	-7.0761e-10	-0.00361034	-6.82529e-14	5.51588e-10	-1.09247e-10	0.000139025
-56.4082	-7.08221e-10	-0.00361034	-6.82618e-14	5.63008e-10	-3.04342e-11	0.000142007
-56.4081	-7.08955e-10	-0.00361034	-6.82723e-14	5.74179e-10	1.09577e-10	0.000144886
-56.408	-7.09303e-10	-0.00361035	-6.82775e-14	5.856e-10	-2.66842e-11	0.000147764
-56.4079	-7.09756e-10	-0.00361035	-6.82841e-14	5.97386e-10	4.59276e-12	0.000150722
-56.4079	-7.10202e-10	-0.00361035	-6.82906e-14	6.0859e-10	2.29818e-12	0.000153651
-56.4078	-7.10647e-10	-0.00361035	-6.82971e-14	6.19584e-10	3.54994e-11	0.00015648
-56.4077	-7.1096e-10	-0.00361035	-6.83018e-14	6.30781e-10	-6.0003e-11	0.000159308
-56.4076	-7.11519e-10	-0.00361035	-6.83098e-14	6.42048e-10	-3.84953e-12	0.00016217
-56.4076	-7.12105e-10	-0.00361035	-6.83183e-14	6.52839e-10	4.46793e-12	0.000164981
-56.4075	-7.12681e-10	-0.00361035	-6.83265e-14	6.63483e-10	3.4513e-11	0.000167712
-56.4074	-7.13122e-10	-0.00361036	-6.83329e-14	6.74333e-10	2.92974e-12	0.000170451
-56.4073	-7.13556e-10	-0.00361036	-6.83392e-14	6.84875e-10	-3.4184e-11	0.000173177
-56.4072	-7.14147e-10	-0.00361036	-6.83477e-14	6.95106e-10	-4.36296e-11	0.000175825
-56.4071	-7.1494e-10	-0.00361036	-6.83589e-14	7.05351e-10	1.24122e-11	0.000178434
-56.407	-7.15688e-10	-0.00361036	-6.83694e-14	7.15481e-10	3.98063e-11	0.00018103
-56.4069	-7.16266e-10	-0.00361036	-6.83777e-14	7.25258e-10	-1.21874e-11	0.000183567
-56.4069	-7.16909e-10	-0.00361036	-6.83867e-14	7.34912e-10	2.73614e-12	0.000186044
-56.4068	-7.17547e-10	-0.00361037	-6.83957e-14	7.44474e-10	-3.06249e-11	0.000188492
-56.4067	-7.18338e-10	-0.00361037	-6.84068e-14	7.53709e-10	6.43241e-12	0.000190888
-56.4066	-7.19108e-10	-0.00361037	-6.84176e-14	7.62759e-10	-7.88253e-13	0.000193218
-56.4065	-7.19892e-10	-0.00361037	-6.84285e-14	7.7168e-10	4.61961e-13	0.000195508
-56.4064	-7.20682e-10	-0.00361037	-6.84395e-14	7.80275e-10	1.09451e-11	0.00019774
-56.4063	-7.21427e-10	-0.00361037	-6.84498e-14	7.88698e-10	5.01424e-12	0.000199909
-56.4062	-7.22155e-10	-0.00361038	-6.84599e-14	7.96912e-10	-1.67154e-11	0.000202029
-56.4061	-7.22975e-10	-0.00361038	-6.84712e-14	8.04812e-10	-8.74841e-13	0.000204083
-56.406	-7.23807e-10	-0.00361038	-6.84827e-14	8.12551e-10	-5.24823e-12	0.000206076
-56.4059	-7.24675e-10	-0.00361038	-6.84946e-14	8.2002e-10	1.12779e-11	0.000208014
-56.4058	-7.25492e-10	-0.00361038	-6.85058e-14	8.27173e-10	-2.30229e-11	0.000209878
-56.4057	-7.26438e-10	-0.00361038	-6.85186e-14	8.34189e-10	2.17604e-11	0.000211683
-56.4055	-7.27275e-10	-0.00361039	-6.853e-14	8.40859e-10	1.82867e-11	0.000213428
-56.4054	-7.28022e-10	-0.00361039	-6.85402e-14	8.47253e-10	1.26472e-11	0.000215092
-56.4053	-7.28706e-10	-0.00361039	-6.85495e-14	8.53508e-10	-3.705e-11	0.000216704
-56.4052	-7.29596e-10	-0.00361039	-6.85615e-14	8.59356e-10	-2.49934e-11	0.000218247
-56.4051	-7.3063e-10	-0.00361039	-6.85754e-14	8.64969e-10	-5.00816e-12	0.000219708
-56.405	-7.31697e-10	-0.00361039	-6.85897e-14	8.70436e-10	-3.52877e-12	0.00022112
-56.4049	-7.32791e-10	-0.0036104	-6.86043e-14	8.75423e-10	4.62214e-11	0.000222452
-56.4048	-7.33634e-10	-0.0036104	-6.86155e-14	8.80255e-10	2.81531e-11	0.000223703
-56.4047	-7.34323e-10	-0.0036104	-6.86247e-14	8.84893e-10	-3.92019e-11	0.00022491
-56.4046	-7.35237e-10	-0.0036104	-6.86368e-14	8.89032e-10	-2.1995e-11	0.000226029
-56.4044	-7.3628e-10	-0.0036104	-6.86506e-14	8.9309e-10	-2.30598e-11	0.000227073
-56.4043	-7.37458e-10	-0.0036104	-6.86661e-14	8.96882e-10	2.01012e-11	0.000228074
-56.4042	-7.38527e-10	-0.00361041	-6.86801e-14	9.00181e-10	1.17812e-11	0.000228978
-56.4041	-7.39533e-10	-0.00361041	-6.86933e-14	9.03472e-10	1.00386e-11	0.000229818
-56.404	-7.40484e-10	-0.00361041	-6.87057e-14	9.06362e-10	1.62093e-11	0.000230605
-56.4039	-7.41344e-10	-0.00361041	-6.87168e-14	9.08865e-10	1.75511e-12	0.000231293
-56.4038	-7.42197e-10	-0.00361041	-6.87279e-14	9.11381e-10	-1.75547e-11	0.000231932
-56.4036	-7.43154e-10	-0.00361042	-6.87402e-14	9.13351e-10	-7.70067e-12	0.000232504
-56.4035	-7.44158e-10	-0.00361042	-6.87532e-14	9.15097e-10	-1.44207e-11	0.000232978
-56.4034	-7.45248e-10	-0.00361042	-6.87672e-14	9.16817e-10	9.0634e-12	0.000233419
-56.4033	-7.46287e-10	-0.00361042	-6.87805e-14	9.17877e-10	-1.68562e-11	0.000233774
-56.4032	-7.47426e-10	-0.00361042	-6.8795e-14	9.18899e-10	1.71874e-11	0.000234039
-56.4031	-7.48466e-10	-0.00361042	-6.88082e-14	9.19778e-10	-7.15422e-12	0.000234281
-56.4029	-7.49548e-10	-0.00361043	-6.8822e-14	9.19984e-10	1.10269e-11	0.00023442
-56.4028	-7.50566e-10	-0.00361043	-6.88348e-14	9.20285e-10	3.30772e-12	0.000234484
-56.4027	-7.51565e-10	-0.00361043	-6.88474e-14	9.20282e-10	-5.585e-13	0.000234522
-56.4026	-7.52567e-10	-0.00361043	-6.88599e-14	9.19683e-10	-2.87293e-11	0.000234445
-56.4025	-7.53737e-10	-0.00361043	-6.88746e-14	9.19263e-10	9.50497e-12	0.000234316
-56.4024	-7.54851e-10	-0.00361044	-6.88885e-14	9.18357e-10	-8.36043e-12	0.000234147
-56.4022	-7.56012e-10	-0.00361044	-6.8903e-14	9.16998e-10	2.79025e-11	0.000233858
-56.4021	-7.57009e-10	-0.00361044	-6.89153e-14	9.15831e-10	-1.16794e-12	0.000233536
-56.402	-7.58011e-10	-0.00361044	-6.89276e-14	9.14004e-10	8.84459e-12	0.000233154
-56.4019	-7.5896e-10	-0.00361044	-6.89393e-14	9.11886e-10	-1.07132e-11	0.000232652
-56.4018	-7.59969e-10	-0.00361044	-6.89516e-14	9.09946e-10	-6.65232e-13	0.000232134
-56.4017	-7.6098e-10	-0.00361045	-6.89639e-14	9.07193e-10	-1.02981e-11	0.000231536
-56.4015	-7.62047e-10	-0.00361045	-6.89769e-14	9.04302e-10	-2.62938e-11	0.000230817
-56.4014	-7.63262e-10	-0.00361045	-6.89918e-14	9.01552e-10	1.6779e-12	0.000230098
-56.4013	-7.64464e-10	-0.00361045	-6.90064e-14	8.97876e-10	2.65856e-11	0.000229279
-56.4012	-7.65509e-10	-0.00361045	-6.9019e-14	8.94147e-10	-5.04535e-12	0.000228335
-56.4011	-7.66578e-10	-0.00361045	-6.90318e-14	8.90553e-10	8.16576e-12	0.000227402
-56.401	-7.67596e-10	-0.00361046	-6.9044e-14	8.85929e-10	9.06449e-12	0.000226355
-56.4009	-7.68559e-10	-0.00361046	-6.90554e-14	8.81275e-10	-1.53449e-12	0.000225172
-56.4007	-7.69524e-10	-0.00361046	-6.90669e-14	8.7679e-10	4.77466e-12	0.000224007
-56.4006	-7.70458e-10	-0.00361046	-6.90779e-14	8.71201e-10	-2.14612e-11	0.000222724
-56.4005	-7.71506e-10	-0.00361046	-6.90903e-14	8.6547e-10	-3.21314e-11	0.000221281
-56.4004	-7.72723e-10	-0.00361047	-6.91048e-14	8.60022e-10	1.53726e-11	0.000219856
-56.4003	-7.73849e-10	-0.00361047	-6.91181e-14	8.53488e-10	2.803e-11	0.000218329
-56.4002	-7.74814e-10	-0.00361047	-6.91293e-14	8.46471e-10	2.40235e-11	0.000216602
-56.4001	-7.75641e-10	-0.00361047	-6.91388e-14	8.399e-10	2.01816e-12	0.000214871
-56.4	-7.76451e-10	-0.00361047	-6.91481e-14	8.32539e-10	-1.54294e-11	0.000213095
-56.3999	-7.77335e-10	-0.00361047	-6.91583e-14	8.24e-10	-1.65993e-11	0.000211069
-56.3998	-7.78298e-10	-0.00361048	-6.91694e-14	8.16021e-10	-4.25395e-11	0.000208964
-56.3997	-7.79473e-10	-0.00361048	-6.91831e-14	8.07874e-10	-3.59375e-11	0.000206908
-56.3996	-7.80821e-10	-0.00361048	-6.91989e-14	7.97929e-10	1.11852e-11	0.000204603
-56.3995	-7.82095e-10	-0.00361048	-6.92137e-14	7.88038e-10	1.5443e-11	0.000202075
-56.3994	-7.83276e-10	-0.00361048	-6.92274e-14	7.78597e-10	8.76645e-11	0.000199611
-56.3993	-7.84008e-10	-0.00361048	-6.92355e-14	7.68205e-10	1.0105e-10	0.000197084
-56.3992	-7.84236e-10	-0.00361048	-6.92375e-14	7.56049e-10	1.01644e-10	0.00019421
-56.3991	-7.83971e-10	-0.00361049	-6.92334e-14	7.44476e-10	1.30033e-11	0.000191186
-56.399	-7.83648e-10	-0.00361049	-6.92286e-14	7.33215e-10	-1.25484e-10	0.000188276
-56.3989	-7.83916e-10	-0.00361049	-6.9231e-14	7.20754e-10	-1.93783e-10	0.000185253
-56.3988	-7.85069e-10	-0.00361049	-6.92443e-14	7.06502e-10	-1.36554e-10	0.000181849
-56.3987	-7.86814e-10	-0.00361049	-6.92647e-14	6.92859e-10	-6.17799e-11	0.000178294
-56.3986	-7.88798e-10	-0.00361049	-6.9288e-14	6.79712e-10	-5.21344e-11	0.00017488
-56.3985	-7.9097e-10	-0.00361049	-6.93136e-14	6.66069e-10	4.70494e-11	0.000171466
-56.3984	-7.92899e-10	-0.0036105	-6.93362e-14	6.50345e-10	1.65507e-10	0.000167724
-56.3983	-7.94096e-10	-0.0036105	-6.93498e-14	6.34586e-10	2.07209e-10	0.000163712
-56.3983	-7.94427e-10	-0.0036105	-6.9353e-14	6.19699e-10	2.04528e-10	0.000159807
-56.3982	-7.93943e-10	-0.0036105	-6.93463e-14	6.053e-10	1.96097e-10	0.000156075
-56.3981	-7.92714e-10	-0.0036105	-6.93306e-14	5.90627e-10	1.64953e-10	0.000152371
-56.398	-7.90894e-10	-0.0036105	-6.93078e-14	5.74445e-10	7.92313e-11	0.000148439
-56.398	-7.88834e-10	-0.0036105	-6.92822e-14	5.58288e-10	-4.12658e-11	0.000144318
-56.3979	-7.86978e-10	-0.0036105	-6.92592e-14	5.43306e-10	-1.9726e-10	0.00014035
-56.3978	-7.85856e-10	-0.0036105	-6.9245e-14	5.29419e-10	-3.81222e-10	0.000136672
-56.3978	-7.86047e-10	-0.00361051	-6.92467e-14	5.16439e-10	-5.11603e-10	0.000133248
-56.3977	-7.87917e-10	-0.00361051	-6.92686e-14	5.03784e-10	-4.42429e-10	0.000129982
-56.3976	-7.91161e-10	-0.00361051	-6.93069e-14	4.90734e-10	-1.80794e-10	0.000126706
-56.3976	-7.94886e-10	-0.00361051	-6.93509e-14	4.77869e-10	-7.65108e-11	0.000123404
-56.3975	-7.98747e-10	-0.00361051	-6.93964e-14	4.66435e-10	1.50482e-10	0.000120308
-56.3974	-8.02067e-10	-0.00361051	-6.94355e-14	4.56508e-10	2.00956e-10	0.000117586
-56.3974	-8.04733e-10	-0.00361051	-6.94666e-14	4.47966e-10	2.34884e-10	0.000115233
-56.3973	-8.06679e-10	-0.00361051	-6.94892e-14	4.40684e-10	1.65111e-10	0.000113217
-56.3973	-8.08129e-10	-0.00361051	-6.95057e-14	4.34471e-10	2.26042e-10	0.000111497
-56.3972	-8.08934e-10	-0.00361051	-6.95146e-14	4.29134e-10	3.10786e-10	0.000110025
-56.3972	-8.08879e-10	-0.00361051	-6.95132e-14	4.24362e-10	2.95661e-10	0.000108737
-56.3971	-8.08025e-10	-0.00361051	-6.95023e-14	4.20541e-10	1.7879e-10	0.000107643
-56.3971	-8.067e-10	-0.00361052	-6.94859e-14	4.18353e-10	2.91753e-10	0.000106877
-56.397	-8.04605e-10	-0.00361052	-6.94603e-14	4.17667e-10	1.82038e-10	0.000106511
-56.3969	-8.02028e-10	-0.00361052	-6.9429e-14	4.18406e-10	-2.96847e-11	0.000106517
-56.3969	-7.99526e-10	-0.00361052	-6.93987e-14	4.20525e-10	-1.21885e-10	0.000106882
-56.3968	-7.97338e-10	-0.00361052	-6.93721e-14	4.23939e-10	-1.24881e-10	0.000107587
-56.3968	-7.9547e-10	-0.00361052	-6.93494e-14	4.28601e-10	-1.09179e-10	0.000108616
-56.3967	-7.93879e-10	-0.00361052	-6.933e-14	4.34442e-10	-3.75711e-11	0.000109954
-56.3967	-7.9237e-10	-0.00361052	-6.93115e-14	4.41429e-10	-9.57501e-11	0.000111588
-56.3966	-7.91106e-10	-0.00361052	-6.9296e-14	4.49496e-10	-2.87308e-10	0.000113507
-56.3966	-7.90642e-10	-0.00361052	-6.92899e-14	4.58652e-10	-6.94214e-11	0.000115701
-56.3965	-7.90371e-10	-0.00361052	-6.92862e-14	4.71906e-10	-2.24296e-10	0.000118557
-56.3964	-7.90767e-10	-0.00361052	-6.92902e-14	4.91434e-10	-5.35491e-11	0.000122734
-56.3964	-7.91347e-10	-0.00361053	-6.92964e-14	5.14805e-10	-5.40378e-11	0.0001282
-56.3963	-7.92131e-10	-0.00361053	-6.9305e-14	5.4172e-10	-7.01821e-11	0.000134607
-56.3962	-7.93199e-10	-0.00361053	-6.93168e-14	5.72254e-10	2.07363e-11	0.000141928
-56.3962	-7.94251e-10	-0.00361053	-6.93284e-14	6.06837e-10	8.42501e-12	0.000150225
-56.3961	-7.95334e-10	-0.00361053	-6.93402e-14	6.45902e-10	4.63616e-11	0.00015961
-56.396	-7.96296e-10	-0.00361053	-6.93506e-14	6.90271e-10	-6.18596e-11	0.000170242
-56.3959	-7.97597e-10	-0.00361053	-6.93648e-14	7.40805e-10	6.04966e-11	0.000182336
-56.3958	-7.98707e-10	-0.00361053	-6.93767e-14	7.99126e-10	4.88474e-12	0.000196208
-56.3957	-7.9988e-10	-0.00361054	-6.93892e-14	8.67214e-10	1.42042e-11	0.000212318
-56.3956	-8.01074e-10	-0.00361054	-6.94018e-14	9.48895e-10	1.95896e-11	0.000231405
-56.3955	-8.02262e-10	-0.00361054	-6.94142e-14	1.05132e-09	4.53899e-11	0.000254869
-56.3954	-8.03274e-10	-0.00361054	-6.94243e-14	1.19805e-09	7.269e-11	0.000286626
-56.3952	-8.03873e-10	-0.00361054	-6.94293e-14	1.3995e-09	6.18509e-11	0.000331007
-56.395	-8.04021e-10	-0.00361055	-6.94288e-14	1.67839e-09	3.03336e-11	0.000392242
-56.3948	-8.03874e-10	-0.00361055	-6.94244e-14	2.09401e-09	2.17791e-12	0.000480794
-56.3946	-8.03662e-10	-0.00361055	-6.94187e-14	2.80152e-09	-7.56607e-12	0.000624032
-56.3942	-8.03513e-10	-0.00361056	-6.94126e-14	4.32201e-09	7.12255e-12	0.000908319
-56.3936	-8.03087e-10	-0.00361057	-6.94009e-14	9.06431e-09	2.17028e-11	0.00170855
-56.3925	-8.00937e-10	-0.00361058	-6.93628e-14	6.76058e-08	-9.95464e-12	0.00992325
-56.3837	-7.89012e-10	-0.0036107	-6.91441e-14	-0.0560005	-2.81367e-11	59.9829
3.5904	7.58403e-10	-0.0133364	6.81279e-14	-0.0960468	4.2236e-13	119.975
