43.4501	4.81334e-13	0.000225429	8.43751e-17	3.11019e-07	-2.0561e-15	60.4575
43.9068	4.37717e-13	0.000207494	7.45536e-17	2.74523e-07	1.99587e-14	0.494449
43.9446	4.71858e-13	0.000206009	7.52253e-17	1.56525e-07	1.86948e-14	0.0586391
43.9654	5.1008e-13	0.000205193	7.63499e-17	1.21535e-07	-5.78016e-15	0.0367989
43.9814	5.3484e-13	0.000204566	7.70353e-17	1.10098e-07	-1.58521e-14	0.0304361
43.9958	5.45751e-13	0.000203999	7.72049e-17	1.06577e-07	-1.09753e-14	0.0284092
44.0098	5.48638e-13	0.000203452	7.70502e-17	1.06489e-07	-2.3271e-15	0.0279218
44.0238	5.499e-13	0.000202904	7.68619e-17	1.08145e-07	1.66857e-15	0.0281335
44.0379	5.52364e-13	0.000202348	7.66887e-17	1.10739e-07	1.38523e-15	0.0287075
44.0525	5.55895e-13	0.000201779	7.65656e-17	1.13935e-07	-3.25053e-16	0.0294908
44.0674	5.59289e-13	0.000201192	7.64223e-17	1.17498e-07	-1.51456e-15	0.0304068
44.0829	5.61622e-13	0.000200586	7.62423e-17	1.21378e-07	-2.04425e-15	0.0314175
44.0988	5.62403e-13	0.00019996	7.5988e-17	1.25489e-07	-1.09062e-15	0.032505
44.1154	5.62309e-13	0.000199312	7.56771e-17	1.2985e-07	-1.48519e-15	0.0336606
44.1325	5.6094e-13	0.00019864	7.53001e-17	1.34418e-07	-8.72336e-16	0.0348818
44.1503	5.58747e-13	0.000197944	7.49016e-17	1.3923e-07	-8.58587e-16	0.0361682
44.1687	5.55681e-13	0.000197222	7.44412e-17	1.44266e-07	-8.4931e-16	0.0375226
44.1878	5.51689e-13	0.000196472	7.39503e-17	1.49561e-07	-1.09334e-15	0.0389476
44.2076	5.46459e-13	0.000195695	7.33797e-17	1.55105e-07	-2.0314e-16	0.0404476
44.2282	5.40818e-13	0.000194886	7.27747e-17	1.60932e-07	-5.84416e-16	0.0420264
44.2496	5.34329e-13	0.000194047	7.21215e-17	1.67034e-07	-3.88817e-16	0.0436885
44.2719	5.27149e-13	0.000193173	7.14294e-17	1.73441e-07	1.28077e-16	0.045438
44.2951	5.19828e-13	0.000192265	7.07343e-17	1.80147e-07	7.22866e-16	0.0472792
44.3192	5.1308e-13	0.000191319	7.00173e-17	1.87192e-07	1.38751e-16	0.0492182
44.3443	5.06228e-13	0.000190335	6.92932e-17	1.94607e-07	1.31893e-15	0.0512662
44.3705	5.00814e-13	0.000189309	6.85883e-17	2.02419e-07	4.79743e-16	0.0534329
44.3977	4.95823e-13	0.00018824	6.79071e-17	2.1063e-07	1.43731e-15	0.0557244
44.4262	4.92662e-13	0.000187124	6.72488e-17	2.19266e-07	1.21024e-15	0.0581464
44.4559	4.91159e-13	0.00018596	6.66429e-17	2.28333e-07	1.27575e-15	0.0607059
44.4869	4.91568e-13	0.000184744	6.60792e-17	2.37872e-07	8.3158e-16	0.0634122
44.5193	4.93343e-13	0.000183473	6.55524e-17	2.47924e-07	9.09235e-16	0.06628
44.5532	4.96738e-13	0.000182145	6.50985e-17	2.58517e-07	4.17583e-16	0.0693229
44.5886	5.01031e-13	0.000180755	6.46616e-17	2.69639e-07	1.71533e-16	0.0725468
44.6257	5.05842e-13	0.0001793	6.42356e-17	2.81306e-07	-3.63473e-16	0.0759565
44.6646	5.10175e-13	0.000177776	6.38137e-17	2.93543e-07	-3.88015e-16	0.0795628
44.7053	5.13924e-13	0.00017618	6.33357e-17	3.06429e-07	-6.60458e-16	0.0833867
44.748	5.16445e-13	0.000174507	6.28073e-17	3.19955e-07	-5.08999e-16	0.0874451
44.7927	5.17951e-13	0.000172751	6.22545e-17	3.34086e-07	-4.28131e-16	0.091738
44.8397	5.18525e-13	0.000170909	6.16255e-17	3.48816e-07	-3.05056e-16	0.0962665
44.889	5.18375e-13	0.000168977	6.09827e-17	3.64207e-07	-8.68893e-17	0.101048
44.9407	5.17994e-13	0.000166947	6.03316e-17	3.80258e-07	1.77963e-17	0.1061
44.9951	5.17641e-13	0.000164816	5.9652e-17	3.9687e-07	1.10226e-16	0.111419
45.0522	5.17586e-13	0.000162578	5.89977e-17	4.14084e-07	1.57344e-16	0.117004
45.1121	5.17999e-13	0.000160227	5.83775e-17	4.3201e-07	1.20508e-16	0.122895
45.1751	5.18812e-13	0.000157757	5.7768e-17	4.50611e-07	6.01877e-17	0.129117
45.2412	5.19866e-13	0.000155161	5.71722e-17	4.69768e-07	1.46714e-17	0.135661
45.3107	5.21023e-13	0.000152432	5.66169e-17	4.89466e-07	-1.29911e-17	0.142519
45.3837	5.22192e-13	0.000149566	5.60854e-17	5.09745e-07	-2.11469e-17	0.149717
45.4604	5.23339e-13	0.000146554	5.56396e-17	5.30416e-07	-1.30784e-17	0.157246
45.541	5.24491e-13	0.00014339	5.52754e-17	5.51376e-07	-1.62658e-17	0.165073
45.6255	5.25631e-13	0.00014007	5.48463e-17	5.72645e-07	-8.61822e-18	0.173204
45.7142	5.26788e-13	0.000136586	5.43775e-17	5.94052e-07	-8.75193e-18	0.181633
45.8071	5.27961e-13	0.000132932	5.38406e-17	6.15415e-07	-5.34703e-18	0.190309
45.9045	5.29163e-13	0.000129105	5.32201e-17	6.3675e-07	-6.67843e-18	0.199221
46.0064	5.30386e-13	0.000125099	5.25661e-17	6.57954e-07	-3.09789e-18	0.20837
46.1129	5.31649e-13	0.000120906	5.18258e-17	6.78924e-07	-2.5939e-18	0.217733
46.2241	5.32954e-13	0.000116524	5.09914e-17	6.99641e-07	-5.84274e-18	0.227304
46.3402	5.34281e-13	0.000111949	5.00714e-17	7.19936e-07	-2.88961e-18	0.237059
46.4612	5.35647e-13	0.000107178	4.90542e-17	7.39593e-07	-2.23717e-18	0.246922
46.5871	5.37054e-13	0.000102208	4.78977e-17	7.58657e-07	-6.26471e-18	0.256864
46.718	5.38477e-13	9.70391e-05	4.67334e-17	7.76993e-07	8.1555e-19	0.266868
46.854	5.39959e-13	9.16687e-05	4.55334e-17	7.94518e-07	-8.11991e-18	0.27688
46.9949	5.41439e-13	8.60956e-05	4.43009e-17	8.11424e-07	-5.9027e-18	0.286937
47.1409	5.42928e-13	8.03133e-05	4.30647e-17	8.27559e-07	1.3189e-18	0.297055
47.292	5.44479e-13	7.4322e-05	4.17935e-17	8.42766e-07	2.53468e-18	0.307141
47.448	5.46102e-13	6.8125e-05	4.05075e-17	8.5709e-07	-5.87713e-18	0.317153
47.6091	5.47728e-13	6.17239e-05	3.92737e-17	8.70377e-07	-4.71477e-18	0.327036
47.7751	5.49365e-13	5.51216e-05	3.81462e-17	8.82738e-07	-8.20353e-18	0.336752
47.9459	5.5098e-13	4.83186e-05	3.70685e-17	8.94335e-07	-2.96211e-18	0.346383
48.1215	5.52614e-13	4.1308e-05	3.60612e-17	9.05098e-07	-5.12984e-18	0.35595
48.3018	5.54245e-13	3.40901e-05	3.51112e-17	9.15011e-07	-3.7966e-18	0.3654
48.4869	5.55884e-13	2.66722e-05	3.42758e-17	9.23986e-07	-3.34468e-18	0.374652
48.6765	5.57532e-13	1.90601e-05	3.34344e-17	9.32053e-07	-3.61201e-18	0.383628
48.8705	5.59183e-13	1.12575e-05	3.23645e-17	9.39427e-07	-7.07165e-18	0.392409
49.0689	5.60801e-13	3.25757e-06	3.11163e-17	9.46114e-07	-3.34294e-18	0.40108
49.2716	5.6242e-13	-4.94673e-06	2.97045e-17	9.52102e-07	-7.75961e-18	0.409605
49.4785	5.63992e-13	-1.3343e-05	2.80287e-17	9.57357e-07	-5.03117e-18	0.417901
49.6895	5.65542e-13	-2.19231e-05	2.62832e-17	9.61895e-07	-2.47915e-18	0.425877
49.9044	5.67094e-13	-3.06834e-05	2.47928e-17	9.6592e-07	-4.35048e-18	0.433641
50.1231	5.68626e-13	-3.96392e-05	2.34648e-17	9.69415e-07	-5.59365e-18	0.441297
50.3456	5.70123e-13	-4.87932e-05	2.23168e-17	9.72368e-07	-6.52266e-18	0.448759
50.5719	5.7157e-13	-5.81273e-05	2.1474e-17	9.74802e-07	-6.26285e-18	0.455948
50.8016	5.72968e-13	-6.76348e-05	2.09088e-17	9.76763e-07	-7.23416e-18	0.462828
51.0347	5.74302e-13	-7.73221e-05	2.04692e-17	9.7838e-07	-4.0141e-18	0.469573
51.2712	5.75608e-13	-8.72158e-05	2.01325e-17	9.7959e-07	-2.68377e-18	0.476196
51.5109	5.769e-13	-9.72901e-05	1.99581e-17	9.80439e-07	-6.96996e-18	0.482531
51.7537	5.78123e-13	-0.000107533	1.96861e-17	9.8097e-07	-6.90365e-18	0.488589
51.9995	5.79277e-13	-0.000117951	1.91282e-17	9.81223e-07	-5.16538e-18	0.494461
52.2482	5.8038e-13	-0.00012858	1.83034e-17	9.81212e-07	-2.93252e-18	0.500239
52.4997	5.81458e-13	-0.000139395	1.71893e-17	9.80972e-07	-5.98134e-18	0.505762
52.7539	5.82472e-13	-0.000150375	1.56973e-17	9.80529e-07	-6.56587e-18	0.510983
53.0107	5.83412e-13	-0.000161534	1.40227e-17	9.79892e-07	-8.75874e-18	0.516075
53.27	5.84248e-13	-0.000172916	1.21954e-17	9.79087e-07	-6.57826e-18	0.521037
53.5317	5.85005e-13	-0.000184485	1.01723e-17	9.78165e-07	-1.85919e-18	0.525755
53.7958	5.85744e-13	-0.000196222	8.10172e-18	9.77141e-07	-6.60577e-18	0.530197
54.0619	5.86401e-13	-0.000208152	6.12451e-18	9.75957e-07	-5.29461e-18	0.534539
54.3303	5.86993e-13	-0.000220322	4.18561e-18	9.74727e-07	-5.90324e-18	0.538744
54.6007	5.87509e-13	-0.000232677	2.36458e-18	9.73456e-07	-4.50938e-18	0.542664
54.873	5.87968e-13	-0.000245206	8.29033e-19	9.72122e-07	-7.92939e-18	0.546393
55.1471	5.88321e-13	-0.000257967	-5.21805e-19	9.70704e-07	-5.47276e-18	0.55003
55.423	5.88601e-13	-0.000270973	-1.70201e-18	9.69327e-07	-5.23567e-18	0.553475
55.7005	5.88809e-13	-0.000284162	-2.57959e-18	9.67959e-07	-3.95448e-18	0.556653
55.9796	5.88964e-13	-0.000297548	-3.33572e-18	9.66523e-07	-5.12169e-18	0.559723
56.2603	5.89048e-13	-0.000311222	-3.99841e-18	9.65136e-07	-7.1559e-18	0.562664
56.5423	5.89031e-13	-0.000325124	-4.56095e-18	9.63822e-07	-8.31385e-18	0.565354
56.8256	5.88896e-13	-0.000339219	-5.13111e-18	9.62497e-07	-5.41599e-18	0.567878
57.1102	5.88684e-13	-0.000353575	-5.76341e-18	9.61204e-07	-3.93632e-18	0.570293
57.3959	5.88414e-13	-0.00036824	-6.42147e-18	9.60017e-07	-6.75328e-18	0.572507
57.6827	5.88047e-13	-0.00038312	-7.29369e-18	9.58876e-07	-5.37607e-18	0.574525
57.9704	5.87601e-13	-0.000398228	-8.54592e-18	9.57776e-07	-6.88478e-18	0.576418
58.2591	5.87055e-13	-0.000413693	-1.00598e-17	9.56787e-07	-4.76086e-18	0.57814
58.5486	5.86438e-13	-0.000429436	-1.19424e-17	9.55877e-07	-5.12041e-18	0.579674
58.8388	5.85745e-13	-0.000445406	-1.41216e-17	9.55037e-07	-5.21856e-18	0.581062
59.1296	5.84975e-13	-0.000461709	-1.63437e-17	9.5432e-07	-4.92144e-18	0.582277
59.4211	5.84132e-13	-0.000478392	-1.86895e-17	9.53669e-07	-5.35812e-18	0.58333
59.713	5.83209e-13	-0.000495332	-2.09712e-17	9.53137e-07	-6.87136e-18	0.58423
-59.9947	5.82184e-13	-0.000512561	-2.29379e-17	9.52742e-07	-5.9634e-18	0.584928
-59.7021	5.81071e-13	-0.000530256	-2.46199e-17	9.52387e-07	-6.2361e-18	0.585489
-59.4092	5.79866e-13	-0.000548275	-2.60265e-17	9.52182e-07	-4.81253e-18	0.585905
-59.1162	5.7859e-13	-0.000566576	-2.73166e-17	9.5214e-07	-6.71302e-18	0.586088
-58.8231	5.77215e-13	-0.000585335	-2.86289e-17	9.5211e-07	-3.84176e-18	0.586142
-58.5301	5.75784e-13	-0.000604551	-2.99848e-17	9.52251e-07	-3.90185e-18	0.58606
-58.2371	5.74297e-13	-0.000624073	-3.13319e-17	9.52551e-07	-5.13698e-18	0.585732
-57.9443	5.72735e-13	-0.000643993	-3.26492e-17	9.52877e-07	-8.37966e-18	0.585266
-57.6518	5.71053e-13	-0.000664517	-3.3861e-17	9.53362e-07	-7.40937e-18	0.584657
-57.3597	5.69264e-13	-0.000685416	-3.49841e-17	9.53986e-07	-6.64671e-18	0.583818
-57.068	5.67381e-13	-0.000706674	-3.58508e-17	9.54668e-07	-6.08911e-18	0.58282
-56.7768	5.65413e-13	-0.000728579	-3.64808e-17	9.55495e-07	-2.29694e-18	0.58165
-56.4863	5.63417e-13	-0.000751018	-3.69385e-17	9.56404e-07	-3.62075e-18	0.580283
-56.1966	5.61373e-13	-0.000773831	-3.75372e-17	9.57413e-07	-8.49408e-18	0.578746
-55.9076	5.59212e-13	-0.000797202	-3.85043e-17	9.5856e-07	-7.21646e-18	0.576982
-55.6196	5.56954e-13	-0.000821335	-3.97555e-17	9.59711e-07	-7.85881e-18	0.575055
-55.3325	5.54591e-13	-0.000845918	-4.15064e-17	9.60984e-07	-3.7796e-18	0.572967
-55.0466	5.52184e-13	-0.000870962	-4.36689e-17	9.62398e-07	-4.71223e-18	0.57058
-54.762	5.4972e-13	-0.000896867	-4.60477e-17	9.63736e-07	-4.67514e-18	0.568052
-54.4786	5.47201e-13	-0.000923438	-4.87117e-17	9.65197e-07	-4.11028e-18	0.565376
-54.1966	5.44637e-13	-0.000950464	-5.12068e-17	9.66759e-07	-5.52832e-18	0.562357
-53.9162	5.4201e-13	-0.000978185	-5.33424e-17	9.68222e-07	-7.21825e-18	0.559187
-53.6374	5.39297e-13	-0.00100692	-5.51403e-17	9.69764e-07	-5.96496e-18	0.555855
-53.3603	5.36519e-13	-0.00103622	-5.65181e-17	9.71318e-07	-6.76137e-18	0.5522
-53.0852	5.33667e-13	-0.00106605	-5.77267e-17	9.72795e-07	-5.12043e-18	0.548357
-52.812	5.30765e-13	-0.00109693	-5.88284e-17	9.74273e-07	-7.03255e-18	0.544286
-52.5409	5.27791e-13	-0.00112875	-5.98294e-17	9.75652e-07	-4.3805e-18	0.539963
-52.272	5.24782e-13	-0.00116112	-6.0816e-17	9.76945e-07	-7.24399e-18	0.535442
-52.0055	5.21702e-13	-0.00119418	-6.17155e-17	9.78167e-07	-5.55766e-18	0.530573
-51.7415	5.18579e-13	-0.00122856	-6.26168e-17	9.79178e-07	-6.1276e-18	0.525501
-51.48	5.15406e-13	-0.00126381	-6.3444e-17	9.80038e-07	-6.66224e-18	0.520275
-51.2212	5.1218e-13	-0.00129963	-6.42077e-17	9.80717e-07	-9.38904e-18	0.514612
-50.9654	5.0887e-13	-0.00133626	-6.48615e-17	9.81119e-07	-5.23084e-18	0.508712
-50.7125	5.05533e-13	-0.00137445	-6.53955e-17	9.81249e-07	-6.80177e-18	0.502672
-50.4627	5.02151e-13	-0.00141346	-6.59052e-17	9.81053e-07	-2.57608e-18	0.496241
-50.2162	4.98784e-13	-0.00145303	-6.65361e-17	9.80497e-07	-5.96688e-18	0.48953
-49.9732	4.9539e-13	-0.00149347	-6.73036e-17	9.79513e-07	-4.88545e-18	0.482555
-49.7337	4.91988e-13	-0.00153561	-6.82166e-17	9.78075e-07	-6.89017e-18	0.47526
-49.4979	4.88557e-13	-0.00157865	-6.93146e-17	9.76172e-07	-5.53415e-18	0.467795
-49.2659	4.85117e-13	-0.00162223	-7.04603e-17	9.73602e-07	-7.91017e-18	0.459944
-49.0379	4.81648e-13	-0.00166647	-7.15734e-17	9.70428e-07	-9.86778e-18	0.451673
-48.8142	4.78132e-13	-0.00171238	-7.26382e-17	9.66721e-07	-6.21376e-18	0.443324
-48.5946	4.74614e-13	-0.00175953	-7.36492e-17	9.62127e-07	-2.62902e-18	0.434679
-48.3795	4.71139e-13	-0.00180714	-7.45084e-17	9.56751e-07	-8.1781e-18	0.425598
-48.169	4.67653e-13	-0.00185511	-7.53413e-17	9.50622e-07	-5.88529e-18	0.41633
-47.9632	4.64183e-13	-0.00190395	-7.61262e-17	9.43411e-07	-5.55969e-18	0.406739
-47.7623	4.60741e-13	-0.00195456	-7.70099e-17	9.35395e-07	-6.98514e-18	0.396864
-47.5663	4.57316e-13	-0.00200586	-7.77441e-17	9.26536e-07	-6.25188e-18	0.386923
-47.3754	4.53918e-13	-0.00205732	-7.83996e-17	9.16249e-07	-1.12481e-17	0.376622
-47.1897	4.5051e-13	-0.00210878	-7.89156e-17	9.04893e-07	-1.37505e-17	0.365917
-47.0094	4.47078e-13	-0.00216057	-7.94627e-17	8.9276e-07	-4.97924e-18	0.355186
-46.8345	4.43704e-13	-0.00221373	-8.00023e-17	8.79249e-07	-1.80859e-18	0.344321
-46.6651	4.40421e-13	-0.00226746	-8.04813e-17	8.64516e-07	-1.9037e-18	0.333169
-46.5014	4.37232e-13	-0.00232092	-8.07235e-17	8.49011e-07	-6.23176e-18	0.321996
-46.3431	4.34102e-13	-0.00237386	-8.10305e-17	8.32095e-07	-1.09387e-17	0.310754
-46.1906	4.31001e-13	-0.00242618	-8.10683e-17	8.13595e-07	-1.22504e-17	0.299193
-46.0439	4.27929e-13	-0.00247804	-8.12633e-17	7.94638e-07	-2.02779e-17	0.287639
-45.903	4.24834e-13	-0.00253014	-8.12962e-17	7.74945e-07	-2.0779e-17	0.276345
-45.7676	4.21722e-13	-0.00258215	-8.15644e-17	7.53526e-07	-7.59099e-18	0.264933
-45.638	4.18694e-13	-0.00263318	-8.16952e-17	7.31546e-07	-5.6803e-18	0.253451
-45.5141	4.15763e-13	-0.00268294	-8.17082e-17	7.09348e-07	2.09276e-17	0.242286
-45.3957	4.13086e-13	-0.0027313	-8.16381e-17	6.86177e-07	3.13333e-17	0.231307
-45.2828	4.10711e-13	-0.0027782	-8.14332e-17	6.61667e-07	3.84341e-17	0.220234
-45.1755	4.08659e-13	-0.00282356	-8.1205e-17	6.37466e-07	6.59436e-18	0.20935
-45.0735	4.06742e-13	-0.00286754	-8.09086e-17	6.13546e-07	-5.87459e-17	0.198986
-44.9765	4.04636e-13	-0.00291042	-8.08419e-17	5.89081e-07	-1.05011e-16	0.188915
-44.8846	4.02156e-13	-0.00295169	-8.0981e-17	5.63788e-07	-9.19343e-17	0.178889
-44.7976	3.99411e-13	-0.00299095	-8.12274e-17	5.39291e-07	-6.07995e-17	0.169155
-44.7154	3.96566e-13	-0.00302824	-8.15129e-17	5.15595e-07	-6.45163e-17	0.16
-44.6376	3.93623e-13	-0.00306364	-8.19977e-17	4.92166e-07	-3.20791e-18	0.151281
-44.5641	3.9083e-13	-0.0030972	-8.25518e-17	4.68158e-07	9.22809e-17	0.142722
-44.4949	3.8852e-13	-0.00312889	-8.29028e-17	4.44921e-07	1.47724e-16	0.134394
-44.4297	3.86826e-13	-0.00315881	-8.29372e-17	4.23022e-07	1.77393e-16	0.12661
-44.3683	3.85774e-13	-0.00318708	-8.27672e-17	4.02227e-07	2.04701e-16	0.119394
-44.3103	3.85375e-13	-0.00321381	-8.25064e-17	3.82106e-07	2.09153e-16	0.112606
-44.2557	3.8557e-13	-0.00323908	-8.1971e-17	3.61999e-07	1.49937e-16	0.106047
-44.2043	3.86139e-13	-0.0032629	-8.14222e-17	3.42797e-07	2.47401e-17	0.0997405
-44.156	3.86734e-13	-0.00328536	-8.08973e-17	3.25092e-07	-1.73778e-16	0.0939078
-44.1104	3.86899e-13	-0.00330659	-8.05773e-17	3.08765e-07	-4.62708e-16	0.088603
-44.0674	3.86059e-13	-0.0033267	-8.08145e-17	2.93648e-07	-7.32125e-16	0.0837619
-44.0266	3.83773e-13	-0.00334578	-8.17994e-17	2.79382e-07	-7.4726e-16	0.0792887
-43.9881	3.80168e-13	-0.00336388	-8.35021e-17	2.65561e-07	-4.30847e-16	0.0750573
-43.9516	3.7597e-13	-0.00338055	-8.54326e-17	2.5244e-07	-3.06956e-16	0.0710375
-43.917	3.71466e-13	-0.00339582	-8.74944e-17	2.4058e-07	8.15548e-17	0.0673433
-43.8842	3.67324e-13	-0.00340995	-8.94814e-17	2.29942e-07	2.08074e-16	0.0640431
-43.853	3.63703e-13	-0.00342309	-9.11604e-17	2.2039e-07	3.26007e-16	0.0611026
-43.8231	3.6073e-13	-0.00343539	-9.22947e-17	2.11799e-07	2.31249e-16	0.0584771
-43.7945	3.58211e-13	-0.00344697	-9.34726e-17	2.04024e-07	4.15782e-16	0.056122
-43.767	3.56361e-13	-0.00345791	-9.41992e-17	1.96928e-07	6.8321e-16	0.053993
-43.7405	3.55485e-13	-0.00346828	-9.45306e-17	1.9034e-07	7.42701e-16	0.0520428
-43.715	3.55589e-13	-0.00347814	-9.44406e-17	1.84388e-07	5.3003e-16	0.050263
-43.6902	3.56344e-13	-0.00348754	-9.39855e-17	1.79304e-07	9.13985e-16	0.0487026
-43.6663	3.58174e-13	-0.00349655	-9.31422e-17	1.74975e-07	7.0049e-16	0.047376
-43.6429	3.60776e-13	-0.00350522	-9.19416e-17	1.71314e-07	1.24488e-16	0.0462529
-43.62	3.63464e-13	-0.0035136	-9.08053e-17	1.68255e-07	-1.71768e-16	0.0453105
-43.5976	3.65908e-13	-0.00352173	-8.97898e-17	1.65718e-07	-2.20132e-16	0.0445271
-43.5755	3.6807e-13	-0.00352963	-8.88762e-17	1.63645e-07	-2.05113e-16	0.0438828
-43.5537	3.69981e-13	-0.00353734	-8.81445e-17	1.6197e-07	3.00605e-17	0.0433597
-43.5321	3.71903e-13	-0.00354489	-8.74908e-17	1.60648e-07	-2.09374e-16	0.0429419
-43.5107	3.73586e-13	-0.00355228	-8.68486e-17	1.59622e-07	-1.05502e-15	0.0426147
-43.4895	3.74137e-13	-0.00355955	-8.6763e-17	1.58863e-07	-2.41248e-16	0.0423663
-43.4684	3.7443e-13	-0.00356669	-8.68679e-17	1.59301e-07	-1.00163e-15	0.0423217
-43.4472	3.73662e-13	-0.00357378	-8.73884e-17	1.6148e-07	-3.05364e-16	0.0426861
-43.4257	3.72556e-13	-0.00358088	-8.80587e-17	1.6446e-07	-3.52176e-16	0.0434052
-43.4038	3.71042e-13	-0.00358803	-8.89139e-17	1.68028e-07	-4.95955e-16	0.0443196
-43.3814	3.68939e-13	-0.00359525	-8.99893e-17	1.7209e-07	-3.36244e-17	0.0453875
-43.3584	3.66743e-13	-0.00360255	-9.10956e-17	1.76645e-07	-1.11326e-16	0.0465965
-43.3348	3.64354e-13	-0.00360996	-9.22284e-17	1.81672e-07	1.24923e-16	0.0479446
-43.3104	3.62046e-13	-0.00361746	-9.34102e-17	1.87227e-07	-6.3288e-16	0.0494382
-43.2853	3.58869e-13	-0.00362509	-9.48914e-17	1.93339e-07	2.11855e-16	0.0510907
-43.2594	3.55858e-13	-0.00363284	-9.62431e-17	2.00168e-07	-2.12398e-16	0.0529308
-43.2324	3.52447e-13	-0.00364072	-9.77888e-17	2.07876e-07	-1.61404e-16	0.0550071
-43.2043	3.4867e-13	-0.00364874	-9.92539e-17	2.16909e-07	-1.36596e-16	0.0574104
-43.175	3.44518e-13	-0.00365694	-1.00925e-16	2.28165e-07	1.38898e-16	0.060341
-43.144	3.40351e-13	-0.00366534	-1.02467e-16	2.45164e-07	5.51818e-16	0.0644575
-43.1105	3.36772e-13	-0.00367412	-1.03882e-16	2.67661e-07	5.95596e-16	0.0702781
-43.0737	3.33934e-13	-0.00368336	-1.05102e-16	2.96522e-07	3.13435e-16	0.0779684
-43.0326	3.31404e-13	-0.00369311	-1.06174e-16	3.35921e-07	-1.05416e-16	0.0884215
-42.9853	3.28251e-13	-0.00370333	-1.07508e-16	3.96358e-07	-4.05236e-16	0.104246
-42.9283	3.23294e-13	-0.0037132	-1.09155e-16	5.06808e-07	-2.15476e-16	0.13315
-42.8522	3.15849e-13	-0.00372267	-1.11215e-16	7.36008e-07	4.9014e-16	0.201181
-42.7271	3.06693e-13	-0.00373119	-1.13455e-16	7.4142e-07	7.21758e-16	0.498613
-42.3535	2.92812e-13	-0.00371787	-1.17653e-16	-0.0502503	7.88988e-16	94.5708
-16.5507	4.44694e-14	0.0114645	-8.9921e-17	0.0960474	-2.09743e-16	154.198
