8.23696	-1.81431e-09	-0.00361374	-1.60886e-13	0.04	-2.37206e-08	60.0097
8.23717	-2.06871e-09	-0.00361375	-1.65244e-13	1.13119e-10	2.54955e-07	0.000229065
8.23719	-1.90016e-09	-0.00361375	-1.62352e-13	5.6558e-11	2.77823e-07	2.24389e-05
8.23719	-1.7001e-09	-0.00361375	-1.58921e-13	4.83768e-11	-6.35397e-08	1.38295e-05
8.2372	-1.56712e-09	-0.00361375	-1.5664e-13	4.55801e-11	-2.18985e-07	1.13073e-05
8.23721	-1.50666e-09	-0.00361375	-1.55604e-13	4.1322e-11	-1.5787e-07	1.04533e-05
8.23721	-1.4891e-09	-0.00361375	-1.55303e-13	3.98602e-11	-3.37691e-08	1.01822e-05
8.23722	-1.48026e-09	-0.00361375	-1.55151e-13	3.9995e-11	2.66915e-08	1.01698e-05
8.23722	-1.46455e-09	-0.00361375	-1.54882e-13	4.06052e-11	2.3424e-08	1.02868e-05
8.23723	-1.44251e-09	-0.00361375	-1.54504e-13	4.15445e-11	-3.03385e-09	1.04744e-05
8.23723	-1.42083e-09	-0.00361375	-1.54133e-13	4.25668e-11	-2.27334e-08	1.07031e-05
8.23724	-1.4048e-09	-0.00361375	-1.53858e-13	4.3604e-11	-3.27517e-08	1.09581e-05
8.23724	-1.39745e-09	-0.00361375	-1.53732e-13	4.46536e-11	-1.81458e-08	1.12322e-05
8.23725	-1.39508e-09	-0.00361375	-1.53692e-13	4.57969e-11	-2.59446e-08	1.15212e-05
8.23725	-1.40022e-09	-0.00361375	-1.5378e-13	4.69902e-11	-1.64862e-08	1.18236e-05
8.23726	-1.41042e-09	-0.00361375	-1.53956e-13	4.82379e-11	-1.70791e-08	1.21385e-05
8.23727	-1.42615e-09	-0.00361375	-1.54225e-13	4.95272e-11	-1.79048e-08	1.24658e-05
8.23727	-1.44797e-09	-0.00361375	-1.54599e-13	5.08473e-11	-2.35462e-08	1.28057e-05
8.23728	-1.47802e-09	-0.00361375	-1.55115e-13	5.2315e-11	-7.60029e-09	1.31587e-05
8.23729	-1.51144e-09	-0.00361375	-1.55687e-13	5.37332e-11	-1.56455e-08	1.35249e-05
8.23729	-1.55116e-09	-0.00361375	-1.56368e-13	5.52586e-11	-1.25634e-08	1.3905e-05
8.2373	-1.59642e-09	-0.00361375	-1.57144e-13	5.68956e-11	-2.4984e-09	1.42992e-05
8.23731	-1.64388e-09	-0.00361375	-1.57957e-13	5.86058e-11	1.01571e-08	1.47077e-05
8.23731	-1.68891e-09	-0.00361375	-1.58728e-13	6.02242e-11	-1.98756e-09	1.51312e-05
8.23732	-1.73601e-09	-0.00361375	-1.59535e-13	6.21378e-11	2.4687e-08	1.55719e-05
8.23733	-1.77474e-09	-0.00361375	-1.60198e-13	6.38764e-11	6.9149e-09	1.60315e-05
8.23734	-1.81181e-09	-0.00361375	-1.60833e-13	6.58747e-11	3.04048e-08	1.65102e-05
8.23735	-1.83725e-09	-0.00361375	-1.61268e-13	6.78168e-11	2.70279e-08	1.70082e-05
8.23735	-1.85181e-09	-0.00361375	-1.61517e-13	6.9852e-11	3.08237e-08	1.7526e-05
8.23736	-1.85309e-09	-0.00361375	-1.61539e-13	7.19725e-11	2.15438e-08	1.80646e-05
8.23737	-1.84455e-09	-0.00361375	-1.61392e-13	7.41947e-11	2.52994e-08	1.86265e-05
8.23738	-1.82377e-09	-0.00361375	-1.61036e-13	7.65542e-11	1.36766e-08	1.92135e-05
8.23739	-1.79566e-09	-0.00361375	-1.60555e-13	7.90136e-11	7.60294e-09	1.98253e-05
8.2374	-1.76282e-09	-0.00361375	-1.59993e-13	8.16043e-11	-7.61744e-09	2.04613e-05
8.23741	-1.73288e-09	-0.00361375	-1.5948e-13	8.42494e-11	-9.10288e-09	2.11223e-05
8.23742	-1.70686e-09	-0.00361375	-1.59035e-13	8.70291e-11	-1.85504e-08	2.18117e-05
8.23743	-1.69026e-09	-0.00361375	-1.58751e-13	8.98949e-11	-1.52136e-08	2.25318e-05
8.23745	-1.68182e-09	-0.00361375	-1.58606e-13	9.2874e-11	-1.38534e-08	2.32803e-05
8.23746	-1.6813e-09	-0.00361375	-1.58597e-13	9.596e-11	-1.07517e-08	2.40555e-05
8.23747	-1.68733e-09	-0.00361375	-1.587e-13	9.9178e-11	-3.77426e-09	2.48596e-05
8.23748	-1.69594e-09	-0.00361375	-1.58848e-13	1.02525e-10	-1.26024e-10	2.56956e-05
8.2375	-1.70493e-09	-0.00361375	-1.59001e-13	1.05969e-10	3.49677e-09	2.65601e-05
8.23751	-1.71186e-09	-0.00361375	-1.5912e-13	1.09495e-10	5.77196e-09	2.74479e-05
8.23752	-1.715e-09	-0.00361375	-1.59173e-13	1.13121e-10	4.79015e-09	2.83593e-05
8.23754	-1.71479e-09	-0.00361375	-1.59169e-13	1.16821e-10	2.58864e-09	2.92928e-05
8.23755	-1.71264e-09	-0.00361375	-1.59133e-13	1.20537e-10	8.23906e-10	3.02376e-05
8.23757	-1.70979e-09	-0.00361375	-1.59084e-13	1.24227e-10	-4.19787e-10	3.1181e-05
8.23758	-1.70719e-09	-0.00361375	-1.59039e-13	1.27879e-10	-8.50866e-10	3.21164e-05
8.2376	-1.70521e-09	-0.00361375	-1.59005e-13	1.31806e-10	-5.18011e-10	3.3082e-05
8.23762	-1.7036e-09	-0.00361375	-1.58977e-13	1.36072e-10	-6.83123e-10	3.41258e-05
8.23763	-1.70252e-09	-0.00361375	-1.58959e-13	1.4064e-10	-3.54277e-10	3.52512e-05
8.23765	-1.70174e-09	-0.00361375	-1.58945e-13	1.45474e-10	-3.15035e-10	3.6449e-05
8.23767	-1.70121e-09	-0.00361375	-1.58936e-13	1.50546e-10	-7.71569e-11	3.7711e-05
8.23769	-1.70074e-09	-0.00361375	-1.58928e-13	1.55892e-10	-6.6494e-11	3.90382e-05
8.23771	-1.70032e-09	-0.00361375	-1.58921e-13	1.61495e-10	1.32977e-10	4.0433e-05
8.23773	-1.69975e-09	-0.00361375	-1.58911e-13	1.67317e-10	3.76417e-11	4.18886e-05
8.23775	-1.69912e-09	-0.00361375	-1.589e-13	1.73388e-10	-3.08369e-10	4.34039e-05
8.23777	-1.6988e-09	-0.00361375	-1.58894e-13	1.79679e-10	-1.68446e-10	4.49788e-05
8.2378	-1.69867e-09	-0.00361375	-1.58892e-13	1.86128e-10	-2.00643e-10	4.66018e-05
8.23782	-1.69877e-09	-0.00361375	-1.58894e-13	1.92757e-10	-2.69742e-10	4.82679e-05
8.23784	-1.6992e-09	-0.00361375	-1.58901e-13	1.99504e-10	3.84999e-10	4.9972e-05
8.23787	-1.69917e-09	-0.00361375	-1.589e-13	2.06305e-10	-1.46241e-10	5.16981e-05
8.2379	-1.69932e-09	-0.00361375	-1.58902e-13	2.13168e-10	-3.28218e-10	5.34389e-05
8.23792	-1.69992e-09	-0.00361375	-1.58912e-13	2.19989e-10	1.61818e-10	5.51822e-05
8.23795	-1.70031e-09	-0.00361375	-1.58919e-13	2.26704e-10	5.22967e-10	5.69068e-05
8.23798	-1.69996e-09	-0.00361375	-1.58913e-13	2.33899e-10	-1.74683e-10	5.8679e-05
8.23801	-1.69987e-09	-0.00361375	-1.58911e-13	2.41692e-10	-2.20277e-10	6.05885e-05
8.23804	-1.7001e-09	-0.00361375	-1.58915e-13	2.49697e-10	-2.11913e-10	6.26012e-05
8.23807	-1.70068e-09	-0.00361375	-1.58924e-13	2.57818e-10	1.00321e-10	6.46557e-05
8.23811	-1.70112e-09	-0.00361375	-1.58931e-13	2.65932e-10	5.22438e-11	6.67242e-05
8.23814	-1.70148e-09	-0.00361375	-1.58937e-13	2.74096e-10	8.40007e-11	6.87982e-05
8.23817	-1.7017e-09	-0.00361375	-1.58941e-13	2.82293e-10	1.34818e-10	7.08826e-05
8.23821	-1.70169e-09	-0.00361375	-1.5894e-13	2.90593e-10	8.5944e-11	7.29844e-05
8.23825	-1.70152e-09	-0.00361375	-1.58937e-13	2.99346e-10	-1.20914e-10	7.51571e-05
8.23829	-1.70158e-09	-0.00361375	-1.58938e-13	3.08779e-10	6.68195e-11	7.74742e-05
8.23832	-1.7015e-09	-0.00361375	-1.58936e-13	3.1827e-10	-1.45356e-10	7.98853e-05
8.23837	-1.70172e-09	-0.00361375	-1.5894e-13	3.27514e-10	-9.03088e-12	8.22723e-05
8.23841	-1.70197e-09	-0.00361375	-1.58943e-13	3.36503e-10	2.01646e-10	8.45954e-05
8.23845	-1.70178e-09	-0.00361375	-1.5894e-13	3.45484e-10	1.37981e-10	8.6885e-05
8.23849	-1.70129e-09	-0.00361376	-1.58931e-13	3.54586e-10	4.18028e-11	8.91889e-05
8.23854	-1.7007e-09	-0.00361376	-1.58921e-13	3.6448e-10	-7.90984e-11	9.16091e-05
8.23859	-1.70026e-09	-0.00361376	-1.58913e-13	3.74851e-10	-1.01821e-10	9.41912e-05
8.23863	-1.70006e-09	-0.00361376	-1.5891e-13	3.84689e-10	-1.22457e-10	9.67661e-05
8.23868	-1.70016e-09	-0.00361376	-1.58911e-13	3.94267e-10	1.17284e-10	9.92399e-05
8.23873	-1.69996e-09	-0.00361376	-1.58907e-13	4.03682e-10	1.34154e-10	0.00010166
8.23878	-1.69941e-09	-0.00361376	-1.58897e-13	4.13555e-10	-1.14623e-10	0.000104117
8.23884	-1.69915e-09	-0.00361376	-1.58893e-13	4.24154e-10	-1.37247e-10	0.000106726
8.23889	-1.69926e-09	-0.00361376	-1.58894e-13	4.34303e-10	-3.56937e-11	0.000109369
8.23895	-1.69947e-09	-0.00361376	-1.58897e-13	4.44127e-10	9.6272e-11	0.000111914
8.239	-1.69941e-09	-0.00361376	-1.58896e-13	4.53788e-10	-2.47458e-11	0.000114397
8.23906	-1.69942e-09	-0.00361376	-1.58895e-13	4.6404e-10	-8.20256e-11	0.000116934
8.23912	-1.69967e-09	-0.00361376	-1.58899e-13	4.74455e-10	-1.4982e-10	0.000119568
8.23918	-1.70038e-09	-0.00361376	-1.58911e-13	4.84394e-10	-4.15522e-11	0.000122161
8.23924	-1.70123e-09	-0.00361376	-1.58925e-13	4.94126e-10	1.50403e-10	0.000124668
8.2393	-1.70163e-09	-0.00361376	-1.58931e-13	5.0408e-10	-3.64511e-11	0.000127176
8.23937	-1.70215e-09	-0.00361376	-1.58939e-13	5.14356e-10	6.42292e-12	0.000129754
8.23943	-1.70266e-09	-0.00361376	-1.58947e-13	5.24139e-10	3.27635e-12	0.00013231
8.2395	-1.70317e-09	-0.00361376	-1.58955e-13	5.33748e-10	4.86816e-11	0.000134781
8.23957	-1.70353e-09	-0.00361376	-1.58961e-13	5.4354e-10	-8.19231e-11	0.000137253
8.23964	-1.70417e-09	-0.00361376	-1.58971e-13	5.534e-10	-5.09352e-12	0.000139757
8.23971	-1.70485e-09	-0.00361376	-1.58981e-13	5.62858e-10	6.27313e-12	0.000142219
8.23978	-1.70551e-09	-0.00361376	-1.58992e-13	5.72197e-10	4.72616e-11	0.000144614
8.23985	-1.70601e-09	-0.00361376	-1.59e-13	5.81721e-10	4.1243e-12	0.000147018
8.23993	-1.70651e-09	-0.00361376	-1.59007e-13	5.90988e-10	-4.64576e-11	0.000149412
8.24	-1.70718e-09	-0.00361377	-1.59018e-13	5.99995e-10	-5.92468e-11	0.000151741
8.24008	-1.7081e-09	-0.00361377	-1.59033e-13	6.09021e-10	1.71275e-11	0.000154038
8.24016	-1.70896e-09	-0.00361377	-1.59046e-13	6.17957e-10	5.43643e-11	0.000156327
8.24024	-1.70962e-09	-0.00361377	-1.59057e-13	6.26596e-10	-1.63969e-11	0.000158567
8.24032	-1.71036e-09	-0.00361377	-1.59068e-13	6.35136e-10	3.90534e-12	0.000160756
8.2404	-1.71109e-09	-0.00361377	-1.59079e-13	6.43604e-10	-4.13865e-11	0.000162923
8.24048	-1.712e-09	-0.00361377	-1.59094e-13	6.51798e-10	8.9581e-12	0.000165047
8.24056	-1.71288e-09	-0.00361377	-1.59108e-13	6.5984e-10	-8.43128e-13	0.000167116
8.24065	-1.71378e-09	-0.00361377	-1.59122e-13	6.67779e-10	8.55183e-13	0.000169152
8.24073	-1.71468e-09	-0.00361377	-1.59136e-13	6.75442e-10	1.50477e-11	0.00017114
8.24082	-1.71553e-09	-0.00361377	-1.59149e-13	6.82964e-10	7.00094e-12	0.000173075
8.2409	-1.71636e-09	-0.00361377	-1.59162e-13	6.90313e-10	-2.23842e-11	0.00017497
8.24099	-1.7173e-09	-0.00361377	-1.59176e-13	6.97397e-10	-9.42673e-13	0.00017681
8.24108	-1.71825e-09	-0.00361377	-1.59191e-13	7.04348e-10	-6.84195e-12	0.000178598
8.24117	-1.71924e-09	-0.00361377	-1.59206e-13	7.11073e-10	1.54651e-11	0.000180341
8.24126	-1.72017e-09	-0.00361377	-1.59221e-13	7.1753e-10	-3.07944e-11	0.000182021
8.24135	-1.72125e-09	-0.00361377	-1.59238e-13	7.23875e-10	2.95824e-11	0.000183652
8.24144	-1.7222e-09	-0.00361377	-1.59252e-13	7.29927e-10	2.48534e-11	0.000185232
8.24154	-1.72305e-09	-0.00361378	-1.59265e-13	7.35745e-10	1.72239e-11	0.000186745
8.24163	-1.72382e-09	-0.00361378	-1.59277e-13	7.41449e-10	-4.95882e-11	0.000188213
8.24173	-1.72483e-09	-0.00361378	-1.59292e-13	7.46805e-10	-3.33011e-11	0.000189622
8.24182	-1.72601e-09	-0.00361378	-1.5931e-13	7.51963e-10	-6.42018e-12	0.000190962
8.24192	-1.72722e-09	-0.00361378	-1.59329e-13	7.56999e-10	-4.42192e-12	0.000192261
8.24201	-1.72847e-09	-0.00361378	-1.59348e-13	7.61623e-10	6.22313e-11	0.000193492
8.24211	-1.72942e-09	-0.00361378	-1.59362e-13	7.66117e-10	3.79244e-11	0.000194654
8.24221	-1.73019e-09	-0.00361378	-1.59374e-13	7.70447e-10	-5.22306e-11	0.000195779
8.24231	-1.73123e-09	-0.00361378	-1.59389e-13	7.74348e-10	-2.91298e-11	0.000196828
8.2424	-1.73241e-09	-0.00361378	-1.59407e-13	7.78182e-10	-3.04902e-11	0.000197814
8.2425	-1.73374e-09	-0.00361378	-1.59428e-13	7.81788e-10	2.71571e-11	0.000198762
8.2426	-1.73495e-09	-0.00361378	-1.59446e-13	7.84968e-10	1.60121e-11	0.000199627
8.2427	-1.73609e-09	-0.00361378	-1.59463e-13	7.88145e-10	1.36594e-11	0.000200437
8.2428	-1.73716e-09	-0.00361378	-1.59479e-13	7.90976e-10	2.18448e-11	0.000201202
8.2429	-1.73812e-09	-0.00361378	-1.59493e-13	7.93471e-10	2.57972e-12	0.000201881
8.24301	-1.73908e-09	-0.00361378	-1.59507e-13	7.95981e-10	-2.30814e-11	0.000202519
8.24311	-1.74015e-09	-0.00361379	-1.59523e-13	7.98017e-10	-9.95045e-12	0.000203098
8.24321	-1.74128e-09	-0.00361379	-1.5954e-13	7.99858e-10	-1.88424e-11	0.000203592
8.24331	-1.7425e-09	-0.00361379	-1.59558e-13	8.01679e-10	1.23232e-11	0.000204059
8.24341	-1.74367e-09	-0.00361379	-1.59575e-13	8.02925e-10	-2.20264e-11	0.00020445
8.24352	-1.74495e-09	-0.00361379	-1.59594e-13	8.04138e-10	2.30663e-11	0.000204763
8.24362	-1.74611e-09	-0.00361379	-1.59612e-13	8.05228e-10	-9.16323e-12	0.000205057
8.24372	-1.74733e-09	-0.00361379	-1.59629e-13	8.0573e-10	1.48734e-11	0.00020526
8.24382	-1.74846e-09	-0.00361379	-1.59646e-13	8.06314e-10	4.65449e-12	0.000205398
8.24393	-1.74958e-09	-0.00361379	-1.59662e-13	8.06633e-10	-4.53917e-13	0.000205513
8.24403	-1.75069e-09	-0.00361379	-1.59679e-13	8.0643e-10	-3.75716e-11	0.000205528
8.24413	-1.752e-09	-0.00361379	-1.59698e-13	8.06383e-10	1.28451e-11	0.000205496
8.24423	-1.75325e-09	-0.00361379	-1.59716e-13	8.05909e-10	-1.06831e-11	0.00020543
8.24434	-1.75454e-09	-0.00361379	-1.59735e-13	8.05036e-10	3.70019e-11	0.000205258
8.24444	-1.75565e-09	-0.00361379	-1.59751e-13	8.04331e-10	-1.25299e-12	0.000205057
8.24454	-1.75676e-09	-0.00361379	-1.59767e-13	8.03045e-10	1.18876e-11	0.000204803
8.24464	-1.75781e-09	-0.00361379	-1.59782e-13	8.01501e-10	-1.37796e-11	0.000204443
8.24475	-1.75893e-09	-0.0036138	-1.59798e-13	8.00113e-10	-5.8772e-13	0.000204069
8.24485	-1.76005e-09	-0.0036138	-1.59814e-13	7.98006e-10	-1.31957e-11	0.000203623
8.24495	-1.76123e-09	-0.0036138	-1.5983e-13	7.95776e-10	-3.40885e-11	0.000203071
8.24505	-1.76258e-09	-0.0036138	-1.5985e-13	7.93667e-10	2.53401e-12	0.000202518
8.24515	-1.76392e-09	-0.0036138	-1.59869e-13	7.90739e-10	3.50493e-11	0.000201876
8.24525	-1.76507e-09	-0.0036138	-1.59886e-13	7.87762e-10	-6.29012e-12	0.000201123
8.24535	-1.76625e-09	-0.0036138	-1.59902e-13	7.849e-10	1.09435e-11	0.000200379
8.24545	-1.76737e-09	-0.0036138	-1.59918e-13	7.81126e-10	1.20909e-11	0.000199534
8.24555	-1.76843e-09	-0.0036138	-1.59933e-13	7.7732e-10	-1.72918e-12	0.000198568
8.24565	-1.76949e-09	-0.0036138	-1.59948e-13	7.7366e-10	6.47776e-12	0.000197616
8.24575	-1.77052e-09	-0.0036138	-1.59962e-13	7.6902e-10	-2.76269e-11	0.000196558
8.24585	-1.77167e-09	-0.0036138	-1.59978e-13	7.6425e-10	-4.14264e-11	0.000195359
8.24595	-1.77302e-09	-0.0036138	-1.59997e-13	7.59724e-10	2.02825e-11	0.000194174
8.24604	-1.77426e-09	-0.0036138	-1.60015e-13	7.54232e-10	3.66484e-11	0.000192898
8.24614	-1.77531e-09	-0.0036138	-1.60029e-13	7.48309e-10	3.1385e-11	0.000191443
8.24623	-1.77621e-09	-0.0036138	-1.60041e-13	7.42771e-10	2.84066e-12	0.000189983
8.24633	-1.77709e-09	-0.0036138	-1.60053e-13	7.3653e-10	-1.97323e-11	0.000188482
8.24642	-1.77805e-09	-0.00361381	-1.60066e-13	7.29238e-10	-2.12083e-11	0.000186757
8.24652	-1.7791e-09	-0.00361381	-1.60081e-13	7.22435e-10	-5.46694e-11	0.000184961
8.24661	-1.7804e-09	-0.00361381	-1.60099e-13	7.15475e-10	-4.60501e-11	0.000183207
8.2467	-1.78189e-09	-0.00361381	-1.6012e-13	7.06914e-10	1.47964e-11	0.000181229
8.24679	-1.7833e-09	-0.00361381	-1.6014e-13	6.98392e-10	2.02511e-11	0.000179052
8.24688	-1.7846e-09	-0.00361381	-1.60158e-13	6.90261e-10	1.13207e-10	0.00017693
8.24697	-1.78538e-09	-0.00361381	-1.60168e-13	6.81277e-10	1.30224e-10	0.000174749
8.24705	-1.78559e-09	-0.00361381	-1.6017e-13	6.70719e-10	1.30757e-10	0.000172258
8.24714	-1.78524e-09	-0.00361381	-1.60162e-13	6.60668e-10	1.663e-11	0.000169632
8.24722	-1.78483e-09	-0.00361381	-1.60154e-13	6.50884e-10	-1.61229e-10	0.000167105
8.24731	-1.78509e-09	-0.00361381	-1.60156e-13	6.40025e-10	-2.48601e-10	0.000164474
8.24739	-1.78636e-09	-0.00361381	-1.60174e-13	6.27564e-10	-1.74802e-10	0.000161502
8.24747	-1.7883e-09	-0.00361381	-1.60202e-13	6.15633e-10	-7.86968e-11	0.000158394
8.24754	-1.79051e-09	-0.00361381	-1.60234e-13	6.04132e-10	-6.62261e-11	0.000155408
8.24762	-1.79294e-09	-0.00361381	-1.6027e-13	5.9218e-10	6.08222e-11	0.00015242
8.2477	-1.79509e-09	-0.00361381	-1.60301e-13	5.78366e-10	2.12254e-10	0.000149136
8.24777	-1.79641e-09	-0.00361381	-1.6032e-13	5.64509e-10	2.65243e-10	0.00014561
8.24784	-1.79674e-09	-0.00361381	-1.60323e-13	5.51417e-10	2.61426e-10	0.000142176
8.24791	-1.79615e-09	-0.00361381	-1.60312e-13	5.38749e-10	2.50288e-10	0.000138894
8.24798	-1.79471e-09	-0.00361381	-1.60289e-13	5.25826e-10	2.10195e-10	0.000135633
8.24805	-1.7926e-09	-0.00361381	-1.60255e-13	5.11549e-10	1.00568e-10	0.000132167
8.24811	-1.79023e-09	-0.00361381	-1.60217e-13	4.97284e-10	-5.3186e-11	0.00012853
8.24818	-1.78808e-09	-0.00361382	-1.60183e-13	4.84055e-10	-2.51901e-10	0.000125027
8.24824	-1.78677e-09	-0.00361382	-1.60161e-13	4.71793e-10	-4.85899e-10	0.000121779
8.2483	-1.78695e-09	-0.00361382	-1.60163e-13	4.60331e-10	-6.51301e-10	0.000118756
8.24836	-1.78904e-09	-0.00361382	-1.60193e-13	4.4915e-10	-5.62507e-10	0.000115871
8.24842	-1.79269e-09	-0.00361382	-1.60248e-13	4.3761e-10	-2.29077e-10	0.000112976
8.24847	-1.79688e-09	-0.00361382	-1.6031e-13	4.26229e-10	-9.6256e-11	0.000110055
8.24853	-1.80123e-09	-0.00361382	-1.60375e-13	4.16116e-10	1.92305e-10	0.000107317
8.24858	-1.80496e-09	-0.00361382	-1.6043e-13	4.07342e-10	2.56197e-10	0.00010491
8.24863	-1.80795e-09	-0.00361382	-1.60475e-13	3.99799e-10	2.98993e-10	0.000102831
8.24868	-1.81012e-09	-0.00361382	-1.60506e-13	3.93376e-10	2.10111e-10	0.000101052
8.24873	-1.81173e-09	-0.00361382	-1.60529e-13	3.87904e-10	2.87199e-10	9.95361e-05
8.24878	-1.81261e-09	-0.00361382	-1.60541e-13	3.83211e-10	3.94388e-10	9.82409e-05
8.24883	-1.81251e-09	-0.00361382	-1.60539e-13	3.79021e-10	3.74821e-10	9.7109e-05
8.24888	-1.81152e-09	-0.00361382	-1.60522e-13	3.75678e-10	2.26343e-10	9.61492e-05
8.24893	-1.80998e-09	-0.00361382	-1.60498e-13	3.73792e-10	3.69229e-10	9.54829e-05
8.24897	-1.80758e-09	-0.00361382	-1.6046e-13	3.73247e-10	2.29936e-10	9.51732e-05
8.24902	-1.80463e-09	-0.00361382	-1.60414e-13	3.73975e-10	-3.82966e-11	9.51966e-05
8.24907	-1.80177e-09	-0.00361382	-1.6037e-13	3.75939e-10	-1.54929e-10	9.55396e-05
8.24912	-1.79927e-09	-0.00361382	-1.60331e-13	3.7906e-10	-1.58573e-10	9.61875e-05
8.24916	-1.79712e-09	-0.00361382	-1.60297e-13	3.833e-10	-1.38568e-10	9.71255e-05
8.24921	-1.7953e-09	-0.00361382	-1.60268e-13	3.88598e-10	-4.79333e-11	9.83406e-05
8.24926	-1.79356e-09	-0.00361382	-1.60241e-13	3.94923e-10	-1.21392e-10	9.98216e-05
8.24931	-1.7921e-09	-0.00361382	-1.60218e-13	4.02219e-10	-3.63182e-10	0.000101557
8.24936	-1.79155e-09	-0.00361382	-1.60208e-13	4.10494e-10	-8.77642e-11	0.000103541
8.24942	-1.79121e-09	-0.00361382	-1.60202e-13	4.22442e-10	-2.83089e-10	0.000106118
8.24947	-1.79163e-09	-0.00361382	-1.60207e-13	4.40016e-10	-6.74274e-11	0.000109879
8.24953	-1.79225e-09	-0.00361382	-1.60215e-13	4.61044e-10	-6.79598e-11	0.000114798
8.24959	-1.7931e-09	-0.00361382	-1.60226e-13	4.85261e-10	-8.82097e-11	0.000120563
8.24965	-1.79427e-09	-0.00361382	-1.60242e-13	5.12738e-10	2.64144e-11	0.00012715
8.24971	-1.79542e-09	-0.00361382	-1.60258e-13	5.43865e-10	1.09004e-11	0.000134617
8.24978	-1.7966e-09	-0.00361382	-1.60274e-13	5.79036e-10	5.86236e-11	0.000143065
8.24986	-1.79764e-09	-0.00361382	-1.60288e-13	6.18993e-10	-7.74943e-11	0.000152639
8.24993	-1.79906e-09	-0.00361382	-1.60307e-13	6.64519e-10	7.63684e-11	0.000163532
8.25002	-1.80025e-09	-0.00361382	-1.60323e-13	7.17077e-10	6.44554e-12	0.000176031
8.25011	-1.80152e-09	-0.00361383	-1.6034e-13	7.7846e-10	1.81491e-11	0.000190551
8.25021	-1.8028e-09	-0.00361383	-1.60356e-13	8.52122e-10	2.48907e-11	0.000207761
8.25032	-1.80407e-09	-0.00361383	-1.60373e-13	9.44518e-10	5.71722e-11	0.000228924
8.25044	-1.80513e-09	-0.00361383	-1.60385e-13	1.07687e-09	9.12105e-11	0.000257569
8.25058	-1.80572e-09	-0.00361383	-1.60391e-13	1.25867e-09	7.74354e-11	0.000297611
8.25074	-1.80578e-09	-0.00361383	-1.60387e-13	1.51053e-09	3.78709e-11	0.000352891
8.25093	-1.80549e-09	-0.00361383	-1.60378e-13	1.88617e-09	2.65226e-12	0.00043289
8.25117	-1.8051e-09	-0.00361383	-1.60366e-13	2.52622e-09	-9.4839e-12	0.000562411
8.25149	-1.80473e-09	-0.00361383	-1.60352e-13	3.90355e-09	8.73606e-12	0.000819782
8.25199	-1.80394e-09	-0.00361383	-1.60328e-13	8.21182e-09	2.64316e-11	0.00154605
8.25304	-1.80088e-09	-0.00361384	-1.60257e-13	6.23893e-08	-1.4369e-11	0.00912649
8.26112	-1.78313e-09	-0.00361387	-1.59821e-13	-0.0560215	-4.60586e-11	59.9934
-51.7535	1.75775e-09	-0.0133434	1.63829e-13	-0.0960311	9.65226e-13	119.995
