-25.8688	-1.78114e-08	-0.00361465	-1.58691e-12	0.04	-5.08811e-08	60.001
-25.8687	-1.81897e-08	-0.00361465	-1.59205e-12	7.32528e-11	5.49116e-07	0.000158769
-25.8686	-1.79378e-08	-0.00361465	-1.5886e-12	1.89738e-11	5.97949e-07	1.55674e-05
-25.8686	-1.76389e-08	-0.00361465	-1.5845e-12	3.95527e-11	-1.36977e-07	9.59528e-06
-25.8686	-1.74402e-08	-0.00361465	-1.58179e-12	4.61291e-11	-4.71479e-07	7.84574e-06
-25.8686	-1.73499e-08	-0.00361465	-1.58055e-12	3.32654e-11	-3.39828e-07	7.25353e-06
-25.8686	-1.73236e-08	-0.00361465	-1.58019e-12	2.80055e-11	-7.26899e-08	7.06573e-06
-25.8686	-1.73104e-08	-0.00361465	-1.58001e-12	2.75018e-11	5.74236e-08	7.05741e-06
-25.8686	-1.72869e-08	-0.00361465	-1.57969e-12	2.78422e-11	5.03801e-08	7.1389e-06
-25.8686	-1.7254e-08	-0.00361465	-1.57923e-12	2.88834e-11	-6.55262e-09	7.26939e-06
-25.8686	-1.72216e-08	-0.00361465	-1.57879e-12	2.98603e-11	-4.89287e-08	7.42846e-06
-25.8686	-1.71977e-08	-0.00361465	-1.57846e-12	3.05419e-11	-7.04663e-08	7.60582e-06
-25.8686	-1.71867e-08	-0.00361465	-1.57831e-12	3.10577e-11	-3.90355e-08	7.79639e-06
-25.8686	-1.71831e-08	-0.00361465	-1.57826e-12	3.17672e-11	-5.57972e-08	7.99742e-06
-25.8686	-1.71908e-08	-0.00361465	-1.57837e-12	3.2537e-11	-3.54443e-08	8.20773e-06
-25.8686	-1.7206e-08	-0.00361465	-1.57857e-12	3.33456e-11	-3.67092e-08	8.42671e-06
-25.8686	-1.72295e-08	-0.00361465	-1.57889e-12	3.41742e-11	-3.84738e-08	8.65439e-06
-25.8686	-1.7262e-08	-0.00361465	-1.57934e-12	3.49305e-11	-5.0589e-08	8.89084e-06
-25.8686	-1.73069e-08	-0.00361465	-1.57995e-12	3.61814e-11	-1.63003e-08	9.13639e-06
-25.8686	-1.73567e-08	-0.00361465	-1.58063e-12	3.69806e-11	-3.35842e-08	9.39124e-06
-25.8686	-1.74159e-08	-0.00361465	-1.58144e-12	3.80729e-11	-2.69498e-08	9.65573e-06
-25.8686	-1.74834e-08	-0.00361465	-1.58236e-12	3.94495e-11	-5.31491e-09	9.93002e-06
-25.8686	-1.75542e-08	-0.00361465	-1.58333e-12	4.09536e-11	2.18755e-08	1.02143e-05
-25.8686	-1.76214e-08	-0.00361465	-1.58425e-12	4.17824e-11	-4.21643e-09	1.05091e-05
-25.8685	-1.76916e-08	-0.00361465	-1.5852e-12	4.36952e-11	5.30746e-08	1.08159e-05
-25.8685	-1.77493e-08	-0.00361465	-1.58599e-12	4.45001e-11	1.48942e-08	1.11358e-05
-25.8685	-1.78045e-08	-0.00361465	-1.58674e-12	4.62147e-11	6.53239e-08	1.14691e-05
-25.8685	-1.78424e-08	-0.00361465	-1.58726e-12	4.73649e-11	5.80511e-08	1.18159e-05
-25.8685	-1.7864e-08	-0.00361465	-1.58755e-12	4.86427e-11	6.61766e-08	1.21765e-05
-25.8685	-1.78659e-08	-0.00361465	-1.58758e-12	4.99765e-11	4.62354e-08	1.25517e-05
-25.8685	-1.78531e-08	-0.00361465	-1.5874e-12	5.1403e-11	5.42744e-08	1.29431e-05
-25.8685	-1.7822e-08	-0.00361465	-1.58697e-12	5.30664e-11	2.93162e-08	1.33521e-05
-25.8685	-1.778e-08	-0.00361465	-1.5864e-12	5.4825e-11	1.62749e-08	1.37784e-05
-25.8685	-1.7731e-08	-0.00361465	-1.58573e-12	5.68134e-11	-1.63745e-08	1.42216e-05
-25.8685	-1.76863e-08	-0.00361465	-1.58512e-12	5.86601e-11	-1.9553e-08	1.46823e-05
-25.8685	-1.76474e-08	-0.00361465	-1.58458e-12	6.06458e-11	-3.97976e-08	1.51629e-05
-25.8685	-1.76226e-08	-0.00361465	-1.58424e-12	6.25682e-11	-3.26268e-08	1.56649e-05
-25.8685	-1.76099e-08	-0.00361465	-1.58407e-12	6.46005e-11	-2.96956e-08	1.61869e-05
-25.8685	-1.76091e-08	-0.00361465	-1.58405e-12	6.67226e-11	-2.3035e-08	1.67275e-05
-25.8684	-1.7618e-08	-0.00361465	-1.58417e-12	6.89683e-11	-8.07712e-09	1.72884e-05
-25.8684	-1.76307e-08	-0.00361465	-1.58435e-12	7.13118e-11	-2.59798e-10	1.78717e-05
-25.8684	-1.7644e-08	-0.00361465	-1.58453e-12	7.3724e-11	7.49684e-09	1.84751e-05
-25.8684	-1.76543e-08	-0.00361465	-1.58466e-12	7.61863e-11	1.23624e-08	1.90948e-05
-25.8684	-1.76588e-08	-0.00361465	-1.58472e-12	7.87118e-11	1.02539e-08	1.97311e-05
-25.8684	-1.76584e-08	-0.00361465	-1.58471e-12	8.12937e-11	5.53761e-09	2.03831e-05
-25.8684	-1.76551e-08	-0.00361465	-1.58467e-12	8.38904e-11	1.75957e-09	2.10432e-05
-25.8684	-1.76508e-08	-0.00361465	-1.58461e-12	8.64707e-11	-9.00916e-10	2.17026e-05
-25.8684	-1.76468e-08	-0.00361465	-1.58455e-12	8.90255e-11	-1.82181e-09	2.23566e-05
-25.8684	-1.76437e-08	-0.00361465	-1.5845e-12	9.17714e-11	-1.10928e-09	2.30319e-05
-25.8683	-1.76412e-08	-0.00361465	-1.58447e-12	9.47558e-11	-1.46123e-09	2.37619e-05
-25.8683	-1.76395e-08	-0.00361465	-1.58444e-12	9.79509e-11	-7.5786e-10	2.45492e-05
-25.8683	-1.76382e-08	-0.00361465	-1.58442e-12	1.01333e-10	-6.73515e-10	2.53872e-05
-25.8683	-1.76373e-08	-0.00361465	-1.5844e-12	1.04883e-10	-1.65307e-10	2.62703e-05
-25.8683	-1.76365e-08	-0.00361465	-1.58439e-12	1.08625e-10	-1.42437e-10	2.71992e-05
-25.8683	-1.76357e-08	-0.00361465	-1.58438e-12	1.12548e-10	2.83069e-10	2.81758e-05
-25.8683	-1.76347e-08	-0.00361465	-1.58436e-12	1.16627e-10	7.95465e-11	2.91952e-05
-25.8682	-1.76337e-08	-0.00361465	-1.58434e-12	1.20881e-10	-6.57916e-10	3.02567e-05
-25.8682	-1.7633e-08	-0.00361465	-1.58433e-12	1.25291e-10	-3.59219e-10	3.13604e-05
-25.8682	-1.76327e-08	-0.00361465	-1.58432e-12	1.29813e-10	-4.27419e-10	3.24983e-05
-25.8682	-1.76327e-08	-0.00361465	-1.58432e-12	1.34464e-10	-5.74031e-10	3.36669e-05
-25.8682	-1.76332e-08	-0.00361465	-1.58432e-12	1.392e-10	8.19525e-10	3.48628e-05
-25.8682	-1.76329e-08	-0.00361465	-1.58431e-12	1.43977e-10	-3.11061e-10	3.60747e-05
-25.8681	-1.7633e-08	-0.00361465	-1.58431e-12	1.48799e-10	-6.97464e-10	3.72977e-05
-25.8681	-1.76337e-08	-0.00361465	-1.58431e-12	1.53597e-10	3.44419e-10	3.85233e-05
-25.8681	-1.76341e-08	-0.00361465	-1.58431e-12	1.58323e-10	1.11082e-09	3.97366e-05
-25.8681	-1.76334e-08	-0.00361465	-1.5843e-12	1.63389e-10	-3.71158e-10	4.09841e-05
-25.8681	-1.7633e-08	-0.00361465	-1.58429e-12	1.68876e-10	-4.6738e-10	4.23285e-05
-25.868	-1.76332e-08	-0.00361465	-1.58429e-12	1.74515e-10	-4.48996e-10	4.3746e-05
-25.868	-1.76338e-08	-0.00361465	-1.58429e-12	1.8024e-10	2.13169e-10	4.51938e-05
-25.868	-1.76342e-08	-0.00361465	-1.58429e-12	1.85966e-10	1.11072e-10	4.66526e-05
-25.868	-1.76345e-08	-0.00361465	-1.58429e-12	1.91731e-10	1.78114e-10	4.81165e-05
-25.868	-1.76346e-08	-0.00361465	-1.58429e-12	1.97523e-10	2.8531e-10	4.95889e-05
-25.8679	-1.76344e-08	-0.00361465	-1.58428e-12	2.03394e-10	1.81559e-10	5.10749e-05
-25.8679	-1.76339e-08	-0.00361465	-1.58426e-12	2.09587e-10	-2.55616e-10	5.26118e-05
-25.8679	-1.76337e-08	-0.00361465	-1.58425e-12	2.16263e-10	1.41024e-10	5.42513e-05
-25.8678	-1.76333e-08	-0.00361465	-1.58424e-12	2.22986e-10	-3.067e-10	5.59583e-05
-25.8678	-1.76334e-08	-0.00361465	-1.58424e-12	2.29542e-10	-1.88449e-11	5.76501e-05
-25.8678	-1.76334e-08	-0.00361465	-1.58423e-12	2.35927e-10	4.24845e-10	5.92989e-05
-25.8678	-1.76329e-08	-0.00361465	-1.58422e-12	2.42312e-10	2.9006e-10	6.09259e-05
-25.8677	-1.76319e-08	-0.00361465	-1.58419e-12	2.4879e-10	8.72568e-11	6.25648e-05
-25.8677	-1.76307e-08	-0.00361465	-1.58417e-12	2.55831e-10	-1.6693e-10	6.42871e-05
-25.8677	-1.76297e-08	-0.00361465	-1.58415e-12	2.63216e-10	-2.14294e-10	6.61251e-05
-25.8676	-1.76291e-08	-0.00361465	-1.58413e-12	2.70235e-10	-2.57124e-10	6.79602e-05
-25.8676	-1.76289e-08	-0.00361465	-1.58412e-12	2.7708e-10	2.45781e-10	6.97265e-05
-25.8676	-1.76283e-08	-0.00361465	-1.58411e-12	2.83819e-10	2.80541e-10	7.14572e-05
-25.8675	-1.76271e-08	-0.00361466	-1.58408e-12	2.90889e-10	-2.40441e-10	7.32165e-05
-25.8675	-1.76264e-08	-0.00361466	-1.58406e-12	2.98479e-10	-2.87159e-10	7.50843e-05
-25.8675	-1.76262e-08	-0.00361466	-1.58405e-12	3.05763e-10	-7.44729e-11	7.69794e-05
-25.8674	-1.76261e-08	-0.00361466	-1.58404e-12	3.12828e-10	2.00913e-10	7.88076e-05
-25.8674	-1.76256e-08	-0.00361466	-1.58403e-12	3.19788e-10	-5.17098e-11	8.05945e-05
-25.8673	-1.76253e-08	-0.00361466	-1.58401e-12	3.27175e-10	-1.70782e-10	8.24225e-05
-25.8673	-1.76252e-08	-0.00361466	-1.584e-12	3.34689e-10	-3.11258e-10	8.4321e-05
-25.8672	-1.76259e-08	-0.00361466	-1.584e-12	3.41877e-10	-8.55729e-11	8.61941e-05
-25.8672	-1.76267e-08	-0.00361466	-1.584e-12	3.4893e-10	3.12846e-10	8.80087e-05
-25.8672	-1.76269e-08	-0.00361466	-1.58399e-12	3.56152e-10	-7.51707e-11	8.98275e-05
-25.8671	-1.76272e-08	-0.00361466	-1.58399e-12	3.63613e-10	1.37842e-11	9.16983e-05
-25.8671	-1.76275e-08	-0.00361466	-1.58398e-12	3.70738e-10	7.24764e-12	9.35566e-05
-25.867	-1.76278e-08	-0.00361466	-1.58397e-12	3.77751e-10	1.00979e-10	9.5358e-05
-25.867	-1.76279e-08	-0.00361466	-1.58396e-12	3.84906e-10	-1.68634e-10	9.71631e-05
-25.8669	-1.76283e-08	-0.00361466	-1.58396e-12	3.92121e-10	-9.87138e-12	9.89941e-05
-25.8669	-1.76288e-08	-0.00361466	-1.58395e-12	3.99064e-10	1.35506e-11	0.000100798
-25.8668	-1.76293e-08	-0.00361466	-1.58395e-12	4.05935e-10	9.77166e-11	0.000102558
-25.8668	-1.76295e-08	-0.00361466	-1.58394e-12	4.12951e-10	8.90876e-12	0.000104328
-25.8667	-1.76298e-08	-0.00361466	-1.58393e-12	4.19797e-10	-9.47384e-11	0.000106094
-25.8667	-1.76302e-08	-0.00361466	-1.58392e-12	4.2647e-10	-1.20574e-10	0.000107816
-25.8666	-1.7631e-08	-0.00361466	-1.58392e-12	4.3317e-10	3.58962e-11	0.00010952
-25.8666	-1.76318e-08	-0.00361466	-1.58392e-12	4.39819e-10	1.11757e-10	0.000111221
-25.8665	-1.76322e-08	-0.00361466	-1.58391e-12	4.46269e-10	-3.27937e-11	0.00011289
-25.8664	-1.76327e-08	-0.00361466	-1.5839e-12	4.52662e-10	8.63774e-12	0.000114527
-25.8664	-1.76332e-08	-0.00361466	-1.5839e-12	4.59017e-10	-8.33909e-11	0.000116151
-25.8663	-1.76339e-08	-0.00361466	-1.58389e-12	4.65189e-10	1.90515e-11	0.000117747
-25.8663	-1.76346e-08	-0.00361466	-1.58389e-12	4.71264e-10	-8.5984e-13	0.000119308
-25.8662	-1.76354e-08	-0.00361466	-1.58388e-12	4.77279e-10	2.59034e-12	0.000120848
-25.8661	-1.76361e-08	-0.00361466	-1.58388e-12	4.83109e-10	3.1249e-11	0.000122357
-25.8661	-1.76367e-08	-0.00361466	-1.58387e-12	4.88851e-10	1.49164e-11	0.000123832
-25.866	-1.76373e-08	-0.00361466	-1.58386e-12	4.94481e-10	-4.42815e-11	0.000125281
-25.866	-1.7638e-08	-0.00361466	-1.58386e-12	4.99934e-10	-1.00295e-12	0.000126693
-25.8659	-1.76388e-08	-0.00361466	-1.58385e-12	5.05303e-10	-1.28255e-11	0.000128072
-25.8658	-1.76396e-08	-0.00361466	-1.58385e-12	5.10521e-10	3.19242e-11	0.000129421
-25.8658	-1.76403e-08	-0.00361466	-1.58384e-12	5.15559e-10	-6.07128e-11	0.000130728
-25.8657	-1.76412e-08	-0.00361466	-1.58384e-12	5.20528e-10	6.00994e-11	0.000132003
-25.8656	-1.76419e-08	-0.00361466	-1.58383e-12	5.25297e-10	5.04322e-11	0.000133244
-25.8656	-1.76425e-08	-0.00361466	-1.58382e-12	5.29908e-10	3.50457e-11	0.000134439
-25.8655	-1.76429e-08	-0.00361466	-1.58381e-12	5.34447e-10	-9.78235e-11	0.000135605
-25.8654	-1.76437e-08	-0.00361466	-1.58381e-12	5.38746e-10	-6.5095e-11	0.000136731
-25.8654	-1.76447e-08	-0.00361466	-1.5838e-12	5.42912e-10	-1.15868e-11	0.00013781
-25.8653	-1.76458e-08	-0.00361466	-1.5838e-12	5.46999e-10	-7.57509e-12	0.000138861
-25.8652	-1.76469e-08	-0.00361466	-1.5838e-12	5.50798e-10	1.23967e-10	0.000139866
-25.8652	-1.76475e-08	-0.00361467	-1.58379e-12	5.54512e-10	7.55582e-11	0.000140824
-25.8651	-1.76479e-08	-0.00361467	-1.58378e-12	5.58116e-10	-1.02013e-10	0.000141756
-25.865	-1.76487e-08	-0.00361467	-1.58377e-12	5.61417e-10	-5.62144e-11	0.000142636
-25.8649	-1.76497e-08	-0.00361467	-1.58377e-12	5.64677e-10	-5.862e-11	0.000143472
-25.8649	-1.76508e-08	-0.00361467	-1.58377e-12	5.67779e-10	5.43787e-11	0.000144283
-25.8648	-1.76518e-08	-0.00361467	-1.58376e-12	5.7058e-10	3.23871e-11	0.000145035
-25.8647	-1.76527e-08	-0.00361467	-1.58376e-12	5.73384e-10	2.76618e-11	0.000145749
-25.8647	-1.76535e-08	-0.00361467	-1.58375e-12	5.75943e-10	4.34622e-11	0.000146432
-25.8646	-1.76542e-08	-0.00361467	-1.58374e-12	5.78263e-10	5.86713e-12	0.000147054
-25.8645	-1.76548e-08	-0.00361467	-1.58373e-12	5.80599e-10	-4.38784e-11	0.000147647
-25.8644	-1.76556e-08	-0.00361467	-1.58372e-12	5.82594e-10	-1.82735e-11	0.000148199
-25.8644	-1.76564e-08	-0.00361467	-1.58372e-12	5.84452e-10	-3.53502e-11	0.00014869
-25.8643	-1.76574e-08	-0.00361467	-1.58371e-12	5.863e-10	2.48769e-11	0.000149163
-25.8642	-1.76583e-08	-0.00361467	-1.5837e-12	5.8773e-10	-4.13056e-11	0.00014958
-25.8641	-1.76593e-08	-0.00361467	-1.5837e-12	5.89139e-10	4.54663e-11	0.000149942
-25.8641	-1.76602e-08	-0.00361467	-1.58369e-12	5.90461e-10	-1.65045e-11	0.00015029
-25.864	-1.76612e-08	-0.00361467	-1.58369e-12	5.91354e-10	2.9553e-11	0.000150572
-25.8639	-1.7662e-08	-0.00361467	-1.58368e-12	5.92309e-10	9.9081e-12	0.000150808
-25.8638	-1.76628e-08	-0.00361467	-1.58367e-12	5.93071e-10	1.29297e-13	0.000151027
-25.8638	-1.76636e-08	-0.00361467	-1.58366e-12	5.9345e-10	-7.04701e-11	0.000151172
-25.8637	-1.76647e-08	-0.00361467	-1.58366e-12	5.93944e-10	2.55832e-11	0.000151283
-25.8636	-1.76656e-08	-0.00361467	-1.58365e-12	5.94124e-10	-1.91207e-11	0.000151369
-25.8635	-1.76667e-08	-0.00361467	-1.58365e-12	5.94009e-10	7.1165e-11	0.000151377
-25.8635	-1.76675e-08	-0.00361467	-1.58364e-12	5.94018e-10	-1.38984e-12	0.000151364
-25.8634	-1.76682e-08	-0.00361467	-1.58363e-12	5.93595e-10	2.33796e-11	0.000151311
-25.8633	-1.76689e-08	-0.00361467	-1.58362e-12	5.92981e-10	-2.50065e-11	0.000151179
-25.8632	-1.76697e-08	-0.00361467	-1.58361e-12	5.92478e-10	-1.22132e-13	0.000151037
-25.8631	-1.76705e-08	-0.00361467	-1.58361e-12	5.91442e-10	-2.37491e-11	0.000150841
-25.8631	-1.76714e-08	-0.00361467	-1.5836e-12	5.9031e-10	-6.27154e-11	0.000150564
-25.863	-1.76725e-08	-0.00361467	-1.58359e-12	5.89264e-10	5.94962e-12	0.000150287
-25.8629	-1.76736e-08	-0.00361467	-1.58359e-12	5.87607e-10	6.6517e-11	0.000149942
-25.8628	-1.76744e-08	-0.00361467	-1.58358e-12	5.85908e-10	-1.06899e-11	0.000149515
-25.8628	-1.76753e-08	-0.00361467	-1.58357e-12	5.84289e-10	2.13557e-11	0.000149092
-25.8627	-1.76761e-08	-0.00361467	-1.58357e-12	5.81985e-10	2.33829e-11	0.000148592
-25.8626	-1.76768e-08	-0.00361467	-1.58356e-12	5.79652e-10	-2.294e-12	0.000148001
-25.8626	-1.76775e-08	-0.00361468	-1.58355e-12	5.77419e-10	1.2871e-11	0.000147419
-25.8625	-1.76781e-08	-0.00361468	-1.58354e-12	5.74449e-10	-5.00593e-11	0.000146756
-25.8624	-1.7679e-08	-0.00361468	-1.58353e-12	5.71373e-10	-7.52289e-11	0.000145986
-25.8623	-1.76801e-08	-0.00361468	-1.58353e-12	5.68471e-10	3.84538e-11	0.000145224
-25.8623	-1.7681e-08	-0.00361468	-1.58352e-12	5.64838e-10	6.82851e-11	0.000144391
-25.8622	-1.76817e-08	-0.00361468	-1.58351e-12	5.60871e-10	5.83446e-11	0.000143423
-25.8621	-1.76822e-08	-0.00361468	-1.5835e-12	5.57183e-10	5.92677e-12	0.000142448
-25.862	-1.76827e-08	-0.00361468	-1.58349e-12	5.52957e-10	-3.52771e-11	0.000141439
-25.862	-1.76833e-08	-0.00361468	-1.58348e-12	5.47931e-10	-3.78168e-11	0.00014026
-25.8619	-1.7684e-08	-0.00361468	-1.58347e-12	5.43258e-10	-9.84886e-11	0.000139024
-25.8618	-1.7685e-08	-0.00361468	-1.58347e-12	5.38456e-10	-8.24344e-11	0.000137817
-25.8618	-1.76864e-08	-0.00361468	-1.58347e-12	5.32436e-10	2.81413e-11	0.000136438
-25.8617	-1.76876e-08	-0.00361468	-1.58347e-12	5.26431e-10	3.78792e-11	0.000134906
-25.8616	-1.76886e-08	-0.00361468	-1.58346e-12	5.20705e-10	2.05578e-10	0.000133411
-25.8616	-1.7689e-08	-0.00361468	-1.58345e-12	5.14322e-10	2.35416e-10	0.000131868
-25.8615	-1.76886e-08	-0.00361468	-1.58343e-12	5.06734e-10	2.35428e-10	0.000130088
-25.8614	-1.76875e-08	-0.00361468	-1.5834e-12	4.99513e-10	2.93765e-11	0.000128201
-25.8614	-1.76862e-08	-0.00361468	-1.58337e-12	4.92476e-10	-2.89914e-10	0.000126384
-25.8613	-1.76859e-08	-0.00361468	-1.58335e-12	4.8461e-10	-4.4536e-10	0.000124485
-25.8612	-1.7687e-08	-0.00361468	-1.58335e-12	4.75512e-10	-3.1165e-10	0.000122323
-25.8612	-1.7689e-08	-0.00361468	-1.58336e-12	4.66797e-10	-1.3882e-10	0.000120054
-25.8611	-1.76914e-08	-0.00361468	-1.58337e-12	4.58389e-10	-1.161e-10	0.000117872
-25.8611	-1.76941e-08	-0.00361468	-1.58339e-12	4.49621e-10	1.10623e-10	0.000115683
-25.861	-1.76964e-08	-0.00361468	-1.58341e-12	4.39421e-10	3.79614e-10	0.000113267
-25.861	-1.76976e-08	-0.00361468	-1.58341e-12	4.29168e-10	4.72437e-10	0.000110661
-25.8609	-1.76975e-08	-0.00361468	-1.58339e-12	4.19477e-10	4.64078e-10	0.000108119
-25.8608	-1.76961e-08	-0.00361468	-1.58336e-12	4.10091e-10	4.42837e-10	0.000105689
-25.8608	-1.76936e-08	-0.00361468	-1.58332e-12	4.00493e-10	3.70492e-10	0.00010327
-25.8607	-1.76902e-08	-0.00361468	-1.58326e-12	3.89846e-10	1.75587e-10	0.00010069
-25.8607	-1.76865e-08	-0.00361468	-1.5832e-12	3.79189e-10	-9.63727e-11	9.79759e-05
-25.8606	-1.76831e-08	-0.00361468	-1.58315e-12	3.69306e-10	-4.46509e-10	9.53588e-05
-25.8606	-1.76809e-08	-0.00361468	-1.58311e-12	3.60144e-10	-8.57434e-10	9.29321e-05
-25.8606	-1.76806e-08	-0.00361468	-1.5831e-12	3.51578e-10	-1.14611e-09	9.06734e-05
-25.8605	-1.7683e-08	-0.00361468	-1.58312e-12	3.43214e-10	-9.86924e-10	8.85164e-05
-25.8605	-1.76874e-08	-0.00361468	-1.58316e-12	3.34563e-10	-3.98825e-10	8.63485e-05
-25.8604	-1.76926e-08	-0.00361468	-1.58321e-12	3.2602e-10	-1.64876e-10	8.41577e-05
-25.8604	-1.7698e-08	-0.00361468	-1.58327e-12	3.18435e-10	3.41184e-10	8.21029e-05
-25.8603	-1.77026e-08	-0.00361468	-1.58331e-12	3.11865e-10	4.52129e-10	8.02995e-05
-25.8603	-1.77062e-08	-0.00361468	-1.58335e-12	3.06229e-10	5.25843e-10	7.87444e-05
-25.8603	-1.77086e-08	-0.00361468	-1.58337e-12	3.01444e-10	3.69223e-10	7.74166e-05
-25.8602	-1.77104e-08	-0.00361468	-1.58338e-12	2.97382e-10	5.02934e-10	7.62894e-05
-25.8602	-1.77112e-08	-0.00361468	-1.58338e-12	2.93912e-10	6.88748e-10	7.53297e-05
-25.8601	-1.77106e-08	-0.00361468	-1.58337e-12	2.90823e-10	6.53071e-10	7.4494e-05
-25.8601	-1.77089e-08	-0.00361468	-1.58334e-12	2.8838e-10	3.93058e-10	7.37892e-05
-25.8601	-1.77065e-08	-0.00361468	-1.5833e-12	2.87054e-10	6.40777e-10	7.33091e-05
-25.86	-1.77029e-08	-0.00361468	-1.58324e-12	2.86756e-10	3.97225e-10	7.31021e-05
-25.86	-1.76985e-08	-0.00361468	-1.58318e-12	2.87437e-10	-6.95037e-11	7.3151e-05
-25.86	-1.76943e-08	-0.00361468	-1.58312e-12	2.89069e-10	-2.7174e-10	7.34456e-05
-25.8599	-1.76906e-08	-0.00361468	-1.58307e-12	2.91593e-10	-2.77466e-10	7.39751e-05
-25.8599	-1.76873e-08	-0.00361468	-1.58302e-12	2.94982e-10	-2.42214e-10	7.47285e-05
-25.8599	-1.76845e-08	-0.00361468	-1.58297e-12	2.99189e-10	-8.4848e-11	7.56963e-05
-25.8598	-1.76818e-08	-0.00361468	-1.58293e-12	3.04194e-10	-2.11676e-10	7.687e-05
-25.8598	-1.76795e-08	-0.00361468	-1.58289e-12	3.09953e-10	-6.28826e-10	7.82414e-05
-25.8597	-1.76783e-08	-0.00361468	-1.58287e-12	3.16475e-10	-1.52087e-10	7.98062e-05
-25.8597	-1.76775e-08	-0.00361468	-1.58285e-12	3.25841e-10	-4.88429e-10	8.18304e-05
-25.8597	-1.76776e-08	-0.00361468	-1.58284e-12	3.39562e-10	-1.15802e-10	8.47719e-05
-25.8596	-1.7678e-08	-0.00361469	-1.58283e-12	3.55971e-10	-1.16392e-10	8.86108e-05
-25.8596	-1.76786e-08	-0.00361469	-1.58283e-12	3.7487e-10	-1.50826e-10	9.31095e-05
-25.8595	-1.76797e-08	-0.00361469	-1.58283e-12	3.96321e-10	4.63808e-11	9.82505e-05
-25.8595	-1.76807e-08	-0.00361469	-1.58283e-12	4.20633e-10	1.97044e-11	0.000104081
-25.8594	-1.76817e-08	-0.00361469	-1.58283e-12	4.4812e-10	1.0139e-10	0.000110681
-25.8594	-1.76825e-08	-0.00361469	-1.58283e-12	4.7937e-10	-1.31553e-10	0.000118166
-25.8593	-1.76837e-08	-0.00361469	-1.58283e-12	5.15002e-10	1.31591e-10	0.000126688
-25.8592	-1.76846e-08	-0.00361469	-1.58282e-12	5.56172e-10	1.20185e-11	0.000136474
-25.8592	-1.76856e-08	-0.00361469	-1.58281e-12	6.04295e-10	3.1954e-11	0.000147852
-25.8591	-1.76864e-08	-0.00361469	-1.58281e-12	6.62092e-10	4.33398e-11	0.000161349
-25.859	-1.76872e-08	-0.00361469	-1.58279e-12	7.34635e-10	9.78854e-11	0.000177959
-25.8589	-1.76877e-08	-0.00361469	-1.58278e-12	8.38549e-10	1.54921e-10	0.000200446
-25.8588	-1.76873e-08	-0.00361469	-1.58275e-12	9.81426e-10	1.30747e-10	0.000231898
-25.8587	-1.76861e-08	-0.00361469	-1.5827e-12	1.17968e-09	6.32883e-11	0.000275377
-25.8585	-1.76842e-08	-0.00361469	-1.58264e-12	1.47592e-09	3.69803e-12	0.00033841
-25.8583	-1.76817e-08	-0.00361469	-1.58256e-12	1.98181e-09	-1.67491e-11	0.000440674
-25.8581	-1.76786e-08	-0.00361469	-1.58246e-12	3.07381e-09	1.3145e-11	0.000644463
-25.8577	-1.76735e-08	-0.00361469	-1.58231e-12	6.51288e-09	4.01461e-11	0.00122292
-25.8569	-1.76611e-08	-0.00361469	-1.58196e-12	5.172e-08	-4.12108e-11	0.00750877
-25.8502	-1.7575e-08	-0.00361471	-1.57941e-12	-0.0560156	-2.78929e-10	59.9889
34.132	1.76578e-08	-0.0133542	1.61433e-12	-0.0960475	9.56246e-12	119.983
