44.1428	-1.06903e-09	-0.00361228	-9.41612e-14	0.04	-1.91963e-08	60.0007
44.143	-1.29689e-09	-0.00361229	-9.8315e-14	1.25759e-10	2.06289e-07	0.000253521
44.1431	-1.14599e-09	-0.00361229	-9.55612e-14	6.48996e-11	2.24839e-07	2.48277e-05
44.1431	-9.66867e-10	-0.00361229	-9.22935e-14	5.28397e-11	-5.13973e-08	1.53014e-05
44.1431	-8.47804e-10	-0.00361229	-9.01217e-14	4.87685e-11	-1.77204e-07	1.25105e-05
44.1431	-7.93669e-10	-0.00361229	-8.91344e-14	4.51921e-11	-1.27756e-07	1.15655e-05
44.1431	-7.77943e-10	-0.00361229	-8.88477e-14	4.40608e-11	-2.73278e-08	1.12654e-05
44.1431	-7.70026e-10	-0.00361229	-8.87035e-14	4.42779e-11	2.16037e-08	1.12515e-05
44.1431	-7.55953e-10	-0.00361229	-8.8447e-14	4.49621e-11	1.89606e-08	1.13808e-05
44.1431	-7.36222e-10	-0.00361229	-8.80874e-14	4.59562e-11	-2.4527e-09	1.15882e-05
44.1431	-7.16802e-10	-0.00361229	-8.77335e-14	4.70561e-11	-1.83978e-08	1.18411e-05
44.1431	-7.02443e-10	-0.00361229	-8.7472e-14	4.82074e-11	-2.65082e-08	1.21231e-05
44.1431	-6.95863e-10	-0.00361229	-8.73523e-14	4.93924e-11	-1.46872e-08	1.24261e-05
44.1431	-6.93735e-10	-0.00361229	-8.73138e-14	5.06664e-11	-2.10013e-08	1.27457e-05
44.1431	-6.9833e-10	-0.00361229	-8.73978e-14	5.19926e-11	-1.33464e-08	1.308e-05
44.1431	-7.07467e-10	-0.00361229	-8.75647e-14	5.33789e-11	-1.38274e-08	1.34281e-05
44.1431	-7.21553e-10	-0.00361229	-8.78218e-14	5.48121e-11	-1.4497e-08	1.379e-05
44.1431	-7.41084e-10	-0.00361229	-8.81781e-14	5.62903e-11	-1.90655e-08	1.41658e-05
44.1432	-7.67995e-10	-0.00361229	-8.86689e-14	5.78864e-11	-6.15721e-09	1.4556e-05
44.1432	-7.97921e-10	-0.00361229	-8.92145e-14	5.94758e-11	-1.26716e-08	1.49609e-05
44.1432	-8.33489e-10	-0.00361229	-8.98629e-14	6.11585e-11	-1.01774e-08	1.53811e-05
44.1432	-8.74028e-10	-0.00361229	-9.06018e-14	6.29409e-11	-2.02886e-09	1.58169e-05
44.1432	-9.16534e-10	-0.00361229	-9.13765e-14	6.47953e-11	8.21833e-09	1.62684e-05
44.1432	-9.56868e-10	-0.00361229	-9.21114e-14	6.66184e-11	-1.61532e-09	1.67366e-05
44.1432	-9.99053e-10	-0.00361229	-9.288e-14	6.86669e-11	1.99854e-08	1.72237e-05
44.1432	-1.03374e-09	-0.00361229	-9.3512e-14	7.06351e-11	5.59486e-09	1.77317e-05
44.1432	-1.06695e-09	-0.00361229	-9.41167e-14	7.28066e-11	2.4619e-08	1.82608e-05
44.1432	-1.08974e-09	-0.00361229	-9.45318e-14	7.49763e-11	2.18866e-08	1.88112e-05
44.1432	-1.10278e-09	-0.00361229	-9.47691e-14	7.72415e-11	2.49635e-08	1.93835e-05
44.1432	-1.10394e-09	-0.00361229	-9.479e-14	7.96015e-11	1.74499e-08	1.99788e-05
44.1433	-1.09629e-09	-0.00361229	-9.46504e-14	8.20712e-11	2.04941e-08	2.05997e-05
44.1433	-1.07768e-09	-0.00361229	-9.43113e-14	8.46764e-11	1.10815e-08	2.12484e-05
44.1433	-1.0525e-09	-0.00361229	-9.38528e-14	8.7389e-11	6.16282e-09	2.19245e-05
44.1433	-1.02309e-09	-0.00361229	-9.33172e-14	9.02306e-11	-6.16695e-09	2.26272e-05
44.1433	-9.96273e-10	-0.00361229	-9.2829e-14	9.31529e-11	-7.37115e-09	2.33575e-05
44.1433	-9.72962e-10	-0.00361229	-9.24047e-14	9.62186e-11	-1.50268e-08	2.41193e-05
44.1433	-9.58093e-10	-0.00361229	-9.21341e-14	9.93935e-11	-1.23252e-08	2.49149e-05
44.1433	-9.50533e-10	-0.00361229	-9.19966e-14	1.0269e-10	-1.12247e-08	2.57419e-05
44.1434	-9.50064e-10	-0.00361229	-9.19881e-14	1.06102e-10	-8.71292e-09	2.65982e-05
44.1434	-9.55467e-10	-0.00361229	-9.20865e-14	1.09657e-10	-3.05959e-09	2.74864e-05
44.1434	-9.63189e-10	-0.00361229	-9.2227e-14	1.13353e-10	-1.03266e-10	2.84099e-05
44.1434	-9.71245e-10	-0.00361229	-9.23735e-14	1.17156e-10	2.83313e-09	2.93648e-05
44.1434	-9.77458e-10	-0.00361229	-9.24865e-14	1.21051e-10	4.67788e-09	3.03453e-05
44.1434	-9.8027e-10	-0.00361229	-9.25376e-14	1.25055e-10	3.88281e-09	3.13518e-05
44.1434	-9.80082e-10	-0.00361229	-9.25342e-14	1.29141e-10	2.09871e-09	3.23827e-05
44.1435	-9.78162e-10	-0.00361229	-9.24993e-14	1.33244e-10	6.68296e-10	3.3426e-05
44.1435	-9.75614e-10	-0.00361229	-9.24529e-14	1.37317e-10	-3.40017e-10	3.44675e-05
44.1435	-9.73285e-10	-0.00361229	-9.24106e-14	1.41349e-10	-6.89653e-10	3.55001e-05
44.1435	-9.71509e-10	-0.00361229	-9.23784e-14	1.45683e-10	-4.19847e-10	3.65659e-05
44.1435	-9.70067e-10	-0.00361229	-9.23522e-14	1.50393e-10	-5.53851e-10	3.7718e-05
44.1435	-9.6911e-10	-0.00361229	-9.23348e-14	1.55434e-10	-2.87232e-10	3.89603e-05
44.1436	-9.68405e-10	-0.00361229	-9.2322e-14	1.6077e-10	-2.5546e-10	4.02823e-05
44.1436	-9.67938e-10	-0.00361229	-9.23136e-14	1.66367e-10	-6.25298e-11	4.16751e-05
44.1436	-9.6752e-10	-0.00361229	-9.2306e-14	1.72266e-10	-5.38915e-11	4.31398e-05
44.1436	-9.67147e-10	-0.00361229	-9.22993e-14	1.78448e-10	1.07963e-10	4.4679e-05
44.1437	-9.66638e-10	-0.00361229	-9.22901e-14	1.84872e-10	3.06217e-11	4.6285e-05
44.1437	-9.66074e-10	-0.00361229	-9.22799e-14	1.9157e-10	-2.50207e-10	4.79568e-05
44.1437	-9.65795e-10	-0.00361229	-9.22748e-14	1.9851e-10	-1.36695e-10	4.96942e-05
44.1437	-9.65679e-10	-0.00361229	-9.22728e-14	2.05622e-10	-1.62874e-10	5.14845e-05
44.1438	-9.65772e-10	-0.00361229	-9.22745e-14	2.12933e-10	-2.19031e-10	5.3322e-05
44.1438	-9.66166e-10	-0.00361229	-9.22817e-14	2.20373e-10	3.12584e-10	5.52012e-05
44.1438	-9.66134e-10	-0.00361229	-9.22811e-14	2.2787e-10	-1.18767e-10	5.71043e-05
44.1438	-9.66274e-10	-0.00361229	-9.22837e-14	2.35434e-10	-2.66626e-10	5.90232e-05
44.1439	-9.66818e-10	-0.00361229	-9.22936e-14	2.42951e-10	1.31381e-10	6.09446e-05
44.1439	-9.67176e-10	-0.00361229	-9.23001e-14	2.5035e-10	4.2487e-10	6.28449e-05
44.1439	-9.66868e-10	-0.00361229	-9.22946e-14	2.58277e-10	-1.4191e-10	6.47974e-05
44.144	-9.66783e-10	-0.00361229	-9.22931e-14	2.66862e-10	-1.79023e-10	6.69011e-05
44.144	-9.67e-10	-0.00361229	-9.22971e-14	2.75679e-10	-1.72298e-10	6.91182e-05
44.144	-9.67527e-10	-0.00361229	-9.23066e-14	2.84622e-10	8.14894e-11	7.13809e-05
44.1441	-9.67923e-10	-0.00361229	-9.23138e-14	2.93556e-10	4.24264e-11	7.36586e-05
44.1441	-9.68252e-10	-0.00361229	-9.23198e-14	3.02542e-10	6.82734e-11	7.59418e-05
44.1441	-9.6846e-10	-0.00361229	-9.23236e-14	3.11561e-10	1.09643e-10	7.82358e-05
44.1442	-9.68456e-10	-0.00361229	-9.23236e-14	3.20694e-10	6.99282e-11	8.05485e-05
44.1442	-9.68309e-10	-0.0036123	-9.2321e-14	3.30322e-10	-9.83777e-11	8.29388e-05
44.1443	-9.68365e-10	-0.0036123	-9.2322e-14	3.40699e-10	5.43808e-11	8.54876e-05
44.1443	-9.68304e-10	-0.0036123	-9.2321e-14	3.51136e-10	-1.18331e-10	8.81396e-05
44.1444	-9.68507e-10	-0.0036123	-9.23247e-14	3.61297e-10	-7.38282e-12	9.07641e-05
44.1444	-9.68732e-10	-0.0036123	-9.23288e-14	3.71175e-10	1.64206e-10	9.33173e-05
44.1444	-9.68575e-10	-0.0036123	-9.2326e-14	3.8104e-10	1.12433e-10	9.58328e-05
44.1445	-9.68141e-10	-0.0036123	-9.23182e-14	3.91035e-10	3.41274e-11	9.83632e-05
44.1445	-9.67611e-10	-0.0036123	-9.23087e-14	4.019e-10	-6.43927e-11	0.000101021
44.1446	-9.6723e-10	-0.0036123	-9.23019e-14	4.13289e-10	-8.2955e-11	0.000103856
44.1447	-9.67058e-10	-0.0036123	-9.22989e-14	4.24084e-10	-9.98346e-11	0.000106683
44.1447	-9.6715e-10	-0.0036123	-9.23006e-14	4.34589e-10	9.56528e-11	0.000109397
44.1448	-9.6698e-10	-0.0036123	-9.22976e-14	4.44911e-10	1.09482e-10	0.000112051
44.1448	-9.66496e-10	-0.0036123	-9.2289e-14	4.55733e-10	-9.34754e-11	0.000114745
44.1449	-9.66271e-10	-0.0036123	-9.22851e-14	4.67351e-10	-1.12008e-10	0.000117604
44.1449	-9.66374e-10	-0.0036123	-9.2287e-14	4.78469e-10	-2.91615e-11	0.000120501
44.145	-9.66569e-10	-0.0036123	-9.22906e-14	4.89224e-10	7.86088e-11	0.000123288
44.1451	-9.66522e-10	-0.0036123	-9.22898e-14	4.99795e-10	-2.02117e-11	0.000126006
44.1451	-9.6654e-10	-0.0036123	-9.22902e-14	5.11013e-10	-6.70429e-11	0.000128782
44.1452	-9.66775e-10	-0.0036123	-9.22945e-14	5.22405e-10	-1.22522e-10	0.000131663
44.1453	-9.67424e-10	-0.0036123	-9.23062e-14	5.33267e-10	-3.40763e-11	0.000134499
44.1453	-9.68202e-10	-0.0036123	-9.23202e-14	5.43897e-10	1.22931e-10	0.000137237
44.1454	-9.6857e-10	-0.00361231	-9.23268e-14	5.54767e-10	-2.98833e-11	0.000139977
44.1455	-9.6905e-10	-0.00361231	-9.23354e-14	5.65985e-10	5.18881e-12	0.000142791
44.1455	-9.69522e-10	-0.00361231	-9.23439e-14	5.76655e-10	2.61514e-12	0.00014558
44.1456	-9.69992e-10	-0.00361231	-9.23524e-14	5.87129e-10	3.98128e-11	0.000148275
44.1457	-9.70323e-10	-0.00361231	-9.23583e-14	5.97798e-10	-6.7184e-11	0.000150969
44.1458	-9.70915e-10	-0.00361231	-9.23689e-14	6.08538e-10	-4.26102e-12	0.000153697
44.1458	-9.71535e-10	-0.00361231	-9.23799e-14	6.18828e-10	5.05529e-12	0.000156377
44.1459	-9.72145e-10	-0.00361231	-9.23908e-14	6.28984e-10	3.86863e-11	0.000158982
44.146	-9.7261e-10	-0.00361231	-9.23991e-14	6.39337e-10	3.31834e-12	0.000161596
44.1461	-9.73069e-10	-0.00361231	-9.24073e-14	6.49402e-10	-3.82102e-11	0.000164197
44.1462	-9.73693e-10	-0.00361231	-9.24184e-14	6.59174e-10	-4.87538e-11	0.000166725
44.1462	-9.74532e-10	-0.00361231	-9.24332e-14	6.68964e-10	1.3953e-11	0.000169218
44.1463	-9.75324e-10	-0.00361231	-9.24472e-14	6.78648e-10	4.45756e-11	0.0001717
44.1464	-9.75934e-10	-0.00361231	-9.2458e-14	6.88e-10	-1.35723e-11	0.000174126
44.1465	-9.76612e-10	-0.00361231	-9.247e-14	6.97239e-10	3.11548e-12	0.000176495
44.1466	-9.77286e-10	-0.00361231	-9.24818e-14	7.06393e-10	-3.41608e-11	0.000178839
44.1467	-9.78122e-10	-0.00361232	-9.24965e-14	7.1524e-10	7.25595e-12	0.000181132
44.1468	-9.78935e-10	-0.00361232	-9.25108e-14	7.23915e-10	-8.11576e-13	0.000183365
44.1469	-9.79762e-10	-0.00361232	-9.25253e-14	7.32471e-10	5.85742e-13	0.000185561
44.147	-9.80596e-10	-0.00361232	-9.25399e-14	7.4072e-10	1.22872e-11	0.000187703
44.1471	-9.81382e-10	-0.00361232	-9.25536e-14	7.48809e-10	5.66174e-12	0.000189785
44.1471	-9.82149e-10	-0.00361232	-9.25669e-14	7.56702e-10	-1.85828e-11	0.000191822
44.1472	-9.83014e-10	-0.00361232	-9.2582e-14	7.64301e-10	-9.02672e-13	0.000193796
44.1473	-9.83892e-10	-0.00361232	-9.25972e-14	7.71748e-10	-5.77765e-12	0.000195713
44.1474	-9.84807e-10	-0.00361232	-9.26131e-14	7.78943e-10	1.26487e-11	0.000197579
44.1475	-9.85667e-10	-0.00361232	-9.2628e-14	7.8584e-10	-2.55841e-11	0.000199375
44.1476	-9.86664e-10	-0.00361232	-9.26452e-14	7.9261e-10	2.43271e-11	0.000201117
44.1477	-9.87546e-10	-0.00361232	-9.26604e-14	7.99053e-10	2.04414e-11	0.000202801
44.1478	-9.88331e-10	-0.00361232	-9.26739e-14	8.05236e-10	1.41486e-11	0.00020441
44.1479	-9.89049e-10	-0.00361233	-9.26861e-14	8.1129e-10	-4.11813e-11	0.000205969
44.148	-9.89986e-10	-0.00361233	-9.27022e-14	8.1696e-10	-2.77343e-11	0.000207464
44.1482	-9.91074e-10	-0.00361233	-9.27208e-14	8.22408e-10	-5.47994e-12	0.00020888
44.1483	-9.92198e-10	-0.00361233	-9.27401e-14	8.2772e-10	-3.83009e-12	0.000210252
44.1484	-9.93349e-10	-0.00361233	-9.27597e-14	8.32577e-10	5.1489e-11	0.000211547
44.1485	-9.94234e-10	-0.00361233	-9.27747e-14	8.37288e-10	3.13677e-11	0.000212767
44.1486	-9.94957e-10	-0.00361233	-9.27869e-14	8.41818e-10	-4.35006e-11	0.000213945
44.1487	-9.95916e-10	-0.00361233	-9.28031e-14	8.45874e-10	-2.43531e-11	0.000215039
44.1488	-9.97012e-10	-0.00361233	-9.28217e-14	8.49855e-10	-2.55168e-11	0.000216063
44.1489	-9.98251e-10	-0.00361233	-9.28427e-14	8.53584e-10	2.2421e-11	0.000217046
44.149	-9.99373e-10	-0.00361233	-9.28616e-14	8.56846e-10	1.31703e-11	0.000217937
44.1491	-1.00043e-09	-0.00361233	-9.28793e-14	8.60101e-10	1.12271e-11	0.000218767
44.1492	-1.00143e-09	-0.00361234	-9.2896e-14	8.62976e-10	1.80637e-11	0.000219548
44.1493	-1.00233e-09	-0.00361234	-9.2911e-14	8.65483e-10	2.02217e-12	0.000220234
44.1494	-1.00322e-09	-0.00361234	-9.29258e-14	8.68004e-10	-1.93851e-11	0.000220875
44.1496	-1.00422e-09	-0.00361234	-9.29425e-14	8.70007e-10	-8.44981e-12	0.000221452
44.1497	-1.00527e-09	-0.00361234	-9.29599e-14	8.71795e-10	-1.58877e-11	0.000221935
44.1498	-1.00642e-09	-0.00361234	-9.29789e-14	8.73561e-10	1.01339e-11	0.000222388
44.1499	-1.0075e-09	-0.00361234	-9.29969e-14	8.74698e-10	-1.85716e-11	0.000222758
44.15	-1.0087e-09	-0.00361234	-9.30167e-14	8.75799e-10	1.91243e-11	0.000223043
44.1501	-1.00979e-09	-0.00361234	-9.30346e-14	8.76764e-10	-7.82493e-12	0.000223306
44.1502	-1.01092e-09	-0.00361234	-9.30533e-14	8.77089e-10	1.22931e-11	0.000223471
44.1503	-1.01198e-09	-0.00361234	-9.30707e-14	8.77503e-10	3.74722e-12	0.000223565
44.1504	-1.01303e-09	-0.00361234	-9.30877e-14	8.77628e-10	-5.29731e-13	0.000223634
44.1506	-1.01407e-09	-0.00361235	-9.31048e-14	8.77185e-10	-3.16627e-11	0.000223593
44.1507	-1.0153e-09	-0.00361235	-9.31248e-14	8.76912e-10	1.06042e-11	0.000223502
44.1508	-1.01646e-09	-0.00361235	-9.31438e-14	8.76176e-10	-9.13638e-12	0.000223373
44.1509	-1.01768e-09	-0.00361235	-9.31636e-14	8.75006e-10	3.09106e-11	0.00022313
44.151	-1.01872e-09	-0.00361235	-9.31803e-14	8.7402e-10	-1.20182e-12	0.000222855
44.1511	-1.01976e-09	-0.00361235	-9.31972e-14	8.72402e-10	9.84761e-12	0.000222524
44.1512	-1.02075e-09	-0.00361235	-9.3213e-14	8.70506e-10	-1.17352e-11	0.000222076
44.1513	-1.0218e-09	-0.00361235	-9.32299e-14	8.6878e-10	-6.45257e-13	0.000221614
44.1515	-1.02285e-09	-0.00361235	-9.32467e-14	8.66276e-10	-1.12651e-11	0.000221075
44.1516	-1.02397e-09	-0.00361235	-9.32645e-14	8.6364e-10	-2.88864e-11	0.00022042
44.1517	-1.02523e-09	-0.00361235	-9.32849e-14	8.61136e-10	1.95511e-12	0.000219765
44.1518	-1.02649e-09	-0.00361235	-9.3305e-14	8.57747e-10	2.93886e-11	0.000219014
44.1519	-1.02758e-09	-0.00361235	-9.33223e-14	8.54306e-10	-5.46444e-12	0.000218144
44.152	-1.02869e-09	-0.00361236	-9.334e-14	8.50993e-10	9.08235e-12	0.000217283
44.1521	-1.02975e-09	-0.00361236	-9.33567e-14	8.46694e-10	1.00646e-11	0.000216313
44.1522	-1.03075e-09	-0.00361236	-9.33724e-14	8.42363e-10	-1.60451e-12	0.000215213
44.1523	-1.03175e-09	-0.00361236	-9.33882e-14	8.38193e-10	5.33569e-12	0.000214129
44.1524	-1.03272e-09	-0.00361236	-9.34033e-14	8.32965e-10	-2.35162e-11	0.000212932
44.1525	-1.03381e-09	-0.00361236	-9.34204e-14	8.276e-10	-3.52284e-11	0.000211582
44.1526	-1.03508e-09	-0.00361236	-9.34405e-14	8.22503e-10	1.69992e-11	0.000210248
44.1527	-1.03625e-09	-0.00361236	-9.34589e-14	8.16365e-10	3.08914e-11	0.000208817
44.1528	-1.03725e-09	-0.00361236	-9.34744e-14	8.09762e-10	2.64684e-11	0.000207193
44.153	-1.03811e-09	-0.00361236	-9.34875e-14	8.03583e-10	2.28785e-12	0.000205564
44.1531	-1.03895e-09	-0.00361236	-9.35003e-14	7.96646e-10	-1.68662e-11	0.000203892
44.1532	-1.03986e-09	-0.00361236	-9.35144e-14	7.88579e-10	-1.81388e-11	0.00020198
44.1533	-1.04086e-09	-0.00361236	-9.35298e-14	7.81045e-10	-4.65851e-11	0.000199992
44.1534	-1.04208e-09	-0.00361237	-9.35489e-14	7.73346e-10	-3.93134e-11	0.000198051
44.1535	-1.04349e-09	-0.00361237	-9.35709e-14	7.63923e-10	1.23813e-11	0.000195869
44.1536	-1.04481e-09	-0.00361237	-9.35916e-14	7.54549e-10	1.70389e-11	0.000193473
44.1536	-1.04604e-09	-0.00361237	-9.36107e-14	7.45602e-10	9.61742e-11	0.000191139
44.1537	-1.04679e-09	-0.00361237	-9.3622e-14	7.3574e-10	1.10776e-10	0.000188742
44.1538	-1.04702e-09	-0.00361237	-9.36246e-14	7.24185e-10	1.11355e-10	0.000186012
44.1539	-1.04673e-09	-0.00361237	-9.36187e-14	7.13185e-10	1.4216e-11	0.000183138
44.154	-1.04638e-09	-0.00361237	-9.36118e-14	7.0248e-10	-1.37409e-10	0.000180372
44.1541	-1.04665e-09	-0.00361237	-9.36151e-14	6.90621e-10	-2.1208e-10	0.000177497
44.1542	-1.04785e-09	-0.00361237	-9.36337e-14	6.77041e-10	-1.49328e-10	0.000174255
44.1543	-1.04966e-09	-0.00361237	-9.36624e-14	6.64041e-10	-6.74385e-11	0.000170868
44.1544	-1.05173e-09	-0.00361237	-9.36951e-14	6.51511e-10	-5.68517e-11	0.000167614
44.1545	-1.054e-09	-0.00361237	-9.37311e-14	6.38502e-10	5.16375e-11	0.00016436
44.1545	-1.05601e-09	-0.00361237	-9.37628e-14	6.23494e-10	1.81114e-10	0.00016079
44.1546	-1.05725e-09	-0.00361237	-9.3782e-14	6.08448e-10	2.26595e-10	0.00015696
44.1547	-1.05759e-09	-0.00361237	-9.37864e-14	5.94234e-10	2.23543e-10	0.000153231
44.1548	-1.05707e-09	-0.00361237	-9.37769e-14	5.80483e-10	2.14216e-10	0.000149668
44.1548	-1.05577e-09	-0.00361238	-9.37547e-14	5.66465e-10	1.80087e-10	0.000146129
44.1549	-1.05385e-09	-0.00361238	-9.37225e-14	5.50996e-10	8.63783e-11	0.000142372
44.155	-1.05168e-09	-0.00361238	-9.36863e-14	5.35546e-10	-4.52387e-11	0.000138432
44.1551	-1.04973e-09	-0.00361238	-9.36537e-14	5.21221e-10	-2.15524e-10	0.000134638
44.1551	-1.04855e-09	-0.00361238	-9.36336e-14	5.07941e-10	-4.16233e-10	0.000131121
44.1552	-1.04874e-09	-0.00361238	-9.36359e-14	4.95529e-10	-5.58345e-10	0.000127847
44.1552	-1.05069e-09	-0.00361238	-9.36668e-14	4.83425e-10	-4.82622e-10	0.000124723
44.1553	-1.05408e-09	-0.00361238	-9.37209e-14	4.70939e-10	-1.96972e-10	0.00012159
44.1554	-1.05797e-09	-0.00361238	-9.37831e-14	4.58629e-10	-8.31421e-11	0.00011843
44.1554	-1.062e-09	-0.00361238	-9.38475e-14	4.47689e-10	1.64461e-10	0.000115468
44.1555	-1.06547e-09	-0.00361238	-9.39027e-14	4.38193e-10	2.19432e-10	0.000112864
44.1555	-1.06825e-09	-0.00361238	-9.39468e-14	4.30025e-10	2.56336e-10	0.000110613
44.1556	-1.07028e-09	-0.00361238	-9.39787e-14	4.23064e-10	1.80171e-10	0.000108685
44.1556	-1.07179e-09	-0.00361238	-9.40022e-14	4.17128e-10	2.46518e-10	0.000107042
44.1557	-1.07262e-09	-0.00361238	-9.40148e-14	4.12032e-10	3.38787e-10	0.000105637
44.1558	-1.07255e-09	-0.00361238	-9.40128e-14	4.07478e-10	3.22183e-10	0.000104407
44.1558	-1.07165e-09	-0.00361238	-9.39974e-14	4.03837e-10	1.94729e-10	0.000103363
44.1559	-1.07026e-09	-0.00361238	-9.39741e-14	4.01762e-10	3.17725e-10	0.000102635
44.1559	-1.06805e-09	-0.00361238	-9.39378e-14	4.0113e-10	1.98104e-10	0.00010229
44.156	-1.06535e-09	-0.00361238	-9.38935e-14	4.01866e-10	-3.25547e-11	0.000102303
44.156	-1.06273e-09	-0.00361238	-9.38505e-14	4.03929e-10	-1.32947e-10	0.00010266
44.1561	-1.06043e-09	-0.00361238	-9.38128e-14	4.07235e-10	-1.36163e-10	0.000103344
44.1561	-1.05847e-09	-0.00361238	-9.37805e-14	4.11741e-10	-1.19021e-10	0.000104339
44.1562	-1.0568e-09	-0.00361238	-9.37529e-14	4.17381e-10	-4.10358e-11	0.000105632
44.1562	-1.05521e-09	-0.00361238	-9.37268e-14	4.24123e-10	-1.0434e-10	0.00010721
44.1563	-1.05388e-09	-0.00361238	-9.37047e-14	4.31905e-10	-3.12751e-10	0.00010906
44.1563	-1.05339e-09	-0.00361238	-9.3696e-14	4.40735e-10	-7.55714e-11	0.000111177
44.1564	-1.0531e-09	-0.00361239	-9.36906e-14	4.53504e-10	-2.4402e-10	0.000113929
44.1564	-1.0535e-09	-0.00361239	-9.36964e-14	4.72307e-10	-5.8208e-11	0.000117952
44.1565	-1.0541e-09	-0.00361239	-9.37051e-14	4.94808e-10	-5.87131e-11	0.000123215
44.1566	-1.05491e-09	-0.00361239	-9.37172e-14	5.20722e-10	-7.62378e-11	0.000129384
44.1566	-1.05602e-09	-0.00361239	-9.3734e-14	5.50121e-10	2.26372e-11	0.000136432
44.1567	-1.0571e-09	-0.00361239	-9.37504e-14	5.83421e-10	9.25069e-12	0.000144421
44.1568	-1.05823e-09	-0.00361239	-9.37673e-14	6.21041e-10	5.04741e-11	0.000153458
44.1569	-1.05922e-09	-0.00361239	-9.3782e-14	6.63772e-10	-6.71165e-11	0.000163697
44.1569	-1.06057e-09	-0.00361239	-9.38022e-14	7.12449e-10	6.58229e-11	0.000175346
44.157	-1.06171e-09	-0.00361239	-9.38191e-14	7.68632e-10	5.40367e-12	0.000188708
44.1571	-1.06292e-09	-0.00361239	-9.38369e-14	8.34233e-10	1.55244e-11	0.000204228
44.1572	-1.06415e-09	-0.00361239	-9.38548e-14	9.12939e-10	2.13663e-11	0.000222619
44.1574	-1.06537e-09	-0.00361239	-9.38724e-14	1.01164e-09	4.93473e-11	0.00024523
44.1575	-1.06641e-09	-0.00361239	-9.38869e-14	1.15304e-09	7.89171e-11	0.000275833
44.1576	-1.06701e-09	-0.00361239	-9.38941e-14	1.34721e-09	6.70952e-11	0.000318605
44.1578	-1.06714e-09	-0.00361239	-9.38934e-14	1.61608e-09	3.28737e-11	0.000377632
44.158	-1.06695e-09	-0.0036124	-9.38872e-14	2.01688e-09	2.34217e-12	0.000463014
44.1583	-1.06669e-09	-0.0036124	-9.38791e-14	2.69941e-09	-8.20672e-12	0.00060117
44.1586	-1.06648e-09	-0.0036124	-9.38704e-14	4.16689e-09	7.67506e-12	0.000875489
44.1591	-1.06595e-09	-0.0036124	-9.38539e-14	8.7487e-09	2.33195e-11	0.00164836
44.1603	-1.06353e-09	-0.00361241	-9.37994e-14	6.56876e-08	-1.13456e-11	0.00962977
44.1688	-1.04995e-09	-0.00361245	-9.34803e-14	-0.0560012	-3.31446e-11	59.983
-15.8567	1.02037e-09	-0.0133532	9.52678e-14	-0.0960481	5.64933e-13	119.975
