-48.9329	-7.20159e-10	-0.00361449	-6.29712e-14	0.04	-1.6205e-08	60.0083
-48.9327	-9.28769e-10	-0.00361449	-6.69063e-14	1.36679e-10	1.74136e-07	0.000274946
-48.9327	-7.90654e-10	-0.0036145	-6.42987e-14	7.16182e-11	1.89828e-07	2.69198e-05
-48.9327	-6.26699e-10	-0.0036145	-6.12043e-14	5.69217e-11	-4.33767e-08	1.65904e-05
-48.9327	-5.17712e-10	-0.0036145	-5.91477e-14	5.19808e-11	-1.49597e-07	1.35643e-05
-48.9326	-4.68157e-10	-0.0036145	-5.82128e-14	4.87143e-11	-1.07858e-07	1.25395e-05
-48.9326	-4.53759e-10	-0.0036145	-5.79413e-14	4.77494e-11	-2.30716e-08	1.2214e-05
-48.9326	-4.46511e-10	-0.0036145	-5.78047e-14	4.80212e-11	1.82414e-08	1.21988e-05
-48.9326	-4.33627e-10	-0.0036145	-5.75618e-14	4.87677e-11	1.60107e-08	1.23389e-05
-48.9326	-4.15562e-10	-0.0036145	-5.72213e-14	4.9821e-11	-2.06901e-09	1.25636e-05
-48.9326	-3.97782e-10	-0.0036145	-5.68861e-14	5.09965e-11	-1.55329e-08	1.28376e-05
-48.9326	-3.84634e-10	-0.0036145	-5.66384e-14	5.22466e-11	-2.23822e-08	1.31432e-05
-48.9326	-3.78607e-10	-0.0036145	-5.6525e-14	5.35439e-11	-1.24016e-08	1.34715e-05
-48.9326	-3.76656e-10	-0.0036145	-5.64885e-14	5.49297e-11	-1.77343e-08	1.38179e-05
-48.9326	-3.8086e-10	-0.0036145	-5.65681e-14	5.63705e-11	-1.12711e-08	1.41802e-05
-48.9326	-3.89222e-10	-0.0036145	-5.67261e-14	5.78764e-11	-1.1678e-08	1.45574e-05
-48.9326	-4.02114e-10	-0.0036145	-5.69696e-14	5.94335e-11	-1.22443e-08	1.49495e-05
-48.9326	-4.19992e-10	-0.0036145	-5.7307e-14	6.10452e-11	-1.61035e-08	1.53567e-05
-48.9326	-4.44627e-10	-0.0036145	-5.77718e-14	6.27604e-11	-5.20285e-09	1.57795e-05
-48.9326	-4.72023e-10	-0.0036145	-5.82886e-14	6.44942e-11	-1.07052e-08	1.62183e-05
-48.9325	-5.04586e-10	-0.0036145	-5.89028e-14	6.63155e-11	-8.59951e-09	1.66735e-05
-48.9325	-5.417e-10	-0.0036145	-5.96026e-14	6.82319e-11	-1.71773e-09	1.71456e-05
-48.9325	-5.80617e-10	-0.0036145	-6.03364e-14	7.02215e-11	6.93743e-09	1.76349e-05
-48.9325	-6.17546e-10	-0.0036145	-6.10325e-14	7.22151e-11	-1.3685e-09	1.8142e-05
-48.9325	-6.56171e-10	-0.0036145	-6.17605e-14	7.43984e-11	1.68778e-08	1.86698e-05
-48.9325	-6.87937e-10	-0.0036145	-6.23592e-14	7.65558e-11	4.72275e-09	1.92201e-05
-48.9325	-7.18342e-10	-0.0036145	-6.29321e-14	7.88881e-11	2.07942e-08	1.97933e-05
-48.9325	-7.39217e-10	-0.0036145	-6.33253e-14	8.12509e-11	1.84877e-08	2.03896e-05
-48.9325	-7.51159e-10	-0.0036145	-6.35501e-14	8.37134e-11	2.10888e-08	2.10095e-05
-48.9325	-7.52223e-10	-0.0036145	-6.357e-14	8.62786e-11	1.47428e-08	2.16543e-05
-48.9324	-7.45217e-10	-0.0036145	-6.34379e-14	8.89613e-11	1.73164e-08	2.23269e-05
-48.9324	-7.28178e-10	-0.0036145	-6.31168e-14	9.17819e-11	9.36513e-09	2.30296e-05
-48.9324	-7.05123e-10	-0.0036145	-6.26824e-14	9.47172e-11	5.20999e-09	2.37619e-05
-48.9324	-6.78189e-10	-0.0036145	-6.21751e-14	9.77835e-11	-5.2082e-09	2.4523e-05
-48.9324	-6.53633e-10	-0.0036145	-6.17127e-14	1.00948e-10	-6.22631e-09	2.5314e-05
-48.9324	-6.32284e-10	-0.0036145	-6.13108e-14	1.04265e-10	-1.26967e-08	2.6139e-05
-48.9324	-6.18667e-10	-0.0036145	-6.10545e-14	1.07708e-10	-1.04149e-08	2.70006e-05
-48.9324	-6.11743e-10	-0.0036145	-6.09243e-14	1.11281e-10	-9.48611e-09	2.78961e-05
-48.9323	-6.11313e-10	-0.0036145	-6.09163e-14	1.14978e-10	-7.36429e-09	2.88234e-05
-48.9323	-6.16262e-10	-0.0036145	-6.10095e-14	1.18827e-10	-2.58671e-09	2.97852e-05
-48.9323	-6.23335e-10	-0.0036145	-6.11427e-14	1.22828e-10	-8.80732e-11	3.07851e-05
-48.9323	-6.30714e-10	-0.0036145	-6.12816e-14	1.26945e-10	2.3942e-09	3.1819e-05
-48.9323	-6.36405e-10	-0.0036145	-6.13887e-14	1.31161e-10	3.9541e-09	3.28806e-05
-48.9323	-6.38982e-10	-0.0036145	-6.14372e-14	1.35497e-10	3.28248e-09	3.39702e-05
-48.9323	-6.3881e-10	-0.0036145	-6.14341e-14	1.3992e-10	1.77451e-09	3.50862e-05
-48.9322	-6.37052e-10	-0.0036145	-6.14011e-14	1.44361e-10	5.65285e-10	3.62154e-05
-48.9322	-6.34718e-10	-0.0036145	-6.13572e-14	1.48769e-10	-2.8727e-10	3.73428e-05
-48.9322	-6.32585e-10	-0.0036145	-6.13172e-14	1.53132e-10	-5.82995e-10	3.84602e-05
-48.9322	-6.30958e-10	-0.0036145	-6.12867e-14	1.57822e-10	-3.54905e-10	3.96136e-05
-48.9322	-6.29638e-10	-0.0036145	-6.1262e-14	1.62918e-10	-4.68305e-10	4.08603e-05
-48.9321	-6.28761e-10	-0.0036145	-6.12456e-14	1.68374e-10	-2.42865e-10	4.22046e-05
-48.9321	-6.28116e-10	-0.0036145	-6.12336e-14	1.74147e-10	-2.16032e-10	4.36351e-05
-48.9321	-6.27688e-10	-0.0036145	-6.12257e-14	1.80203e-10	-5.28531e-11	4.51422e-05
-48.9321	-6.27306e-10	-0.0036145	-6.12186e-14	1.86585e-10	-4.55547e-11	4.67268e-05
-48.932	-6.26964e-10	-0.0036145	-6.12123e-14	1.93274e-10	9.13912e-11	4.8392e-05
-48.932	-6.26498e-10	-0.0036145	-6.12037e-14	2.00223e-10	2.59649e-11	5.01295e-05
-48.932	-6.25981e-10	-0.0036145	-6.11941e-14	2.07468e-10	-2.11695e-10	5.19378e-05
-48.932	-6.25726e-10	-0.0036145	-6.11894e-14	2.14973e-10	-1.15669e-10	5.3817e-05
-48.9319	-6.2562e-10	-0.0036145	-6.11876e-14	2.22665e-10	-1.37857e-10	5.57533e-05
-48.9319	-6.25706e-10	-0.0036145	-6.11893e-14	2.3057e-10	-1.85432e-10	5.77404e-05
-48.9319	-6.26067e-10	-0.0036145	-6.11962e-14	2.38614e-10	2.6461e-10	5.97723e-05
-48.9319	-6.26038e-10	-0.00361451	-6.11959e-14	2.4672e-10	-1.00563e-10	6.18298e-05
-48.9318	-6.26167e-10	-0.00361451	-6.11984e-14	2.54895e-10	-2.25805e-10	6.39041e-05
-48.9318	-6.26666e-10	-0.00361451	-6.12079e-14	2.63019e-10	1.11217e-10	6.59807e-05
-48.9318	-6.26995e-10	-0.00361451	-6.12143e-14	2.71013e-10	3.59848e-10	6.80342e-05
-48.9317	-6.26713e-10	-0.00361451	-6.12091e-14	2.79577e-10	-1.20188e-10	7.01438e-05
-48.9317	-6.26636e-10	-0.00361451	-6.12079e-14	2.88852e-10	-1.51671e-10	7.24167e-05
-48.9316	-6.26835e-10	-0.00361451	-6.12118e-14	2.98377e-10	-1.46023e-10	7.48119e-05
-48.9316	-6.27319e-10	-0.00361451	-6.1221e-14	3.08036e-10	6.90082e-11	7.72561e-05
-48.9316	-6.27682e-10	-0.00361451	-6.1228e-14	3.17683e-10	3.59216e-11	7.97158e-05
-48.9315	-6.27985e-10	-0.00361451	-6.12338e-14	3.27385e-10	5.78447e-11	8.21811e-05
-48.9315	-6.28176e-10	-0.00361451	-6.12376e-14	3.37121e-10	9.29417e-11	8.46577e-05
-48.9314	-6.28173e-10	-0.00361451	-6.12377e-14	3.46977e-10	5.92994e-11	8.71539e-05
-48.9314	-6.28039e-10	-0.00361451	-6.12354e-14	3.57367e-10	-8.34236e-11	8.97334e-05
-48.9314	-6.28091e-10	-0.00361451	-6.12366e-14	3.68565e-10	4.61248e-11	9.24839e-05
-48.9313	-6.28036e-10	-0.00361451	-6.12358e-14	3.79825e-10	-1.00389e-10	9.53453e-05
-48.9313	-6.28223e-10	-0.00361451	-6.12395e-14	3.90783e-10	-6.28549e-12	9.81763e-05
-48.9312	-6.2843e-10	-0.00361451	-6.12436e-14	4.01433e-10	1.39344e-10	0.000100929
-48.9312	-6.28287e-10	-0.00361451	-6.12412e-14	4.12066e-10	9.54587e-11	0.000103641
-48.9311	-6.2789e-10	-0.00361451	-6.1234e-14	4.22836e-10	2.9019e-11	0.000106368
-48.9311	-6.27404e-10	-0.00361451	-6.12252e-14	4.34544e-10	-5.46294e-11	0.000109232
-48.931	-6.27055e-10	-0.00361452	-6.1219e-14	4.46815e-10	-7.04225e-11	0.000112288
-48.9309	-6.26898e-10	-0.00361452	-6.12163e-14	4.58441e-10	-8.47987e-11	0.000115333
-48.9309	-6.26983e-10	-0.00361452	-6.12182e-14	4.6975e-10	8.12711e-11	0.000118255
-48.9308	-6.26828e-10	-0.00361452	-6.12156e-14	4.80857e-10	9.30681e-11	0.000121111
-48.9308	-6.26384e-10	-0.00361452	-6.12077e-14	4.92502e-10	-7.94158e-11	0.00012401
-48.9307	-6.26179e-10	-0.00361452	-6.12042e-14	5.05003e-10	-9.5219e-11	0.000127087
-48.9306	-6.26274e-10	-0.00361452	-6.12062e-14	5.16959e-10	-2.48125e-11	0.000130203
-48.9306	-6.26454e-10	-0.00361452	-6.12099e-14	5.28519e-10	6.68533e-11	0.0001332
-48.9305	-6.26412e-10	-0.00361452	-6.12094e-14	5.39877e-10	-1.71939e-11	0.00013612
-48.9304	-6.26429e-10	-0.00361452	-6.12101e-14	5.51929e-10	-5.70642e-11	0.000139103
-48.9304	-6.26646e-10	-0.00361452	-6.12144e-14	5.64164e-10	-1.04333e-10	0.000142198
-48.9303	-6.27244e-10	-0.00361452	-6.12258e-14	5.75824e-10	-2.90842e-11	0.000145242
-48.9302	-6.2796e-10	-0.00361452	-6.12394e-14	5.87228e-10	1.04634e-10	0.000148181
-48.9301	-6.28299e-10	-0.00361453	-6.1246e-14	5.98886e-10	-2.54988e-11	0.00015112
-48.9301	-6.28743e-10	-0.00361453	-6.12545e-14	6.10916e-10	4.37342e-12	0.000154139
-48.93	-6.29178e-10	-0.00361453	-6.12629e-14	6.22351e-10	2.18174e-12	0.000157129
-48.9299	-6.29613e-10	-0.00361453	-6.12712e-14	6.33568e-10	3.39025e-11	0.000160015
-48.9298	-6.29918e-10	-0.00361453	-6.12772e-14	6.44992e-10	-5.73412e-11	0.0001629
-48.9297	-6.30465e-10	-0.00361453	-6.12876e-14	6.56486e-10	-3.69575e-12	0.000165821
-48.9297	-6.31037e-10	-0.00361453	-6.12985e-14	6.67492e-10	4.25187e-12	0.000168688
-48.9296	-6.316e-10	-0.00361453	-6.13092e-14	6.78346e-10	3.29674e-11	0.000171474
-48.9295	-6.32031e-10	-0.00361453	-6.13174e-14	6.8941e-10	2.78673e-12	0.000174267
-48.9294	-6.32456e-10	-0.00361453	-6.13255e-14	7.00157e-10	-3.26898e-11	0.000177046
-48.9293	-6.33033e-10	-0.00361454	-6.13365e-14	7.10585e-10	-4.17277e-11	0.000179745
-48.9292	-6.33808e-10	-0.00361454	-6.1351e-14	7.21026e-10	1.18428e-11	0.000182404
-48.9291	-6.3454e-10	-0.00361454	-6.13647e-14	7.31348e-10	3.80387e-11	0.00018505
-48.929	-6.35105e-10	-0.00361454	-6.13754e-14	7.41308e-10	-1.16722e-11	0.000187635
-48.9289	-6.35733e-10	-0.00361454	-6.13871e-14	7.51141e-10	2.59711e-12	0.000190157
-48.9288	-6.36357e-10	-0.00361454	-6.13988e-14	7.60877e-10	-2.93108e-11	0.000192651
-48.9288	-6.37131e-10	-0.00361454	-6.14132e-14	7.70279e-10	6.12863e-12	0.00019509
-48.9287	-6.37884e-10	-0.00361454	-6.14273e-14	7.7949e-10	-7.77531e-13	0.000197462
-48.9286	-6.38651e-10	-0.00361454	-6.14415e-14	7.88569e-10	4.17832e-13	0.000199793
-48.9285	-6.39424e-10	-0.00361455	-6.14558e-14	7.97312e-10	1.04486e-11	0.000202064
-48.9284	-6.40152e-10	-0.00361455	-6.14693e-14	8.05879e-10	4.77554e-12	0.00020427
-48.9282	-6.40865e-10	-0.00361455	-6.14825e-14	8.14231e-10	-1.60196e-11	0.000206426
-48.9281	-6.41667e-10	-0.00361455	-6.14973e-14	8.2226e-10	-8.62425e-13	0.000208514
-48.928	-6.42482e-10	-0.00361455	-6.15123e-14	8.30124e-10	-5.04929e-12	0.000210539
-48.9279	-6.43331e-10	-0.00361455	-6.15279e-14	8.37711e-10	1.07703e-11	0.000212508
-48.9278	-6.44131e-10	-0.00361455	-6.15426e-14	8.44974e-10	-2.20685e-11	0.000214401
-48.9277	-6.45057e-10	-0.00361455	-6.15595e-14	8.52096e-10	2.08081e-11	0.000216234
-48.9276	-6.45877e-10	-0.00361456	-6.15745e-14	8.58863e-10	1.7487e-11	0.000218004
-48.9275	-6.46608e-10	-0.00361456	-6.15878e-14	8.65347e-10	1.20903e-11	0.000219693
-48.9274	-6.47278e-10	-0.00361456	-6.16e-14	8.71689e-10	-3.55105e-11	0.000221327
-48.9273	-6.4815e-10	-0.00361456	-6.16159e-14	8.77614e-10	-2.39708e-11	0.000222891
-48.9272	-6.49162e-10	-0.00361456	-6.16342e-14	8.83297e-10	-4.82998e-12	0.00022437
-48.9271	-6.50208e-10	-0.00361456	-6.1653e-14	8.88831e-10	-3.41395e-12	0.0002258
-48.9269	-6.5128e-10	-0.00361456	-6.16724e-14	8.93873e-10	4.42618e-11	0.000227148
-48.9268	-6.52105e-10	-0.00361456	-6.16872e-14	8.98756e-10	2.69572e-11	0.000228413
-48.9267	-6.52781e-10	-0.00361457	-6.16994e-14	9.03441e-10	-3.75981e-11	0.000229632
-48.9266	-6.53677e-10	-0.00361457	-6.17154e-14	9.07616e-10	-2.11138e-11	0.000230761
-48.9265	-6.54699e-10	-0.00361457	-6.17337e-14	9.11707e-10	-2.21412e-11	0.000231815
-48.9264	-6.55854e-10	-0.00361457	-6.17543e-14	9.15525e-10	1.92389e-11	0.000232823
-48.9263	-6.56902e-10	-0.00361457	-6.1773e-14	9.1884e-10	1.12656e-11	0.000233732
-48.9261	-6.57888e-10	-0.00361457	-6.17905e-14	9.22146e-10	9.59751e-12	0.000234576
-48.926	-6.58821e-10	-0.00361457	-6.1807e-14	9.25043e-10	1.55195e-11	0.000235366
-48.9259	-6.59665e-10	-0.00361457	-6.18219e-14	9.27544e-10	1.65751e-12	0.000236054
-48.9258	-6.60502e-10	-0.00361458	-6.18367e-14	9.30057e-10	-1.68693e-11	0.000236693
-48.9257	-6.61441e-10	-0.00361458	-6.18532e-14	9.32014e-10	-7.41874e-12	0.000237263
-48.9255	-6.62426e-10	-0.00361458	-6.18705e-14	9.3374e-10	-1.38703e-11	0.000237732
-48.9254	-6.63496e-10	-0.00361458	-6.18893e-14	9.35441e-10	8.66591e-12	0.000238169
-48.9253	-6.64515e-10	-0.00361458	-6.19071e-14	9.36468e-10	-1.62126e-11	0.000238517
-48.9252	-6.65633e-10	-0.00361458	-6.19266e-14	9.37455e-10	1.64661e-11	0.000238773
-48.9251	-6.66653e-10	-0.00361458	-6.19444e-14	9.38297e-10	-6.90115e-12	0.000239006
-48.9249	-6.67716e-10	-0.00361458	-6.19629e-14	9.38453e-10	1.0556e-11	0.000239134
-48.9248	-6.68715e-10	-0.00361459	-6.19802e-14	9.38704e-10	3.14563e-12	0.000239185
-48.9247	-6.69697e-10	-0.00361459	-6.19971e-14	9.38646e-10	-5.67011e-13	0.00023921
-48.9246	-6.70681e-10	-0.00361459	-6.20141e-14	9.37981e-10	-2.76292e-11	0.000239118
-48.9245	-6.7183e-10	-0.00361459	-6.20339e-14	9.37498e-10	9.09622e-12	0.000238972
-48.9243	-6.72924e-10	-0.00361459	-6.20527e-14	9.36519e-10	-8.06738e-12	0.000238785
-48.9242	-6.74065e-10	-0.00361459	-6.20723e-14	9.35077e-10	2.67787e-11	0.000238477
-48.9241	-6.75044e-10	-0.00361459	-6.2089e-14	9.33834e-10	-1.15298e-12	0.000238135
-48.924	-6.76029e-10	-0.00361459	-6.21058e-14	9.31916e-10	8.471e-12	0.000237732
-48.9239	-6.76962e-10	-0.0036146	-6.21217e-14	9.29702e-10	-1.03281e-11	0.000237205
-48.9238	-6.77954e-10	-0.0036146	-6.21385e-14	9.27671e-10	-6.70373e-13	0.000236664
-48.9236	-6.78948e-10	-0.0036146	-6.21553e-14	9.2481e-10	-9.93342e-12	0.000236041
-48.9235	-6.79997e-10	-0.0036146	-6.2173e-14	9.2181e-10	-2.53192e-11	0.000235294
-48.9234	-6.81191e-10	-0.0036146	-6.21933e-14	9.18954e-10	1.57671e-12	0.000234547
-48.9233	-6.82373e-10	-0.0036146	-6.22132e-14	9.15154e-10	2.55367e-11	0.000233699
-48.9232	-6.834e-10	-0.0036146	-6.22305e-14	9.11302e-10	-4.8858e-12	0.000232724
-48.9231	-6.84452e-10	-0.0036146	-6.22481e-14	9.07588e-10	7.82397e-12	0.000231759
-48.9229	-6.85454e-10	-0.00361461	-6.22648e-14	9.02824e-10	8.69143e-12	0.000230679
-48.9228	-6.86401e-10	-0.00361461	-6.22806e-14	8.9803e-10	-1.50619e-12	0.000229461
-48.9227	-6.87351e-10	-0.00361461	-6.22963e-14	8.9341e-10	4.56606e-12	0.000228261
-48.9226	-6.88271e-10	-0.00361461	-6.23116e-14	8.87665e-10	-2.06872e-11	0.00022694
-48.9225	-6.89302e-10	-0.00361461	-6.23286e-14	8.81777e-10	-3.09654e-11	0.000225458
-48.9224	-6.905e-10	-0.00361461	-6.23486e-14	8.76179e-10	1.4764e-11	0.000223994
-48.9223	-6.91607e-10	-0.00361461	-6.23669e-14	8.69474e-10	2.69567e-11	0.000222426
-48.9221	-6.92557e-10	-0.00361461	-6.23825e-14	8.6228e-10	2.31062e-11	0.000220654
-48.922	-6.93373e-10	-0.00361462	-6.23958e-14	8.55539e-10	1.91853e-12	0.000218878
-48.9219	-6.94171e-10	-0.00361462	-6.24087e-14	8.47996e-10	-1.48873e-11	0.000217058
-48.9218	-6.95043e-10	-0.00361462	-6.24229e-14	8.39255e-10	-1.60181e-11	0.000214983
-48.9217	-6.95991e-10	-0.00361462	-6.24384e-14	8.31085e-10	-4.10149e-11	0.000212827
-48.9216	-6.97147e-10	-0.00361462	-6.24574e-14	8.22745e-10	-3.46642e-11	0.000210723
-48.9215	-6.98474e-10	-0.00361462	-6.24792e-14	8.12575e-10	1.07378e-11	0.000208364
-48.9214	-6.99728e-10	-0.00361462	-6.24998e-14	8.02462e-10	1.48449e-11	0.000205779
-48.9213	-7.00891e-10	-0.00361462	-6.25188e-14	7.92809e-10	8.44615e-11	0.000203261
-48.9212	-7.01614e-10	-0.00361462	-6.25303e-14	7.82188e-10	9.73876e-11	0.000200677
-48.9211	-7.01841e-10	-0.00361462	-6.25333e-14	7.69773e-10	9.79851e-11	0.000197741
-48.921	-7.01584e-10	-0.00361463	-6.25282e-14	7.57955e-10	1.25453e-11	0.000194653
-48.9209	-7.01271e-10	-0.00361463	-6.25222e-14	7.46454e-10	-1.2099e-10	0.000191681
-48.9208	-7.01538e-10	-0.00361463	-6.2526e-14	7.33734e-10	-1.86883e-10	0.000188595
-48.9207	-7.02673e-10	-0.00361463	-6.25444e-14	7.19193e-10	-1.31734e-10	0.000185121
-48.9206	-7.0439e-10	-0.00361463	-6.25727e-14	7.05274e-10	-5.96419e-11	0.000181494
-48.9205	-7.06342e-10	-0.00361463	-6.26048e-14	6.91861e-10	-5.03502e-11	0.000178011
-48.9204	-7.08478e-10	-0.00361463	-6.26401e-14	6.77945e-10	4.5323e-11	0.000174528
-48.9204	-7.10376e-10	-0.00361463	-6.26712e-14	6.61913e-10	1.59622e-10	0.000170712
-48.9203	-7.11555e-10	-0.00361463	-6.26903e-14	6.45847e-10	1.99895e-10	0.000166621
-48.9202	-7.11884e-10	-0.00361463	-6.2695e-14	6.30671e-10	1.9735e-10	0.00016264
-48.9201	-7.11412e-10	-0.00361463	-6.26864e-14	6.15993e-10	1.89255e-10	0.000158836
-48.92	-7.10208e-10	-0.00361463	-6.26654e-14	6.01038e-10	1.59235e-10	0.00015506
-48.92	-7.08424e-10	-0.00361464	-6.26348e-14	5.84549e-10	7.65277e-11	0.000151053
-48.9199	-7.06404e-10	-0.00361464	-6.26003e-14	5.68087e-10	-3.97699e-11	0.000146854
-48.9198	-7.04584e-10	-0.00361464	-6.25692e-14	5.52823e-10	-1.90364e-10	0.000142812
-48.9197	-7.03484e-10	-0.00361464	-6.25503e-14	5.38675e-10	-3.67996e-10	0.000139064
-48.9197	-7.03675e-10	-0.00361464	-6.25529e-14	5.2545e-10	-4.93939e-10	0.000135576
-48.9196	-7.05515e-10	-0.00361464	-6.25831e-14	5.12557e-10	-4.27233e-10	0.000132248
-48.9195	-7.08704e-10	-0.00361464	-6.26358e-14	4.99264e-10	-1.74671e-10	0.000128911
-48.9195	-7.12366e-10	-0.00361464	-6.26963e-14	4.86161e-10	-7.39955e-11	0.000125548
-48.9194	-7.16161e-10	-0.00361464	-6.2759e-14	4.74514e-10	1.45206e-10	0.000122394
-48.9193	-7.19427e-10	-0.00361464	-6.28128e-14	4.64402e-10	1.93977e-10	0.000119621
-48.9193	-7.22048e-10	-0.00361464	-6.28558e-14	4.55699e-10	2.26776e-10	0.000117224
-48.9192	-7.23963e-10	-0.00361464	-6.2887e-14	4.48278e-10	1.5942e-10	0.00011517
-48.9192	-7.25391e-10	-0.00361464	-6.29101e-14	4.41946e-10	2.18299e-10	0.000113417
-48.9191	-7.26184e-10	-0.00361464	-6.29226e-14	4.36505e-10	3.00193e-10	0.000111917
-48.9191	-7.26133e-10	-0.00361464	-6.29211e-14	4.31639e-10	2.85625e-10	0.000110604
-48.919	-7.25297e-10	-0.00361464	-6.29066e-14	4.27742e-10	1.72756e-10	0.000109487
-48.919	-7.23998e-10	-0.00361465	-6.28844e-14	4.25505e-10	2.8192e-10	0.000108706
-48.9189	-7.21941e-10	-0.00361465	-6.28497e-14	4.24796e-10	1.75951e-10	0.00010833
-48.9188	-7.19412e-10	-0.00361465	-6.28071e-14	4.25535e-10	-2.86042e-11	0.000108334
-48.9188	-7.16956e-10	-0.00361465	-6.27659e-14	4.2768e-10	-1.17703e-10	0.000108702
-48.9187	-7.14808e-10	-0.00361465	-6.27297e-14	4.3114e-10	-1.20614e-10	0.000109416
-48.9187	-7.12975e-10	-0.00361465	-6.26988e-14	4.35869e-10	-1.05456e-10	0.000110459
-48.9186	-7.11413e-10	-0.00361465	-6.26725e-14	4.41797e-10	-3.62629e-11	0.000111817
-48.9186	-7.09933e-10	-0.00361465	-6.26475e-14	4.4889e-10	-9.24998e-11	0.000113476
-48.9185	-7.08693e-10	-0.00361465	-6.26265e-14	4.57081e-10	-2.77673e-10	0.000115424
-48.9185	-7.08239e-10	-0.00361465	-6.26185e-14	4.66378e-10	-6.70923e-11	0.000117652
-48.9184	-7.07976e-10	-0.00361465	-6.26136e-14	4.7984e-10	-2.16822e-10	0.000120552
-48.9183	-7.08367e-10	-0.00361465	-6.26195e-14	4.99682e-10	-5.17827e-11	0.000124795
-48.9183	-7.0894e-10	-0.00361465	-6.26284e-14	5.23428e-10	-5.22645e-11	0.000130349
-48.9182	-7.09714e-10	-0.00361465	-6.26405e-14	5.50775e-10	-6.78846e-11	0.00013686
-48.9181	-7.10766e-10	-0.00361465	-6.26572e-14	5.81798e-10	2.00178e-11	0.000144298
-48.9181	-7.11804e-10	-0.00361465	-6.26736e-14	6.16935e-10	8.11422e-12	0.000152728
-48.918	-7.12872e-10	-0.00361465	-6.26904e-14	6.56624e-10	4.4804e-11	0.000162263
-48.9179	-7.13822e-10	-0.00361466	-6.27052e-14	7.01699e-10	-5.98632e-11	0.000173065
-48.9178	-7.15105e-10	-0.00361466	-6.27254e-14	7.53036e-10	5.84785e-11	0.000185351
-48.9177	-7.16201e-10	-0.00361466	-6.27424e-14	8.1228e-10	4.69009e-12	0.000199443
-48.9176	-7.17359e-10	-0.00361466	-6.27603e-14	8.81441e-10	1.37055e-11	0.000215807
-48.9175	-7.18538e-10	-0.00361466	-6.27784e-14	9.64406e-10	1.89175e-11	0.000235195
-48.9174	-7.19712e-10	-0.00361466	-6.27963e-14	1.06844e-09	4.38893e-11	0.000259028
-48.9172	-7.20715e-10	-0.00361466	-6.28111e-14	1.21746e-09	7.0326e-11	0.000291283
-48.9171	-7.21311e-10	-0.00361466	-6.28192e-14	1.42206e-09	5.98585e-11	0.000336359
-48.9169	-7.21466e-10	-0.00361466	-6.28197e-14	1.70528e-09	2.93673e-11	0.000398547
-48.9167	-7.21332e-10	-0.00361467	-6.28151e-14	2.1273e-09	2.11429e-12	0.000488468
-48.9164	-7.21137e-10	-0.00361467	-6.28089e-14	2.84561e-09	-7.3236e-12	0.000633902
-48.916	-7.21008e-10	-0.00361467	-6.28029e-14	4.389e-09	6.91009e-12	0.000922496
-48.9155	-7.20616e-10	-0.00361468	-6.27904e-14	9.20072e-09	2.10808e-11	0.00173456
-48.9143	-7.18555e-10	-0.00361469	-6.27449e-14	6.84403e-08	-9.4517e-12	0.0100509
-48.9054	-7.07176e-10	-0.00361475	-6.24869e-14	-0.0560124	-2.64696e-11	59.9894
11.0751	6.76337e-10	-0.0133562	6.30789e-14	-0.096034	3.77604e-13	119.989
