35.7721	-4.23792e-08	-0.00361511	-3.72237e-12	0.04	-6.47305e-08	60.003
35.7723	-4.28071e-08	-0.00361511	-3.7256e-12	6.05599e-11	7.01977e-07	0.000141158
35.7723	-4.25206e-08	-0.00361511	-3.72337e-12	-8.80273e-13	7.64244e-07	1.38444e-05
35.7723	-4.21807e-08	-0.00361511	-3.72073e-12	4.04235e-11	-1.75156e-07	8.53354e-06
35.7723	-4.19548e-08	-0.00361511	-3.71898e-12	5.37303e-11	-6.02663e-07	6.97771e-06
35.7723	-4.18521e-08	-0.00361511	-3.71818e-12	3.36106e-11	-4.34357e-07	6.45111e-06
35.7723	-4.18223e-08	-0.00361511	-3.71795e-12	2.52108e-11	-9.29095e-08	6.28416e-06
35.7723	-4.18072e-08	-0.00361511	-3.71783e-12	2.42373e-11	7.33847e-08	6.27685e-06
35.7723	-4.17804e-08	-0.00361511	-3.71762e-12	2.44668e-11	6.4378e-08	6.3494e-06
35.7723	-4.1743e-08	-0.00361511	-3.71733e-12	2.57337e-11	-8.38366e-09	6.46555e-06
35.7723	-4.17061e-08	-0.00361511	-3.71704e-12	2.68364e-11	-6.25364e-08	6.60712e-06
35.7723	-4.16789e-08	-0.00361511	-3.71683e-12	2.74085e-11	-9.00544e-08	6.76496e-06
35.7723	-4.16663e-08	-0.00361511	-3.71673e-12	2.76798e-11	-4.98843e-08	6.93456e-06
35.7723	-4.16622e-08	-0.00361511	-3.71669e-12	2.82366e-11	-7.12987e-08	7.11346e-06
35.7723	-4.16709e-08	-0.00361511	-3.71676e-12	2.88688e-11	-4.5287e-08	7.30064e-06
35.7723	-4.16881e-08	-0.00361511	-3.71689e-12	2.95368e-11	-4.68995e-08	7.49553e-06
35.7723	-4.17148e-08	-0.00361511	-3.7171e-12	3.02146e-11	-4.91501e-08	7.69817e-06
35.7723	-4.17517e-08	-0.00361511	-3.71738e-12	3.07464e-11	-6.46244e-08	7.90862e-06
35.7723	-4.18026e-08	-0.00361511	-3.71777e-12	3.20601e-11	-2.08117e-08	8.12718e-06
35.7723	-4.18592e-08	-0.00361511	-3.71821e-12	3.2608e-11	-4.28903e-08	8.35402e-06
35.7723	-4.19265e-08	-0.00361511	-3.71873e-12	3.36071e-11	-3.44106e-08	8.58944e-06
35.7723	-4.20031e-08	-0.00361511	-3.71932e-12	3.50396e-11	-6.76928e-09	8.8336e-06
35.7723	-4.20835e-08	-0.00361511	-3.71994e-12	3.66521e-11	2.79649e-08	9.08667e-06
35.7723	-4.21597e-08	-0.00361511	-3.72052e-12	3.71303e-11	-5.3657e-09	9.34909e-06
35.7724	-4.22394e-08	-0.00361511	-3.72114e-12	3.9339e-11	6.78129e-08	9.62221e-06
35.7724	-4.2305e-08	-0.00361511	-3.72164e-12	3.97022e-11	1.90407e-08	9.90704e-06
35.7724	-4.23676e-08	-0.00361511	-3.72212e-12	4.15097e-11	8.34471e-08	1.02038e-05
35.7724	-4.24106e-08	-0.00361511	-3.72245e-12	4.23571e-11	7.41499e-08	1.05125e-05
35.7724	-4.24351e-08	-0.00361511	-3.72264e-12	4.33728e-11	8.45183e-08	1.08336e-05
35.7724	-4.24371e-08	-0.00361512	-3.72265e-12	4.44358e-11	5.90434e-08	1.11676e-05
35.7724	-4.24224e-08	-0.00361512	-3.72253e-12	4.55998e-11	6.93014e-08	1.15161e-05
35.7724	-4.2387e-08	-0.00361512	-3.72225e-12	4.70985e-11	3.74238e-08	1.18803e-05
35.7724	-4.23392e-08	-0.00361512	-3.72188e-12	4.87038e-11	2.07673e-08	1.22599e-05
35.7724	-4.22834e-08	-0.00361512	-3.72145e-12	5.06346e-11	-2.09207e-08	1.26546e-05
35.7724	-4.22325e-08	-0.00361512	-3.72105e-12	5.22817e-11	-2.49761e-08	1.30648e-05
35.7724	-4.21883e-08	-0.00361512	-3.7207e-12	5.40922e-11	-5.0817e-08	1.34929e-05
35.7724	-4.216e-08	-0.00361512	-3.72048e-12	5.57382e-11	-4.16561e-08	1.394e-05
35.7724	-4.21455e-08	-0.00361512	-3.72036e-12	5.7509e-11	-3.79084e-08	1.44049e-05
35.7724	-4.21444e-08	-0.00361512	-3.72035e-12	5.93725e-11	-2.94011e-08	1.48865e-05
35.7724	-4.21544e-08	-0.00361512	-3.72042e-12	6.13733e-11	-1.03059e-08	1.53861e-05
35.7725	-4.21688e-08	-0.00361512	-3.72053e-12	6.34681e-11	-3.27738e-10	1.59058e-05
35.7725	-4.21838e-08	-0.00361512	-3.72064e-12	6.56243e-11	9.57065e-09	1.64433e-05
35.7725	-4.21953e-08	-0.00361512	-3.72072e-12	6.78182e-11	1.57775e-08	1.69954e-05
35.7725	-4.22003e-08	-0.00361512	-3.72075e-12	7.00632e-11	1.30844e-08	1.75624e-05
35.7725	-4.21997e-08	-0.00361512	-3.72074e-12	7.23617e-11	7.06476e-09	1.81434e-05
35.7725	-4.21959e-08	-0.00361512	-3.72071e-12	7.46763e-11	2.24369e-09	1.87317e-05
35.7725	-4.21908e-08	-0.00361512	-3.72066e-12	7.6977e-11	-1.15052e-09	1.93193e-05
35.7725	-4.21861e-08	-0.00361512	-3.72062e-12	7.92548e-11	-2.3249e-09	1.99023e-05
35.7725	-4.21825e-08	-0.00361512	-3.72059e-12	8.17025e-11	-1.41568e-09	2.05043e-05
35.7725	-4.21795e-08	-0.00361512	-3.72056e-12	8.4363e-11	-1.86421e-09	2.11552e-05
35.7725	-4.21774e-08	-0.00361512	-3.72053e-12	8.72115e-11	-9.66909e-10	2.1857e-05
35.7726	-4.21757e-08	-0.00361512	-3.72051e-12	9.02272e-11	-8.59145e-10	2.26041e-05
35.7726	-4.21745e-08	-0.00361512	-3.7205e-12	9.33921e-11	-2.11041e-10	2.33915e-05
35.7726	-4.21734e-08	-0.00361512	-3.72048e-12	9.67292e-11	-1.81836e-10	2.42199e-05
35.7726	-4.21724e-08	-0.00361512	-3.72047e-12	1.00228e-10	3.60555e-10	2.50907e-05
35.7726	-4.21711e-08	-0.00361512	-3.72045e-12	1.03865e-10	1.01064e-10	2.59998e-05
35.7726	-4.21696e-08	-0.00361512	-3.72043e-12	1.0766e-10	-8.38747e-10	2.69466e-05
35.7726	-4.21687e-08	-0.00361512	-3.72041e-12	1.11594e-10	-4.57914e-10	2.79312e-05
35.7726	-4.21681e-08	-0.00361512	-3.7204e-12	1.15628e-10	-5.44664e-10	2.89463e-05
35.7727	-4.21679e-08	-0.00361512	-3.72039e-12	1.19778e-10	-7.31257e-10	2.9989e-05
35.7727	-4.21682e-08	-0.00361512	-3.72038e-12	1.24005e-10	1.04393e-09	3.10561e-05
35.7727	-4.21677e-08	-0.00361512	-3.72037e-12	1.28269e-10	-3.96232e-10	3.21378e-05
35.7727	-4.21675e-08	-0.00361512	-3.72035e-12	1.32574e-10	-8.88108e-10	3.32295e-05
35.7727	-4.21681e-08	-0.00361512	-3.72035e-12	1.36858e-10	4.38677e-10	3.43238e-05
35.7727	-4.21683e-08	-0.00361512	-3.72034e-12	1.4108e-10	1.4141e-09	3.54073e-05
35.7728	-4.21672e-08	-0.00361512	-3.72032e-12	1.45604e-10	-4.7263e-10	3.65216e-05
35.7728	-4.21665e-08	-0.00361512	-3.7203e-12	1.50506e-10	-5.94892e-10	3.77224e-05
35.7728	-4.21664e-08	-0.00361512	-3.72029e-12	1.55544e-10	-5.71255e-10	3.89887e-05
35.7728	-4.21668e-08	-0.00361512	-3.72028e-12	1.6066e-10	2.71334e-10	4.02824e-05
35.7728	-4.2167e-08	-0.00361512	-3.72027e-12	1.65777e-10	1.41364e-10	4.15861e-05
35.7729	-4.2167e-08	-0.00361512	-3.72025e-12	1.70931e-10	2.26554e-10	4.28947e-05
35.7729	-4.21668e-08	-0.00361512	-3.72024e-12	1.76111e-10	3.62737e-10	4.42112e-05
35.7729	-4.21662e-08	-0.00361512	-3.72022e-12	1.81363e-10	2.30675e-10	4.55402e-05
35.7729	-4.21653e-08	-0.00361512	-3.7202e-12	1.86903e-10	-3.25048e-10	4.6915e-05
35.773	-4.21647e-08	-0.00361512	-3.72018e-12	1.92875e-10	1.791e-10	4.83817e-05
35.773	-4.21639e-08	-0.00361512	-3.72016e-12	1.98891e-10	-3.8977e-10	4.9909e-05
35.773	-4.21636e-08	-0.00361512	-3.72014e-12	2.0476e-10	-2.39605e-11	5.14232e-05
35.773	-4.21633e-08	-0.00361513	-3.72012e-12	2.10478e-10	5.39445e-10	5.28995e-05
35.7731	-4.21623e-08	-0.00361513	-3.72009e-12	2.16199e-10	3.6802e-10	5.43568e-05
35.7731	-4.21607e-08	-0.00361513	-3.72007e-12	2.22004e-10	1.10397e-10	5.58253e-05
35.7731	-4.21589e-08	-0.00361513	-3.72003e-12	2.28314e-10	-2.12213e-10	5.73687e-05
35.7731	-4.21574e-08	-0.00361513	-3.72e-12	2.34933e-10	-2.72172e-10	5.90158e-05
35.7732	-4.21563e-08	-0.00361513	-3.71998e-12	2.41227e-10	-3.26323e-10	6.0661e-05
35.7732	-4.21556e-08	-0.00361513	-3.71995e-12	2.47369e-10	3.11517e-10	6.22454e-05
35.7732	-4.21544e-08	-0.00361513	-3.71992e-12	2.53418e-10	3.55359e-10	6.37985e-05
35.7733	-4.21526e-08	-0.00361513	-3.71989e-12	2.59765e-10	-3.05076e-10	6.53779e-05
35.7733	-4.21513e-08	-0.00361513	-3.71986e-12	2.6658e-10	-3.64051e-10	6.70548e-05
35.7733	-4.21506e-08	-0.00361513	-3.71983e-12	2.73123e-10	-9.44321e-11	6.87567e-05
35.7734	-4.215e-08	-0.00361513	-3.7198e-12	2.79474e-10	2.54294e-10	7.03995e-05
35.7734	-4.21489e-08	-0.00361513	-3.71977e-12	2.85734e-10	-6.56439e-11	7.20063e-05
35.7734	-4.2148e-08	-0.00361513	-3.71974e-12	2.92379e-10	-2.16254e-10	7.36504e-05
35.7735	-4.21474e-08	-0.00361513	-3.71972e-12	2.99139e-10	-3.93769e-10	7.53582e-05
35.7735	-4.21475e-08	-0.00361513	-3.71969e-12	3.05611e-10	-1.08074e-10	7.70441e-05
35.7736	-4.21479e-08	-0.00361513	-3.71967e-12	3.11966e-10	3.95631e-10	7.86785e-05
35.7736	-4.21475e-08	-0.00361513	-3.71964e-12	3.18475e-10	-9.50011e-11	8.03175e-05
35.7736	-4.21472e-08	-0.00361513	-3.71961e-12	3.25201e-10	1.74453e-11	8.20037e-05
35.7737	-4.2147e-08	-0.00361513	-3.71959e-12	3.3163e-10	9.17588e-12	8.36797e-05
35.7737	-4.21467e-08	-0.00361514	-3.71956e-12	3.37962e-10	1.2748e-10	8.53055e-05
35.7738	-4.21461e-08	-0.00361514	-3.71953e-12	3.44423e-10	-2.12828e-10	8.69356e-05
35.7738	-4.2146e-08	-0.00361514	-3.7195e-12	3.50943e-10	-1.2381e-11	8.85896e-05
35.7738	-4.21459e-08	-0.00361514	-3.71947e-12	3.57223e-10	1.71629e-11	9.02204e-05
35.7739	-4.21458e-08	-0.00361514	-3.71944e-12	3.63441e-10	1.23222e-10	9.18128e-05
35.7739	-4.21453e-08	-0.00361514	-3.71941e-12	3.69793e-10	1.12205e-11	9.34143e-05
35.774	-4.21449e-08	-0.00361514	-3.71937e-12	3.75995e-10	-1.19315e-10	9.50139e-05
35.774	-4.21447e-08	-0.00361514	-3.71934e-12	3.82047e-10	-1.51713e-10	9.65753e-05
35.7741	-4.21449e-08	-0.00361514	-3.71931e-12	3.88127e-10	4.53281e-11	9.8121e-05
35.7741	-4.2145e-08	-0.00361514	-3.71928e-12	3.94164e-10	1.40692e-10	9.96649e-05
35.7742	-4.21447e-08	-0.00361514	-3.71925e-12	4.00027e-10	-4.11832e-11	0.000101181
35.7742	-4.21445e-08	-0.00361514	-3.71921e-12	4.05842e-10	1.09267e-11	0.000102669
35.7743	-4.21443e-08	-0.00361514	-3.71918e-12	4.11627e-10	-1.04679e-10	0.000104147
35.7743	-4.21444e-08	-0.00361515	-3.71915e-12	4.17251e-10	2.40578e-11	0.000105601
35.7744	-4.21444e-08	-0.00361515	-3.71911e-12	4.22792e-10	-9.55847e-13	0.000107023
35.7744	-4.21444e-08	-0.00361515	-3.71908e-12	4.28282e-10	3.37464e-12	0.000108429
35.7745	-4.21444e-08	-0.00361515	-3.71905e-12	4.3361e-10	3.93043e-11	0.000109807
35.7746	-4.21443e-08	-0.00361515	-3.71901e-12	4.38863e-10	1.879e-11	0.000111155
35.7746	-4.21441e-08	-0.00361515	-3.71897e-12	4.44019e-10	-5.53792e-11	0.000112482
35.7747	-4.21441e-08	-0.00361515	-3.71894e-12	4.49018e-10	-1.12864e-12	0.000113776
35.7747	-4.21441e-08	-0.00361515	-3.7189e-12	4.53946e-10	-1.59195e-11	0.000115041
35.7748	-4.21442e-08	-0.00361515	-3.71887e-12	4.58743e-10	4.00713e-11	0.00011628
35.7748	-4.21441e-08	-0.00361515	-3.71883e-12	4.6338e-10	-7.57836e-11	0.000117482
35.7749	-4.21442e-08	-0.00361515	-3.71879e-12	4.67958e-10	7.5266e-11	0.000118656
35.775	-4.21442e-08	-0.00361515	-3.71875e-12	4.7236e-10	6.30979e-11	0.0001198
35.775	-4.21439e-08	-0.00361516	-3.71871e-12	4.76623e-10	4.38121e-11	0.000120904
35.7751	-4.21435e-08	-0.00361516	-3.71867e-12	4.80825e-10	-1.22005e-10	0.000121983
35.7751	-4.21435e-08	-0.00361516	-3.71863e-12	4.84814e-10	-8.10348e-11	0.000123026
35.7752	-4.21437e-08	-0.00361516	-3.7186e-12	4.88685e-10	-1.42426e-11	0.000124028
35.7753	-4.2144e-08	-0.00361516	-3.71856e-12	4.92489e-10	-9.2249e-12	0.000125006
35.7753	-4.21442e-08	-0.00361516	-3.71852e-12	4.96036e-10	1.54548e-10	0.000125943
35.7754	-4.21441e-08	-0.00361516	-3.71848e-12	4.99509e-10	9.41069e-11	0.000126837
35.7755	-4.21436e-08	-0.00361516	-3.71844e-12	5.02885e-10	-1.26841e-10	0.00012771
35.7755	-4.21435e-08	-0.00361516	-3.71839e-12	5.05991e-10	-6.97455e-11	0.000128536
35.7756	-4.21436e-08	-0.00361516	-3.71835e-12	5.09062e-10	-7.26361e-11	0.000129323
35.7756	-4.2144e-08	-0.00361516	-3.71832e-12	5.11994e-10	6.7756e-11	0.000130088
35.7757	-4.21441e-08	-0.00361517	-3.71828e-12	5.14655e-10	4.03746e-11	0.0001308
35.7758	-4.21442e-08	-0.00361517	-3.71823e-12	5.17322e-10	3.44592e-11	0.000131479
35.7758	-4.21441e-08	-0.00361517	-3.71819e-12	5.19769e-10	5.39947e-11	0.000132131
35.7759	-4.21438e-08	-0.00361517	-3.71815e-12	5.22004e-10	7.34843e-12	0.000132728
35.776	-4.21435e-08	-0.00361517	-3.7181e-12	5.24253e-10	-5.42491e-11	0.000133299
35.776	-4.21434e-08	-0.00361517	-3.71806e-12	5.26198e-10	-2.24892e-11	0.000133833
35.7761	-4.21434e-08	-0.00361517	-3.71802e-12	5.28019e-10	-4.35747e-11	0.000134313
35.7762	-4.21435e-08	-0.00361517	-3.71798e-12	5.29832e-10	3.09262e-11	0.000134776
35.7762	-4.21435e-08	-0.00361517	-3.71793e-12	5.3127e-10	-5.08686e-11	0.000135191
35.7763	-4.21436e-08	-0.00361517	-3.71789e-12	5.3269e-10	5.63268e-11	0.000135555
35.7764	-4.21436e-08	-0.00361518	-3.71785e-12	5.34031e-10	-2.02146e-11	0.000135906
35.7765	-4.21437e-08	-0.00361518	-3.71781e-12	5.34986e-10	3.66093e-11	0.000136199
35.7765	-4.21436e-08	-0.00361518	-3.71776e-12	5.35998e-10	1.23458e-11	0.00013645
35.7766	-4.21435e-08	-0.00361518	-3.71772e-12	5.36836e-10	2.83561e-13	0.000136685
35.7767	-4.21434e-08	-0.00361518	-3.71768e-12	5.37327e-10	-8.66214e-11	0.000136855
35.7767	-4.21435e-08	-0.00361518	-3.71763e-12	5.37923e-10	3.16743e-11	0.000136993
35.7768	-4.21436e-08	-0.00361518	-3.71759e-12	5.38235e-10	-2.33364e-11	0.000137109
35.7769	-4.21438e-08	-0.00361518	-3.71755e-12	5.3828e-10	8.76431e-11	0.000137154
35.7769	-4.21436e-08	-0.00361518	-3.7175e-12	5.38437e-10	-1.59067e-12	0.00013718
35.777	-4.21435e-08	-0.00361518	-3.71746e-12	5.38203e-10	2.88139e-11	0.00013717
35.7771	-4.21432e-08	-0.00361519	-3.71741e-12	5.37794e-10	-3.0583e-11	0.000137088
35.7771	-4.21431e-08	-0.00361519	-3.71737e-12	5.37487e-10	-3.06181e-14	0.000136997
35.7772	-4.2143e-08	-0.00361519	-3.71733e-12	5.36695e-10	-2.89804e-11	0.000136857
35.7773	-4.21429e-08	-0.00361519	-3.71728e-12	5.35816e-10	-7.66545e-11	0.000136644
35.7773	-4.21431e-08	-0.00361519	-3.71724e-12	5.35014e-10	7.49223e-12	0.00013643
35.7774	-4.21433e-08	-0.00361519	-3.7172e-12	5.33655e-10	8.1565e-11	0.000136155
35.7775	-4.21433e-08	-0.00361519	-3.71715e-12	5.32258e-10	-1.29356e-11	0.000135804
35.7775	-4.21432e-08	-0.00361519	-3.71711e-12	5.30932e-10	2.62346e-11	0.000135456
35.7776	-4.21431e-08	-0.00361519	-3.71707e-12	5.28982e-10	2.86721e-11	0.000135039
35.7777	-4.21429e-08	-0.00361519	-3.71702e-12	5.27004e-10	-2.70489e-12	0.000134539
35.7777	-4.21427e-08	-0.0036152	-3.71698e-12	5.25116e-10	1.5795e-11	0.000134046
35.7778	-4.21424e-08	-0.0036152	-3.71694e-12	5.22556e-10	-6.09389e-11	0.000133479
35.7779	-4.21424e-08	-0.0036152	-3.71689e-12	5.19896e-10	-9.15181e-11	0.000132814
35.7779	-4.21426e-08	-0.0036152	-3.71685e-12	5.17394e-10	4.70337e-11	0.000132156
35.778	-4.21427e-08	-0.0036152	-3.71681e-12	5.14223e-10	8.32706e-11	0.000131433
35.7781	-4.21425e-08	-0.0036152	-3.71677e-12	5.10746e-10	7.10632e-11	0.000130586
35.7781	-4.21421e-08	-0.0036152	-3.71672e-12	5.0752e-10	7.24466e-12	0.000129732
35.7782	-4.21417e-08	-0.0036152	-3.71668e-12	5.03801e-10	-4.28275e-11	0.000128847
35.7783	-4.21414e-08	-0.0036152	-3.71664e-12	4.9935e-10	-4.58538e-11	0.000127806
35.7783	-4.21412e-08	-0.0036152	-3.7166e-12	4.95218e-10	-1.19427e-10	0.000126713
35.7784	-4.21414e-08	-0.00361521	-3.71656e-12	4.90964e-10	-9.97955e-11	0.000125644
35.7785	-4.2142e-08	-0.00361521	-3.71652e-12	4.85597e-10	3.43964e-11	0.000124418
35.7785	-4.21424e-08	-0.00361521	-3.71649e-12	4.80238e-10	4.6148e-11	0.000123051
35.7786	-4.21427e-08	-0.00361521	-3.71645e-12	4.75132e-10	2.49194e-10	0.000121718
35.7786	-4.21422e-08	-0.00361521	-3.71641e-12	4.6942e-10	2.84994e-10	0.00012034
35.7787	-4.21409e-08	-0.00361521	-3.71636e-12	4.62605e-10	2.84649e-10	0.000118744
35.7788	-4.21388e-08	-0.00361521	-3.71631e-12	4.5612e-10	3.51127e-11	0.000117049
35.7788	-4.21366e-08	-0.00361521	-3.71626e-12	4.49799e-10	-3.50869e-10	0.000115417
35.7789	-4.21354e-08	-0.00361521	-3.71621e-12	4.42716e-10	-5.38246e-10	0.000113709
35.7789	-4.21357e-08	-0.00361521	-3.71618e-12	4.34502e-10	-3.76136e-10	0.00011176
35.779	-4.21371e-08	-0.00361521	-3.71616e-12	4.26632e-10	-1.67086e-10	0.000109711
35.779	-4.2139e-08	-0.00361521	-3.71613e-12	4.19039e-10	-1.39493e-10	0.00010774
35.7791	-4.21411e-08	-0.00361522	-3.71611e-12	4.11111e-10	1.34076e-10	0.000105763
35.7792	-4.21429e-08	-0.00361522	-3.71609e-12	4.01868e-10	4.58173e-10	0.000103575
35.7792	-4.21434e-08	-0.00361522	-3.71606e-12	3.92571e-10	5.69516e-10	0.000101213
35.7793	-4.21426e-08	-0.00361522	-3.71603e-12	3.83782e-10	5.58846e-10	9.89082e-05
35.7793	-4.21403e-08	-0.00361522	-3.71598e-12	3.75267e-10	5.32703e-10	9.67036e-05
35.7793	-4.21369e-08	-0.00361522	-3.71593e-12	3.66554e-10	4.45115e-10	9.45085e-05
35.7794	-4.21325e-08	-0.00361522	-3.71587e-12	3.56875e-10	2.10223e-10	9.21651e-05
35.7794	-4.21277e-08	-0.00361522	-3.71581e-12	3.47182e-10	-1.17e-10	8.96969e-05
35.7795	-4.21233e-08	-0.00361522	-3.71575e-12	3.38192e-10	-5.37773e-10	8.73165e-05
35.7795	-4.21202e-08	-0.00361522	-3.71571e-12	3.29858e-10	-1.03108e-09	8.51092e-05
35.7796	-4.21194e-08	-0.00361522	-3.71567e-12	3.22066e-10	-1.37694e-09	8.30546e-05
35.7796	-4.21213e-08	-0.00361522	-3.71566e-12	3.14456e-10	-1.18459e-09	8.10922e-05
35.7797	-4.21256e-08	-0.00361522	-3.71566e-12	3.06578e-10	-4.77607e-10	7.91189e-05
35.7797	-4.21308e-08	-0.00361522	-3.71567e-12	2.98796e-10	-1.96485e-10	7.71236e-05
35.7797	-4.21362e-08	-0.00361522	-3.71568e-12	2.91889e-10	4.1077e-10	7.52521e-05
35.7798	-4.21406e-08	-0.00361523	-3.71569e-12	2.85909e-10	5.4348e-10	7.36101e-05
35.7798	-4.2144e-08	-0.00361523	-3.71569e-12	2.80782e-10	6.31425e-10	7.21951e-05
35.7798	-4.21463e-08	-0.00361523	-3.71568e-12	2.76434e-10	4.43205e-10	7.0988e-05
35.7799	-4.21477e-08	-0.00361523	-3.71567e-12	2.72747e-10	6.03091e-10	6.99643e-05
35.7799	-4.2148e-08	-0.00361523	-3.71565e-12	2.69602e-10	8.25238e-10	6.90938e-05
35.7799	-4.21469e-08	-0.00361523	-3.71562e-12	2.66805e-10	7.81913e-10	6.83367e-05
35.78	-4.21445e-08	-0.00361523	-3.71558e-12	2.646e-10	4.70053e-10	6.76995e-05
35.78	-4.21413e-08	-0.00361523	-3.71554e-12	2.63418e-10	7.66221e-10	6.7268e-05
35.78	-4.21369e-08	-0.00361523	-3.71549e-12	2.63181e-10	4.74248e-10	6.70872e-05
35.7801	-4.21316e-08	-0.00361523	-3.71543e-12	2.63841e-10	-8.44099e-11	6.7141e-05
35.7801	-4.21265e-08	-0.00361523	-3.71538e-12	2.65375e-10	-3.26212e-10	6.74206e-05
35.7801	-4.21219e-08	-0.00361523	-3.71533e-12	2.67729e-10	-3.32831e-10	6.79159e-05
35.7802	-4.21179e-08	-0.00361523	-3.71528e-12	2.70877e-10	-2.90468e-10	6.8617e-05
35.7802	-4.21142e-08	-0.00361523	-3.71524e-12	2.74779e-10	-1.02234e-10	6.95152e-05
35.7802	-4.21108e-08	-0.00361523	-3.71519e-12	2.79415e-10	-2.5367e-10	7.0603e-05
35.7803	-4.21077e-08	-0.00361523	-3.71515e-12	2.84747e-10	-7.51629e-10	7.18729e-05
35.7803	-4.21059e-08	-0.00361523	-3.71511e-12	2.90781e-10	-1.81939e-10	7.3321e-05
35.7804	-4.21044e-08	-0.00361523	-3.71508e-12	2.99431e-10	-5.83193e-10	7.51919e-05
35.7804	-4.2104e-08	-0.00361523	-3.71506e-12	3.12089e-10	-1.38175e-10	7.79068e-05
35.7804	-4.21038e-08	-0.00361523	-3.71503e-12	3.27224e-10	-1.3876e-10	8.14478e-05
35.7805	-4.21039e-08	-0.00361524	-3.715e-12	3.44656e-10	-1.79683e-10	8.55972e-05
35.7805	-4.21045e-08	-0.00361524	-3.71498e-12	3.64444e-10	5.55081e-11	9.03394e-05
35.7806	-4.21049e-08	-0.00361524	-3.71495e-12	3.86875e-10	2.36882e-11	9.57186e-05
35.7806	-4.21053e-08	-0.00361524	-3.71492e-12	4.12241e-10	1.2094e-10	0.000101809
35.7807	-4.21054e-08	-0.00361524	-3.71489e-12	4.41084e-10	-1.56421e-10	0.000108716
35.7807	-4.21059e-08	-0.00361524	-3.71486e-12	4.73982e-10	1.56807e-10	0.000116583
35.7808	-4.2106e-08	-0.00361524	-3.71482e-12	5.12002e-10	1.44568e-11	0.000125619
35.7808	-4.21061e-08	-0.00361524	-3.71478e-12	5.56456e-10	3.81374e-11	0.000136128
35.7809	-4.2106e-08	-0.00361524	-3.71474e-12	6.09859e-10	5.16123e-11	0.000148597
35.781	-4.21058e-08	-0.00361524	-3.71469e-12	6.76902e-10	1.16263e-10	0.000163946
35.7811	-4.2105e-08	-0.00361524	-3.71463e-12	7.72937e-10	1.83672e-10	0.000184727
35.7812	-4.21032e-08	-0.00361525	-3.71456e-12	9.05024e-10	1.54613e-10	0.000213799
35.7813	-4.21002e-08	-0.00361525	-3.71446e-12	1.0884e-09	7.43188e-11	0.000254005
35.7814	-4.2096e-08	-0.00361525	-3.71435e-12	1.36258e-09	3.52478e-12	0.000312326
35.7816	-4.20908e-08	-0.00361525	-3.71421e-12	1.83113e-09	-2.08647e-11	0.000407011
35.7818	-4.2084e-08	-0.00361525	-3.71402e-12	2.84354e-09	1.39152e-11	0.000595871
35.7822	-4.20733e-08	-0.00361526	-3.71373e-12	6.03899e-09	4.39184e-11	0.00113298
35.783	-4.20487e-08	-0.00361527	-3.71311e-12	4.86654e-08	-6.66822e-11	0.00704873
35.7893	-4.18697e-08	-0.00361535	-3.70834e-12	-0.0560223	-6.20869e-10	59.9921
-24.225	4.2102e-08	-0.0133467	3.62751e-12	-0.0960435	2.2758e-11	119.989
