7.90502	-3.14963e-10	-0.0036146	-2.68402e-14	0.04	-1.09391e-08	60.0102
7.90534	-4.8488e-10	-0.0036146	-2.9956e-14	1.6529e-10	1.17563e-07	0.000331746
7.90536	-3.7243e-10	-0.0036146	-2.78927e-14	8.81624e-11	1.28209e-07	3.24633e-05
7.90537	-2.38921e-10	-0.0036146	-2.54439e-14	6.81079e-11	-2.92688e-08	2.00058e-05
7.90538	-1.50166e-10	-0.0036146	-2.38162e-14	6.13913e-11	-1.01017e-07	1.63562e-05
7.90538	-1.09806e-10	-0.00361461	-2.30763e-14	5.83308e-11	-7.2841e-08	1.51201e-05
7.90539	-9.8076e-11	-0.00361461	-2.28614e-14	5.7543e-11	-1.55813e-08	1.47272e-05
7.9054	-9.21678e-11	-0.00361461	-2.27533e-14	5.79224e-11	1.23232e-08	1.47086e-05
7.90541	-8.16697e-11	-0.00361461	-2.25611e-14	5.88285e-11	1.08179e-08	1.4877e-05
7.90541	-6.69517e-11	-0.00361461	-2.22915e-14	6.00624e-11	-1.39452e-09	1.51476e-05
7.90542	-5.24639e-11	-0.00361461	-2.20262e-14	6.14544e-11	-1.04908e-08	1.54776e-05
7.90543	-4.17491e-11	-0.00361461	-2.18301e-14	6.29633e-11	-1.51199e-08	1.58456e-05
7.90544	-3.68331e-11	-0.00361461	-2.17403e-14	6.45446e-11	-8.37842e-09	1.6241e-05
7.90545	-3.5237e-11	-0.00361461	-2.17114e-14	6.62211e-11	-1.1983e-08	1.66581e-05
7.90545	-3.86539e-11	-0.00361461	-2.17744e-14	6.79614e-11	-7.61726e-09	1.70943e-05
7.90546	-4.54584e-11	-0.00361461	-2.18995e-14	6.97799e-11	-7.89352e-09	1.75485e-05
7.90547	-5.5954e-11	-0.00361461	-2.20921e-14	7.16609e-11	-8.27757e-09	1.80207e-05
7.90548	-7.05119e-11	-0.00361461	-2.23592e-14	7.36158e-11	-1.08874e-08	1.8511e-05
7.90549	-9.05753e-11	-0.00361461	-2.27271e-14	7.56603e-11	-3.52121e-09	1.902e-05
7.9055	-1.12889e-10	-0.00361461	-2.31362e-14	7.77643e-11	-7.24148e-09	1.95482e-05
7.90551	-1.39415e-10	-0.00361461	-2.36223e-14	7.9954e-11	-5.81938e-09	2.00963e-05
7.90552	-1.6965e-10	-0.00361461	-2.41764e-14	8.22397e-11	-1.16798e-09	2.06646e-05
7.90553	-2.01357e-10	-0.00361461	-2.47572e-14	8.46065e-11	4.68365e-09	2.12535e-05
7.90554	-2.31447e-10	-0.00361461	-2.53084e-14	8.70325e-11	-9.31981e-10	2.18639e-05
7.90555	-2.62921e-10	-0.00361461	-2.58848e-14	8.96083e-11	1.14065e-08	2.24991e-05
7.90556	-2.88807e-10	-0.00361461	-2.63587e-14	9.22407e-11	3.18828e-09	2.31614e-05
7.90558	-3.13588e-10	-0.00361461	-2.68124e-14	9.50184e-11	1.40588e-08	2.38512e-05
7.90559	-3.30603e-10	-0.00361461	-2.71237e-14	9.78796e-11	1.25016e-08	2.45687e-05
7.9056	-3.40339e-10	-0.00361461	-2.73019e-14	1.00855e-10	1.42639e-08	2.53146e-05
7.90561	-3.4121e-10	-0.00361461	-2.73177e-14	1.03954e-10	9.9739e-09	2.60904e-05
7.90563	-3.35503e-10	-0.00361461	-2.72131e-14	1.07192e-10	1.17176e-08	2.68996e-05
7.90564	-3.21618e-10	-0.00361461	-2.6959e-14	1.10583e-10	6.34018e-09	2.77449e-05
7.90565	-3.02826e-10	-0.00361461	-2.66151e-14	1.1411e-10	3.52996e-09	2.86257e-05
7.90567	-2.80871e-10	-0.00361461	-2.62135e-14	1.17781e-10	-3.52014e-09	2.95412e-05
7.90568	-2.60851e-10	-0.00361461	-2.58474e-14	1.21587e-10	-4.2101e-09	3.04924e-05
7.9057	-2.43445e-10	-0.00361461	-2.55292e-14	1.25572e-10	-8.59138e-09	3.14845e-05
7.90571	-2.3234e-10	-0.00361461	-2.53263e-14	1.29718e-10	-7.0489e-09	3.25206e-05
7.90573	-2.26692e-10	-0.00361461	-2.52232e-14	1.34017e-10	-6.42204e-09	3.35974e-05
7.90575	-2.26339e-10	-0.00361461	-2.52169e-14	1.38464e-10	-4.98709e-09	3.47122e-05
7.90577	-2.30373e-10	-0.00361461	-2.52908e-14	1.43091e-10	-1.75286e-09	3.58683e-05
7.90578	-2.36139e-10	-0.00361461	-2.53963e-14	1.47898e-10	-6.09299e-11	3.70701e-05
7.9058	-2.42156e-10	-0.00361462	-2.55064e-14	1.52845e-10	1.62069e-09	3.83127e-05
7.90582	-2.46797e-10	-0.00361462	-2.55913e-14	1.57911e-10	2.67818e-09	3.95882e-05
7.90584	-2.48898e-10	-0.00361462	-2.56298e-14	1.6312e-10	2.224e-09	4.08974e-05
7.90586	-2.48757e-10	-0.00361462	-2.56274e-14	1.68433e-10	1.20276e-09	4.22379e-05
7.90588	-2.47321e-10	-0.00361462	-2.56013e-14	1.73766e-10	3.83516e-10	4.35942e-05
7.90591	-2.45415e-10	-0.00361462	-2.55667e-14	1.79059e-10	-1.94348e-10	4.49478e-05
7.90593	-2.43673e-10	-0.00361462	-2.5535e-14	1.84296e-10	-3.94949e-10	4.62893e-05
7.90595	-2.42344e-10	-0.00361462	-2.55109e-14	1.89925e-10	-2.40412e-10	4.76736e-05
7.90598	-2.41264e-10	-0.00361462	-2.54914e-14	1.96041e-10	-3.17433e-10	4.917e-05
7.906	-2.40547e-10	-0.00361462	-2.54785e-14	2.02588e-10	-1.64617e-10	5.07833e-05
7.90603	-2.40017e-10	-0.00361462	-2.54691e-14	2.09516e-10	-1.46483e-10	5.25e-05
7.90605	-2.39666e-10	-0.00361462	-2.54629e-14	2.16782e-10	-3.57948e-11	5.43083e-05
7.90608	-2.39351e-10	-0.00361462	-2.54574e-14	2.24438e-10	-3.08562e-11	5.62095e-05
7.90611	-2.3907e-10	-0.00361462	-2.54525e-14	2.3246e-10	6.21173e-11	5.8207e-05
7.90614	-2.38686e-10	-0.00361462	-2.54457e-14	2.40794e-10	1.77181e-11	6.02907e-05
7.90617	-2.38261e-10	-0.00361462	-2.54382e-14	2.4948e-10	-1.43712e-10	6.24591e-05
7.9062	-2.3805e-10	-0.00361462	-2.54346e-14	2.58477e-10	-7.85465e-11	6.4712e-05
7.90624	-2.3796e-10	-0.00361463	-2.54333e-14	2.67695e-10	-9.36722e-11	6.70327e-05
7.90627	-2.38027e-10	-0.00361463	-2.54348e-14	2.77165e-10	-1.26072e-10	6.94138e-05
7.90631	-2.38319e-10	-0.00361463	-2.54403e-14	2.868e-10	1.79864e-10	7.18479e-05
7.90634	-2.38292e-10	-0.00361463	-2.54402e-14	2.96505e-10	-6.83927e-11	7.43118e-05
7.90638	-2.38394e-10	-0.00361463	-2.54423e-14	3.0629e-10	-1.53648e-10	7.6795e-05
7.90642	-2.38798e-10	-0.00361463	-2.545e-14	3.16009e-10	7.55982e-11	7.928e-05
7.90646	-2.39064e-10	-0.00361463	-2.54551e-14	3.25568e-10	2.44903e-10	8.17363e-05
7.9065	-2.38829e-10	-0.00361463	-2.54512e-14	3.35808e-10	-8.17904e-11	8.42589e-05
7.90654	-2.38762e-10	-0.00361463	-2.54503e-14	3.46897e-10	-1.03298e-10	8.69764e-05
7.90659	-2.38921e-10	-0.00361463	-2.54535e-14	3.58281e-10	-9.95324e-11	8.98398e-05
7.90663	-2.39313e-10	-0.00361464	-2.5461e-14	3.69821e-10	4.69487e-11	9.27605e-05
7.90668	-2.39606e-10	-0.00361464	-2.54667e-14	3.81341e-10	2.4428e-11	9.56985e-05
7.90673	-2.39849e-10	-0.00361464	-2.54715e-14	3.92921e-10	3.94002e-11	9.86418e-05
7.90678	-2.40001e-10	-0.00361464	-2.54746e-14	4.04535e-10	6.33824e-11	0.000101597
7.90683	-2.39995e-10	-0.00361464	-2.54749e-14	4.16288e-10	4.04778e-11	0.000104574
7.90688	-2.3988e-10	-0.00361464	-2.54732e-14	4.28675e-10	-5.69409e-11	0.00010765
7.90694	-2.39918e-10	-0.00361464	-2.54743e-14	4.42023e-10	3.14995e-11	0.000110929
7.90699	-2.39868e-10	-0.00361464	-2.54739e-14	4.55439e-10	-6.85961e-11	0.000114339
7.90705	-2.40016e-10	-0.00361465	-2.5477e-14	4.68485e-10	-4.33075e-12	0.000117711
7.90711	-2.40181e-10	-0.00361465	-2.54804e-14	4.81152e-10	9.52733e-11	0.000120988
7.90717	-2.40058e-10	-0.00361465	-2.54787e-14	4.93792e-10	6.53479e-11	0.000124212
7.90724	-2.39727e-10	-0.00361465	-2.54732e-14	5.06589e-10	1.99392e-11	0.000127453
7.9073	-2.39322e-10	-0.00361465	-2.54664e-14	5.205e-10	-3.73291e-11	0.000130857
7.90737	-2.39031e-10	-0.00361465	-2.54617e-14	5.35075e-10	-4.81946e-11	0.000134486
7.90744	-2.38895e-10	-0.00361465	-2.54598e-14	5.48868e-10	-5.81092e-11	0.000138101
7.90751	-2.38959e-10	-0.00361466	-2.54615e-14	5.62272e-10	5.5733e-11	0.000141567
7.90758	-2.38825e-10	-0.00361466	-2.54597e-14	5.75425e-10	6.39022e-11	0.000144951
7.90765	-2.38454e-10	-0.00361466	-2.54536e-14	5.89211e-10	-5.44523e-11	0.000148383
7.90773	-2.38278e-10	-0.00361466	-2.5451e-14	6.04009e-10	-6.53824e-11	0.000152026
7.9078	-2.38349e-10	-0.00361466	-2.54529e-14	6.18145e-10	-1.70738e-11	0.000155713
7.90788	-2.38489e-10	-0.00361467	-2.5456e-14	6.31796e-10	4.59516e-11	0.000159254
7.90796	-2.38448e-10	-0.00361467	-2.54559e-14	6.45194e-10	-1.18252e-11	0.0001627
7.90804	-2.38454e-10	-0.00361467	-2.54567e-14	6.5941e-10	-3.92992e-11	0.000166219
7.90813	-2.38625e-10	-0.00361467	-2.54604e-14	6.73833e-10	-7.19311e-11	0.000169869
7.90821	-2.39109e-10	-0.00361467	-2.54698e-14	6.87555e-10	-2.01612e-11	0.000173455
7.9083	-2.39691e-10	-0.00361468	-2.54809e-14	7.0096e-10	7.20616e-11	0.000176912
7.90839	-2.39962e-10	-0.00361468	-2.54864e-14	7.14657e-10	-1.76652e-11	0.000180366
7.90848	-2.4032e-10	-0.00361468	-2.54935e-14	7.28783e-10	2.9415e-12	0.000183912
7.90857	-2.4067e-10	-0.00361468	-2.55004e-14	7.42186e-10	1.42992e-12	0.00018742
7.90867	-2.41021e-10	-0.00361468	-2.55074e-14	7.55317e-10	2.33746e-11	0.000190801
7.90877	-2.41265e-10	-0.00361469	-2.55124e-14	7.68681e-10	-3.975e-11	0.000194178
7.90886	-2.41708e-10	-0.00361469	-2.5521e-14	7.82116e-10	-2.65914e-12	0.000197593
7.90896	-2.42172e-10	-0.00361469	-2.553e-14	7.94955e-10	2.84436e-12	0.000200941
7.90906	-2.42629e-10	-0.00361469	-2.55389e-14	8.076e-10	2.27697e-11	0.000204189
7.90917	-2.42976e-10	-0.0036147	-2.55458e-14	8.20481e-10	1.85717e-12	0.000207442
7.90927	-2.4332e-10	-0.0036147	-2.55526e-14	8.32971e-10	-2.279e-11	0.000210675
7.90938	-2.43789e-10	-0.0036147	-2.55617e-14	8.45068e-10	-2.91196e-11	0.000213809
7.90949	-2.44422e-10	-0.0036147	-2.55736e-14	8.57167e-10	8.10075e-12	0.000216892
7.90959	-2.4502e-10	-0.00361471	-2.55849e-14	8.69111e-10	2.63588e-11	0.000219956
7.90971	-2.4548e-10	-0.00361471	-2.55938e-14	8.80612e-10	-8.23809e-12	0.000222944
7.90982	-2.45992e-10	-0.00361471	-2.56036e-14	8.91947e-10	1.69787e-12	0.000225855
7.90993	-2.46502e-10	-0.00361471	-2.56133e-14	9.03156e-10	-2.05763e-11	0.000228728
7.91005	-2.47136e-10	-0.00361472	-2.56252e-14	9.13953e-10	4.14146e-12	0.000231532
7.91016	-2.47754e-10	-0.00361472	-2.56368e-14	9.24512e-10	-6.8097e-13	0.000234254
7.91028	-2.48383e-10	-0.00361472	-2.56485e-14	9.349e-10	1.53086e-13	0.000236924
7.9104	-2.49018e-10	-0.00361472	-2.56604e-14	9.44878e-10	7.17834e-12	0.00023952
7.91052	-2.49616e-10	-0.00361473	-2.56716e-14	9.54635e-10	3.21531e-12	0.000242035
7.91064	-2.50202e-10	-0.00361473	-2.56826e-14	9.64125e-10	-1.13712e-11	0.000244488
7.91076	-2.50862e-10	-0.00361473	-2.56949e-14	9.73221e-10	-7.52439e-13	0.000246857
7.91089	-2.51534e-10	-0.00361474	-2.57073e-14	9.82109e-10	-3.69854e-12	0.000249149
7.91101	-2.52235e-10	-0.00361474	-2.57202e-14	9.90659e-10	7.42308e-12	0.000251371
7.91114	-2.52896e-10	-0.00361474	-2.57324e-14	9.98813e-10	-1.56885e-11	0.0002535
7.91127	-2.53661e-10	-0.00361474	-2.57464e-14	1.00679e-09	1.44985e-11	0.000255556
7.9114	-2.5434e-10	-0.00361475	-2.57589e-14	1.01434e-09	1.21881e-11	0.000257535
7.91152	-2.54945e-10	-0.00361475	-2.577e-14	1.02154e-09	8.40458e-12	0.000259415
7.91165	-2.55499e-10	-0.00361475	-2.57803e-14	1.02857e-09	-2.52256e-11	0.000261229
7.91179	-2.56223e-10	-0.00361476	-2.57935e-14	1.03509e-09	-1.71209e-11	0.000262956
7.91192	-2.57064e-10	-0.00361476	-2.58086e-14	1.04132e-09	-3.60697e-12	0.000264581
7.91205	-2.57935e-10	-0.00361476	-2.58243e-14	1.04737e-09	-2.61259e-12	0.000266146
7.91218	-2.58827e-10	-0.00361477	-2.58403e-14	1.05282e-09	3.12113e-11	0.000267612
7.91232	-2.59515e-10	-0.00361477	-2.58527e-14	1.05809e-09	1.89956e-11	0.000268978
7.91245	-2.60079e-10	-0.00361477	-2.5863e-14	1.06311e-09	-2.68568e-11	0.000270289
7.91259	-2.60827e-10	-0.00361478	-2.58764e-14	1.06752e-09	-1.51918e-11	0.000271492
7.91272	-2.61681e-10	-0.00361478	-2.58916e-14	1.07183e-09	-1.59619e-11	0.000272604
7.91286	-2.62648e-10	-0.00361478	-2.59087e-14	1.07582e-09	1.35056e-11	0.000273661
7.913	-2.63526e-10	-0.00361478	-2.59242e-14	1.0792e-09	7.84758e-12	0.0002746
7.91314	-2.64353e-10	-0.00361479	-2.59388e-14	1.08257e-09	6.67498e-12	0.000275461
7.91327	-2.65136e-10	-0.00361479	-2.59526e-14	1.08546e-09	1.09268e-11	0.000276259
7.91341	-2.65846e-10	-0.00361479	-2.59652e-14	1.08787e-09	1.03007e-12	0.000276934
7.91355	-2.6655e-10	-0.0036148	-2.59776e-14	1.0903e-09	-1.2245e-11	0.000277552
7.91369	-2.67341e-10	-0.0036148	-2.59915e-14	1.09207e-09	-5.49661e-12	0.000278087
7.91383	-2.68171e-10	-0.0036148	-2.6006e-14	1.09357e-09	-1.01436e-11	0.000278504
7.91397	-2.69073e-10	-0.00361481	-2.60216e-14	1.09504e-09	6.03028e-12	0.000278881
7.91411	-2.69935e-10	-0.00361481	-2.60366e-14	1.09571e-09	-1.18557e-11	0.000279154
7.91425	-2.70879e-10	-0.00361481	-2.60529e-14	1.09634e-09	1.16516e-11	0.000279321
7.91439	-2.71743e-10	-0.00361482	-2.60678e-14	1.0968e-09	-5.16618e-12	0.000279459
7.91453	-2.72643e-10	-0.00361482	-2.60833e-14	1.09645e-09	7.42023e-12	0.000279473
7.91467	-2.73491e-10	-0.00361482	-2.60978e-14	1.09622e-09	2.08567e-12	0.000279399
7.91481	-2.74325e-10	-0.00361483	-2.61121e-14	1.09562e-09	-5.93839e-13	0.000279293
7.91495	-2.75162e-10	-0.00361483	-2.61264e-14	1.09432e-09	-2.01859e-11	0.000279051
7.91509	-2.76139e-10	-0.00361483	-2.6143e-14	1.09323e-09	6.37637e-12	0.000278746
7.91522	-2.7707e-10	-0.00361483	-2.61587e-14	1.09156e-09	-6.05721e-12	0.000278395
7.91536	-2.78042e-10	-0.00361484	-2.61752e-14	1.08936e-09	1.92305e-11	0.000277902
7.9155	-2.78879e-10	-0.00361484	-2.61893e-14	1.08739e-09	-1.02233e-12	0.00027737
7.91564	-2.79721e-10	-0.00361484	-2.62034e-14	1.08464e-09	5.9778e-12	0.000276768
7.91578	-2.8052e-10	-0.00361485	-2.62169e-14	1.08155e-09	-7.69777e-12	0.000276024
7.91592	-2.81369e-10	-0.00361485	-2.62311e-14	1.07867e-09	-6.75772e-13	0.000275263
7.91605	-2.82221e-10	-0.00361485	-2.62453e-14	1.07484e-09	-7.43637e-12	0.000274408
7.91619	-2.83121e-10	-0.00361486	-2.62603e-14	1.07084e-09	-1.86932e-11	0.00027341
7.91633	-2.84145e-10	-0.00361486	-2.62772e-14	1.06702e-09	9.27511e-13	0.000272414
7.91646	-2.85159e-10	-0.00361486	-2.6294e-14	1.06211e-09	1.84677e-11	0.000271301
7.9166	-2.86044e-10	-0.00361487	-2.63086e-14	1.05715e-09	-3.77393e-12	0.000270043
7.91673	-2.8695e-10	-0.00361487	-2.63235e-14	1.05235e-09	5.53842e-12	0.000268798
7.91687	-2.87814e-10	-0.00361487	-2.63377e-14	1.04634e-09	6.19015e-12	0.000267421
7.917	-2.88632e-10	-0.00361487	-2.6351e-14	1.04031e-09	-1.28658e-12	0.000265886
7.91713	-2.89454e-10	-0.00361488	-2.63645e-14	1.03448e-09	3.17766e-12	0.000264375
7.91727	-2.90251e-10	-0.00361488	-2.63774e-14	1.02736e-09	-1.54044e-11	0.000262725
7.9174	-2.91143e-10	-0.00361488	-2.63919e-14	1.02009e-09	-2.30135e-11	0.00026089
7.91753	-2.92178e-10	-0.00361489	-2.64087e-14	1.01316e-09	1.06619e-11	0.00025908
7.91766	-2.93137e-10	-0.00361489	-2.64242e-14	1.00496e-09	1.96901e-11	0.000257151
7.91778	-2.93963e-10	-0.00361489	-2.64374e-14	9.96202e-10	1.68931e-11	0.00025499
7.91791	-2.94674e-10	-0.00361489	-2.64488e-14	9.87982e-10	1.26307e-12	0.000252826
7.91804	-2.95371e-10	-0.0036149	-2.646e-14	9.78847e-10	-1.11736e-11	0.000250614
7.91816	-2.96131e-10	-0.0036149	-2.64721e-14	9.6834e-10	-1.20355e-11	0.000248111
7.91828	-2.96958e-10	-0.0036149	-2.64853e-14	9.58505e-10	-3.05987e-11	0.000245518
7.91841	-2.97963e-10	-0.00361491	-2.65013e-14	9.48487e-10	-2.59508e-11	0.000242988
7.91853	-2.99114e-10	-0.00361491	-2.65196e-14	9.36373e-10	7.7247e-12	0.000240167
7.91865	-3.00205e-10	-0.00361491	-2.6537e-14	9.24339e-10	1.07987e-11	0.00023709
7.91876	-3.01218e-10	-0.00361491	-2.6553e-14	9.12849e-10	6.26335e-11	0.000234092
7.91888	-3.01854e-10	-0.00361492	-2.65629e-14	9.00259e-10	7.23973e-11	0.000231023
7.919	-3.02066e-10	-0.00361492	-2.6566e-14	8.85621e-10	7.29959e-11	0.000227553
7.91911	-3.01863e-10	-0.00361492	-2.65625e-14	8.71685e-10	9.40582e-12	0.000223911
7.91922	-3.0161e-10	-0.00361492	-2.65581e-14	8.58131e-10	-9.02791e-11	0.000220407
7.91933	-3.01855e-10	-0.00361493	-2.65618e-14	8.43191e-10	-1.39696e-10	0.000216776
7.91944	-3.02847e-10	-0.00361493	-2.65773e-14	8.26175e-10	-9.87276e-11	0.000212703
7.91954	-3.04338e-10	-0.00361493	-2.66009e-14	8.09892e-10	-4.49612e-11	0.00020846
7.91964	-3.06031e-10	-0.00361493	-2.66276e-14	7.94208e-10	-3.80801e-11	0.000204386
7.91975	-3.07885e-10	-0.00361493	-2.66568e-14	7.77962e-10	3.35616e-11	0.000200317
7.91985	-3.09534e-10	-0.00361494	-2.66827e-14	7.59307e-10	1.19356e-10	0.000195869
7.91994	-3.10566e-10	-0.00361494	-2.66987e-14	7.40631e-10	1.498e-10	0.000191111
7.92004	-3.10866e-10	-0.00361494	-2.67031e-14	7.22994e-10	1.48152e-10	0.000186484
7.92013	-3.10477e-10	-0.00361494	-2.66965e-14	7.05944e-10	1.42317e-10	0.000182064
7.92022	-3.09456e-10	-0.00361494	-2.668e-14	6.88593e-10	1.19972e-10	0.00017768
7.92031	-3.07935e-10	-0.00361495	-2.66555e-14	6.695e-10	5.79213e-11	0.000173035
7.92039	-3.06209e-10	-0.00361495	-2.66279e-14	6.50456e-10	-2.9564e-11	0.000168176
7.92047	-3.04654e-10	-0.00361495	-2.6603e-14	6.32799e-10	-1.43075e-10	0.000163499
7.92055	-3.03718e-10	-0.00361495	-2.6588e-14	6.16433e-10	-2.77197e-10	0.000159163
7.92063	-3.03895e-10	-0.00361495	-2.65905e-14	6.01137e-10	-3.72591e-10	0.000155129
7.92071	-3.05495e-10	-0.00361495	-2.66156e-14	5.86233e-10	-3.22768e-10	0.00015128
7.92078	-3.0826e-10	-0.00361496	-2.66589e-14	5.70883e-10	-1.32496e-10	0.000147425
7.92086	-3.11434e-10	-0.00361496	-2.67087e-14	5.55762e-10	-5.65976e-11	0.000143542
7.92093	-3.14725e-10	-0.00361496	-2.67602e-14	5.42315e-10	1.09029e-10	0.000139902
7.921	-3.1756e-10	-0.00361496	-2.68044e-14	5.30632e-10	1.46066e-10	0.0001367
7.92106	-3.1984e-10	-0.00361496	-2.68399e-14	5.20567e-10	1.71074e-10	0.000133929
7.92113	-3.21509e-10	-0.00361496	-2.68658e-14	5.11972e-10	1.20306e-10	0.000131551
7.9212	-3.22758e-10	-0.00361497	-2.6885e-14	5.04626e-10	1.65044e-10	0.00012952
7.92126	-3.23459e-10	-0.00361497	-2.68956e-14	4.98302e-10	2.27292e-10	0.000127778
7.92132	-3.23429e-10	-0.00361497	-2.68947e-14	4.9264e-10	2.16515e-10	0.000126251
7.92139	-3.22721e-10	-0.00361497	-2.68832e-14	4.88085e-10	1.31169e-10	0.000124949
7.92145	-3.21611e-10	-0.00361497	-2.68655e-14	4.85428e-10	2.14143e-10	0.00012403
7.92151	-3.19845e-10	-0.00361497	-2.68375e-14	4.84514e-10	1.3395e-10	0.000123575
7.92157	-3.17669e-10	-0.00361497	-2.68031e-14	4.85253e-10	-2.1234e-11	0.000123552
7.92163	-3.15555e-10	-0.00361497	-2.67698e-14	4.87593e-10	-8.89495e-11	0.000123945
7.9217	-3.13707e-10	-0.00361498	-2.67406e-14	4.9143e-10	-9.12615e-11	0.000124732
7.92176	-3.1213e-10	-0.00361498	-2.67157e-14	4.96712e-10	-7.98373e-11	0.000125894
7.92182	-3.1079e-10	-0.00361498	-2.66945e-14	5.03355e-10	-2.72866e-11	0.000127413
7.92189	-3.09518e-10	-0.00361498	-2.66744e-14	5.11321e-10	-7.01189e-11	0.000129275
7.92195	-3.08455e-10	-0.00361498	-2.66576e-14	5.20531e-10	-2.11213e-10	0.000131463
7.92202	-3.08073e-10	-0.00361498	-2.66514e-14	5.30994e-10	-5.10301e-11	0.00013397
7.92209	-3.07856e-10	-0.00361498	-2.66478e-14	5.46191e-10	-1.6523e-10	0.00013724
7.92216	-3.08208e-10	-0.00361499	-2.6653e-14	5.68634e-10	-3.95731e-11	0.000142036
7.92223	-3.08718e-10	-0.00361499	-2.66607e-14	5.95503e-10	-3.99986e-11	0.00014832
7.9223	-3.09403e-10	-0.00361499	-2.6671e-14	6.26445e-10	-5.19889e-11	0.000155686
7.92238	-3.10331e-10	-0.00361499	-2.66851e-14	6.6154e-10	1.50815e-11	0.000164101
7.92247	-3.11248e-10	-0.00361499	-2.6699e-14	7.01279e-10	5.99381e-12	0.000173638
7.92256	-3.12194e-10	-0.00361499	-2.67132e-14	7.46152e-10	3.40601e-11	0.00018442
7.92265	-3.13037e-10	-0.003615	-2.67258e-14	7.97097e-10	-4.60245e-11	0.000196631
7.92275	-3.14173e-10	-0.003615	-2.67429e-14	8.55097e-10	4.45448e-11	0.000210515
7.92286	-3.15148e-10	-0.003615	-2.67574e-14	9.22004e-10	3.37184e-12	0.000226434
7.92298	-3.16179e-10	-0.003615	-2.67727e-14	1.00008e-09	1.02812e-11	0.000244911
7.92311	-3.17233e-10	-0.00361501	-2.67883e-14	1.09369e-09	1.42903e-11	0.000266794
7.92325	-3.18286e-10	-0.00361501	-2.68037e-14	1.21104e-09	3.35129e-11	0.000293684
7.9234	-3.19193e-10	-0.00361501	-2.68168e-14	1.37916e-09	5.39467e-11	0.000330071
7.92358	-3.19751e-10	-0.00361502	-2.68244e-14	1.60984e-09	4.60346e-11	0.000380911
7.92378	-3.19932e-10	-0.00361502	-2.6826e-14	1.92892e-09	2.26495e-11	0.000451003
7.92403	-3.19869e-10	-0.00361502	-2.68236e-14	2.40392e-09	1.65859e-12	0.000552263
7.92433	-3.19766e-10	-0.00361503	-2.68203e-14	3.21153e-09	-5.65186e-12	0.000715868
7.92474	-3.19743e-10	-0.00361504	-2.68177e-14	4.94412e-09	5.40556e-12	0.00104007
7.92537	-3.19538e-10	-0.00361505	-2.68111e-14	1.03274e-08	1.6671e-11	0.00194969
7.92669	-3.1801e-10	-0.00361508	-2.67811e-14	7.52086e-08	-6.2523e-12	0.0110908
7.93647	-3.09745e-10	-0.00361527	-2.66198e-14	-0.0560087	-1.72709e-11	59.9883
-52.085	2.79606e-10	-0.013355	2.58984e-14	-0.0960304	1.60646e-13	119.988
