47.4481	-5.99857e-09	-0.00361148	-5.32493e-13	0.04	-3.63215e-08	60.0015
47.4483	-6.31607e-09	-0.00361149	-5.36724e-13	9.02119e-11	3.90859e-07	0.000186694
47.4483	-6.10533e-09	-0.00361149	-5.33903e-13	3.8237e-11	4.25747e-07	1.82981e-05
47.4483	-5.85526e-09	-0.00361149	-5.30558e-13	4.17805e-11	-9.7461e-08	1.1278e-05
47.4483	-5.68905e-09	-0.00361149	-5.28335e-13	4.28147e-11	-3.35648e-07	9.22141e-06
47.4483	-5.61349e-09	-0.00361149	-5.27325e-13	3.54868e-11	-2.41946e-07	8.5252e-06
47.4483	-5.59154e-09	-0.00361149	-5.27031e-13	3.26432e-11	-5.17531e-08	8.30431e-06
47.4483	-5.58049e-09	-0.00361149	-5.26883e-13	3.25213e-11	4.08935e-08	8.29438e-06
47.4484	-5.56085e-09	-0.00361149	-5.26621e-13	3.2987e-11	3.58818e-08	8.39e-06
47.4484	-5.53332e-09	-0.00361149	-5.26252e-13	3.39048e-11	-4.65849e-09	8.54319e-06
47.4484	-5.50622e-09	-0.00361149	-5.2589e-13	3.48431e-11	-3.48377e-08	8.72998e-06
47.4484	-5.48619e-09	-0.00361149	-5.25622e-13	3.56745e-11	-5.01802e-08	8.93823e-06
47.4484	-5.47701e-09	-0.00361149	-5.255e-13	3.64483e-11	-2.77995e-08	9.162e-06
47.4484	-5.47405e-09	-0.00361149	-5.2546e-13	3.73486e-11	-3.97412e-08	9.39805e-06
47.4484	-5.48047e-09	-0.00361149	-5.25546e-13	3.82997e-11	-2.52485e-08	9.64498e-06
47.4484	-5.49322e-09	-0.00361149	-5.25716e-13	3.92956e-11	-2.61526e-08	9.90209e-06
47.4484	-5.51288e-09	-0.00361149	-5.25979e-13	4.03219e-11	-2.74128e-08	1.01694e-05
47.4484	-5.54013e-09	-0.00361149	-5.26343e-13	4.1337e-11	-3.60472e-08	1.0447e-05
47.4484	-5.57768e-09	-0.00361149	-5.26845e-13	4.26252e-11	-1.16237e-08	1.07353e-05
47.4484	-5.61942e-09	-0.00361149	-5.27402e-13	4.37106e-11	-2.39396e-08	1.10345e-05
47.4484	-5.66904e-09	-0.00361149	-5.28065e-13	4.49686e-11	-1.92162e-08	1.1345e-05
47.4484	-5.72558e-09	-0.00361149	-5.2882e-13	4.63984e-11	-3.80335e-09	1.16669e-05
47.4484	-5.78485e-09	-0.00361149	-5.29612e-13	4.79178e-11	1.55711e-08	1.20007e-05
47.4484	-5.84109e-09	-0.00361149	-5.30363e-13	4.91241e-11	-3.02092e-09	1.23467e-05
47.4484	-5.89991e-09	-0.00361149	-5.31148e-13	5.09139e-11	3.78077e-08	1.27068e-05
47.4484	-5.94827e-09	-0.00361149	-5.31793e-13	5.21765e-11	1.06013e-08	1.30823e-05
47.4484	-5.99454e-09	-0.00361149	-5.3241e-13	5.39355e-11	4.65467e-08	1.34734e-05
47.4485	-6.0263e-09	-0.00361149	-5.32834e-13	5.54438e-11	4.13699e-08	1.38804e-05
47.4485	-6.04445e-09	-0.00361149	-5.33075e-13	5.70528e-11	4.71688e-08	1.43035e-05
47.4485	-6.04604e-09	-0.00361149	-5.33096e-13	5.87301e-11	3.29608e-08	1.47438e-05
47.4485	-6.03534e-09	-0.00361149	-5.32952e-13	6.04991e-11	3.86981e-08	1.5203e-05
47.4485	-6.00937e-09	-0.00361149	-5.32605e-13	6.24353e-11	2.091e-08	1.56829e-05
47.4485	-5.97425e-09	-0.00361149	-5.32135e-13	6.44634e-11	1.16151e-08	1.6183e-05
47.4485	-5.93323e-09	-0.00361149	-5.31587e-13	6.66526e-11	-1.1665e-08	1.67029e-05
47.4485	-5.89583e-09	-0.00361149	-5.31088e-13	6.88166e-11	-1.39339e-08	1.72433e-05
47.4485	-5.86333e-09	-0.00361149	-5.30654e-13	7.11083e-11	-2.83755e-08	1.78071e-05
47.4485	-5.84259e-09	-0.00361149	-5.30376e-13	7.34224e-11	-2.32665e-08	1.8396e-05
47.4485	-5.83204e-09	-0.00361149	-5.30235e-13	7.58413e-11	-2.11805e-08	1.90082e-05
47.4485	-5.83137e-09	-0.00361149	-5.30225e-13	7.83537e-11	-1.64335e-08	1.96422e-05
47.4486	-5.83887e-09	-0.00361149	-5.30325e-13	8.09866e-11	-5.76511e-09	2.02999e-05
47.4486	-5.84961e-09	-0.00361149	-5.30467e-13	8.37278e-11	-1.88475e-10	2.09838e-05
47.4486	-5.8608e-09	-0.00361149	-5.30616e-13	8.65492e-11	5.34677e-09	2.16912e-05
47.4486	-5.86943e-09	-0.00361149	-5.3073e-13	8.94356e-11	8.82066e-09	2.24177e-05
47.4486	-5.87332e-09	-0.00361149	-5.30781e-13	9.24007e-11	7.31798e-09	2.31636e-05
47.4486	-5.87303e-09	-0.00361149	-5.30776e-13	9.54286e-11	3.9532e-09	2.39278e-05
47.4486	-5.87032e-09	-0.00361149	-5.3074e-13	9.84712e-11	1.25703e-09	2.47013e-05
47.4486	-5.86675e-09	-0.00361149	-5.30691e-13	1.01494e-10	-6.42246e-10	2.54739e-05
47.4486	-5.86348e-09	-0.00361149	-5.30647e-13	1.04486e-10	-1.30005e-09	2.62401e-05
47.4487	-5.86097e-09	-0.00361149	-5.30612e-13	1.07702e-10	-7.91531e-10	2.70311e-05
47.4487	-5.85894e-09	-0.00361149	-5.30584e-13	1.11198e-10	-1.04317e-09	2.78862e-05
47.4487	-5.85757e-09	-0.00361149	-5.30565e-13	1.1494e-10	-5.41017e-10	2.88082e-05
47.4487	-5.85656e-09	-0.00361149	-5.30551e-13	1.18902e-10	-4.80927e-10	2.97897e-05
47.4487	-5.85587e-09	-0.00361149	-5.30541e-13	1.23058e-10	-1.17925e-10	3.08239e-05
47.4487	-5.85526e-09	-0.00361149	-5.30531e-13	1.2744e-10	-1.01615e-10	3.19116e-05
47.4488	-5.8547e-09	-0.00361149	-5.30523e-13	1.32033e-10	2.02516e-10	3.3055e-05
47.4488	-5.85396e-09	-0.00361149	-5.30512e-13	1.36807e-10	5.7095e-11	3.42483e-05
47.4488	-5.85313e-09	-0.00361149	-5.305e-13	1.41786e-10	-4.70202e-10	3.54908e-05
47.4488	-5.85271e-09	-0.00361149	-5.30493e-13	1.46946e-10	-2.56775e-10	3.67825e-05
47.4488	-5.8525e-09	-0.00361149	-5.30489e-13	1.52237e-10	-3.05667e-10	3.8114e-05
47.4488	-5.85259e-09	-0.00361149	-5.30489e-13	1.57677e-10	-4.10703e-10	3.94811e-05
47.4489	-5.85309e-09	-0.00361149	-5.30494e-13	1.63216e-10	5.86304e-10	4.08798e-05
47.4489	-5.853e-09	-0.00361149	-5.30492e-13	1.68801e-10	-2.22596e-10	4.2297e-05
47.4489	-5.85315e-09	-0.00361149	-5.30492e-13	1.74439e-10	-4.99327e-10	4.37267e-05
47.4489	-5.85385e-09	-0.00361149	-5.305e-13	1.80044e-10	2.46421e-10	4.51591e-05
47.449	-5.8543e-09	-0.00361149	-5.30504e-13	1.85566e-10	7.95437e-10	4.65767e-05
47.449	-5.85382e-09	-0.00361149	-5.30496e-13	1.91482e-10	-2.65725e-10	4.80339e-05
47.449	-5.85365e-09	-0.00361149	-5.30493e-13	1.97891e-10	-3.3482e-10	4.96041e-05
47.449	-5.85389e-09	-0.00361149	-5.30494e-13	2.04476e-10	-3.21845e-10	5.12595e-05
47.4491	-5.85456e-09	-0.00361149	-5.30501e-13	2.11159e-10	1.52633e-10	5.29499e-05
47.4491	-5.85505e-09	-0.00361149	-5.30506e-13	2.1784e-10	7.9518e-11	5.46525e-05
47.4491	-5.85545e-09	-0.00361149	-5.30509e-13	2.24565e-10	1.27652e-10	5.63604e-05
47.4491	-5.85567e-09	-0.00361149	-5.3051e-13	2.31319e-10	2.04641e-10	5.80778e-05
47.4492	-5.8556e-09	-0.00361149	-5.30508e-13	2.38163e-10	1.3033e-10	5.98103e-05
47.4492	-5.85533e-09	-0.00361149	-5.30502e-13	2.45381e-10	-1.83397e-10	6.16017e-05
47.4492	-5.85533e-09	-0.00361149	-5.305e-13	2.53161e-10	1.01278e-10	6.35125e-05
47.4493	-5.85518e-09	-0.00361149	-5.30496e-13	2.60993e-10	-2.20232e-10	6.55016e-05
47.4493	-5.85538e-09	-0.0036115	-5.30496e-13	2.68626e-10	-1.35804e-11	6.74719e-05
47.4493	-5.85562e-09	-0.0036115	-5.30497e-13	2.76055e-10	3.05304e-10	6.9391e-05
47.4494	-5.85532e-09	-0.0036115	-5.30491e-13	2.83482e-10	2.08652e-10	7.12837e-05
47.4494	-5.85464e-09	-0.0036115	-5.30479e-13	2.91013e-10	6.29736e-11	7.31895e-05
47.4494	-5.85382e-09	-0.0036115	-5.30466e-13	2.99199e-10	-1.19847e-10	7.51919e-05
47.4495	-5.85321e-09	-0.0036115	-5.30456e-13	3.07783e-10	-1.54039e-10	7.73285e-05
47.4495	-5.85289e-09	-0.0036115	-5.30449e-13	3.15934e-10	-1.85017e-10	7.94607e-05
47.4496	-5.85292e-09	-0.0036115	-5.30447e-13	3.23877e-10	1.77045e-10	8.15112e-05
47.4496	-5.8526e-09	-0.0036115	-5.3044e-13	3.31693e-10	2.02266e-10	8.35191e-05
47.4496	-5.85184e-09	-0.0036115	-5.30427e-13	3.3989e-10	-1.73082e-10	8.55593e-05
47.4497	-5.85143e-09	-0.0036115	-5.30419e-13	3.48691e-10	-2.06946e-10	8.77251e-05
47.4497	-5.85147e-09	-0.0036115	-5.30416e-13	3.57128e-10	-5.37176e-11	8.99214e-05
47.4498	-5.85164e-09	-0.0036115	-5.30415e-13	3.65305e-10	1.44991e-10	9.20382e-05
47.4498	-5.85147e-09	-0.0036115	-5.3041e-13	3.73355e-10	-3.72653e-11	9.41057e-05
47.4499	-5.85139e-09	-0.0036115	-5.30406e-13	3.81898e-10	-1.23327e-10	9.62198e-05
47.4499	-5.85161e-09	-0.0036115	-5.30406e-13	3.90582e-10	-2.24998e-10	9.84147e-05
47.45	-5.85239e-09	-0.0036115	-5.30412e-13	3.98881e-10	-6.20752e-11	0.000100579
47.45	-5.85335e-09	-0.0036115	-5.30422e-13	4.07017e-10	2.26081e-10	0.000102673
47.4501	-5.85373e-09	-0.0036115	-5.30423e-13	4.15344e-10	-5.44923e-11	0.00010477
47.4501	-5.85427e-09	-0.0036115	-5.30427e-13	4.23944e-10	9.85572e-12	0.000106927
47.4502	-5.8548e-09	-0.0036115	-5.3043e-13	4.32145e-10	5.13019e-12	0.000109068
47.4502	-5.85532e-09	-0.0036115	-5.30433e-13	4.40211e-10	7.30815e-11	0.000111141
47.4503	-5.85565e-09	-0.0036115	-5.30434e-13	4.48435e-10	-1.22373e-10	0.000113216
47.4503	-5.85633e-09	-0.0036115	-5.30439e-13	4.56725e-10	-7.32789e-12	0.00011532
47.4504	-5.85705e-09	-0.00361151	-5.30444e-13	4.64689e-10	9.66571e-12	0.000117391
47.4505	-5.85775e-09	-0.00361151	-5.30449e-13	4.72565e-10	7.08228e-11	0.00011941
47.4505	-5.85824e-09	-0.00361151	-5.30452e-13	4.80601e-10	6.36626e-12	0.000121437
47.4506	-5.85873e-09	-0.00361151	-5.30454e-13	4.88434e-10	-6.9013e-11	0.000123459
47.4506	-5.85944e-09	-0.00361151	-5.30459e-13	4.96059e-10	-8.79195e-11	0.000125429
47.4507	-5.86044e-09	-0.00361151	-5.30467e-13	5.0371e-10	2.58883e-11	0.000127375
47.4508	-5.86137e-09	-0.00361151	-5.30475e-13	5.11293e-10	8.11989e-11	0.000129316
47.4508	-5.86205e-09	-0.00361151	-5.30479e-13	5.1864e-10	-2.40687e-11	0.000131219
47.4509	-5.86282e-09	-0.00361151	-5.30485e-13	5.25913e-10	6.11729e-12	0.000133082
47.451	-5.86358e-09	-0.00361151	-5.3049e-13	5.33135e-10	-6.10574e-11	0.000134929
47.451	-5.86456e-09	-0.00361151	-5.30498e-13	5.40138e-10	1.36739e-11	0.000136741
47.4511	-5.8655e-09	-0.00361151	-5.30505e-13	5.47023e-10	-8.61548e-13	0.000138511
47.4512	-5.86646e-09	-0.00361151	-5.30513e-13	5.53831e-10	1.65885e-12	0.000140256
47.4512	-5.86743e-09	-0.00361151	-5.30521e-13	5.60418e-10	2.26347e-11	0.000141963
47.4513	-5.86832e-09	-0.00361151	-5.30527e-13	5.66897e-10	1.0708e-11	0.000143628
47.4514	-5.86919e-09	-0.00361151	-5.30533e-13	5.7324e-10	-3.26635e-11	0.000145261
47.4515	-5.87019e-09	-0.00361151	-5.30541e-13	5.7937e-10	-9.80502e-13	0.000146851
47.4515	-5.8712e-09	-0.00361152	-5.30549e-13	5.85398e-10	-9.66177e-12	0.0001484
47.4516	-5.87226e-09	-0.00361152	-5.30557e-13	5.91246e-10	2.31856e-11	0.000149913
47.4517	-5.87324e-09	-0.00361152	-5.30564e-13	5.96877e-10	-4.48617e-11	0.000151376
47.4518	-5.8744e-09	-0.00361152	-5.30574e-13	6.02424e-10	4.39142e-11	0.000152801
47.4518	-5.8754e-09	-0.00361152	-5.30581e-13	6.07733e-10	3.68761e-11	0.000154184
47.4519	-5.87627e-09	-0.00361152	-5.30586e-13	6.12854e-10	2.5609e-11	0.000155513
47.452	-5.87705e-09	-0.00361152	-5.30591e-13	6.17887e-10	-7.22871e-11	0.000156807
47.4521	-5.87811e-09	-0.00361152	-5.30599e-13	6.22637e-10	-4.82804e-11	0.000158054
47.4521	-5.87938e-09	-0.00361152	-5.30609e-13	6.27228e-10	-8.87207e-12	0.000159244
47.4522	-5.88069e-09	-0.00361152	-5.3062e-13	6.31723e-10	-5.92765e-12	0.000160402
47.4523	-5.88204e-09	-0.00361152	-5.30631e-13	6.3588e-10	9.13157e-11	0.000161504
47.4524	-5.88302e-09	-0.00361152	-5.30638e-13	6.39934e-10	5.56711e-11	0.000162551
47.4525	-5.88378e-09	-0.00361152	-5.30642e-13	6.43858e-10	-7.57112e-11	0.000163567
47.4526	-5.88486e-09	-0.00361152	-5.30649e-13	6.47426e-10	-4.19204e-11	0.000164522
47.4526	-5.88612e-09	-0.00361153	-5.30659e-13	6.50945e-10	-4.37887e-11	0.000165425
47.4527	-5.88756e-09	-0.00361153	-5.30671e-13	6.54277e-10	3.99941e-11	0.000166298
47.4528	-5.88885e-09	-0.00361153	-5.30681e-13	6.57257e-10	2.3736e-11	0.000167102
47.4529	-5.89004e-09	-0.00361153	-5.3069e-13	6.60239e-10	2.027e-11	0.000167862
47.453	-5.89116e-09	-0.00361153	-5.30698e-13	6.62934e-10	3.20641e-11	0.000168586
47.4531	-5.89214e-09	-0.00361153	-5.30704e-13	6.65352e-10	4.13594e-12	0.000169237
47.4531	-5.89311e-09	-0.00361153	-5.3071e-13	6.67785e-10	-3.29255e-11	0.000169855
47.4532	-5.89422e-09	-0.00361153	-5.30717e-13	6.69824e-10	-1.38974e-11	0.000170425
47.4533	-5.89539e-09	-0.00361153	-5.30725e-13	6.71702e-10	-2.66716e-11	0.000170924
47.4534	-5.89668e-09	-0.00361153	-5.30735e-13	6.73566e-10	1.82613e-11	0.000171401
47.4535	-5.8979e-09	-0.00361153	-5.30744e-13	6.74949e-10	-3.11782e-11	0.000171815
47.4536	-5.89925e-09	-0.00361153	-5.30754e-13	6.76305e-10	3.36793e-11	0.000172164
47.4537	-5.90047e-09	-0.00361153	-5.30762e-13	6.7756e-10	-1.26562e-11	0.000172497
47.4537	-5.90173e-09	-0.00361154	-5.30772e-13	6.78321e-10	2.18342e-11	0.000172754
47.4538	-5.90291e-09	-0.00361154	-5.3078e-13	6.79153e-10	7.14492e-12	0.000172957
47.4539	-5.90405e-09	-0.00361154	-5.30787e-13	6.79762e-10	-1.80868e-13	0.00017314
47.454	-5.9052e-09	-0.00361154	-5.30795e-13	6.79931e-10	-5.32184e-11	0.000173239
47.4541	-5.90658e-09	-0.00361154	-5.30805e-13	6.80232e-10	1.88901e-11	0.000173299
47.4542	-5.90788e-09	-0.00361154	-5.30814e-13	6.80173e-10	-1.47085e-11	0.00017333
47.4543	-5.90924e-09	-0.00361154	-5.30824e-13	6.79777e-10	5.32542e-11	0.000173272
47.4543	-5.91037e-09	-0.00361154	-5.30831e-13	6.79522e-10	-1.3202e-12	0.000173189
47.4544	-5.9115e-09	-0.00361154	-5.30839e-13	6.78774e-10	1.73616e-11	0.000173061
47.4545	-5.91256e-09	-0.00361154	-5.30845e-13	6.77807e-10	-1.91305e-11	0.000172843
47.4546	-5.9137e-09	-0.00361154	-5.30852e-13	6.7697e-10	-3.67796e-13	0.000172613
47.4547	-5.91484e-09	-0.00361154	-5.30859e-13	6.75524e-10	-1.82335e-11	0.000172322
47.4548	-5.91605e-09	-0.00361154	-5.30867e-13	6.7397e-10	-4.77595e-11	0.00017194
47.4549	-5.91747e-09	-0.00361154	-5.30878e-13	6.72516e-10	4.15059e-12	0.000171556
47.4549	-5.91887e-09	-0.00361155	-5.30888e-13	6.70366e-10	5.00705e-11	0.000171097
47.455	-5.92005e-09	-0.00361155	-5.30895e-13	6.68171e-10	-8.3965e-12	0.000170543
47.4551	-5.92126e-09	-0.00361155	-5.30903e-13	6.66069e-10	1.59176e-11	0.000169996
47.4552	-5.9224e-09	-0.00361155	-5.3091e-13	6.6319e-10	1.74914e-11	0.000169361
47.4553	-5.92346e-09	-0.00361155	-5.30916e-13	6.6028e-10	-1.99746e-12	0.000168623
47.4554	-5.92452e-09	-0.00361155	-5.30922e-13	6.57488e-10	9.54055e-12	0.000167897
47.4555	-5.92554e-09	-0.00361155	-5.30928e-13	6.53859e-10	-3.83691e-11	0.000167079
47.4555	-5.92672e-09	-0.00361155	-5.30935e-13	6.50114e-10	-5.7629e-11	0.000166139
47.4556	-5.92812e-09	-0.00361155	-5.30945e-13	6.46572e-10	2.89804e-11	0.00016521
47.4557	-5.9294e-09	-0.00361155	-5.30954e-13	6.42201e-10	5.18145e-11	0.000164202
47.4558	-5.93046e-09	-0.00361155	-5.3096e-13	6.37456e-10	4.43226e-11	0.00016304
47.4559	-5.93133e-09	-0.00361155	-5.30964e-13	6.33034e-10	4.33193e-12	0.000161872
47.4559	-5.93218e-09	-0.00361155	-5.30967e-13	6.28004e-10	-2.71872e-11	0.000160668
47.456	-5.93313e-09	-0.00361155	-5.30972e-13	6.22072e-10	-2.91818e-11	0.000159271
47.4561	-5.93418e-09	-0.00361156	-5.30978e-13	6.16547e-10	-7.57292e-11	0.000157811
47.4562	-5.93552e-09	-0.00361156	-5.30988e-13	6.10882e-10	-6.35567e-11	0.000156385
47.4563	-5.9371e-09	-0.00361156	-5.31e-13	6.03841e-10	2.11926e-11	0.000154766
47.4563	-5.93858e-09	-0.00361156	-5.31011e-13	5.96824e-10	2.87148e-11	0.000152974
47.4564	-5.93993e-09	-0.00361156	-5.31021e-13	5.90131e-10	1.57659e-10	0.000151227
47.4565	-5.94068e-09	-0.00361156	-5.31024e-13	5.827e-10	1.80895e-10	0.000149427
47.4566	-5.94074e-09	-0.00361156	-5.31018e-13	5.73912e-10	1.81225e-10	0.000147361
47.4566	-5.94014e-09	-0.00361156	-5.31005e-13	5.65547e-10	2.28427e-11	0.000145175
47.4567	-5.93947e-09	-0.00361156	-5.30991e-13	5.574e-10	-2.23196e-10	0.000143071
47.4568	-5.9396e-09	-0.00361156	-5.30987e-13	5.48322e-10	-3.43459e-10	0.000140876
47.4569	-5.94093e-09	-0.00361156	-5.30996e-13	5.3786e-10	-2.40841e-10	0.000138386
47.4569	-5.94305e-09	-0.00361156	-5.31016e-13	5.2784e-10	-1.07765e-10	0.000135776
47.457	-5.9455e-09	-0.00361156	-5.31039e-13	5.18177e-10	-9.037e-11	0.000133268
47.4571	-5.9482e-09	-0.00361156	-5.31065e-13	5.08115e-10	8.47977e-11	0.000130755
47.4571	-5.95058e-09	-0.00361156	-5.31087e-13	4.96444e-10	2.93046e-10	0.000127986
47.4572	-5.95197e-09	-0.00361156	-5.31098e-13	4.84723e-10	3.65354e-10	0.000125005
47.4572	-5.95221e-09	-0.00361156	-5.31096e-13	4.73647e-10	3.59421e-10	0.0001221
47.4573	-5.95135e-09	-0.00361157	-5.31081e-13	4.62923e-10	3.43474e-10	0.000119323
47.4574	-5.9495e-09	-0.00361157	-5.31054e-13	4.5197e-10	2.87849e-10	0.000116561
47.4574	-5.94687e-09	-0.00361157	-5.31018e-13	4.39842e-10	1.37014e-10	0.00011362
47.4575	-5.94392e-09	-0.00361157	-5.30979e-13	4.27711e-10	-7.39296e-11	0.000110528
47.4575	-5.94125e-09	-0.00361157	-5.30943e-13	4.16462e-10	-3.45972e-10	0.000107549
47.4576	-5.93957e-09	-0.00361157	-5.30919e-13	4.06033e-10	-6.65718e-10	0.000104787
47.4576	-5.93966e-09	-0.00361157	-5.30916e-13	3.96284e-10	-8.90959e-10	0.000102216
47.4577	-5.94199e-09	-0.00361157	-5.30939e-13	3.8677e-10	-7.68215e-10	9.9762e-05
47.4577	-5.94616e-09	-0.00361157	-5.30983e-13	3.76937e-10	-3.11491e-10	9.72969e-05
47.4578	-5.95098e-09	-0.00361157	-5.31035e-13	3.67233e-10	-1.29694e-10	9.48077e-05
47.4578	-5.95597e-09	-0.00361157	-5.31089e-13	3.58615e-10	2.64312e-10	9.24732e-05
47.4579	-5.96024e-09	-0.00361157	-5.31135e-13	3.51144e-10	3.51071e-10	9.04233e-05
47.4579	-5.96363e-09	-0.00361157	-5.3117e-13	3.44729e-10	4.08924e-10	8.8654e-05
47.458	-5.96607e-09	-0.00361157	-5.31194e-13	3.39275e-10	2.87239e-10	8.71418e-05
47.458	-5.96785e-09	-0.00361157	-5.31211e-13	3.34638e-10	3.91853e-10	8.58561e-05
47.4581	-5.96877e-09	-0.00361157	-5.31218e-13	3.30669e-10	5.37268e-10	8.47597e-05
47.4581	-5.96854e-09	-0.00361157	-5.31212e-13	3.27132e-10	5.09959e-10	8.38033e-05
47.4581	-5.96726e-09	-0.00361157	-5.31193e-13	3.24323e-10	3.07388e-10	8.29948e-05
47.4582	-5.96535e-09	-0.00361157	-5.31167e-13	3.22771e-10	5.01241e-10	8.24392e-05
47.4582	-5.96241e-09	-0.00361157	-5.3113e-13	3.22376e-10	3.11363e-10	8.21911e-05
47.4583	-5.95885e-09	-0.00361157	-5.31085e-13	3.23081e-10	-5.32851e-11	8.22306e-05
47.4583	-5.95538e-09	-0.00361157	-5.31041e-13	3.24854e-10	-2.11534e-10	8.25464e-05
47.4583	-5.95234e-09	-0.00361157	-5.31003e-13	3.27629e-10	-2.1622e-10	8.31258e-05
47.4584	-5.94972e-09	-0.00361157	-5.30969e-13	3.31374e-10	-1.88832e-10	8.39565e-05
47.4584	-5.94746e-09	-0.00361157	-5.30939e-13	3.36035e-10	-6.57662e-11	8.50274e-05
47.4585	-5.94532e-09	-0.00361157	-5.30911e-13	3.41589e-10	-1.65198e-10	8.6329e-05
47.4585	-5.9435e-09	-0.00361158	-5.30886e-13	3.47987e-10	-4.92344e-10	8.78518e-05
47.4586	-5.94274e-09	-0.00361158	-5.30874e-13	3.55237e-10	-1.19012e-10	8.95907e-05
47.4586	-5.94223e-09	-0.00361158	-5.30864e-13	3.65673e-10	-3.83009e-10	9.18441e-05
47.4586	-5.9426e-09	-0.00361158	-5.30864e-13	3.80989e-10	-9.09713e-11	9.51253e-05
47.4587	-5.94321e-09	-0.00361158	-5.30867e-13	3.9931e-10	-9.15465e-11	9.9411e-05
47.4587	-5.94407e-09	-0.00361158	-5.30873e-13	4.2041e-10	-1.18724e-10	0.000104434
47.4588	-5.9453e-09	-0.00361158	-5.30882e-13	4.44354e-10	3.61262e-11	0.000110173
47.4589	-5.9465e-09	-0.00361158	-5.30891e-13	4.71488e-10	1.51772e-11	0.000116681
47.4589	-5.94773e-09	-0.00361158	-5.309e-13	5.02156e-10	7.94657e-11	0.000124046
47.459	-5.94878e-09	-0.00361158	-5.30907e-13	5.37012e-10	-1.03873e-10	0.000132396
47.459	-5.95026e-09	-0.00361158	-5.30918e-13	5.76742e-10	1.03301e-10	0.0001419
47.4591	-5.95147e-09	-0.00361158	-5.30925e-13	6.2263e-10	9.16136e-12	0.00015281
47.4592	-5.95274e-09	-0.00361158	-5.30933e-13	6.76248e-10	2.48888e-11	0.00016549
47.4593	-5.95401e-09	-0.00361158	-5.3094e-13	7.40621e-10	3.39079e-11	0.000180526
47.4594	-5.95525e-09	-0.00361158	-5.30945e-13	8.21394e-10	7.70889e-11	0.000199023
47.4595	-5.95621e-09	-0.00361158	-5.30947e-13	9.37099e-10	1.22411e-10	0.000224062
47.4596	-5.95658e-09	-0.00361158	-5.30941e-13	1.09612e-09	1.03604e-10	0.000259076
47.4597	-5.95629e-09	-0.00361159	-5.30925e-13	1.31661e-09	5.04363e-11	0.000307449
47.4599	-5.95552e-09	-0.00361159	-5.30902e-13	1.64581e-09	3.3186e-12	0.000377522
47.4601	-5.95452e-09	-0.00361159	-5.30872e-13	2.20742e-09	-1.28523e-11	0.000491103
47.4604	-5.95336e-09	-0.00361159	-5.30835e-13	3.41803e-09	1.11904e-11	0.000717155
47.4608	-5.95131e-09	-0.00361159	-5.30774e-13	7.2191e-09	3.37654e-11	0.00135713
47.4618	-5.94544e-09	-0.0036116	-5.3063e-13	5.61994e-08	-2.44006e-11	0.00818604
47.469	-5.90798e-09	-0.00361165	-5.29641e-13	-0.0560122	-1.1021e-10	59.9877
-12.5506	5.91164e-09	-0.0133356	5.3665e-13	-0.0960466	3.21454e-12	119.982
