-13.0345	-4.26599e-10	-0.00361513	-3.67728e-14	0.04	-1.27211e-08	60.0102
-13.0342	-6.10456e-10	-0.00361514	-4.02767e-14	1.53713e-10	1.36704e-07	0.000308684
-13.0342	-4.88764e-10	-0.00361514	-3.7956e-14	8.15913e-11	1.4906e-07	3.0213e-05
-13.0342	-3.44291e-10	-0.00361514	-3.52018e-14	6.35243e-11	-3.40413e-08	1.86194e-05
-13.0342	-2.48249e-10	-0.00361514	-3.33712e-14	5.74677e-11	-1.17455e-07	1.52229e-05
-13.0342	-2.04578e-10	-0.00361514	-3.2539e-14	5.43945e-11	-8.46898e-08	1.40726e-05
-13.0341	-1.91887e-10	-0.00361514	-3.22973e-14	5.35651e-11	-1.81158e-08	1.37071e-05
-13.0341	-1.85496e-10	-0.00361514	-3.21757e-14	5.39052e-11	1.43259e-08	1.36898e-05
-13.0341	-1.74139e-10	-0.00361514	-3.19595e-14	5.47471e-11	1.25753e-08	1.38468e-05
-13.0341	-1.58216e-10	-0.00361514	-3.16564e-14	5.5905e-11	-1.62261e-09	1.40987e-05
-13.0341	-1.42542e-10	-0.00361514	-3.1358e-14	5.72073e-11	-1.2197e-08	1.4406e-05
-13.0341	-1.30951e-10	-0.00361514	-3.11374e-14	5.86114e-11	-1.75775e-08	1.47487e-05
-13.0341	-1.25635e-10	-0.00361514	-3.10365e-14	6.0079e-11	-9.7399e-09	1.51169e-05
-13.0341	-1.23911e-10	-0.00361514	-3.1004e-14	6.16382e-11	-1.39294e-08	1.55053e-05
-13.0341	-1.27611e-10	-0.00361514	-3.10748e-14	6.32574e-11	-8.85385e-09	1.59115e-05
-13.0341	-1.34976e-10	-0.00361514	-3.12154e-14	6.49495e-11	-9.17441e-09	1.63345e-05
-13.0341	-1.46335e-10	-0.00361514	-3.14321e-14	6.66996e-11	-9.62019e-09	1.67742e-05
-13.0341	-1.62089e-10	-0.00361514	-3.17325e-14	6.85164e-11	-1.26529e-08	1.72307e-05
-13.0341	-1.83799e-10	-0.00361514	-3.21463e-14	7.04257e-11	-4.09058e-09	1.77048e-05
-13.034	-2.07944e-10	-0.00361514	-3.26063e-14	7.23809e-11	-8.41407e-09	1.81967e-05
-13.034	-2.36643e-10	-0.00361514	-3.31531e-14	7.44209e-11	-6.76064e-09	1.87071e-05
-13.034	-2.69357e-10	-0.00361514	-3.37761e-14	7.65551e-11	-1.35437e-09	1.92364e-05
-13.034	-3.03661e-10	-0.00361514	-3.44294e-14	7.87667e-11	5.44619e-09	1.97849e-05
-13.034	-3.36214e-10	-0.00361514	-3.50492e-14	8.10194e-11	-1.08005e-09	2.03534e-05
-13.034	-3.70264e-10	-0.00361514	-3.56974e-14	8.34318e-11	1.32582e-08	2.09451e-05
-13.034	-3.98268e-10	-0.00361514	-3.62304e-14	8.58744e-11	3.70745e-09	2.15619e-05
-13.034	-4.25075e-10	-0.00361514	-3.67406e-14	8.84691e-11	1.63386e-08	2.22044e-05
-13.034	-4.4348e-10	-0.00361514	-3.70907e-14	9.11297e-11	1.45279e-08	2.28727e-05
-13.034	-4.54012e-10	-0.00361514	-3.7291e-14	9.38979e-11	1.65743e-08	2.35676e-05
-13.0339	-4.54952e-10	-0.00361514	-3.73088e-14	9.67815e-11	1.15884e-08	2.42902e-05
-13.0339	-4.48778e-10	-0.00361514	-3.71912e-14	9.97952e-11	1.36131e-08	2.5044e-05
-13.0339	-4.33757e-10	-0.00361514	-3.69053e-14	1.02955e-10	7.36446e-09	2.58314e-05
-13.0339	-4.1343e-10	-0.00361514	-3.65186e-14	1.06241e-10	4.09897e-09	2.66521e-05
-13.0339	-3.89681e-10	-0.00361514	-3.6067e-14	1.09666e-10	-4.09146e-09	2.75049e-05
-13.0339	-3.68027e-10	-0.00361514	-3.56552e-14	1.13212e-10	-4.89257e-09	2.83912e-05
-13.0339	-3.49201e-10	-0.00361514	-3.52974e-14	1.16926e-10	-9.98128e-09	2.93155e-05
-13.0338	-3.37191e-10	-0.00361515	-3.50692e-14	1.20787e-10	-8.18858e-09	3.02809e-05
-13.0338	-3.31084e-10	-0.00361515	-3.49532e-14	1.24792e-10	-7.45956e-09	3.12841e-05
-13.0338	-3.30704e-10	-0.00361515	-3.49462e-14	1.28935e-10	-5.7921e-09	3.23229e-05
-13.0338	-3.35067e-10	-0.00361515	-3.50292e-14	1.33247e-10	-2.03529e-09	3.34003e-05
-13.0338	-3.41304e-10	-0.00361515	-3.51479e-14	1.37727e-10	-7.01819e-11	3.45202e-05
-13.0338	-3.47813e-10	-0.00361515	-3.52716e-14	1.42337e-10	1.8826e-09	3.56782e-05
-13.0337	-3.52832e-10	-0.00361515	-3.53671e-14	1.47059e-10	3.11028e-09	3.6867e-05
-13.0337	-3.55104e-10	-0.00361515	-3.54103e-14	1.51914e-10	2.58249e-09	3.80871e-05
-13.0337	-3.54953e-10	-0.00361515	-3.54076e-14	1.56867e-10	1.39643e-09	3.93367e-05
-13.0337	-3.53401e-10	-0.00361515	-3.53782e-14	1.61838e-10	4.45103e-10	4.06009e-05
-13.0337	-3.51341e-10	-0.00361515	-3.53393e-14	1.66772e-10	-2.25807e-10	4.18628e-05
-13.0336	-3.49459e-10	-0.00361515	-3.53037e-14	1.71655e-10	-4.58635e-10	4.31136e-05
-13.0336	-3.48022e-10	-0.00361515	-3.52766e-14	1.76903e-10	-2.79187e-10	4.44043e-05
-13.0336	-3.46857e-10	-0.00361515	-3.52546e-14	1.82606e-10	-3.68538e-10	4.57995e-05
-13.0336	-3.46082e-10	-0.00361515	-3.52401e-14	1.88711e-10	-1.91122e-10	4.73038e-05
-13.0336	-3.45511e-10	-0.00361515	-3.52294e-14	1.95171e-10	-1.70043e-10	4.89046e-05
-13.0335	-3.45132e-10	-0.00361515	-3.52224e-14	2.01947e-10	-4.15715e-11	5.05908e-05
-13.0335	-3.44794e-10	-0.00361515	-3.52162e-14	2.09087e-10	-3.58344e-11	5.23638e-05
-13.0335	-3.44491e-10	-0.00361515	-3.52106e-14	2.16569e-10	7.20413e-11	5.42266e-05
-13.0334	-3.44078e-10	-0.00361515	-3.5203e-14	2.24342e-10	2.05165e-11	5.61701e-05
-13.0334	-3.43621e-10	-0.00361515	-3.51945e-14	2.32444e-10	-1.66749e-10	5.81927e-05
-13.0334	-3.43394e-10	-0.00361516	-3.51905e-14	2.40837e-10	-9.11282e-11	6.02942e-05
-13.0334	-3.43299e-10	-0.00361516	-3.51889e-14	2.49437e-10	-1.08649e-10	6.24592e-05
-13.0333	-3.43373e-10	-0.00361516	-3.51905e-14	2.58274e-10	-1.46197e-10	6.46807e-05
-13.0333	-3.4369e-10	-0.00361516	-3.51968e-14	2.67264e-10	2.08593e-10	6.6952e-05
-13.0333	-3.43663e-10	-0.00361516	-3.51965e-14	2.76322e-10	-7.93004e-11	6.92514e-05
-13.0332	-3.43775e-10	-0.00361516	-3.51989e-14	2.85456e-10	-1.78117e-10	7.15691e-05
-13.0332	-3.44214e-10	-0.00361516	-3.52075e-14	2.94529e-10	8.76732e-11	7.38889e-05
-13.0332	-3.44503e-10	-0.00361516	-3.52132e-14	3.03455e-10	2.83884e-10	7.61821e-05
-13.0331	-3.44252e-10	-0.00361516	-3.52087e-14	3.13017e-10	-9.48117e-11	7.85376e-05
-13.0331	-3.44181e-10	-0.00361516	-3.52077e-14	3.23372e-10	-1.19706e-10	8.10752e-05
-13.033	-3.44356e-10	-0.00361516	-3.52113e-14	3.34004e-10	-1.15306e-10	8.37492e-05
-13.033	-3.44781e-10	-0.00361516	-3.52196e-14	3.44783e-10	5.4429e-11	8.64772e-05
-13.0329	-3.451e-10	-0.00361516	-3.5226e-14	3.55546e-10	2.83246e-11	8.92218e-05
-13.0329	-3.45366e-10	-0.00361517	-3.52313e-14	3.66367e-10	4.56567e-11	9.19718e-05
-13.0329	-3.45532e-10	-0.00361517	-3.52347e-14	3.77222e-10	7.34125e-11	9.47336e-05
-13.0328	-3.45528e-10	-0.00361517	-3.5235e-14	3.88208e-10	4.68659e-11	9.75164e-05
-13.0328	-3.45407e-10	-0.00361517	-3.52331e-14	3.99787e-10	-6.59293e-11	0.000100392
-13.0327	-3.45451e-10	-0.00361517	-3.52343e-14	4.12267e-10	3.64642e-11	0.000103457
-13.0327	-3.454e-10	-0.00361517	-3.52337e-14	4.24811e-10	-7.93908e-11	0.000106646
-13.0326	-3.45562e-10	-0.00361517	-3.52371e-14	4.37015e-10	-4.99621e-12	0.000109799
-13.0325	-3.45743e-10	-0.00361517	-3.52409e-14	4.48867e-10	1.10239e-10	0.000112864
-13.0325	-3.45614e-10	-0.00361517	-3.52389e-14	4.60697e-10	7.55764e-11	0.000115881
-13.0324	-3.4526e-10	-0.00361518	-3.52326e-14	4.72676e-10	2.3027e-11	0.000118915
-13.0324	-3.44827e-10	-0.00361518	-3.52249e-14	4.85698e-10	-4.32033e-11	0.000122101
-13.0323	-3.44515e-10	-0.00361518	-3.52195e-14	4.99343e-10	-5.57449e-11	0.000125499
-13.0322	-3.44373e-10	-0.00361518	-3.52173e-14	5.12262e-10	-6.71787e-11	0.000128884
-13.0322	-3.44446e-10	-0.00361518	-3.52192e-14	5.24822e-10	6.44126e-11	0.00013213
-13.0321	-3.44305e-10	-0.00361518	-3.5217e-14	5.3715e-10	7.38183e-11	0.000135301
-13.032	-3.43908e-10	-0.00361518	-3.52101e-14	5.50073e-10	-6.29366e-11	0.000138519
-13.032	-3.43723e-10	-0.00361519	-3.52071e-14	5.63946e-10	-7.55271e-11	0.000141933
-13.0319	-3.43804e-10	-0.00361519	-3.52092e-14	5.77204e-10	-1.97069e-11	0.00014539
-13.0318	-3.43959e-10	-0.00361519	-3.52126e-14	5.90013e-10	5.30601e-11	0.000148712
-13.0318	-3.43919e-10	-0.00361519	-3.52124e-14	6.02591e-10	-1.36517e-11	0.000151947
-13.0317	-3.4393e-10	-0.00361519	-3.52132e-14	6.15936e-10	-4.5345e-11	0.00015525
-13.0316	-3.44119e-10	-0.00361519	-3.52173e-14	6.29479e-10	-8.29607e-11	0.000158677
-13.0315	-3.44645e-10	-0.0036152	-3.52277e-14	6.42372e-10	-2.3204e-11	0.000162045
-13.0314	-3.45276e-10	-0.0036152	-3.524e-14	6.54973e-10	8.31455e-11	0.000165294
-13.0313	-3.45573e-10	-0.0036152	-3.52461e-14	6.67851e-10	-2.03357e-11	0.000168541
-13.0313	-3.45963e-10	-0.0036152	-3.5254e-14	6.81135e-10	3.42546e-12	0.000171875
-13.0312	-3.46345e-10	-0.0036152	-3.52617e-14	6.93749e-10	1.68215e-12	0.000175175
-13.0311	-3.46727e-10	-0.00361521	-3.52694e-14	7.06112e-10	2.69581e-11	0.000178358
-13.031	-3.46995e-10	-0.00361521	-3.52749e-14	7.18698e-10	-4.57479e-11	0.000181538
-13.0309	-3.47477e-10	-0.00361521	-3.52845e-14	7.31356e-10	-3.01715e-12	0.000184754
-13.0308	-3.47981e-10	-0.00361521	-3.52945e-14	7.4346e-10	3.31939e-12	0.00018791
-13.0307	-3.48478e-10	-0.00361521	-3.53043e-14	7.55389e-10	2.62426e-11	0.000190973
-13.0306	-3.48857e-10	-0.00361522	-3.53119e-14	7.67543e-10	2.17055e-12	0.000194042
-13.0305	-3.49231e-10	-0.00361522	-3.53194e-14	7.79337e-10	-2.61712e-11	0.000197094
-13.0304	-3.49741e-10	-0.00361522	-3.53295e-14	7.90767e-10	-3.3427e-11	0.000200053
-13.0303	-3.50427e-10	-0.00361522	-3.53428e-14	8.02205e-10	9.3716e-12	0.000202968
-13.0302	-3.51075e-10	-0.00361522	-3.53553e-14	8.13502e-10	3.03404e-11	0.000205865
-13.0301	-3.51574e-10	-0.00361523	-3.53651e-14	8.24389e-10	-9.41553e-12	0.000208692
-13.03	-3.5213e-10	-0.00361523	-3.5376e-14	8.35126e-10	1.99976e-12	0.000211448
-13.0299	-3.52682e-10	-0.00361523	-3.53868e-14	8.45749e-10	-2.35656e-11	0.00021417
-13.0298	-3.53369e-10	-0.00361523	-3.54e-14	8.55992e-10	4.8142e-12	0.000216829
-13.0297	-3.54037e-10	-0.00361524	-3.54128e-14	8.66016e-10	-7.20114e-13	0.000219412
-13.0296	-3.54717e-10	-0.00361524	-3.54259e-14	8.75885e-10	2.37225e-13	0.000221948
-13.0295	-3.55404e-10	-0.00361524	-3.54391e-14	8.85375e-10	8.29057e-12	0.000224415
-13.0294	-3.56052e-10	-0.00361524	-3.54515e-14	8.94661e-10	3.74311e-12	0.000226808
-13.0292	-3.56684e-10	-0.00361524	-3.54637e-14	9.03701e-10	-1.29676e-11	0.000229143
-13.0291	-3.57398e-10	-0.00361525	-3.54773e-14	9.12377e-10	-7.96474e-13	0.000231401
-13.029	-3.58124e-10	-0.00361525	-3.54911e-14	9.20862e-10	-4.16759e-12	0.000233588
-13.0289	-3.5888e-10	-0.00361525	-3.55054e-14	9.29034e-10	8.56253e-12	0.000235711
-13.0288	-3.59593e-10	-0.00361525	-3.55189e-14	9.36839e-10	-1.78804e-11	0.000237747
-13.0287	-3.60418e-10	-0.00361526	-3.55345e-14	9.44483e-10	1.66531e-11	0.000239716
-13.0285	-3.6115e-10	-0.00361526	-3.55483e-14	9.51727e-10	1.39975e-11	0.000241614
-13.0284	-3.61802e-10	-0.00361526	-3.55606e-14	9.58651e-10	9.66221e-12	0.000243419
-13.0283	-3.62401e-10	-0.00361526	-3.5572e-14	9.65411e-10	-2.87577e-11	0.000245163
-13.0282	-3.6318e-10	-0.00361527	-3.55866e-14	9.71705e-10	-1.94773e-11	0.000246827
-13.028	-3.64085e-10	-0.00361527	-3.56034e-14	9.77726e-10	-4.03457e-12	0.000248397
-13.0279	-3.65021e-10	-0.00361527	-3.56208e-14	9.83576e-10	-2.89582e-12	0.00024991
-13.0278	-3.65981e-10	-0.00361527	-3.56385e-14	9.88877e-10	3.56832e-11	0.000251331
-13.0277	-3.6672e-10	-0.00361528	-3.56523e-14	9.93999e-10	2.17232e-11	0.00025266
-13.0275	-3.67327e-10	-0.00361528	-3.56636e-14	9.98897e-10	-3.05517e-11	0.000253936
-13.0274	-3.6813e-10	-0.00361528	-3.56785e-14	1.00323e-09	-1.72334e-11	0.000255112
-13.0273	-3.69047e-10	-0.00361529	-3.56953e-14	1.00746e-09	-1.80937e-11	0.000256204
-13.0272	-3.70085e-10	-0.00361529	-3.57143e-14	1.01139e-09	1.54679e-11	0.000257244
-13.027	-3.71026e-10	-0.00361529	-3.57315e-14	1.01476e-09	9.01503e-12	0.000258174
-13.0269	-3.71913e-10	-0.00361529	-3.57477e-14	1.01811e-09	7.67277e-12	0.000259031
-13.0268	-3.72752e-10	-0.0036153	-3.5763e-14	1.02101e-09	1.25002e-11	0.000259828
-13.0266	-3.73513e-10	-0.0036153	-3.57769e-14	1.02347e-09	1.23952e-12	0.000260512
-13.0265	-3.74268e-10	-0.0036153	-3.57906e-14	1.02595e-09	-1.38434e-11	0.000261141
-13.0264	-3.75114e-10	-0.0036153	-3.5806e-14	1.0278e-09	-6.16578e-12	0.000261693
-13.0262	-3.76003e-10	-0.00361531	-3.5822e-14	1.02941e-09	-1.14348e-11	0.000262134
-13.0261	-3.76968e-10	-0.00361531	-3.58394e-14	1.03098e-09	6.93047e-12	0.000262538
-13.026	-3.77889e-10	-0.00361531	-3.58559e-14	1.03181e-09	-1.33652e-11	0.000262844
-13.0259	-3.78899e-10	-0.00361531	-3.5874e-14	1.03259e-09	1.33034e-11	0.000263049
-13.0257	-3.79822e-10	-0.00361532	-3.58905e-14	1.03321e-09	-5.77218e-12	0.000263228
-13.0256	-3.80783e-10	-0.00361532	-3.59076e-14	1.03308e-09	8.49433e-12	0.000263291
-13.0255	-3.81688e-10	-0.00361532	-3.59237e-14	1.03305e-09	2.44423e-12	0.00026327
-13.0253	-3.82578e-10	-0.00361533	-3.59395e-14	1.03268e-09	-5.91739e-13	0.000263219
-13.0252	-3.83471e-10	-0.00361533	-3.59553e-14	1.03164e-09	-2.27637e-11	0.00026304
-13.0251	-3.84512e-10	-0.00361533	-3.59736e-14	1.03081e-09	7.30764e-12	0.000262802
-13.0249	-3.85505e-10	-0.00361533	-3.59911e-14	1.02943e-09	-6.75986e-12	0.000262519
-13.0248	-3.86541e-10	-0.00361534	-3.60093e-14	1.02754e-09	2.18315e-11	0.000262103
-13.0247	-3.87431e-10	-0.00361534	-3.60249e-14	1.02587e-09	-1.07459e-12	0.00026165
-13.0245	-3.88328e-10	-0.00361534	-3.60406e-14	1.02347e-09	6.83306e-12	0.000261131
-13.0244	-3.89178e-10	-0.00361534	-3.60554e-14	1.02074e-09	-8.61439e-12	0.000260476
-13.0243	-3.90081e-10	-0.00361535	-3.60711e-14	1.01821e-09	-6.81044e-13	0.000259806
-13.0242	-3.90987e-10	-0.00361535	-3.60868e-14	1.01477e-09	-8.30768e-12	0.000259046
-13.024	-3.91944e-10	-0.00361535	-3.61033e-14	1.01119e-09	-2.09953e-11	0.000258151
-13.0239	-3.93032e-10	-0.00361535	-3.61221e-14	1.00777e-09	1.14401e-12	0.000257258
-13.0238	-3.94109e-10	-0.00361536	-3.61407e-14	1.00331e-09	2.09086e-11	0.000256253
-13.0236	-3.95048e-10	-0.00361536	-3.61568e-14	9.988e-10	-4.16647e-12	0.000255111
-13.0235	-3.96009e-10	-0.00361536	-3.61733e-14	9.94445e-10	6.3236e-12	0.000253981
-13.0234	-3.96926e-10	-0.00361536	-3.61889e-14	9.88945e-10	7.05064e-12	0.000252725
-13.0233	-3.97793e-10	-0.00361537	-3.62037e-14	9.83416e-10	-1.36941e-12	0.000251319
-13.0231	-3.98665e-10	-0.00361537	-3.62185e-14	9.78081e-10	3.65297e-12	0.000249935
-13.023	-3.99508e-10	-0.00361537	-3.62328e-14	9.71521e-10	-1.72444e-11	0.000248419
-13.0229	-4.00453e-10	-0.00361537	-3.62488e-14	9.64809e-10	-2.57815e-11	0.000246727
-13.0228	-4.0155e-10	-0.00361538	-3.62673e-14	9.58419e-10	1.20783e-11	0.000245057
-13.0226	-4.02565e-10	-0.00361538	-3.62845e-14	9.50825e-10	2.2207e-11	0.000243275
-13.0225	-4.03438e-10	-0.00361538	-3.62991e-14	9.42702e-10	1.90457e-11	0.000241272
-13.0224	-4.04189e-10	-0.00361538	-3.63117e-14	9.35081e-10	1.48551e-12	0.000239265
-13.0223	-4.04926e-10	-0.00361539	-3.63239e-14	9.2659e-10	-1.24701e-11	0.000237212
-13.0222	-4.05729e-10	-0.00361539	-3.63373e-14	9.16796e-10	-1.34264e-11	0.000234881
-13.022	-4.06602e-10	-0.00361539	-3.63518e-14	9.07633e-10	-3.42286e-11	0.000232465
-13.0219	-4.07664e-10	-0.00361539	-3.63695e-14	8.98292e-10	-2.89907e-11	0.000230107
-13.0218	-4.08882e-10	-0.00361539	-3.63899e-14	8.86961e-10	8.76451e-12	0.000227473
-13.0217	-4.10034e-10	-0.0036154	-3.6409e-14	8.75701e-10	1.21991e-11	0.000224593
-13.0216	-4.11104e-10	-0.0036154	-3.64268e-14	8.64951e-10	7.02276e-11	0.000221788
-13.0215	-4.11774e-10	-0.0036154	-3.64377e-14	8.53154e-10	8.1098e-11	0.000218915
-13.0214	-4.11993e-10	-0.0036154	-3.6441e-14	8.39409e-10	8.17018e-11	0.00021566
-13.0213	-4.11773e-10	-0.0036154	-3.64368e-14	8.26324e-10	1.05021e-11	0.00021224
-13.0212	-4.115e-10	-0.00361541	-3.64318e-14	8.13594e-10	-1.00983e-10	0.00020895
-13.0211	-4.11755e-10	-0.00361541	-3.64357e-14	7.99546e-10	-1.56152e-10	0.000205538
-13.021	-4.12801e-10	-0.00361541	-3.64529e-14	7.83522e-10	-1.10247e-10	0.000201705
-13.0209	-4.14376e-10	-0.00361541	-3.6479e-14	7.68187e-10	-5.00943e-11	0.000197709
-13.0208	-4.16166e-10	-0.00361541	-3.65087e-14	7.53413e-10	-4.23746e-11	0.000193872
-13.0207	-4.18125e-10	-0.00361542	-3.65412e-14	7.38101e-10	3.76523e-11	0.000190038
-13.0206	-4.19866e-10	-0.00361542	-3.657e-14	7.20495e-10	1.334e-10	0.000185843
-13.0205	-4.20954e-10	-0.00361542	-3.65878e-14	7.02864e-10	1.67283e-10	0.000181353
-13.0204	-4.21266e-10	-0.00361542	-3.65925e-14	6.86212e-10	1.65332e-10	0.000176984
-13.0203	-4.20849e-10	-0.00361542	-3.6585e-14	6.70111e-10	1.58716e-10	0.00017281
-13.0202	-4.19763e-10	-0.00361542	-3.65664e-14	6.53717e-10	1.33699e-10	0.000168669
-13.0201	-4.18147e-10	-0.00361543	-3.65389e-14	6.35666e-10	6.44358e-11	0.00016428
-13.02	-4.16315e-10	-0.00361543	-3.65078e-14	6.17653e-10	-3.31171e-11	0.000159684
-13.02	-4.14665e-10	-0.00361543	-3.64799e-14	6.00952e-10	-1.59594e-10	0.00015526
-13.0199	-4.1367e-10	-0.00361543	-3.6463e-14	5.85472e-10	-3.08937e-10	0.00015116
-13.0198	-4.13854e-10	-0.00361543	-3.64657e-14	5.71004e-10	-4.15028e-10	0.000147343
-13.0197	-4.15543e-10	-0.00361543	-3.64935e-14	5.56903e-10	-3.59319e-10	0.000143703
-13.0197	-4.18464e-10	-0.00361544	-3.65418e-14	5.42374e-10	-1.47271e-10	0.000140055
-13.0196	-4.21818e-10	-0.00361544	-3.65973e-14	5.28059e-10	-6.27093e-11	0.000136379
-13.0195	-4.25295e-10	-0.00361544	-3.66547e-14	5.15331e-10	1.21663e-10	0.000132934
-13.0195	-4.28289e-10	-0.00361544	-3.67041e-14	5.04275e-10	1.62813e-10	0.000129903
-13.0194	-4.30695e-10	-0.00361544	-3.67436e-14	4.94754e-10	1.90555e-10	0.000127281
-13.0193	-4.32455e-10	-0.00361544	-3.67724e-14	4.86628e-10	1.33987e-10	0.000125032
-13.0193	-4.33771e-10	-0.00361544	-3.67937e-14	4.79688e-10	1.83682e-10	0.000123113
-13.0192	-4.34507e-10	-0.00361544	-3.68055e-14	4.73717e-10	2.52818e-10	0.000121468
-13.0192	-4.34471e-10	-0.00361544	-3.68044e-14	4.68373e-10	2.40722e-10	0.000120026
-13.0191	-4.33717e-10	-0.00361545	-3.67914e-14	4.64081e-10	1.45743e-10	0.000118798
-13.019	-4.32539e-10	-0.00361545	-3.67715e-14	4.61593e-10	2.37898e-10	0.000117934
-13.019	-4.30667e-10	-0.00361545	-3.67401e-14	4.60762e-10	1.48681e-10	0.000117511
-13.0189	-4.28363e-10	-0.00361545	-3.67016e-14	4.61504e-10	-2.37994e-11	0.0001175
-13.0189	-4.26125e-10	-0.00361545	-3.66642e-14	4.63767e-10	-9.9011e-11	0.000117883
-13.0188	-4.24169e-10	-0.00361545	-3.66316e-14	4.67456e-10	-1.01536e-10	0.000118641
-13.0187	-4.22499e-10	-0.00361545	-3.66036e-14	4.7252e-10	-8.8807e-11	0.000119757
-13.0187	-4.21079e-10	-0.00361545	-3.65799e-14	4.78881e-10	-3.04232e-11	0.000121212
-13.0186	-4.19732e-10	-0.00361545	-3.65573e-14	4.86501e-10	-7.79578e-11	0.000122994
-13.0186	-4.18606e-10	-0.00361546	-3.65385e-14	4.95308e-10	-2.34516e-10	0.000125087
-13.0185	-4.18199e-10	-0.00361546	-3.65314e-14	5.0531e-10	-5.66615e-11	0.000127484
-13.0184	-4.17966e-10	-0.00361546	-3.65273e-14	5.19819e-10	-1.8333e-10	0.000130607
-13.0184	-4.18333e-10	-0.00361546	-3.6533e-14	5.41231e-10	-4.38601e-11	0.000135184
-13.0183	-4.18867e-10	-0.00361546	-3.65414e-14	5.66861e-10	-4.43077e-11	0.000141178
-13.0182	-4.19587e-10	-0.00361546	-3.65528e-14	5.96377e-10	-5.75741e-11	0.000148205
-13.0182	-4.20562e-10	-0.00361546	-3.65684e-14	6.29857e-10	1.68078e-11	0.000156233
-13.0181	-4.21525e-10	-0.00361546	-3.65838e-14	6.67771e-10	6.73178e-12	0.00016533
-13.018	-4.22517e-10	-0.00361547	-3.65995e-14	7.10588e-10	3.78271e-11	0.000175618
-13.0179	-4.23401e-10	-0.00361547	-3.66135e-14	7.59206e-10	-5.08929e-11	0.00018727
-13.0178	-4.24592e-10	-0.00361547	-3.66323e-14	8.14565e-10	4.94333e-11	0.000200521
-13.0177	-4.25614e-10	-0.00361547	-3.66484e-14	8.78433e-10	3.82839e-12	0.000215715
-13.0176	-4.26694e-10	-0.00361547	-3.66653e-14	9.52974e-10	1.14778e-11	0.000233355
-13.0175	-4.27796e-10	-0.00361548	-3.66824e-14	1.04237e-09	1.59104e-11	0.000254249
-13.0173	-4.28896e-10	-0.00361548	-3.66994e-14	1.15444e-09	3.71567e-11	0.000279927
-13.0172	-4.29841e-10	-0.00361548	-3.67138e-14	1.31499e-09	5.97064e-11	0.000314677
-13.017	-4.30417e-10	-0.00361548	-3.67219e-14	1.53534e-09	5.08998e-11	0.000363233
-13.0168	-4.30592e-10	-0.00361549	-3.67233e-14	1.84021e-09	2.50169e-11	0.000430194
-13.0166	-4.30508e-10	-0.00361549	-3.67203e-14	2.29424e-09	1.82166e-12	0.000526963
-13.0163	-4.30377e-10	-0.0036155	-3.67161e-14	3.0665e-09	-6.23854e-12	0.000683373
-13.0159	-4.30323e-10	-0.0036155	-3.67124e-14	4.72422e-09	5.94109e-12	0.000993481
-13.0153	-4.30061e-10	-0.00361551	-3.6704e-14	9.88163e-09	1.82431e-11	0.00186453
-13.014	-4.28362e-10	-0.00361554	-3.66683e-14	7.25462e-08	-7.32055e-12	0.010681
-13.0046	-4.1913e-10	-0.00361569	-3.64732e-14	-0.0560115	-2.00892e-11	59.9894
46.9754	3.88327e-10	-0.0133578	3.5937e-14	-0.0960305	2.20298e-13	119.99
