52.7717	-1.65467e-10	-0.00361155	-1.38134e-14	0.04	-7.6923e-09	60.0077
52.7721	-3.06818e-10	-0.00361156	-1.64813e-14	1.95629e-10	8.26901e-08	0.000392448
52.7721	-2.13296e-10	-0.00361156	-1.47153e-14	1.04989e-10	9.02132e-08	3.83836e-05
52.7721	-1.02244e-10	-0.00361156	-1.26191e-14	8.03014e-11	-2.05762e-08	2.36531e-05
52.7721	-2.84125e-11	-0.00361156	-1.12258e-14	7.2042e-11	-7.1066e-08	1.93375e-05
52.7721	5.16468e-12	-0.00361156	-1.05923e-14	6.87898e-11	-5.12496e-08	1.78756e-05
52.7721	1.49265e-11	-0.00361156	-1.04083e-14	6.80145e-11	-1.09628e-08	1.74108e-05
52.7721	1.98456e-11	-0.00361156	-1.03158e-14	6.84836e-11	8.67303e-09	1.73883e-05
52.7721	2.85835e-11	-0.00361156	-1.01511e-14	6.95563e-11	7.61481e-09	1.7587e-05
52.7722	4.08326e-11	-0.00361156	-9.92034e-15	7.09988e-11	-9.79319e-10	1.79064e-05
52.7722	5.2891e-11	-0.00361156	-9.69317e-15	7.26326e-11	-7.38173e-09	1.82961e-05
52.7722	6.1811e-11	-0.00361156	-9.52524e-15	7.44159e-11	-1.0641e-08	1.87306e-05
52.7722	6.59069e-11	-0.00361156	-9.44832e-15	7.6291e-11	-5.89696e-09	1.91975e-05
52.7722	6.72409e-11	-0.00361156	-9.42353e-15	7.82737e-11	-8.43524e-09	1.969e-05
52.7722	6.44039e-11	-0.00361156	-9.47739e-15	8.03308e-11	-5.363e-09	2.02052e-05
52.7722	5.87482e-11	-0.00361156	-9.58441e-15	8.24801e-11	-5.55831e-09	2.07414e-05
52.7722	5.00208e-11	-0.00361156	-9.74932e-15	8.47033e-11	-5.82959e-09	2.12989e-05
52.7722	3.79126e-11	-0.00361156	-9.97796e-15	8.70173e-11	-7.66817e-09	2.18777e-05
52.7722	2.12222e-11	-0.00361156	-1.02929e-14	8.94224e-11	-2.48245e-09	2.24787e-05
52.7723	2.65783e-12	-0.00361156	-1.06432e-14	9.1913e-11	-5.10281e-09	2.31022e-05
52.7723	-1.94124e-11	-0.00361157	-1.10594e-14	9.44966e-11	-4.10224e-09	2.37492e-05
52.7723	-4.45721e-11	-0.00361157	-1.15338e-14	9.71857e-11	-8.27033e-10	2.442e-05
52.7723	-7.09581e-11	-0.00361157	-1.20312e-14	9.99674e-11	3.29435e-09	2.5115e-05
52.7723	-9.59994e-11	-0.00361157	-1.25031e-14	1.02842e-10	-6.60896e-10	2.58355e-05
52.7723	-1.22196e-10	-0.00361157	-1.29967e-14	1.0586e-10	8.03091e-09	2.65852e-05
52.7723	-1.43742e-10	-0.00361157	-1.34026e-14	1.08981e-10	2.24243e-09	2.73667e-05
52.7723	-1.6437e-10	-0.00361157	-1.37911e-14	1.12247e-10	9.90194e-09	2.81807e-05
52.7724	-1.78536e-10	-0.00361157	-1.40578e-14	1.1563e-10	8.80663e-09	2.90273e-05
52.7724	-1.86643e-10	-0.00361157	-1.42104e-14	1.19146e-10	1.00504e-08	2.99074e-05
52.7724	-1.8737e-10	-0.00361157	-1.4224e-14	1.22807e-10	7.02909e-09	3.08227e-05
52.7724	-1.82621e-10	-0.00361157	-1.41345e-14	1.26631e-10	8.25968e-09	3.17773e-05
52.7724	-1.71061e-10	-0.00361157	-1.39169e-14	1.30631e-10	4.47117e-09	3.27744e-05
52.7724	-1.55416e-10	-0.00361157	-1.36224e-14	1.34789e-10	2.49123e-09	3.38134e-05
52.7725	-1.37135e-10	-0.00361157	-1.32784e-14	1.39112e-10	-2.47859e-09	3.48931e-05
52.7725	-1.20463e-10	-0.00361157	-1.29649e-14	1.436e-10	-2.96562e-09	3.6015e-05
52.7725	-1.05967e-10	-0.00361157	-1.26923e-14	1.48297e-10	-6.05589e-09	3.7185e-05
52.7725	-9.67164e-11	-0.00361157	-1.25185e-14	1.53189e-10	-4.96964e-09	3.84066e-05
52.7725	-9.20099e-11	-0.00361157	-1.24302e-14	1.58259e-10	-4.52886e-09	3.96762e-05
52.7725	-9.17129e-11	-0.00361157	-1.24248e-14	1.63503e-10	-3.51793e-09	4.09904e-05
52.7726	-9.50699e-11	-0.00361157	-1.24881e-14	1.68956e-10	-1.23724e-09	4.23533e-05
52.7726	-9.98704e-11	-0.00361157	-1.25785e-14	1.74622e-10	-4.38355e-11	4.37699e-05
52.7726	-1.04881e-10	-0.00361157	-1.26728e-14	1.80451e-10	1.14281e-09	4.52342e-05
52.7726	-1.08744e-10	-0.00361157	-1.27456e-14	1.8642e-10	1.88952e-09	4.67373e-05
52.7727	-1.10492e-10	-0.00361158	-1.27786e-14	1.92558e-10	1.56956e-09	4.82798e-05
52.7727	-1.10373e-10	-0.00361158	-1.27765e-14	1.98816e-10	8.49139e-10	4.9859e-05
52.7727	-1.09174e-10	-0.00361158	-1.27542e-14	2.05096e-10	2.71004e-10	5.14564e-05
52.7727	-1.07583e-10	-0.00361158	-1.27245e-14	2.11328e-10	-1.36967e-10	5.30504e-05
52.7728	-1.06129e-10	-0.00361158	-1.26974e-14	2.17492e-10	-2.78696e-10	5.46298e-05
52.7728	-1.05018e-10	-0.00361158	-1.26768e-14	2.24118e-10	-1.69635e-10	5.62593e-05
52.7728	-1.04115e-10	-0.00361158	-1.26601e-14	2.31318e-10	-2.24118e-10	5.80207e-05
52.7728	-1.03513e-10	-0.00361158	-1.2649e-14	2.39023e-10	-1.16221e-10	5.99196e-05
52.7729	-1.03069e-10	-0.00361158	-1.2641e-14	2.47176e-10	-1.03453e-10	6.194e-05
52.7729	-1.02772e-10	-0.00361158	-1.26356e-14	2.55726e-10	-2.52516e-11	6.4068e-05
52.7729	-1.02506e-10	-0.00361158	-1.26309e-14	2.64734e-10	-2.17697e-11	6.63049e-05
52.773	-1.02267e-10	-0.00361158	-1.26267e-14	2.7417e-10	4.39693e-11	6.86549e-05
52.773	-1.01944e-10	-0.00361158	-1.2621e-14	2.83972e-10	1.25897e-11	7.1106e-05
52.773	-1.01585e-10	-0.00361158	-1.26146e-14	2.94186e-10	-1.0161e-10	7.36561e-05
52.7731	-1.01404e-10	-0.00361159	-1.26115e-14	3.04763e-10	-5.55498e-11	7.63051e-05
52.7731	-1.01325e-10	-0.00361159	-1.26103e-14	3.15598e-10	-6.6287e-11	7.90332e-05
52.7732	-1.01376e-10	-0.00361159	-1.26116e-14	3.26727e-10	-8.92628e-11	8.18316e-05
52.7732	-1.01615e-10	-0.00361159	-1.26164e-14	3.38046e-10	1.27324e-10	8.46916e-05
52.7732	-1.01587e-10	-0.00361159	-1.26163e-14	3.49443e-10	-4.84388e-11	8.75858e-05
52.7733	-1.01667e-10	-0.00361159	-1.26181e-14	3.60931e-10	-1.08873e-10	9.05017e-05
52.7733	-1.01999e-10	-0.00361159	-1.26247e-14	3.72336e-10	5.35158e-11	9.34186e-05
52.7734	-1.02215e-10	-0.00361159	-1.26291e-14	3.83549e-10	1.73567e-10	9.63004e-05
52.7734	-1.02014e-10	-0.00361159	-1.26258e-14	3.95559e-10	-5.79604e-11	9.92593e-05
52.7735	-1.01952e-10	-0.0036116	-1.26251e-14	4.08565e-10	-7.32569e-11	0.000102447
52.7735	-1.02079e-10	-0.0036116	-1.26278e-14	4.21912e-10	-7.06413e-11	0.000105804
52.7736	-1.024e-10	-0.0036116	-1.26343e-14	4.35436e-10	3.32633e-11	0.000109228
52.7736	-1.02639e-10	-0.0036116	-1.26392e-14	4.48931e-10	1.73002e-11	0.000112671
52.7737	-1.02836e-10	-0.0036116	-1.26433e-14	4.62491e-10	2.79462e-11	0.000116118
52.7738	-1.02956e-10	-0.0036116	-1.2646e-14	4.76084e-10	4.50074e-11	0.000119578
52.7738	-1.02944e-10	-0.0036116	-1.26463e-14	4.89833e-10	2.87683e-11	0.000123062
52.7739	-1.02841e-10	-0.00361161	-1.26449e-14	5.04321e-10	-4.04642e-11	0.00012666
52.7739	-1.02866e-10	-0.00361161	-1.26459e-14	5.19933e-10	2.23977e-11	0.000130495
52.774	-1.02816e-10	-0.00361161	-1.26455e-14	5.35615e-10	-4.87971e-11	0.000134483
52.7741	-1.02932e-10	-0.00361161	-1.26482e-14	5.50854e-10	-3.10345e-12	0.000138423
52.7742	-1.03062e-10	-0.00361161	-1.26512e-14	5.65639e-10	6.7816e-11	0.000142249
52.7742	-1.02952e-10	-0.00361161	-1.26497e-14	5.80383e-10	4.65694e-11	0.000146011
52.7743	-1.02666e-10	-0.00361162	-1.2645e-14	5.95302e-10	1.42595e-11	0.000149791
52.7744	-1.02319e-10	-0.00361162	-1.26392e-14	6.11521e-10	-2.65545e-11	0.000153759
52.7745	-1.02065e-10	-0.00361162	-1.26352e-14	6.2851e-10	-3.43332e-11	0.000157991
52.7745	-1.01943e-10	-0.00361162	-1.26336e-14	6.44569e-10	-4.14477e-11	0.000162202
52.7746	-1.01987e-10	-0.00361162	-1.26351e-14	6.6016e-10	3.97828e-11	0.000166235
52.7747	-1.01865e-10	-0.00361163	-1.26335e-14	6.75446e-10	4.56672e-11	0.00017017
52.7748	-1.01543e-10	-0.00361163	-1.26283e-14	6.91465e-10	-3.88602e-11	0.000174159
52.7749	-1.01386e-10	-0.00361163	-1.26261e-14	7.08659e-10	-4.67241e-11	0.000178392
52.775	-1.01435e-10	-0.00361163	-1.26278e-14	7.25063e-10	-1.22246e-11	0.000182673
52.7751	-1.01542e-10	-0.00361164	-1.26305e-14	7.40887e-10	3.2872e-11	0.00018678
52.7751	-1.01496e-10	-0.00361164	-1.26305e-14	7.56403e-10	-8.46176e-12	0.000190774
52.7752	-1.0149e-10	-0.00361164	-1.26312e-14	7.72863e-10	-2.81615e-11	0.000194849
52.7753	-1.01622e-10	-0.00361164	-1.26344e-14	7.89553e-10	-5.15988e-11	0.000199074
52.7754	-1.02017e-10	-0.00361165	-1.26425e-14	8.05409e-10	-1.45345e-11	0.000203221
52.7755	-1.02494e-10	-0.00361165	-1.2652e-14	8.2088e-10	5.16441e-11	0.000207214
52.7757	-1.0271e-10	-0.00361165	-1.26569e-14	8.36679e-10	-1.27278e-11	0.000211199
52.7758	-1.02999e-10	-0.00361165	-1.2663e-14	8.52967e-10	2.06259e-12	0.000215288
52.7759	-1.03282e-10	-0.00361166	-1.2669e-14	8.68394e-10	9.77194e-13	0.00021933
52.776	-1.03564e-10	-0.00361166	-1.26751e-14	8.83489e-10	1.67706e-11	0.00022322
52.7761	-1.03757e-10	-0.00361166	-1.26795e-14	8.98842e-10	-2.86591e-11	0.0002271
52.7762	-1.04117e-10	-0.00361166	-1.26869e-14	9.14264e-10	-1.98059e-12	0.000231022
52.7763	-1.04496e-10	-0.00361167	-1.26947e-14	9.28974e-10	1.98332e-12	0.000234863
52.7764	-1.04868e-10	-0.00361167	-1.27024e-14	9.43445e-10	1.63631e-11	0.000238582
52.7766	-1.05148e-10	-0.00361167	-1.27084e-14	9.58175e-10	1.2907e-12	0.000242303
52.7767	-1.05425e-10	-0.00361168	-1.27144e-14	9.72436e-10	-1.65172e-11	0.000245998
52.7768	-1.05808e-10	-0.00361168	-1.27222e-14	9.86222e-10	-2.11245e-11	0.000249573
52.7769	-1.06329e-10	-0.00361168	-1.27326e-14	9.99996e-10	5.76928e-12	0.000253086
52.7771	-1.0682e-10	-0.00361169	-1.27424e-14	1.01358e-09	1.90001e-11	0.000256572
52.7772	-1.07196e-10	-0.00361169	-1.27501e-14	1.02662e-09	-6.03725e-12	0.000259966
52.7773	-1.07616e-10	-0.00361169	-1.27587e-14	1.03947e-09	1.15653e-12	0.000263265
52.7775	-1.08033e-10	-0.00361169	-1.27671e-14	1.05214e-09	-1.50087e-11	0.000266518
52.7776	-1.08556e-10	-0.0036117	-1.27775e-14	1.06433e-09	2.91507e-12	0.000269687
52.7777	-1.09066e-10	-0.0036117	-1.27876e-14	1.07623e-09	-5.85543e-13	0.000272757
52.7779	-1.09585e-10	-0.0036117	-1.27978e-14	1.08791e-09	1.90235e-14	0.000275762
52.778	-1.1011e-10	-0.00361171	-1.28082e-14	1.0991e-09	5.13305e-12	0.000278678
52.7781	-1.10604e-10	-0.00361171	-1.2818e-14	1.11002e-09	2.25495e-12	0.000281497
52.7783	-1.11087e-10	-0.00361172	-1.28275e-14	1.12062e-09	-8.37852e-12	0.00028424
52.7784	-1.11635e-10	-0.00361172	-1.28383e-14	1.13075e-09	-6.4649e-13	0.000286882
52.7786	-1.12192e-10	-0.00361172	-1.28491e-14	1.14063e-09	-2.80077e-12	0.000289432
52.7787	-1.12774e-10	-0.00361173	-1.28604e-14	1.1501e-09	5.32366e-12	0.000291897
52.7789	-1.13323e-10	-0.00361173	-1.28711e-14	1.1591e-09	-1.15767e-11	0.000294252
52.779	-1.13961e-10	-0.00361173	-1.28833e-14	1.16788e-09	1.05044e-11	0.000296519
52.7792	-1.14525e-10	-0.00361174	-1.28942e-14	1.17616e-09	8.83316e-12	0.000298693
52.7793	-1.15028e-10	-0.00361174	-1.2904e-14	1.18402e-09	6.07603e-12	0.00030075
52.7795	-1.15488e-10	-0.00361174	-1.2913e-14	1.19167e-09	-1.86031e-11	0.000302728
52.7796	-1.16092e-10	-0.00361175	-1.29245e-14	1.19873e-09	-1.26887e-11	0.000304603
52.7798	-1.16797e-10	-0.00361175	-1.29378e-14	1.20544e-09	-2.77781e-12	0.000306358
52.7799	-1.17527e-10	-0.00361176	-1.29515e-14	1.21193e-09	-2.05247e-12	0.00030804
52.7801	-1.18277e-10	-0.00361176	-1.29655e-14	1.21773e-09	2.28645e-11	0.000309606
52.7802	-1.18853e-10	-0.00361176	-1.29764e-14	1.22329e-09	1.39069e-11	0.000311054
52.7804	-1.19323e-10	-0.00361177	-1.29855e-14	1.22857e-09	-1.99079e-11	0.000312437
52.7805	-1.19951e-10	-0.00361177	-1.29973e-14	1.23314e-09	-1.13351e-11	0.000313693
52.7807	-1.20671e-10	-0.00361177	-1.30106e-14	1.23759e-09	-1.19308e-11	0.000314842
52.7809	-1.21487e-10	-0.00361178	-1.30256e-14	1.24165e-09	9.85205e-12	0.000315926
52.781	-1.22228e-10	-0.00361178	-1.30393e-14	1.24502e-09	5.68263e-12	0.000316873
52.7812	-1.22925e-10	-0.00361179	-1.30521e-14	1.24836e-09	4.82615e-12	0.000317729
52.7813	-1.23587e-10	-0.00361179	-1.30643e-14	1.25114e-09	7.9928e-12	0.000318509
52.7815	-1.24186e-10	-0.00361179	-1.30754e-14	1.25338e-09	6.59139e-13	0.000319149
52.7816	-1.24781e-10	-0.0036118	-1.30864e-14	1.25562e-09	-9.2101e-12	0.00031972
52.7818	-1.2545e-10	-0.0036118	-1.30986e-14	1.25711e-09	-4.20911e-12	0.000320196
52.782	-1.26155e-10	-0.0036118	-1.31114e-14	1.25828e-09	-7.68084e-12	0.000320535
52.7821	-1.26921e-10	-0.00361181	-1.31252e-14	1.25941e-09	4.36112e-12	0.000320828
52.7823	-1.27653e-10	-0.00361181	-1.31384e-14	1.25964e-09	-8.97731e-12	0.000321001
52.7824	-1.28457e-10	-0.00361182	-1.31528e-14	1.2598e-09	8.56176e-12	0.00032105
52.7826	-1.29193e-10	-0.00361182	-1.3166e-14	1.25977e-09	-3.99267e-12	0.000321067
52.7828	-1.29961e-10	-0.00361182	-1.31797e-14	1.25882e-09	5.41773e-12	0.000320942
52.7829	-1.30684e-10	-0.00361183	-1.31926e-14	1.25799e-09	1.43463e-12	0.000320716
52.7831	-1.31396e-10	-0.00361183	-1.32052e-14	1.25676e-09	-5.70985e-13	0.000320453
52.7832	-1.32111e-10	-0.00361184	-1.32179e-14	1.25471e-09	-1.52747e-11	0.000320034
52.7834	-1.32948e-10	-0.00361184	-1.32326e-14	1.25291e-09	4.64206e-12	0.000319544
52.7836	-1.33746e-10	-0.00361184	-1.32466e-14	1.25045e-09	-4.69476e-12	0.000319001
52.7837	-1.3458e-10	-0.00361185	-1.32611e-14	1.24738e-09	1.43244e-11	0.000318297
52.7839	-1.35298e-10	-0.00361185	-1.32737e-14	1.24458e-09	-8.96701e-13	0.000317549
52.784	-1.36022e-10	-0.00361185	-1.32863e-14	1.24089e-09	4.37922e-12	0.000316722
52.7842	-1.36709e-10	-0.00361186	-1.32982e-14	1.23682e-09	-5.92982e-12	0.000315732
52.7844	-1.3744e-10	-0.00361186	-1.33109e-14	1.233e-09	-6.39227e-13	0.000314725
52.7845	-1.38174e-10	-0.00361187	-1.33235e-14	1.22808e-09	-5.75099e-12	0.000313611
52.7847	-1.3895e-10	-0.00361187	-1.33369e-14	1.22299e-09	-1.4281e-11	0.000312336
52.7848	-1.39835e-10	-0.00361187	-1.33519e-14	1.21811e-09	5.46691e-13	0.000311065
52.785	-1.40711e-10	-0.00361188	-1.33669e-14	1.21199e-09	1.38443e-11	0.000309662
52.7851	-1.41476e-10	-0.00361188	-1.33799e-14	1.20581e-09	-2.99774e-12	0.000308094
52.7853	-1.42261e-10	-0.00361188	-1.33931e-14	1.19983e-09	4.06738e-12	0.000306545
52.7854	-1.4301e-10	-0.00361189	-1.34058e-14	1.19248e-09	4.57286e-12	0.000304845
52.7856	-1.4372e-10	-0.00361189	-1.34178e-14	1.18511e-09	-1.10365e-12	0.000302969
52.7857	-1.44434e-10	-0.00361189	-1.34298e-14	1.17798e-09	2.29382e-12	0.000301121
52.7859	-1.45126e-10	-0.0036119	-1.34414e-14	1.16939e-09	-1.18602e-11	0.000299118
52.786	-1.45902e-10	-0.0036119	-1.34543e-14	1.16063e-09	-1.76877e-11	0.000296907
52.7862	-1.46803e-10	-0.00361191	-1.34693e-14	1.15228e-09	7.97983e-12	0.000294726
52.7863	-1.47638e-10	-0.00361191	-1.34831e-14	1.14249e-09	1.48956e-11	0.000292413
52.7865	-1.48359e-10	-0.00361191	-1.3495e-14	1.13209e-09	1.27899e-11	0.000289839
52.7866	-1.4898e-10	-0.00361192	-1.35053e-14	1.1223e-09	8.57465e-13	0.000287265
52.7868	-1.4959e-10	-0.00361192	-1.35153e-14	1.11148e-09	-8.66447e-12	0.00028464
52.7869	-1.50255e-10	-0.00361192	-1.35262e-14	1.09913e-09	-9.34176e-12	0.000281686
52.7871	-1.50978e-10	-0.00361193	-1.3538e-14	1.08755e-09	-2.35993e-11	0.000278635
52.7872	-1.51857e-10	-0.00361193	-1.35524e-14	1.07577e-09	-2.00772e-11	0.000275657
52.7873	-1.52865e-10	-0.00361193	-1.35687e-14	1.06163e-09	5.75832e-12	0.000272354
52.7875	-1.5382e-10	-0.00361193	-1.35842e-14	1.0476e-09	8.1359e-12	0.000268763
52.7876	-1.54708e-10	-0.00361194	-1.35986e-14	1.0342e-09	4.80413e-11	0.000265267
52.7877	-1.55268e-10	-0.00361194	-1.36076e-14	1.01956e-09	5.56543e-11	0.000261694
52.7879	-1.55459e-10	-0.00361194	-1.36106e-14	1.00263e-09	5.62222e-11	0.00025767
52.788	-1.55287e-10	-0.00361195	-1.36077e-14	9.86505e-10	7.2847e-12	0.000253457
52.7881	-1.55073e-10	-0.00361195	-1.36041e-14	9.7083e-10	-6.96383e-11	0.000249404
52.7882	-1.55293e-10	-0.00361195	-1.36076e-14	9.53605e-10	-1.0793e-10	0.000245211
52.7884	-1.56164e-10	-0.00361196	-1.36215e-14	9.34051e-10	-7.64559e-11	0.000240524
52.7885	-1.57473e-10	-0.00361196	-1.36425e-14	9.15343e-10	-3.5002e-11	0.000235647
52.7886	-1.58959e-10	-0.00361196	-1.36662e-14	8.9733e-10	-2.97311e-11	0.000230967
52.7887	-1.60586e-10	-0.00361196	-1.36922e-14	8.787e-10	2.5706e-11	0.000226297
52.7888	-1.62036e-10	-0.00361197	-1.37152e-14	8.57366e-10	9.22372e-11	0.000221204
52.7889	-1.62946e-10	-0.00361197	-1.37296e-14	8.3603e-10	1.15995e-10	0.000215766
52.789	-1.63216e-10	-0.00361197	-1.37337e-14	8.15883e-10	1.149e-10	0.000210479
52.7891	-1.62882e-10	-0.00361197	-1.37281e-14	7.96416e-10	1.10544e-10	0.000205431
52.7892	-1.61995e-10	-0.00361198	-1.37138e-14	7.76625e-10	9.33476e-11	0.000200428
52.7893	-1.60669e-10	-0.00361198	-1.36924e-14	7.54889e-10	4.52498e-11	0.000195135
52.7894	-1.59162e-10	-0.00361198	-1.36682e-14	7.33223e-10	-2.27262e-11	0.000189604
52.7895	-1.57804e-10	-0.00361198	-1.36465e-14	7.13137e-10	-1.11083e-10	0.000184284
52.7896	-1.56989e-10	-0.00361198	-1.36334e-14	6.94521e-10	-2.15644e-10	0.000179352
52.7897	-1.57149e-10	-0.00361199	-1.36358e-14	6.77123e-10	-2.90222e-10	0.000174762
52.7898	-1.58556e-10	-0.00361199	-1.36581e-14	6.6018e-10	-2.5176e-10	0.000170386
52.7899	-1.60987e-10	-0.00361199	-1.36965e-14	6.42745e-10	-1.03721e-10	0.000166005
52.79	-1.63779e-10	-0.00361199	-1.37406e-14	6.25581e-10	-4.46334e-11	0.000161596
52.79	-1.66674e-10	-0.00361199	-1.37863e-14	6.10312e-10	8.45719e-11	0.000157463
52.7901	-1.6917e-10	-0.003612	-1.38255e-14	5.97036e-10	1.13593e-10	0.000153826
52.7902	-1.71179e-10	-0.003612	-1.3857e-14	5.85589e-10	1.3326e-10	0.000150676
52.7903	-1.72652e-10	-0.003612	-1.38801e-14	5.75803e-10	9.37428e-11	0.00014797
52.7903	-1.73757e-10	-0.003612	-1.38972e-14	5.67426e-10	1.28819e-10	0.000145655
52.7904	-1.74381e-10	-0.003612	-1.39068e-14	5.60204e-10	1.77636e-10	0.000143668
52.7905	-1.74362e-10	-0.003612	-1.39062e-14	5.53728e-10	1.69392e-10	0.000141922
52.7906	-1.73746e-10	-0.00361201	-1.38962e-14	5.48502e-10	1.0277e-10	0.000140431
52.7906	-1.72777e-10	-0.00361201	-1.38807e-14	5.4541e-10	1.6784e-10	0.000139371
52.7907	-1.71231e-10	-0.00361201	-1.38561e-14	5.44279e-10	1.05197e-10	0.000138833
52.7908	-1.69322e-10	-0.00361201	-1.38259e-14	5.45004e-10	-1.63001e-11	0.000138781
52.7908	-1.67468e-10	-0.00361201	-1.37966e-14	5.47526e-10	-6.93988e-11	0.000139195
52.7909	-1.65847e-10	-0.00361201	-1.37709e-14	5.51727e-10	-7.12817e-11	0.000140052
52.791	-1.64464e-10	-0.00361202	-1.37491e-14	5.57547e-10	-6.23907e-11	0.000141329
52.7911	-1.63289e-10	-0.00361202	-1.37305e-14	5.64892e-10	-2.12064e-11	0.000143006
52.7911	-1.62174e-10	-0.00361202	-1.37129e-14	5.73716e-10	-5.48595e-11	0.000145067
52.7912	-1.61242e-10	-0.00361202	-1.36982e-14	5.8393e-10	-1.65756e-10	0.000147492
52.7913	-1.6091e-10	-0.00361202	-1.36929e-14	5.95543e-10	-4.00458e-11	0.000150274
52.7913	-1.60724e-10	-0.00361202	-1.36898e-14	6.12455e-10	-1.29881e-10	0.000153909
52.7914	-1.61039e-10	-0.00361203	-1.36946e-14	6.3748e-10	-3.11868e-11	0.000159253
52.7915	-1.61493e-10	-0.00361203	-1.37015e-14	6.67446e-10	-3.15622e-11	0.00016626
52.7916	-1.62104e-10	-0.00361203	-1.37109e-14	7.01955e-10	-4.10492e-11	0.000174476
52.7917	-1.62929e-10	-0.00361203	-1.37235e-14	7.4109e-10	1.17318e-11	0.000183861
52.7918	-1.63745e-10	-0.00361203	-1.3736e-14	7.85394e-10	4.5762e-12	0.000194494
52.7919	-1.64586e-10	-0.00361204	-1.37488e-14	8.35408e-10	2.67125e-11	0.000206514
52.792	-1.65339e-10	-0.00361204	-1.37603e-14	8.92173e-10	-3.6466e-11	0.000220122
52.7921	-1.66351e-10	-0.00361204	-1.37756e-14	9.56775e-10	3.49988e-11	0.00023559
52.7922	-1.67223e-10	-0.00361204	-1.37888e-14	1.03127e-09	2.50493e-12	0.000253319
52.7923	-1.68145e-10	-0.00361205	-1.38027e-14	1.11817e-09	7.96309e-12	0.000273889
52.7925	-1.6909e-10	-0.00361205	-1.38168e-14	1.22233e-09	1.11402e-11	0.000298241
52.7926	-1.70035e-10	-0.00361205	-1.38309e-14	1.35286e-09	2.63862e-11	0.000328157
52.7928	-1.70853e-10	-0.00361206	-1.38429e-14	1.53986e-09	4.2651e-11	0.000368635
52.793	-1.71367e-10	-0.00361206	-1.38501e-14	1.79635e-09	3.64772e-11	0.000425176
52.7932	-1.71548e-10	-0.00361207	-1.3852e-14	2.15086e-09	1.79894e-11	0.000503083
52.7935	-1.71519e-10	-0.00361207	-1.38506e-14	2.67818e-09	1.33036e-12	0.000615547
52.7939	-1.7146e-10	-0.00361208	-1.38485e-14	3.57386e-09	-4.50198e-12	0.000797086
52.7943	-1.71484e-10	-0.00361209	-1.38472e-14	5.49277e-09	4.33565e-12	0.00115638
52.795	-1.71368e-10	-0.00361211	-1.3843e-14	1.14372e-08	1.35156e-11	0.00216193
52.7965	-1.7014e-10	-0.00361214	-1.38197e-14	8.17582e-08	-4.32603e-12	0.0121028
52.8071	-1.63496e-10	-0.00361236	-1.3698e-14	-0.0559962	-1.26667e-11	59.9825
-7.221	1.35839e-10	-0.0133454	1.29706e-14	-0.0960353	8.11823e-14	119.979
