41.2416	4.14052e-13	0.000524122	6.63699e-17	7.2751e-08	-1.7114e-15	60.4973
41.7321	3.74536e-13	0.000512178	6.26493e-17	3.06067e-07	1.58193e-14	0.533177
41.7747	4.04815e-13	0.000511147	6.29545e-17	1.76297e-07	1.41446e-14	0.0661922
41.7983	4.38227e-13	0.000510577	6.3515e-17	1.37538e-07	-4.71933e-15	0.0417512
41.8165	4.59711e-13	0.000510138	6.3841e-17	1.24998e-07	-1.22515e-14	0.0346474
41.833	4.69081e-13	0.00050974	6.38999e-17	1.21334e-07	-8.38473e-15	0.0324319
41.8489	4.71473e-13	0.000509355	6.37686e-17	1.21543e-07	-1.76956e-15	0.0319612
41.8649	4.72455e-13	0.00050897	6.36177e-17	1.23739e-07	1.24116e-15	0.0322887
41.8812	4.74465e-13	0.000508577	6.34874e-17	1.27018e-07	1.01321e-15	0.033035
41.8979	4.77379e-13	0.000508174	6.33532e-17	1.31007e-07	-2.6555e-16	0.0340277
41.9152	4.80159e-13	0.000507758	6.32268e-17	1.3544e-07	-1.13753e-15	0.0351804
41.9331	4.82018e-13	0.000507328	6.30491e-17	1.40265e-07	-1.50851e-15	0.0364509
41.9517	4.82546e-13	0.000506882	6.28429e-17	1.45384e-07	-7.94074e-16	0.0378192
41.9709	4.8233e-13	0.00050642	6.25947e-17	1.50819e-07	-1.06657e-15	0.039276
41.991	4.81038e-13	0.00050594	6.23103e-17	1.56524e-07	-6.10769e-16	0.0408188
42.0118	4.7906e-13	0.000505442	6.20035e-17	1.62545e-07	-5.90533e-16	0.0424484
42.0334	4.76363e-13	0.000504924	6.1658e-17	1.68862e-07	-5.73827e-16	0.0441692
42.0559	4.7291e-13	0.000504386	6.12826e-17	1.75523e-07	-7.35779e-16	0.0459863
42.0794	4.6845e-13	0.000503826	6.08475e-17	1.82514e-07	-9.95756e-17	0.0479057
42.1038	4.63681e-13	0.000503243	6.04042e-17	1.89881e-07	-3.61602e-16	0.0499334
42.1293	4.58249e-13	0.000502636	5.99207e-17	1.97617e-07	-2.19333e-16	0.052076
42.1559	4.5229e-13	0.000502003	5.94019e-17	2.0576e-07	1.40208e-16	0.0543398
42.1837	4.46265e-13	0.000501342	5.88571e-17	2.14305e-07	5.43991e-16	0.0567315
42.2126	4.40762e-13	0.000500654	5.82916e-17	2.23304e-07	1.4018e-16	0.0592598
42.2429	4.35224e-13	0.000499934	5.76943e-17	2.32791e-07	9.30447e-16	0.0619397
42.2746	4.30907e-13	0.000499183	5.7104e-17	2.42805e-07	3.55383e-16	0.0647847
42.3077	4.26978e-13	0.000498398	5.64696e-17	2.53347e-07	9.81614e-16	0.0678039
42.3424	4.24568e-13	0.000497576	5.58421e-17	2.64449e-07	8.14519e-16	0.0710058
42.3787	4.23522e-13	0.000496716	5.51915e-17	2.7612e-07	8.41835e-16	0.0744008
42.4168	4.24029e-13	0.000495815	5.45273e-17	2.88405e-07	5.38654e-16	0.0780017
42.4567	4.25636e-13	0.000494871	5.38378e-17	3.01354e-07	5.78329e-16	0.0818283
42.4986	4.28533e-13	0.000493881	5.30897e-17	3.14994e-07	2.53866e-16	0.0858987
42.5426	4.32134e-13	0.000492843	5.22995e-17	3.29306e-07	9.3813e-17	0.0902213
42.5888	4.36134e-13	0.000491753	5.14916e-17	3.44301e-07	-2.43343e-16	0.094803
42.6374	4.39747e-13	0.000490608	5.06542e-17	3.59996e-07	-2.53991e-16	0.0996572
42.6885	4.42897e-13	0.000489407	4.97717e-17	3.76472e-07	-4.17906e-16	0.10481
42.7422	4.45088e-13	0.000488144	4.88389e-17	3.93698e-07	-3.1876e-16	0.110281
42.7988	4.46492e-13	0.000486816	4.78485e-17	4.11608e-07	-2.64636e-16	0.116067
42.8583	4.47182e-13	0.000485421	4.68062e-17	4.30163e-07	-1.8664e-16	0.122167
42.9209	4.47324e-13	0.000483956	4.5718e-17	4.494e-07	-5.29158e-17	0.128593
42.9869	4.47299e-13	0.000482418	4.4581e-17	4.6928e-07	1.13316e-17	0.135365
43.0563	4.47313e-13	0.000480803	4.34139e-17	4.89741e-07	6.68328e-17	0.142483
43.1294	4.47571e-13	0.000479109	4.22102e-17	5.10756e-07	9.51985e-17	0.149952
43.2063	4.48208e-13	0.00047733	4.09794e-17	5.32362e-07	7.27647e-17	0.157797
43.2872	4.49173e-13	0.000475462	3.97205e-17	5.54449e-07	3.7118e-17	0.166031
43.3723	4.50346e-13	0.0004735	3.84464e-17	5.76816e-07	8.27036e-18	0.174622
43.4618	4.51617e-13	0.00047144	3.71702e-17	5.99387e-07	-9.85965e-18	0.183544
43.5558	4.52906e-13	0.000469279	3.59154e-17	6.22149e-07	-1.60025e-17	0.192806
43.6546	4.5418e-13	0.000467015	3.47571e-17	6.44839e-07	-1.22725e-17	0.202381
43.7582	4.55454e-13	0.000464643	3.36566e-17	6.67308e-07	-1.51435e-17	0.21221
43.8668	4.56706e-13	0.000462164	3.26271e-17	6.89562e-07	-1.11119e-17	0.222287
43.9805	4.57954e-13	0.000459577	3.16335e-17	7.11445e-07	-8.80587e-18	0.232604
44.0994	4.59206e-13	0.000456885	3.07148e-17	7.32834e-07	-4.57055e-18	0.24312
44.2236	4.60486e-13	0.000454084	2.98785e-17	7.53715e-07	-4.08884e-18	0.253826
44.3532	4.61796e-13	0.000451169	2.91464e-17	7.73902e-07	-1.83059e-18	0.264693
44.4883	4.63148e-13	0.000448139	2.86091e-17	7.93192e-07	-2.09234e-18	0.275634
44.6289	4.6454e-13	0.000444995	2.82511e-17	8.11624e-07	-4.51797e-18	0.286612
44.7749	4.65953e-13	0.000441736	2.78811e-17	8.2912e-07	-1.67917e-18	0.29762
44.9265	4.67407e-13	0.000438366	2.74892e-17	8.45613e-07	3.58199e-19	0.308615
45.0835	4.68917e-13	0.000434893	2.70824e-17	8.61265e-07	-3.74212e-18	0.319632
45.2461	4.70449e-13	0.000431317	2.66607e-17	8.75883e-07	3.4693e-19	0.330657
45.4142	4.72036e-13	0.000427633	2.62244e-17	8.8934e-07	-5.93005e-18	0.341565
45.5877	4.73622e-13	0.000423842	2.5761e-17	9.01748e-07	-5.867e-18	0.352327
45.7665	4.75204e-13	0.000419947	2.51476e-17	9.13057e-07	-3.95635e-19	0.362934
45.9506	4.7683e-13	0.000415954	2.44195e-17	9.23378e-07	8.32785e-19	0.373381
46.1399	4.78509e-13	0.000411874	2.35917e-17	9.32837e-07	-5.04324e-18	0.383756
46.3344	4.80185e-13	0.000407705	2.26429e-17	9.4124e-07	-4.09589e-18	0.393988
46.5339	4.81864e-13	0.000403442	2.15288e-17	9.48656e-07	-6.47348e-18	0.403955
46.7383	4.83517e-13	0.00039909	2.02604e-17	9.55176e-07	-2.65509e-18	0.413684
46.9476	4.85182e-13	0.000394653	1.8914e-17	9.60848e-07	-3.96356e-18	0.423199
47.1615	4.86842e-13	0.000390148	1.75015e-17	9.65791e-07	-3.32472e-18	0.432572
47.3802	4.88501e-13	0.000385567	1.60049e-17	9.69928e-07	-3.31728e-18	0.441767
47.6033	4.90158e-13	0.000380908	1.44187e-17	9.73298e-07	-3.78379e-18	0.450642
47.8308	4.91804e-13	0.000376176	1.28214e-17	9.76029e-07	-6.12634e-18	0.459259
48.0626	4.9341e-13	0.00037138	1.12099e-17	9.78146e-07	-3.37883e-18	0.467703
48.2985	4.95004e-13	0.000366529	9.59672e-18	9.79686e-07	-6.77668e-18	0.475959
48.5385	4.96545e-13	0.000361612	7.97587e-18	9.80676e-07	-4.74666e-18	0.483972
48.7825	4.98053e-13	0.000356632	6.41103e-18	9.81168e-07	-2.91364e-18	0.491665
49.0302	4.99549e-13	0.000351598	4.90335e-18	9.81216e-07	-4.16949e-18	0.499179
49.2817	5.01014e-13	0.000346518	3.41958e-18	9.80845e-07	-4.95364e-18	0.506544
49.5367	5.02437e-13	0.000341383	2.00315e-18	9.80102e-07	-5.22209e-18	0.513628
49.7953	5.03812e-13	0.000336194	7.53341e-19	9.79024e-07	-5.13703e-18	0.520459
50.0572	5.05138e-13	0.00033096	-3.89191e-19	9.77634e-07	-5.93958e-18	0.527085
50.3224	5.06401e-13	0.000325686	-1.41311e-18	9.75937e-07	-3.41449e-18	0.533573
50.5908	5.07634e-13	0.000320363	-2.305e-18	9.74051e-07	-2.58517e-18	0.53981
50.8622	5.08845e-13	0.000314995	-3.176e-18	9.71935e-07	-6.07599e-18	0.545772
51.1365	5.09987e-13	0.000309589	-4.09167e-18	9.69586e-07	-6.15111e-18	0.551615
51.4138	5.11054e-13	0.000304143	-5.06701e-18	9.67114e-07	-4.64902e-18	0.557263
51.6938	5.12068e-13	0.000298653	-6.06599e-18	9.64498e-07	-2.44252e-18	0.562672
51.9765	5.13056e-13	0.000293123	-7.05609e-18	9.61781e-07	-5.15125e-18	0.56788
52.2617	5.1398e-13	0.000287557	-8.02501e-18	9.58889e-07	-5.74451e-18	0.572953
52.5494	5.14829e-13	0.000281949	-8.97018e-18	9.56005e-07	-7.07886e-18	0.577839
52.8395	5.15583e-13	0.0002763	-1.00185e-17	9.53066e-07	-5.44537e-18	0.582469
53.1319	5.16263e-13	0.000270614	-1.11992e-17	9.49995e-07	-1.86382e-18	0.586988
53.4265	5.1692e-13	0.000264884	-1.25037e-17	9.46971e-07	-5.68364e-18	0.591345
53.7232	5.17498e-13	0.000259113	-1.3956e-17	9.4394e-07	-4.58361e-18	0.595476
54.022	5.18012e-13	0.000253301	-1.54464e-17	9.40892e-07	-5.18068e-18	0.59945
54.3227	5.1845e-13	0.000247443	-1.69788e-17	9.37811e-07	-3.76587e-18	0.603301
54.6253	5.18835e-13	0.000241538	-1.85e-17	9.34863e-07	-6.18808e-18	0.606957
54.9296	5.19128e-13	0.00023559	-1.98284e-17	9.31897e-07	-4.24147e-18	0.610423
55.2357	5.19357e-13	0.000229588	-2.09949e-17	9.28945e-07	-4.05173e-18	0.613786
55.5434	5.19525e-13	0.000223533	-2.19425e-17	9.26122e-07	-3.24128e-18	0.616976
55.8527	5.19644e-13	0.000217429	-2.28708e-17	9.23371e-07	-4.22721e-18	0.619974
56.1634	5.19698e-13	0.000211266	-2.39001e-17	9.20621e-07	-5.90653e-18	0.62286
56.4755	5.1966e-13	0.000205036	-2.50455e-17	9.18027e-07	-6.64401e-18	0.625601
56.789	5.19518e-13	0.00019875	-2.63865e-17	9.15548e-07	-4.27737e-18	0.628149
57.1037	5.19308e-13	0.0001924	-2.78825e-17	9.13091e-07	-3.10188e-18	0.630579
57.4196	5.19048e-13	0.000185963	-2.95105e-17	9.10795e-07	-5.35693e-18	0.632878
57.7366	5.18702e-13	0.000179462	-3.12401e-17	9.08647e-07	-4.57993e-18	0.634992
58.0546	5.18282e-13	0.000172888	-3.28397e-17	9.06551e-07	-5.7567e-18	0.636981
58.3735	5.17769e-13	0.000166207	-3.43146e-17	9.04613e-07	-4.10217e-18	0.638845
58.6934	5.17189e-13	0.000159449	-3.57166e-17	9.02847e-07	-4.35103e-18	0.640534
59.0141	5.16539e-13	0.000152608	-3.73408e-17	9.01157e-07	-4.35811e-18	0.642092
59.3355	5.15816e-13	0.000145637	-3.91482e-17	8.99641e-07	-4.05578e-18	0.643522
59.6576	5.15027e-13	0.00013857	-4.11351e-17	8.98281e-07	-3.96839e-18	0.644793
59.9803	5.14172e-13	0.000131409	-4.2871e-17	8.97057e-07	-5.31508e-18	0.645926
-59.6965	5.1323e-13	0.000124092	-4.43848e-17	8.9599e-07	-4.35171e-18	0.646922
-59.3728	5.12216e-13	0.000116655	-4.55681e-17	8.95077e-07	-4.44228e-18	0.647778
-59.0487	5.11129e-13	0.00010911	-4.64807e-17	8.94352e-07	-3.54561e-18	0.648483
-58.7243	5.09984e-13	0.000101381	-4.72293e-17	8.93769e-07	-4.96058e-18	0.649043
-58.3996	5.08757e-13	9.35029e-05	-4.78448e-17	8.93319e-07	-3.43356e-18	0.649484
-58.0748	5.07474e-13	8.54993e-05	-4.87737e-17	8.93137e-07	-3.28941e-18	0.649753
-57.7499	5.06137e-13	7.72806e-05	-5.0065e-17	8.93044e-07	-4.1853e-18	0.64987
-57.4249	5.04732e-13	6.88768e-05	-5.17487e-17	8.93091e-07	-6.29937e-18	0.64989
-57.1	5.03225e-13	6.03268e-05	-5.35104e-17	8.93465e-07	-4.85244e-18	0.649711
-56.7752	5.01639e-13	5.15288e-05	-5.51753e-17	8.93879e-07	-4.47309e-18	0.649375
-56.4506	4.99983e-13	4.25009e-05	-5.66949e-17	8.9443e-07	-3.89117e-18	0.648963
-56.1263	4.98264e-13	3.33027e-05	-5.80464e-17	8.95381e-07	-8.63314e-19	0.648319
-55.8023	4.96534e-13	2.38222e-05	-5.93023e-17	8.96292e-07	-2.46002e-18	0.647517
-55.4788	4.94766e-13	1.40562e-05	-6.04488e-17	8.97374e-07	-6.09807e-18	0.646654
-55.1557	4.92902e-13	4.09174e-06	-6.15872e-17	8.98883e-07	-5.9878e-18	0.645523
-54.8332	4.90945e-13	-6.18871e-06	-6.28065e-17	9.0029e-07	-6.66096e-18	0.644241
-54.5114	4.88885e-13	-1.68242e-05	-6.40833e-17	9.0191e-07	-3.1198e-18	0.642898
-54.1903	4.8678e-13	-2.76913e-05	-6.56262e-17	9.03949e-07	-4.10324e-18	0.641257
-53.8702	4.84615e-13	-3.89041e-05	-6.74362e-17	9.05832e-07	-3.45944e-18	0.639477
-53.5509	4.82401e-13	-5.05587e-05	-6.94735e-17	9.08e-07	-2.90838e-18	0.637614
-53.2325	4.80148e-13	-6.24858e-05	-7.15043e-17	9.10501e-07	-3.90595e-18	0.635434
-52.9154	4.77841e-13	-7.478e-05	-7.30655e-17	9.12851e-07	-5.01984e-18	0.633134
-52.5994	4.75463e-13	-8.76212e-05	-7.42118e-17	9.15534e-07	-4.28943e-18	0.630702
-52.2847	4.73028e-13	-0.000100789	-7.49213e-17	9.18423e-07	-4.54977e-18	0.627956
-51.9715	4.70532e-13	-0.000114335	-7.57169e-17	9.21215e-07	-3.3205e-18	0.625097
-51.6596	4.67997e-13	-0.000128542	-7.65739e-17	9.24338e-07	-4.81758e-18	0.622045
-51.3494	4.654e-13	-0.000143158	-7.75798e-17	9.2752e-07	-2.88881e-18	0.618708
-51.0409	4.62772e-13	-0.000158162	-7.88105e-17	9.30716e-07	-4.91798e-18	0.615234
-50.7342	4.60085e-13	-0.00017391	-8.02047e-17	9.34148e-07	-3.41123e-18	0.611508
-50.4294	4.57363e-13	-0.000190204	-8.17799e-17	9.37522e-07	-4.27659e-18	0.607549
-50.1266	4.54594e-13	-0.000206913	-8.32401e-17	9.41012e-07	-4.25128e-18	0.6034
-49.826	4.51781e-13	-0.000224365	-8.44832e-17	9.44604e-07	-6.15342e-18	0.598938
-49.5277	4.48898e-13	-0.000242587	-8.55463e-17	9.48031e-07	-3.40437e-18	0.594311
-49.2317	4.45987e-13	-0.000261277	-8.64944e-17	9.51628e-07	-4.74479e-18	0.589435
-48.9383	4.43031e-13	-0.000280612	-8.76895e-17	9.55197e-07	-1.8521e-18	0.584172
-48.6475	4.40077e-13	-0.000300991	-8.89977e-17	9.58496e-07	-4.24717e-18	0.578805
-48.3595	4.37088e-13	-0.000321969	-9.04737e-17	9.61923e-07	-3.51079e-18	0.573155
-48.0744	4.3408e-13	-0.000343491	-9.19517e-17	9.65221e-07	-4.98065e-18	0.567039
-47.7924	4.31036e-13	-0.000366105	-9.33577e-17	9.68153e-07	-3.63366e-18	0.560836
-47.5135	4.27973e-13	-0.000389669	-9.47746e-17	9.71066e-07	-4.94304e-18	0.554351
-47.2381	4.24881e-13	-0.000413785	-9.59481e-17	9.73724e-07	-6.3411e-18	0.547363
-46.9662	4.21743e-13	-0.000438662	-9.69778e-17	9.75971e-07	-4.20119e-18	0.540232
-46.6978	4.18589e-13	-0.000464961	-9.78031e-17	9.77962e-07	-1.63847e-18	0.53281
-46.4334	4.15459e-13	-0.000492036	-9.84953e-17	9.7953e-07	-4.90114e-18	0.524941
-46.1729	4.12313e-13	-0.000519683	-9.91269e-17	9.80609e-07	-3.75146e-18	0.516855
-45.9165	4.09169e-13	-0.000548346	-9.99289e-17	9.81187e-07	-3.65817e-18	0.508386
-45.6645	4.06032e-13	-0.00057852	-1.00738e-16	9.81155e-07	-4.50293e-18	0.499545
-45.417	4.02895e-13	-0.000609421	-1.01741e-16	9.80483e-07	-4.51581e-18	0.490556
-45.1739	3.99761e-13	-0.00064088	-1.02604e-16	9.79009e-07	-7.46636e-18	0.481062
-44.9359	3.96602e-13	-0.000673317	-1.03419e-16	9.76738e-07	-8.37198e-18	0.471101
-44.7028	3.93412e-13	-0.00070742	-1.04231e-16	9.73705e-07	-2.69013e-18	0.461126
-44.4748	3.9026e-13	-0.00074229	-1.04999e-16	9.69555e-07	-1.33799e-18	0.450785
-44.2521	3.87167e-13	-0.000777568	-1.05418e-16	9.64263e-07	-1.93267e-18	0.439814
-44.035	3.84131e-13	-0.000813412	-1.05598e-16	9.58081e-07	-4.0531e-18	0.428691
-43.8234	3.8113e-13	-0.000850824	-1.05718e-16	9.5069e-07	-6.19844e-18	0.417465
-43.6175	3.78145e-13	-0.000889325	-1.05692e-16	9.41749e-07	-6.69217e-18	0.405721
-43.4176	3.75182e-13	-0.000928087	-1.054e-16	9.31788e-07	-1.0824e-17	0.393712
-43.2238	3.72202e-13	-0.000966965	-1.05413e-16	9.20533e-07	-1.10583e-17	0.381683
-43.036	3.69212e-13	-0.00100616	-1.0562e-16	9.07277e-07	-4.04681e-18	0.369171
-42.8546	3.66288e-13	-0.0010465	-1.05926e-16	8.92945e-07	-2.802e-18	0.356362
-42.6796	3.63442e-13	-0.00108759	-1.06442e-16	8.77679e-07	9.88568e-18	0.343782
-42.5108	3.60781e-13	-0.00112861	-1.0713e-16	8.60684e-07	1.46886e-17	0.331147
-42.3485	3.5834e-13	-0.00116923	-1.08032e-16	8.41462e-07	1.64355e-17	0.318009
-42.1928	3.56128e-13	-0.00120931	-1.08831e-16	8.21491e-07	8.65548e-19	0.304766
-42.0437	3.54016e-13	-0.00124907	-1.09658e-16	8.00819e-07	-2.8142e-17	0.291923
-41.9009	3.51792e-13	-0.00128912	-1.10667e-16	7.78643e-07	-4.77601e-17	0.279198
-41.7645	3.49342e-13	-0.00132914	-1.1177e-16	7.54537e-07	-4.11489e-17	0.266232
-41.6347	3.46743e-13	-0.00136833	-1.12953e-16	7.3021e-07	-2.6954e-17	0.253381
-41.5111	3.44104e-13	-0.00140646	-1.14373e-16	7.0573e-07	-2.86375e-17	0.241076
-41.3936	3.41425e-13	-0.00144344	-1.15484e-16	6.80539e-07	-3.09086e-18	0.229131
-41.282	3.38864e-13	-0.00147922	-1.16584e-16	6.5365e-07	3.58666e-17	0.217152
-41.1764	3.36631e-13	-0.00151373	-1.17261e-16	6.26733e-07	5.80544e-17	0.20528
-41.0767	3.34811e-13	-0.00154706	-1.1775e-16	6.00629e-07	6.92762e-17	0.194028
-40.9824	3.33417e-13	-0.00157947	-1.18105e-16	5.75183e-07	7.98356e-17	0.183474
-40.8932	3.32454e-13	-0.00161075	-1.18067e-16	5.49881e-07	8.13056e-17	0.173419
-40.809	3.31887e-13	-0.00164059	-1.17962e-16	5.23907e-07	5.72054e-17	0.163566
-40.7297	3.3158e-13	-0.0016689	-1.17626e-16	4.98511e-07	7.39453e-18	0.153974
-40.655	3.31319e-13	-0.00169569	-1.1729e-16	4.74599e-07	-7.16197e-17	0.145009
-40.5847	3.30821e-13	-0.00172107	-1.16875e-16	4.52129e-07	-1.87689e-16	0.136778
-40.5182	3.29727e-13	-0.00174513	-1.1676e-16	4.3097e-07	-2.96091e-16	0.129203
-40.4554	3.27764e-13	-0.00176797	-1.17042e-16	4.10711e-07	-3.03929e-16	0.122154
-40.3961	3.25006e-13	-0.00178965	-1.17718e-16	3.90866e-07	-1.77988e-16	0.115451
-40.34	3.21901e-13	-0.0018102	-1.18596e-16	3.71861e-07	-1.28565e-16	0.109068
-40.287	3.18627e-13	-0.00182969	-1.19708e-16	3.54524e-07	2.82955e-17	0.103189
-40.2368	3.15596e-13	-0.00184823	-1.20629e-16	3.38832e-07	7.92694e-17	0.0979201
-40.1891	3.12904e-13	-0.00186591	-1.21506e-16	3.24624e-07	1.29841e-16	0.0932096
-40.1436	3.10634e-13	-0.00188284	-1.22291e-16	3.11742e-07	9.11594e-17	0.0889886
-40.1001	3.08661e-13	-0.00189909	-1.22913e-16	2.99996e-07	1.69773e-16	0.0851888
-40.0584	3.07124e-13	-0.00191473	-1.2338e-16	2.89205e-07	2.84333e-16	0.081742
-40.0184	3.06216e-13	-0.00192985	-1.2356e-16	2.79132e-07	3.13068e-16	0.0785762
-39.9798	3.05947e-13	-0.00194437	-1.23407e-16	2.69946e-07	2.29601e-16	0.0756748
-39.9427	3.06113e-13	-0.00195793	-1.23271e-16	2.61967e-07	3.96013e-16	0.0731054
-39.9067	3.06986e-13	-0.00197064	-1.22801e-16	2.55042e-07	3.12874e-16	0.070887
-39.8718	3.08381e-13	-0.00198265	-1.22079e-16	2.49052e-07	6.83337e-17	0.068974
-39.8378	3.09857e-13	-0.00199407	-1.21558e-16	2.43903e-07	-5.90136e-17	0.0673308
-39.8045	3.11201e-13	-0.00200499	-1.20847e-16	2.39482e-07	-8.11415e-17	0.0659241
-39.7718	3.12387e-13	-0.00201548	-1.20413e-16	2.35702e-07	-7.48953e-17	0.0647223
-39.7397	3.13433e-13	-0.0020256	-1.19939e-16	2.32472e-07	2.81462e-17	0.0636977
-39.7081	3.14507e-13	-0.00203538	-1.19513e-16	2.29722e-07	-7.72954e-17	0.0628255
-39.6769	3.15448e-13	-0.00204488	-1.191e-16	2.27369e-07	-4.65489e-16	0.0620824
-39.6461	3.15659e-13	-0.00205412	-1.19134e-16	2.2537e-07	-1.01235e-16	0.0614499
-39.6155	3.15714e-13	-0.00206312	-1.19128e-16	2.25003e-07	-4.57293e-16	0.0611063
-39.5849	3.15071e-13	-0.00207196	-1.19368e-16	2.26986e-07	-1.41912e-16	0.0613409
-39.5541	3.14203e-13	-0.00208074	-1.19745e-16	2.29989e-07	-1.67187e-16	0.0620657
-39.5229	3.13062e-13	-0.0020895	-1.20108e-16	2.33698e-07	-2.41952e-16	0.0630432
-39.4911	3.11516e-13	-0.00209826	-1.20757e-16	2.37963e-07	-2.45017e-17	0.0642072
-39.4587	3.099e-13	-0.00210704	-1.21413e-16	2.42763e-07	-6.38939e-17	0.0655343
-39.4256	3.08143e-13	-0.00211585	-1.22139e-16	2.48046e-07	5.1939e-17	0.067015
-39.3917	3.06434e-13	-0.00212469	-1.22965e-16	2.53863e-07	-3.30396e-16	0.0686512
-39.3569	3.04106e-13	-0.00213358	-1.23968e-16	2.60224e-07	9.04572e-17	0.0704534
-39.3212	3.01877e-13	-0.0021425	-1.25023e-16	2.67307e-07	-1.28627e-16	0.0724518
-39.2844	2.99346e-13	-0.00215148	-1.26158e-16	2.75277e-07	-1.07942e-16	0.0747006
-39.2465	2.96528e-13	-0.00216049	-1.27414e-16	2.84651e-07	-1.00611e-16	0.0773068
-39.2071	2.93407e-13	-0.00216957	-1.28666e-16	2.96481e-07	4.45181e-17	0.0805155
-39.166	2.90235e-13	-0.00217874	-1.29989e-16	3.15007e-07	2.77316e-16	0.0851562
-39.122	2.87455e-13	-0.00218813	-1.31181e-16	3.39531e-07	3.17061e-16	0.0918276
-39.0742	2.8519e-13	-0.00219779	-1.3232e-16	3.70629e-07	1.68064e-16	0.100614
-39.0214	2.83135e-13	-0.00220766	-1.33516e-16	4.12571e-07	-7.83972e-17	0.112467
-38.9617	2.80577e-13	-0.00221723	-1.34832e-16	4.76069e-07	-2.82462e-16	0.1303
-38.8911	2.76552e-13	-0.00222511	-1.3654e-16	5.89626e-07	-2.00226e-16	0.162683
-38.799	2.70385e-13	-0.00223104	-1.38679e-16	8.09329e-07	2.53266e-16	0.237419
-38.6537	2.62488e-13	-0.0022327	-1.41481e-16	6.57888e-07	4.8013e-16	0.53887
-38.2601	2.50557e-13	-0.00219909	-1.48467e-16	-0.0458138	6.20018e-16	100.899
-18.7652	1.13163e-13	0.0111813	-8.52663e-17	0.0960364	-1.53418e-16	160.512
