16.5008	-5.10814e-11	-0.00360519	-4.4464e-15	0.04	-3.46522e-09	60.0044
16.5013	-1.4427e-10	-0.0036052	-6.98552e-15	2.86098e-10	3.72816e-08	0.000574299
16.5013	-8.26364e-11	-0.0036052	-5.30579e-15	1.5411e-10	4.07121e-08	5.60986e-05
16.5014	-9.42452e-12	-0.0036052	-3.31143e-15	1.17142e-10	-9.26541e-09	3.45656e-05
16.5014	3.9258e-11	-0.0036052	-1.98561e-15	1.04779e-10	-3.20561e-08	2.82568e-05
16.5014	6.14036e-11	-0.0036052	-1.38271e-15	1.00354e-10	-2.31236e-08	2.61191e-05
16.5014	6.78474e-11	-0.0036052	-1.20751e-15	9.93585e-11	-4.94643e-09	2.54383e-05
16.5014	7.10983e-11	-0.0036052	-1.11927e-15	1.00058e-10	3.91618e-09	2.5404e-05
16.5014	7.68682e-11	-0.0036052	-9.6247e-16	1.01622e-10	3.43964e-09	2.56929e-05
16.5014	8.49548e-11	-0.0036052	-7.42622e-16	1.0371e-10	-4.39831e-10	2.61579e-05
16.5014	9.29168e-11	-0.0036052	-5.26222e-16	1.06081e-10	-3.33123e-09	2.67255e-05
16.5015	9.88099e-11	-0.0036052	-3.66181e-16	1.08681e-10	-4.80433e-09	2.73586e-05
16.5015	1.01522e-10	-0.0036052	-2.9276e-16	1.1142e-10	-2.66296e-09	2.80388e-05
16.5015	1.02412e-10	-0.0036052	-2.68947e-16	1.14311e-10	-3.8106e-09	2.87563e-05
16.5015	1.00551e-10	-0.0036052	-3.20006e-16	1.17309e-10	-2.42378e-09	2.95067e-05
16.5015	9.68295e-11	-0.0036052	-4.21673e-16	1.20441e-10	-2.51294e-09	3.02877e-05
16.5015	9.10811e-11	-0.0036052	-5.7848e-16	1.23681e-10	-2.63652e-09	3.10996e-05
16.5015	8.3101e-11	-0.00360521	-7.9598e-16	1.27056e-10	-3.4687e-09	3.19425e-05
16.5016	7.20958e-11	-0.00360521	-1.09571e-15	1.3055e-10	-1.12559e-09	3.28175e-05
16.5016	5.9852e-11	-0.00360521	-1.42908e-15	1.34182e-10	-2.31103e-09	3.37253e-05
16.5016	4.52923e-11	-0.00360521	-1.82535e-15	1.37942e-10	-1.85958e-09	3.46671e-05
16.5016	2.86908e-11	-0.00360521	-2.27705e-15	1.41847e-10	-3.78987e-10	3.56434e-05
16.5016	1.12769e-11	-0.00360521	-2.75073e-15	1.45884e-10	1.48531e-09	3.66549e-05
16.5016	-5.25219e-12	-0.00360521	-3.20024e-15	1.50076e-10	-3.03921e-10	3.77032e-05
16.5017	-2.2547e-11	-0.00360521	-3.67046e-15	1.54447e-10	3.6296e-09	3.87939e-05
16.5017	-3.67745e-11	-0.00360521	-4.05718e-15	1.59001e-10	1.0109e-09	3.99308e-05
16.5017	-5.03979e-11	-0.00360521	-4.4274e-15	1.63739e-10	4.47922e-09	4.11146e-05
16.5017	-5.97555e-11	-0.00360521	-4.68161e-15	1.68665e-10	3.98537e-09	4.23458e-05
16.5018	-6.51131e-11	-0.00360521	-4.82709e-15	1.73781e-10	4.55073e-09	4.36254e-05
16.5018	-6.55959e-11	-0.00360521	-4.84014e-15	1.79108e-10	3.18437e-09	4.4956e-05
16.5018	-6.24606e-11	-0.00360521	-4.75493e-15	1.8467e-10	3.74378e-09	4.63435e-05
16.5018	-5.4824e-11	-0.00360521	-4.54753e-15	1.90482e-10	2.02882e-09	4.77926e-05
16.5018	-4.44855e-11	-0.00360521	-4.26686e-15	1.96521e-10	1.13247e-09	4.93023e-05
16.5019	-3.24017e-11	-0.00360521	-3.93891e-15	2.02794e-10	-1.1204e-09	5.08708e-05
16.5019	-2.13793e-11	-0.00360521	-3.63989e-15	2.09312e-10	-1.34191e-09	5.25002e-05
16.5019	-1.17919e-11	-0.00360521	-3.37992e-15	2.1613e-10	-2.74475e-09	5.41991e-05
16.5019	-5.67083e-12	-0.00360521	-3.21406e-15	2.23233e-10	-2.25354e-09	5.59728e-05
16.502	-2.55297e-12	-0.00360522	-3.12974e-15	2.30593e-10	-2.05496e-09	5.78155e-05
16.502	-2.3507e-12	-0.00360522	-3.12451e-15	2.38202e-10	-1.59737e-09	5.97226e-05
16.502	-4.56545e-12	-0.00360522	-3.18483e-15	2.46112e-10	-5.62628e-10	6.16998e-05
16.5021	-7.73576e-12	-0.00360522	-3.271e-15	2.54328e-10	-2.08537e-11	6.37543e-05
16.5021	-1.10457e-11	-0.00360522	-3.36095e-15	2.62777e-10	5.18429e-10	6.58776e-05
16.5021	-1.35978e-11	-0.00360522	-3.43032e-15	2.71428e-10	8.58314e-10	6.80563e-05
16.5022	-1.475e-11	-0.00360522	-3.46176e-15	2.80319e-10	7.13494e-10	7.02912e-05
16.5022	-1.46659e-11	-0.00360522	-3.45972e-15	2.89382e-10	3.86349e-10	7.25787e-05
16.5022	-1.38669e-11	-0.00360522	-3.43832e-15	2.98472e-10	1.23575e-10	7.48915e-05
16.5023	-1.28079e-11	-0.00360522	-3.40991e-15	3.07486e-10	-6.20492e-11	7.71981e-05
16.5023	-1.18384e-11	-0.00360522	-3.38395e-15	3.16399e-10	-1.26652e-10	7.94821e-05
16.5024	-1.10961e-11	-0.00360522	-3.36416e-15	3.25977e-10	-7.70752e-11	8.1838e-05
16.5024	-1.04913e-11	-0.00360523	-3.3481e-15	3.36383e-10	-1.01982e-10	8.43842e-05
16.5024	-1.00858e-11	-0.00360523	-3.33744e-15	3.47519e-10	-5.2881e-11	8.7129e-05
16.5025	-9.78389e-12	-0.00360523	-3.32961e-15	3.59299e-10	-4.71083e-11	9.00487e-05
16.5025	-9.57957e-12	-0.00360523	-3.32443e-15	3.71648e-10	-1.14668e-11	9.31229e-05
16.5026	-9.39537e-12	-0.00360523	-3.3198e-15	3.84655e-10	-9.88731e-12	9.63535e-05
16.5026	-9.22895e-12	-0.00360523	-3.31567e-15	3.98275e-10	2.01359e-11	9.97462e-05
16.5027	-9.00555e-12	-0.00360523	-3.31003e-15	4.12416e-10	5.81891e-12	0.000103283
16.5027	-8.75893e-12	-0.00360523	-3.30377e-15	4.27146e-10	-4.63963e-11	0.000106962
16.5028	-8.62974e-12	-0.00360523	-3.3007e-15	4.42391e-10	-2.53807e-11	0.000110781
16.5028	-8.56747e-12	-0.00360524	-3.29945e-15	4.57999e-10	-3.03301e-11	0.000114713
16.5029	-8.59149e-12	-0.00360524	-3.30054e-15	4.74021e-10	-4.08978e-11	0.000118743
16.503	-8.73985e-12	-0.00360524	-3.305e-15	4.90304e-10	5.83134e-11	0.000122859
16.503	-8.71117e-12	-0.00360524	-3.30469e-15	5.06687e-10	-2.2209e-11	0.000127021
16.5031	-8.75321e-12	-0.00360524	-3.30632e-15	5.23188e-10	-4.99774e-11	0.000131211
16.5032	-8.9632e-12	-0.00360524	-3.31247e-15	5.39553e-10	2.45116e-11	0.000135399
16.5032	-9.0955e-12	-0.00360525	-3.31655e-15	5.55624e-10	7.97175e-11	0.000139532
16.5033	-8.94958e-12	-0.00360525	-3.31315e-15	5.72834e-10	-2.66114e-11	0.000143773
16.5034	-8.89626e-12	-0.00360525	-3.31227e-15	5.91467e-10	-3.36972e-11	0.000148341
16.5034	-8.96816e-12	-0.00360525	-3.31476e-15	6.10575e-10	-3.25541e-11	0.00015315
16.5035	-9.16901e-12	-0.00360525	-3.32073e-15	6.29918e-10	1.5268e-11	0.00015805
16.5036	-9.31496e-12	-0.00360525	-3.32525e-15	6.49199e-10	7.93442e-12	0.000162971
16.5037	-9.43256e-12	-0.00360526	-3.32902e-15	6.6855e-10	1.28629e-11	0.000167894
16.5038	-9.49888e-12	-0.00360526	-3.33143e-15	6.87927e-10	2.0771e-11	0.00017283
16.5039	-9.4761e-12	-0.00360526	-3.33147e-15	7.07507e-10	1.33062e-11	0.000177794
16.5039	-9.39269e-12	-0.00360526	-3.32991e-15	7.28127e-10	-1.87041e-11	0.000182917
16.504	-9.39362e-12	-0.00360526	-3.33063e-15	7.50343e-10	1.03725e-11	0.000188376
16.5041	-9.34499e-12	-0.00360527	-3.33003e-15	7.72631e-10	-2.26125e-11	0.000194047
16.5042	-9.40621e-12	-0.00360527	-3.33241e-15	7.9425e-10	-1.46097e-12	0.000199642
16.5043	-9.47655e-12	-0.00360527	-3.33503e-15	8.15184e-10	3.14805e-11	0.000205066
16.5044	-9.38525e-12	-0.00360527	-3.33337e-15	8.3603e-10	2.168e-11	0.00021039
16.5045	-9.17614e-12	-0.00360528	-3.32859e-15	8.57097e-10	6.69713e-12	0.000215731
16.5047	-8.9252e-12	-0.00360528	-3.32273e-15	8.80001e-10	-1.2303e-11	0.000221335
16.5048	-8.73652e-12	-0.00360528	-3.31856e-15	9.03977e-10	-1.5964e-11	0.00022731
16.5049	-8.63464e-12	-0.00360528	-3.31672e-15	9.26578e-10	-1.93305e-11	0.000233246
16.505	-8.64432e-12	-0.00360529	-3.31787e-15	9.48471e-10	1.85955e-11	0.000238917
16.5051	-8.54186e-12	-0.00360529	-3.31607e-15	9.69888e-10	2.14056e-11	0.000244437
16.5052	-8.30482e-12	-0.00360529	-3.31073e-15	9.92319e-10	-1.8147e-11	0.000250025
16.5054	-8.17703e-12	-0.0036053	-3.30831e-15	1.0164e-09	-2.18918e-11	0.000255953
16.5055	-8.18789e-12	-0.0036053	-3.30958e-15	1.0393e-09	-5.75084e-12	0.000261941
16.5056	-8.23708e-12	-0.0036053	-3.31191e-15	1.06133e-09	1.54475e-11	0.000267668
16.5058	-8.18286e-12	-0.0036053	-3.3115e-15	1.08287e-09	-3.97371e-12	0.000273221
16.5059	-8.15495e-12	-0.00360531	-3.31182e-15	1.10573e-09	-1.32803e-11	0.000278881
16.506	-8.22001e-12	-0.00360531	-3.31462e-15	1.12887e-09	-2.43976e-11	0.000284743
16.5062	-8.4619e-12	-0.00360531	-3.32208e-15	1.15077e-09	-6.95102e-12	0.000290484
16.5063	-8.75946e-12	-0.00360532	-3.33102e-15	1.17208e-09	2.43733e-11	0.000295991
16.5065	-8.88051e-12	-0.00360532	-3.33533e-15	1.19381e-09	-6.07805e-12	0.000301477
16.5066	-9.05004e-12	-0.00360533	-3.34091e-15	1.21619e-09	9.2587e-13	0.000307099
16.5068	-9.21557e-12	-0.00360533	-3.34641e-15	1.23729e-09	4.11946e-13	0.000312642
16.507	-9.38074e-12	-0.00360533	-3.35191e-15	1.25788e-09	7.93927e-12	0.000317957
16.5071	-9.48501e-12	-0.00360534	-3.35583e-15	1.27878e-09	-1.37146e-11	0.000323246
16.5073	-9.70277e-12	-0.00360534	-3.36272e-15	1.29974e-09	-1.01569e-12	0.000328582
16.5074	-9.93251e-12	-0.00360534	-3.36993e-15	1.31963e-09	8.77521e-13	0.00033379
16.5076	-1.01584e-11	-0.00360535	-3.37705e-15	1.33914e-09	7.77703e-12	0.000338813
16.5078	-1.03212e-11	-0.00360535	-3.38252e-15	1.35897e-09	5.67672e-13	0.000343827
16.508	-1.04816e-11	-0.00360536	-3.38795e-15	1.37809e-09	-8.00103e-12	0.000348792
16.5081	-1.07145e-11	-0.00360536	-3.39525e-15	1.39649e-09	-1.02574e-11	0.000353574
16.5083	-1.10417e-11	-0.00360536	-3.405e-15	1.41482e-09	2.68468e-12	0.000358256
16.5085	-1.13491e-11	-0.00360537	-3.41425e-15	1.43283e-09	9.09621e-12	0.00036289
16.5087	-1.15773e-11	-0.00360537	-3.42142e-15	1.45004e-09	-2.99825e-12	0.00036738
16.5089	-1.18359e-11	-0.00360538	-3.4294e-15	1.46692e-09	4.80257e-13	0.000371726
16.509	-1.20931e-11	-0.00360538	-3.43733e-15	1.48352e-09	-7.38114e-12	0.000375994
16.5092	-1.2423e-11	-0.00360539	-3.44712e-15	1.49939e-09	1.31803e-12	0.000380133
16.5094	-1.27438e-11	-0.00360539	-3.45668e-15	1.51479e-09	-3.85737e-13	0.00038412
16.5096	-1.30716e-11	-0.00360539	-3.4664e-15	1.52986e-09	-9.26119e-14	0.000388005
16.5098	-1.34036e-11	-0.0036054	-3.47621e-15	1.5442e-09	2.41229e-12	0.000391754
16.51	-1.37149e-11	-0.0036054	-3.48549e-15	1.55812e-09	1.01008e-12	0.000395356
16.5102	-1.40191e-11	-0.00360541	-3.49458e-15	1.57154e-09	-4.21681e-12	0.000398842
16.5104	-1.43681e-11	-0.00360541	-3.50478e-15	1.58427e-09	-4.27085e-13	0.000402176
16.5106	-1.47242e-11	-0.00360542	-3.51517e-15	1.5966e-09	-1.49387e-12	0.000405371
16.5108	-1.50983e-11	-0.00360542	-3.52599e-15	1.60833e-09	2.51882e-12	0.000408439
16.511	-1.54493e-11	-0.00360543	-3.5362e-15	1.61937e-09	-5.84966e-12	0.000411341
16.5112	-1.58631e-11	-0.00360543	-3.54799e-15	1.63007e-09	5.09176e-12	0.000414113
16.5114	-1.62268e-11	-0.00360544	-3.55848e-15	1.64003e-09	4.28523e-12	0.000416748
16.5116	-1.65479e-11	-0.00360544	-3.56788e-15	1.64939e-09	2.93134e-12	0.000419211
16.5118	-1.684e-11	-0.00360544	-3.57652e-15	1.65842e-09	-9.39194e-12	0.000421555
16.5121	-1.7233e-11	-0.00360545	-3.58769e-15	1.6666e-09	-6.47831e-12	0.000423749
16.5123	-1.76967e-11	-0.00360545	-3.60061e-15	1.67427e-09	-1.53726e-12	0.000425769
16.5125	-1.81789e-11	-0.00360546	-3.61397e-15	1.6816e-09	-1.18064e-12	0.000427682
16.5127	-1.86759e-11	-0.00360546	-3.62767e-15	1.68795e-09	1.13741e-11	0.000429427
16.5129	-1.90525e-11	-0.00360547	-3.63832e-15	1.69397e-09	6.90915e-12	0.000431004
16.5131	-1.93558e-11	-0.00360547	-3.6471e-15	1.69956e-09	-1.01734e-11	0.000432484
16.5133	-1.97703e-11	-0.00360548	-3.65864e-15	1.70416e-09	-5.87874e-12	0.000433783
16.5136	-2.02497e-11	-0.00360548	-3.67177e-15	1.70856e-09	-6.21326e-12	0.000434931
16.5138	-2.07981e-11	-0.00360549	-3.68658e-15	1.71243e-09	4.85189e-12	0.000435985
16.514	-2.12947e-11	-0.00360549	-3.70005e-15	1.71532e-09	2.74915e-12	0.000436846
16.5142	-2.17621e-11	-0.0036055	-3.71277e-15	1.71817e-09	2.32591e-12	0.000437578
16.5144	-2.22048e-11	-0.0036055	-3.72484e-15	1.72023e-09	3.96235e-12	0.000438204
16.5147	-2.26047e-11	-0.00360551	-3.73581e-15	1.72153e-09	2.15518e-13	0.000438633
16.5149	-2.30024e-11	-0.00360551	-3.7467e-15	1.72284e-09	-4.8662e-12	0.000438967
16.5151	-2.34539e-11	-0.00360552	-3.75887e-15	1.72311e-09	-2.31134e-12	0.000439168
16.5153	-2.39309e-11	-0.00360552	-3.77164e-15	1.72294e-09	-4.1193e-12	0.00043918
16.5155	-2.4453e-11	-0.00360553	-3.78548e-15	1.72272e-09	2.10053e-12	0.00043913
16.5158	-2.4952e-11	-0.00360553	-3.7987e-15	1.72125e-09	-4.81653e-12	0.000438914
16.516	-2.55034e-11	-0.00360554	-3.81317e-15	1.7197e-09	4.28859e-12	0.000438529
16.5162	-2.60073e-11	-0.00360554	-3.82642e-15	1.71789e-09	-2.23754e-12	0.000438101
16.5164	-2.65352e-11	-0.00360555	-3.84023e-15	1.71483e-09	2.67119e-12	0.00043748
16.5166	-2.70329e-11	-0.00360555	-3.85325e-15	1.71194e-09	5.99151e-13	0.000436722
16.5168	-2.75233e-11	-0.00360556	-3.86606e-15	1.70851e-09	-4.50084e-13	0.000435916
16.5171	-2.80175e-11	-0.00360556	-3.87891e-15	1.70398e-09	-8.18966e-12	0.000434901
16.5173	-2.85994e-11	-0.00360557	-3.89384e-15	1.6998e-09	2.27039e-12	0.00043379
16.5175	-2.91553e-11	-0.00360557	-3.9081e-15	1.69474e-09	-2.65108e-12	0.000432612
16.5177	-2.97382e-11	-0.00360558	-3.92296e-15	1.68886e-09	7.40867e-12	0.000431217
16.5179	-3.02393e-11	-0.00360558	-3.93579e-15	1.68336e-09	-6.29254e-13	0.000429767
16.5181	-3.07455e-11	-0.00360559	-3.94871e-15	1.67668e-09	2.17448e-12	0.000428213
16.5184	-3.12264e-11	-0.00360559	-3.96097e-15	1.66949e-09	-3.3078e-12	0.000426445
16.5186	-3.17405e-11	-0.00360559	-3.97399e-15	1.66266e-09	-4.98564e-13	0.000424658
16.5188	-3.22578e-11	-0.0036056	-3.98705e-15	1.65438e-09	-3.23635e-12	0.000422731
16.519	-3.28066e-11	-0.0036056	-4.00081e-15	1.64589e-09	-7.82707e-12	0.000420592
16.5192	-3.34347e-11	-0.00360561	-4.01642e-15	1.63769e-09	1.02266e-13	0.000418465
16.5194	-3.40586e-11	-0.00360561	-4.03188e-15	1.62785e-09	7.26639e-12	0.000416166
16.5196	-3.46033e-11	-0.00360562	-4.04539e-15	1.61797e-09	-1.7841e-12	0.000413652
16.5198	-3.51632e-11	-0.00360562	-4.05923e-15	1.60838e-09	2.029e-12	0.000411169
16.52	-3.56989e-11	-0.00360563	-4.07244e-15	1.59698e-09	2.31478e-12	0.000408493
16.5202	-3.62073e-11	-0.00360563	-4.08496e-15	1.58558e-09	-7.54292e-13	0.000405586
16.5204	-3.67197e-11	-0.00360564	-4.09754e-15	1.57454e-09	1.09182e-12	0.000402726
16.5206	-3.72175e-11	-0.00360564	-4.10973e-15	1.56158e-09	-6.61744e-12	0.000399666
16.5208	-3.77771e-11	-0.00360564	-4.12334e-15	1.54843e-09	-9.83202e-12	0.000396337
16.521	-3.8429e-11	-0.00360565	-4.13906e-15	1.53585e-09	4.16918e-12	0.000393056
16.5212	-3.90348e-11	-0.00360565	-4.15366e-15	1.52139e-09	7.98409e-12	0.00038961
16.5214	-3.95575e-11	-0.00360566	-4.16625e-15	1.50615e-09	6.86789e-12	0.000385824
16.5216	-4.0009e-11	-0.00360566	-4.17716e-15	1.49178e-09	3.34622e-13	0.000382048
16.5218	-4.04531e-11	-0.00360566	-4.18783e-15	1.47607e-09	-4.91352e-12	0.000378213
16.522	-4.09387e-11	-0.00360567	-4.19945e-15	1.45836e-09	-5.3092e-12	0.000373954
16.5222	-4.14677e-11	-0.00360567	-4.21204e-15	1.44173e-09	-1.32242e-11	0.000369575
16.5224	-4.21123e-11	-0.00360568	-4.22729e-15	1.42488e-09	-1.13298e-11	0.000365306
16.5225	-4.28521e-11	-0.00360568	-4.2447e-15	1.40494e-09	2.97476e-12	0.000360616
16.5227	-4.3555e-11	-0.00360568	-4.2612e-15	1.38519e-09	4.31476e-12	0.000355558
16.5229	-4.42099e-11	-0.00360569	-4.27653e-15	1.36633e-09	2.65853e-11	0.000350636
16.5231	-4.46245e-11	-0.00360569	-4.28626e-15	1.34589e-09	3.09562e-11	0.000345625
16.5232	-4.47673e-11	-0.0036057	-4.28968e-15	1.32246e-09	3.1409e-11	0.000340033
16.5234	-4.46431e-11	-0.0036057	-4.28693e-15	1.30016e-09	4.12003e-12	0.000334203
16.5236	-4.44868e-11	-0.0036057	-4.28344e-15	1.2785e-09	-3.90393e-11	0.000328599
16.5237	-4.46511e-11	-0.00360571	-4.28735e-15	1.25484e-09	-6.0727e-11	0.000322822
16.5239	-4.52979e-11	-0.00360571	-4.30232e-15	1.22818e-09	-4.32463e-11	0.000316409
16.5241	-4.62693e-11	-0.00360571	-4.32472e-15	1.20269e-09	-2.00336e-11	0.000309762
16.5242	-4.73741e-11	-0.00360572	-4.35012e-15	1.17817e-09	-1.71266e-11	0.000303387
16.5244	-4.8585e-11	-0.00360572	-4.37787e-15	1.15289e-09	1.41737e-11	0.000297039
16.5245	-4.96657e-11	-0.00360572	-4.4026e-15	1.12412e-09	5.19225e-11	0.000290149
16.5247	-5.03476e-11	-0.00360573	-4.41814e-15	1.0954e-09	6.55945e-11	0.000282822
16.5248	-5.05543e-11	-0.00360573	-4.4228e-15	1.0683e-09	6.52064e-11	0.000275707
16.5249	-5.0312e-11	-0.00360573	-4.41723e-15	1.04214e-09	6.2953e-11	0.000268918
16.5251	-4.96577e-11	-0.00360573	-4.40228e-15	1.0156e-09	5.33659e-11	0.000262202
16.5252	-4.86748e-11	-0.00360574	-4.37989e-15	9.86576e-10	2.61031e-11	0.00025512
16.5253	-4.75559e-11	-0.00360574	-4.35446e-15	9.57692e-10	-1.26374e-11	0.000247739
16.5254	-4.65468e-11	-0.00360574	-4.33157e-15	9.3092e-10	-6.31979e-11	0.000240645
16.5256	-4.59408e-11	-0.00360574	-4.31786e-15	9.0611e-10	-1.2324e-10	0.000234071
16.5257	-4.60624e-11	-0.00360575	-4.32066e-15	8.82929e-10	-1.66335e-10	0.000227955
16.5258	-4.71165e-11	-0.00360575	-4.34458e-15	8.60377e-10	-1.44739e-10	0.000222127
16.5259	-4.8937e-11	-0.00360575	-4.38578e-15	8.37221e-10	-6.0115e-11	0.000216301
16.526	-5.10292e-11	-0.00360575	-4.43303e-15	8.14451e-10	-2.62924e-11	0.000210448
16.5261	-5.32009e-11	-0.00360576	-4.48201e-15	7.94182e-10	4.80086e-11	0.000204963
16.5262	-5.50756e-11	-0.00360576	-4.52421e-15	7.76532e-10	6.4864e-11	0.000200131
16.5263	-5.65877e-11	-0.00360576	-4.55818e-15	7.61285e-10	7.63789e-11	0.000195939
16.5264	-5.76998e-11	-0.00360576	-4.58308e-15	7.48217e-10	5.37665e-11	0.00019233
16.5265	-5.85364e-11	-0.00360576	-4.60174e-15	7.36997e-10	7.41654e-11	0.000189235
16.5266	-5.90123e-11	-0.00360577	-4.61226e-15	7.27289e-10	1.02575e-10	0.000186568
16.5267	-5.90067e-11	-0.00360577	-4.61195e-15	7.18563e-10	9.80454e-11	0.000184219
16.5268	-5.85523e-11	-0.00360577	-4.60156e-15	7.11468e-10	5.96781e-11	0.000182203
16.5269	-5.78319e-11	-0.00360577	-4.58523e-15	7.0715e-10	9.75443e-11	0.000180748
16.527	-5.66765e-11	-0.00360577	-4.55916e-15	7.05376e-10	6.14113e-11	0.000179972
16.527	-5.5248e-11	-0.00360578	-4.52702e-15	7.0601e-10	-9.02713e-12	0.000179827
16.5271	-5.38588e-11	-0.00360578	-4.49581e-15	7.08968e-10	-3.99215e-11	0.000180284
16.5272	-5.26441e-11	-0.00360578	-4.46855e-15	7.14096e-10	-4.11071e-11	0.000181315
16.5273	-5.16076e-11	-0.00360578	-4.44531e-15	7.2131e-10	-3.60218e-11	0.000182888
16.5274	-5.07261e-11	-0.00360578	-4.42557e-15	7.30485e-10	-1.20902e-11	0.000184976
16.5275	-4.98898e-11	-0.00360579	-4.40686e-15	7.41558e-10	-3.17564e-11	0.000187557
16.5276	-4.91907e-11	-0.00360579	-4.39124e-15	7.54412e-10	-9.66142e-11	0.000190606
16.5277	-4.89439e-11	-0.00360579	-4.38573e-15	7.69054e-10	-2.33398e-11	0.00019411
16.5278	-4.88066e-11	-0.00360579	-4.38267e-15	7.90514e-10	-7.59838e-11	0.000198711
16.5279	-4.90482e-11	-0.00360579	-4.38803e-15	8.22403e-10	-1.83503e-11	0.000205509
16.528	-4.93956e-11	-0.0036058	-4.39574e-15	8.60614e-10	-1.86244e-11	0.000214443
16.5281	-4.98614e-11	-0.0036058	-4.40605e-15	9.04616e-10	-2.42554e-11	0.000224921
16.5282	-5.04907e-11	-0.0036058	-4.41998e-15	9.54499e-10	6.69917e-12	0.000236886
16.5283	-5.1114e-11	-0.0036058	-4.43375e-15	1.01094e-09	2.4965e-12	0.000250438
16.5285	-5.17581e-11	-0.00360581	-4.44794e-15	1.07463e-09	1.55444e-11	0.000265748
16.5286	-5.23363e-11	-0.00360581	-4.46063e-15	1.14685e-09	-2.17153e-11	0.000283071
16.5288	-5.31121e-11	-0.00360581	-4.47766e-15	1.22899e-09	2.04493e-11	0.000302747
16.5289	-5.37834e-11	-0.00360581	-4.49232e-15	1.32363e-09	1.26918e-12	0.000325281
16.5291	-5.44956e-11	-0.00360582	-4.50783e-15	1.43393e-09	4.49708e-12	0.000351405
16.5293	-5.52261e-11	-0.00360582	-4.52368e-15	1.56604e-09	6.38882e-12	0.000382308
16.5295	-5.59603e-11	-0.00360583	-4.53954e-15	1.73149e-09	1.54867e-11	0.000420244
16.5297	-5.66011e-11	-0.00360583	-4.55327e-15	1.96855e-09	2.52701e-11	0.000471565
16.5299	-5.70127e-11	-0.00360584	-4.56188e-15	2.29337e-09	2.17193e-11	0.000543216
16.5302	-5.71748e-11	-0.00360584	-4.56493e-15	2.74162e-09	1.07632e-11	0.000641815
16.5306	-5.71806e-11	-0.00360585	-4.56448e-15	3.40714e-09	8.0555e-13	0.000783903
16.531	-5.71702e-11	-0.00360586	-4.56354e-15	4.53514e-09	-2.72382e-12	0.0010128
16.5316	-5.72352e-11	-0.00360587	-4.56398e-15	6.94443e-09	2.63665e-12	0.00146461
16.5325	-5.72179e-11	-0.00360589	-4.56214e-15	1.43583e-08	8.43577e-12	0.00272204
16.5343	-5.64077e-11	-0.00360592	-4.54202e-15	9.85622e-08	-1.81478e-12	0.0147237
16.5472	-5.18899e-11	-0.00360617	-4.43807e-15	-0.0559691	-7.0607e-12	59.9703
-43.4954	3.09851e-11	-0.0133339	3.60044e-15	-0.0960418	2.16591e-14	119.961
