30.9883	-7.65805e-09	-0.00361704	-6.77744e-13	0.04	-3.93065e-08	60.0073
30.9884	-7.98904e-09	-0.00361705	-6.82158e-13	8.6263e-11	4.2317e-07	0.000179849
30.9885	-7.76921e-09	-0.00361705	-6.79212e-13	3.43186e-11	4.60909e-07	1.76288e-05
30.9885	-7.50838e-09	-0.00361705	-6.75718e-13	4.09973e-11	-1.05528e-07	1.08656e-05
30.9885	-7.33502e-09	-0.00361705	-6.73397e-13	4.30528e-11	-3.63382e-07	8.88429e-06
30.9885	-7.2562e-09	-0.00361705	-6.72341e-13	3.47606e-11	-2.61932e-07	8.21356e-06
30.9885	-7.2333e-09	-0.00361705	-6.72034e-13	3.1493e-11	-5.60281e-08	8.00078e-06
30.9885	-7.22178e-09	-0.00361705	-6.7188e-13	3.13014e-11	4.4269e-08	7.99126e-06
30.9885	-7.20129e-09	-0.00361705	-6.71605e-13	3.17396e-11	3.88425e-08	8.08341e-06
30.9885	-7.17257e-09	-0.00361705	-6.71221e-13	3.26723e-11	-5.04504e-09	8.23105e-06
30.9885	-7.14431e-09	-0.00361705	-6.70842e-13	3.36096e-11	-3.7715e-08	8.41105e-06
30.9885	-7.12341e-09	-0.00361705	-6.70562e-13	3.44059e-11	-5.43226e-08	8.61173e-06
30.9885	-7.11384e-09	-0.00361705	-6.70434e-13	3.51249e-11	-3.0094e-08	8.82737e-06
30.9885	-7.11075e-09	-0.00361705	-6.70393e-13	3.59819e-11	-4.30201e-08	9.05484e-06
30.9885	-7.11744e-09	-0.00361705	-6.70482e-13	3.68909e-11	-2.73307e-08	9.29281e-06
30.9885	-7.13074e-09	-0.00361705	-6.7066e-13	3.78433e-11	-2.83086e-08	9.54058e-06
30.9885	-7.15124e-09	-0.00361705	-6.70934e-13	3.88239e-11	-2.96718e-08	9.79819e-06
30.9885	-7.17967e-09	-0.00361705	-6.71314e-13	3.9782e-11	-3.90172e-08	1.00657e-05
30.9885	-7.21882e-09	-0.00361705	-6.71838e-13	4.1052e-11	-1.25791e-08	1.03435e-05
30.9885	-7.26236e-09	-0.00361705	-6.7242e-13	4.20747e-11	-2.59097e-08	1.06319e-05
30.9885	-7.3141e-09	-0.00361705	-6.73112e-13	4.32909e-11	-2.0796e-08	1.09311e-05
30.9885	-7.37306e-09	-0.00361705	-6.73901e-13	4.46983e-11	-4.11254e-09	1.12414e-05
30.9885	-7.43488e-09	-0.00361705	-6.74727e-13	4.62017e-11	1.68583e-08	1.1563e-05
30.9886	-7.49353e-09	-0.00361705	-6.75511e-13	4.73272e-11	-3.26554e-09	1.18965e-05
30.9886	-7.55486e-09	-0.00361705	-6.76331e-13	4.91244e-11	4.09255e-08	1.22435e-05
30.9886	-7.60529e-09	-0.00361705	-6.77005e-13	5.02908e-11	1.14778e-08	1.26054e-05
30.9886	-7.65354e-09	-0.00361705	-6.77649e-13	5.20263e-11	5.03818e-08	1.29824e-05
30.9886	-7.68666e-09	-0.00361705	-6.78091e-13	5.34548e-11	4.4777e-08	1.33746e-05
30.9886	-7.70558e-09	-0.00361705	-6.78343e-13	5.49882e-11	5.10514e-08	1.37825e-05
30.9886	-7.70723e-09	-0.00361705	-6.78364e-13	5.6587e-11	3.56725e-08	1.42068e-05
30.9886	-7.69606e-09	-0.00361705	-6.78214e-13	5.8277e-11	4.18801e-08	1.46494e-05
30.9886	-7.66897e-09	-0.00361705	-6.77851e-13	6.01457e-11	2.26275e-08	1.51119e-05
30.9886	-7.63234e-09	-0.00361705	-6.77361e-13	6.2106e-11	1.25673e-08	1.5594e-05
30.9886	-7.58955e-09	-0.00361705	-6.76788e-13	6.42389e-11	-1.26269e-08	1.60951e-05
30.9886	-7.55055e-09	-0.00361705	-6.76266e-13	6.63251e-11	-1.50816e-08	1.6616e-05
30.9886	-7.51665e-09	-0.00361705	-6.75812e-13	6.854e-11	-3.07089e-08	1.71594e-05
30.9886	-7.49502e-09	-0.00361705	-6.75523e-13	7.07612e-11	-2.51787e-08	1.7727e-05
30.9887	-7.48401e-09	-0.00361705	-6.75375e-13	7.30873e-11	-2.29202e-08	1.83171e-05
30.9887	-7.4833e-09	-0.00361705	-6.75365e-13	7.55054e-11	-1.77823e-08	1.89283e-05
30.9887	-7.49112e-09	-0.00361705	-6.75468e-13	7.80435e-11	-6.23759e-09	1.95624e-05
30.9887	-7.5023e-09	-0.00361705	-6.75617e-13	8.06871e-11	-2.03135e-10	2.02217e-05
30.9887	-7.51396e-09	-0.00361705	-6.75771e-13	8.3408e-11	5.78605e-09	2.09036e-05
30.9887	-7.52295e-09	-0.00361705	-6.7589e-13	8.61906e-11	9.54436e-09	2.16039e-05
30.9887	-7.52699e-09	-0.00361705	-6.75943e-13	8.90485e-11	7.91795e-09	2.2323e-05
30.9887	-7.52668e-09	-0.00361705	-6.75938e-13	9.19674e-11	4.27701e-09	2.30598e-05
30.9887	-7.52386e-09	-0.00361705	-6.75899e-13	9.49009e-11	1.35976e-09	2.38056e-05
30.9888	-7.52012e-09	-0.00361705	-6.75848e-13	9.7815e-11	-6.95083e-10	2.45504e-05
30.9888	-7.51669e-09	-0.00361705	-6.75801e-13	1.007e-10	-1.40666e-09	2.52892e-05
30.9888	-7.51407e-09	-0.00361705	-6.75765e-13	1.03802e-10	-8.56455e-10	2.60519e-05
30.9888	-7.51194e-09	-0.00361705	-6.75736e-13	1.07172e-10	-1.12861e-09	2.68764e-05
30.9888	-7.51051e-09	-0.00361705	-6.75715e-13	1.10781e-10	-5.85332e-10	2.77655e-05
30.9888	-7.50944e-09	-0.00361705	-6.757e-13	1.14601e-10	-5.20287e-10	2.87119e-05
30.9888	-7.50871e-09	-0.00361705	-6.75689e-13	1.18609e-10	-1.27604e-10	2.97091e-05
30.9888	-7.50806e-09	-0.00361705	-6.75679e-13	1.22834e-10	-1.09954e-10	3.0758e-05
30.9889	-7.50747e-09	-0.00361705	-6.75669e-13	1.27263e-10	2.18992e-10	3.18606e-05
30.9889	-7.50668e-09	-0.00361705	-6.75657e-13	1.31868e-10	6.16944e-11	3.30114e-05
30.9889	-7.5058e-09	-0.00361705	-6.75644e-13	1.36669e-10	-5.08578e-10	3.42097e-05
30.9889	-7.50534e-09	-0.00361705	-6.75637e-13	1.41646e-10	-2.77718e-10	3.54554e-05
30.9889	-7.50512e-09	-0.00361705	-6.75632e-13	1.46749e-10	-3.30563e-10	3.67396e-05
30.989	-7.50519e-09	-0.00361705	-6.75631e-13	1.51996e-10	-4.44104e-10	3.80582e-05
30.989	-7.5057e-09	-0.00361705	-6.75636e-13	1.57339e-10	6.34004e-10	3.94074e-05
30.989	-7.50559e-09	-0.00361705	-6.75633e-13	1.62727e-10	-2.40687e-10	4.07744e-05
30.989	-7.50572e-09	-0.00361705	-6.75633e-13	1.68165e-10	-5.39857e-10	4.21536e-05
30.989	-7.50644e-09	-0.00361705	-6.7564e-13	1.73574e-10	2.66467e-10	4.35355e-05
30.9891	-7.50689e-09	-0.00361705	-6.75644e-13	1.78901e-10	8.59963e-10	4.49033e-05
30.9891	-7.50637e-09	-0.00361705	-6.75635e-13	1.8461e-10	-2.87291e-10	4.63092e-05
30.9891	-7.50617e-09	-0.00361706	-6.75631e-13	1.90793e-10	-3.6194e-10	4.78243e-05
30.9891	-7.50641e-09	-0.00361706	-6.75632e-13	1.97148e-10	-3.47863e-10	4.94217e-05
30.9891	-7.50709e-09	-0.00361706	-6.75638e-13	2.03597e-10	1.6502e-10	5.10528e-05
30.9892	-7.50757e-09	-0.00361706	-6.75642e-13	2.10045e-10	8.59767e-11	5.26959e-05
30.9892	-7.50796e-09	-0.00361706	-6.75645e-13	2.16535e-10	1.37981e-10	5.43444e-05
30.9892	-7.50817e-09	-0.00361706	-6.75645e-13	2.23055e-10	2.21158e-10	5.6002e-05
30.9893	-7.50807e-09	-0.00361706	-6.75642e-13	2.29662e-10	1.40823e-10	5.76743e-05
30.9893	-7.50777e-09	-0.00361706	-6.75635e-13	2.3663e-10	-1.98177e-10	5.94037e-05
30.9893	-7.50775e-09	-0.00361706	-6.75632e-13	2.44141e-10	1.09421e-10	6.12484e-05
30.9893	-7.50756e-09	-0.00361706	-6.75627e-13	2.51702e-10	-2.37934e-10	6.31687e-05
30.9894	-7.50775e-09	-0.00361706	-6.75626e-13	2.59073e-10	-1.46559e-11	6.50712e-05
30.9894	-7.50796e-09	-0.00361706	-6.75626e-13	2.66248e-10	3.29794e-10	6.69244e-05
30.9894	-7.50763e-09	-0.00361706	-6.75619e-13	2.73422e-10	2.25337e-10	6.87524e-05
30.9895	-7.50689e-09	-0.00361706	-6.75606e-13	2.80696e-10	6.79592e-11	7.05932e-05
30.9895	-7.50601e-09	-0.00361706	-6.75591e-13	2.88603e-10	-1.29483e-10	7.25274e-05
30.9896	-7.50534e-09	-0.00361706	-6.75579e-13	2.96895e-10	-1.66378e-10	7.45914e-05
30.9896	-7.50497e-09	-0.00361706	-6.7557e-13	3.04771e-10	-1.99788e-10	7.66513e-05
30.9896	-7.50498e-09	-0.00361706	-6.75567e-13	3.12447e-10	1.9114e-10	7.86327e-05
30.9897	-7.50461e-09	-0.00361706	-6.75558e-13	3.20001e-10	2.18321e-10	8.05732e-05
30.9897	-7.50378e-09	-0.00361706	-6.75544e-13	3.27925e-10	-1.86881e-10	8.25452e-05
30.9898	-7.50333e-09	-0.00361706	-6.75534e-13	3.36431e-10	-2.23387e-10	8.46385e-05
30.9898	-7.50334e-09	-0.00361707	-6.7553e-13	3.44589e-10	-5.79688e-11	8.67617e-05
30.9898	-7.50348e-09	-0.00361707	-6.75528e-13	3.52496e-10	1.56467e-10	8.88085e-05
30.9899	-7.50326e-09	-0.00361707	-6.75521e-13	3.60281e-10	-4.0221e-11	9.08079e-05
30.9899	-7.50314e-09	-0.00361707	-6.75516e-13	3.68544e-10	-1.33057e-10	9.28526e-05
30.99	-7.50333e-09	-0.00361707	-6.75514e-13	3.76944e-10	-2.42696e-10	9.49756e-05
30.99	-7.5041e-09	-0.00361707	-6.7552e-13	3.84974e-10	-6.68975e-11	9.7069e-05
30.9901	-7.50506e-09	-0.00361707	-6.75528e-13	3.92848e-10	2.43893e-10	9.90954e-05
30.9901	-7.50542e-09	-0.00361707	-6.75528e-13	4.00908e-10	-5.87342e-11	0.000101126
30.9902	-7.50594e-09	-0.00361707	-6.7553e-13	4.09231e-10	1.06659e-11	0.000103213
30.9902	-7.50645e-09	-0.00361707	-6.75532e-13	4.17173e-10	5.56835e-12	0.000105285
30.9903	-7.50694e-09	-0.00361707	-6.75534e-13	4.24984e-10	7.88161e-11	0.000107293
30.9903	-7.50724e-09	-0.00361707	-6.75533e-13	4.3295e-10	-1.31873e-10	0.000109303
30.9904	-7.5079e-09	-0.00361707	-6.75537e-13	4.4098e-10	-7.84799e-12	0.000111341
30.9904	-7.5086e-09	-0.00361707	-6.75541e-13	4.48698e-10	1.04667e-11	0.000113348
30.9905	-7.50928e-09	-0.00361708	-6.75544e-13	4.56332e-10	7.63547e-11	0.000115304
30.9906	-7.50975e-09	-0.00361708	-6.75545e-13	4.64122e-10	6.89355e-12	0.000117269
30.9906	-7.51021e-09	-0.00361708	-6.75546e-13	4.71717e-10	-7.4299e-11	0.000119229
30.9907	-7.5109e-09	-0.00361708	-6.75549e-13	4.79113e-10	-9.46337e-11	0.00012114
30.9907	-7.51189e-09	-0.00361708	-6.75556e-13	4.86536e-10	2.79487e-11	0.000123028
30.9908	-7.51281e-09	-0.00361708	-6.75563e-13	4.93895e-10	8.74895e-11	0.000124911
30.9909	-7.51346e-09	-0.00361708	-6.75565e-13	5.01026e-10	-2.5861e-11	0.000126758
30.9909	-7.51421e-09	-0.00361708	-6.75569e-13	5.08089e-10	6.63975e-12	0.000128566
30.991	-7.51495e-09	-0.00361708	-6.75573e-13	5.15103e-10	-6.5653e-11	0.00013036
30.9911	-7.51591e-09	-0.00361708	-6.75579e-13	5.21907e-10	1.47839e-11	0.000132121
30.9911	-7.51684e-09	-0.00361708	-6.75585e-13	5.28599e-10	-8.58877e-13	0.00013384
30.9912	-7.51778e-09	-0.00361709	-6.75591e-13	5.35217e-10	1.85339e-12	0.000135536
30.9913	-7.51872e-09	-0.00361709	-6.75597e-13	5.41624e-10	2.44128e-11	0.000137196
30.9913	-7.5196e-09	-0.00361709	-6.75602e-13	5.47928e-10	1.15788e-11	0.000138816
30.9914	-7.52044e-09	-0.00361709	-6.75606e-13	5.54101e-10	-3.50554e-11	0.000140406
30.9915	-7.52142e-09	-0.00361709	-6.75612e-13	5.60071e-10	-9.82363e-13	0.000141953
30.9915	-7.52241e-09	-0.00361709	-6.75618e-13	5.65942e-10	-1.03116e-11	0.000143462
30.9916	-7.52345e-09	-0.00361709	-6.75625e-13	5.71641e-10	2.49914e-11	0.000144936
30.9917	-7.5244e-09	-0.00361709	-6.75631e-13	5.77133e-10	-4.813e-11	0.000146362
30.9918	-7.52555e-09	-0.00361709	-6.75638e-13	5.82544e-10	4.72578e-11	0.000147751
30.9918	-7.52653e-09	-0.00361709	-6.75644e-13	5.87726e-10	3.96787e-11	0.000149101
30.9919	-7.52737e-09	-0.0036171	-6.75648e-13	5.92727e-10	2.75626e-11	0.000150399
30.992	-7.52811e-09	-0.0036171	-6.7565e-13	5.97645e-10	-7.75576e-11	0.000151663
30.9921	-7.52915e-09	-0.0036171	-6.75656e-13	6.0229e-10	-5.17519e-11	0.000152881
30.9921	-7.5304e-09	-0.0036171	-6.75665e-13	6.06782e-10	-9.43135e-12	0.000154046
30.9922	-7.5317e-09	-0.0036171	-6.75674e-13	6.11183e-10	-6.26641e-12	0.000155179
30.9923	-7.53303e-09	-0.0036171	-6.75684e-13	6.15258e-10	9.80703e-11	0.000156259
30.9924	-7.53398e-09	-0.0036171	-6.75688e-13	6.19234e-10	5.97893e-11	0.000157285
30.9925	-7.53471e-09	-0.0036171	-6.7569e-13	6.23085e-10	-8.11476e-11	0.000158282
30.9925	-7.53576e-09	-0.0036171	-6.75696e-13	6.26593e-10	-4.48751e-11	0.00015922
30.9926	-7.537e-09	-0.00361711	-6.75704e-13	6.30054e-10	-4.68565e-11	0.000160108
30.9927	-7.53843e-09	-0.00361711	-6.75714e-13	6.33336e-10	4.29745e-11	0.000160967
30.9928	-7.53969e-09	-0.00361711	-6.75723e-13	6.36277e-10	2.55305e-11	0.00016176
30.9929	-7.54086e-09	-0.00361711	-6.7573e-13	6.39221e-10	2.18052e-11	0.00016251
30.9929	-7.54194e-09	-0.00361711	-6.75736e-13	6.41888e-10	3.44303e-11	0.000163225
30.993	-7.54289e-09	-0.00361711	-6.7574e-13	6.44288e-10	4.5e-12	0.000163871
30.9931	-7.54383e-09	-0.00361711	-6.75743e-13	6.46702e-10	-3.51915e-11	0.000164484
30.9932	-7.54491e-09	-0.00361711	-6.75749e-13	6.48736e-10	-1.48008e-11	0.000165051
30.9933	-7.54605e-09	-0.00361711	-6.75755e-13	6.50614e-10	-2.84684e-11	0.00016555
30.9933	-7.54732e-09	-0.00361711	-6.75763e-13	6.52479e-10	1.96376e-11	0.000166027
30.9934	-7.54851e-09	-0.00361712	-6.7577e-13	6.53878e-10	-3.3277e-11	0.000166443
30.9935	-7.54984e-09	-0.00361712	-6.75779e-13	6.55252e-10	3.61299e-11	0.000166796
30.9936	-7.55102e-09	-0.00361712	-6.75785e-13	6.56528e-10	-1.34517e-11	0.000167134
30.9937	-7.55226e-09	-0.00361712	-6.75793e-13	6.57327e-10	2.34418e-11	0.000167398
30.9938	-7.55341e-09	-0.00361712	-6.75799e-13	6.58193e-10	7.7233e-12	0.00016761
30.9938	-7.55452e-09	-0.00361712	-6.75804e-13	6.58844e-10	-1.11814e-13	0.000167804
30.9939	-7.55564e-09	-0.00361712	-6.7581e-13	6.59069e-10	-5.68014e-11	0.000167915
30.994	-7.55699e-09	-0.00361712	-6.75818e-13	6.59422e-10	2.02855e-11	0.000167989
30.9941	-7.55826e-09	-0.00361713	-6.75826e-13	6.59425e-10	-1.5623e-11	0.000168034
30.9942	-7.5596e-09	-0.00361713	-6.75834e-13	6.59102e-10	5.69852e-11	0.000167993
30.9943	-7.56069e-09	-0.00361713	-6.75839e-13	6.58916e-10	-1.32982e-12	0.000167929
30.9944	-7.56179e-09	-0.00361713	-6.75845e-13	6.58251e-10	1.86195e-11	0.00016782
30.9944	-7.56282e-09	-0.00361713	-6.75849e-13	6.57374e-10	-2.03492e-11	0.000167624
30.9945	-7.56392e-09	-0.00361713	-6.75854e-13	6.56623e-10	-3.11578e-13	0.000167416
30.9946	-7.56503e-09	-0.00361713	-6.75859e-13	6.5528e-10	-1.93785e-11	0.000167149
30.9947	-7.56621e-09	-0.00361713	-6.75866e-13	6.53833e-10	-5.08728e-11	0.000166794
30.9948	-7.5676e-09	-0.00361713	-6.75874e-13	6.52482e-10	4.52861e-12	0.000166437
30.9949	-7.56897e-09	-0.00361714	-6.75883e-13	6.50456e-10	5.35044e-11	0.000166007
30.9949	-7.57012e-09	-0.00361714	-6.75889e-13	6.48384e-10	-8.87052e-12	0.000165485
30.995	-7.5713e-09	-0.00361714	-6.75895e-13	6.46404e-10	1.7057e-11	0.000164968
30.9951	-7.5724e-09	-0.00361714	-6.759e-13	6.43668e-10	1.87261e-11	0.000164367
30.9952	-7.57343e-09	-0.00361714	-6.75904e-13	6.40901e-10	-2.05388e-12	0.000163666
30.9953	-7.57445e-09	-0.00361714	-6.75908e-13	6.38248e-10	1.02413e-11	0.000162975
30.9953	-7.57544e-09	-0.00361714	-6.75912e-13	6.34782e-10	-4.08059e-11	0.000162196
30.9954	-7.57658e-09	-0.00361714	-6.75918e-13	6.31202e-10	-6.13028e-11	0.000161298
30.9955	-7.57796e-09	-0.00361714	-6.75926e-13	6.27818e-10	3.09637e-11	0.00016041
30.9956	-7.57921e-09	-0.00361714	-6.75933e-13	6.23629e-10	5.52624e-11	0.000159445
30.9957	-7.58023e-09	-0.00361715	-6.75938e-13	6.19075e-10	4.72606e-11	0.000158331
30.9957	-7.58106e-09	-0.00361715	-6.7594e-13	6.14833e-10	4.67187e-12	0.00015721
30.9958	-7.58186e-09	-0.00361715	-6.75941e-13	6.10001e-10	-2.88739e-11	0.000156054
30.9959	-7.58277e-09	-0.00361715	-6.75944e-13	6.0429e-10	-3.09836e-11	0.000154711
30.996	-7.58379e-09	-0.00361715	-6.75949e-13	5.98973e-10	-8.04897e-11	0.000153305
30.9961	-7.58511e-09	-0.00361715	-6.75957e-13	5.93519e-10	-6.75074e-11	0.000151933
30.9961	-7.58667e-09	-0.00361715	-6.75968e-13	5.86726e-10	2.26496e-11	0.000150372
30.9962	-7.58813e-09	-0.00361715	-6.75978e-13	5.79956e-10	3.0637e-11	0.000148644
30.9963	-7.58946e-09	-0.00361715	-6.75986e-13	5.73498e-10	1.67705e-10	0.000146958
30.9964	-7.59017e-09	-0.00361715	-6.75987e-13	5.66322e-10	1.92331e-10	0.000145221
30.9964	-7.59017e-09	-0.00361716	-6.75979e-13	5.57825e-10	1.92601e-10	0.000143224
30.9965	-7.58948e-09	-0.00361716	-6.75963e-13	5.49737e-10	2.42279e-11	0.000141111
30.9966	-7.58872e-09	-0.00361716	-6.75947e-13	5.41859e-10	-2.37179e-10	0.000139076
30.9966	-7.58879e-09	-0.00361716	-6.7594e-13	5.33075e-10	-3.64833e-10	0.000136953
30.9967	-7.5901e-09	-0.00361716	-6.75949e-13	5.22942e-10	-2.55701e-10	0.000134542
30.9968	-7.59223e-09	-0.00361716	-6.75968e-13	5.13237e-10	-1.14287e-10	0.000132015
30.9968	-7.5947e-09	-0.00361716	-6.7599e-13	5.03877e-10	-9.57783e-11	0.000129585
30.9969	-7.59743e-09	-0.00361716	-6.76016e-13	4.94127e-10	9.02148e-11	0.00012715
30.997	-7.59983e-09	-0.00361716	-6.76038e-13	4.8281e-10	3.11227e-10	0.000124466
30.997	-7.60121e-09	-0.00361716	-6.76048e-13	4.71443e-10	3.87855e-10	0.000121576
30.9971	-7.60139e-09	-0.00361716	-6.76044e-13	4.607e-10	3.81423e-10	0.000118758
30.9971	-7.60045e-09	-0.00361716	-6.76027e-13	4.50298e-10	3.64374e-10	0.000116064
30.9972	-7.59849e-09	-0.00361716	-6.75997e-13	4.39671e-10	3.05244e-10	0.000113385
30.9973	-7.59572e-09	-0.00361717	-6.75958e-13	4.27898e-10	1.4515e-10	0.000110531
30.9973	-7.59263e-09	-0.00361717	-6.75915e-13	4.16122e-10	-7.86234e-11	0.00010753
30.9974	-7.58983e-09	-0.00361717	-6.75876e-13	4.052e-10	-3.67097e-10	0.000104638
30.9974	-7.58805e-09	-0.00361717	-6.7585e-13	3.95076e-10	-7.06036e-10	0.000101956
30.9975	-7.58809e-09	-0.00361717	-6.75845e-13	3.85611e-10	-9.44644e-10	9.94605e-05
30.9975	-7.59045e-09	-0.00361717	-6.75868e-13	3.76373e-10	-8.14253e-10	9.70775e-05
30.9976	-7.59471e-09	-0.00361717	-6.75913e-13	3.66824e-10	-3.29893e-10	9.46837e-05
30.9976	-7.59963e-09	-0.00361717	-6.75967e-13	3.57398e-10	-1.37124e-10	9.22661e-05
30.9977	-7.60474e-09	-0.00361717	-6.76023e-13	3.49028e-10	2.80476e-10	8.99987e-05
30.9977	-7.6091e-09	-0.00361717	-6.7607e-13	3.41773e-10	3.72334e-10	8.80079e-05
30.9977	-7.61256e-09	-0.00361717	-6.76106e-13	3.35545e-10	4.33537e-10	8.629e-05
30.9978	-7.61504e-09	-0.00361717	-6.7613e-13	3.30252e-10	3.04502e-10	8.48221e-05
30.9978	-7.61683e-09	-0.00361717	-6.76147e-13	3.25753e-10	4.15252e-10	8.35745e-05
30.9979	-7.61774e-09	-0.00361717	-6.76153e-13	3.21904e-10	5.69189e-10	8.2511e-05
30.9979	-7.61746e-09	-0.00361717	-6.76145e-13	3.18475e-10	5.40127e-10	8.15836e-05
30.998	-7.6161e-09	-0.00361717	-6.76125e-13	3.15755e-10	3.25459e-10	8.08001e-05
30.998	-7.61409e-09	-0.00361717	-6.76097e-13	3.14257e-10	5.30674e-10	8.02628e-05
30.998	-7.61103e-09	-0.00361718	-6.76056e-13	3.13887e-10	3.2949e-10	8.00248e-05
30.9981	-7.60732e-09	-0.00361718	-6.76008e-13	3.14587e-10	-5.66768e-11	8.00668e-05
30.9981	-7.60371e-09	-0.00361718	-6.75961e-13	3.16327e-10	-2.24204e-10	8.03777e-05
30.9982	-7.60053e-09	-0.00361718	-6.7592e-13	3.19044e-10	-2.29114e-10	8.09456e-05
30.9982	-7.59779e-09	-0.00361718	-6.75883e-13	3.22705e-10	-2.00071e-10	8.17581e-05
30.9982	-7.59543e-09	-0.00361718	-6.75851e-13	3.27259e-10	-6.97722e-11	8.28048e-05
30.9983	-7.59318e-09	-0.00361718	-6.7582e-13	3.32683e-10	-1.74986e-10	8.40761e-05
30.9983	-7.59127e-09	-0.00361718	-6.75793e-13	3.3893e-10	-5.21131e-10	8.55632e-05
30.9984	-7.59044e-09	-0.00361718	-6.75779e-13	3.46008e-10	-1.25982e-10	8.7261e-05
30.9984	-7.58988e-09	-0.00361718	-6.75767e-13	3.56191e-10	-4.05255e-10	8.94601e-05
30.9985	-7.59022e-09	-0.00361718	-6.75767e-13	3.71129e-10	-9.62094e-11	9.26607e-05
30.9985	-7.5908e-09	-0.00361718	-6.75768e-13	3.88995e-10	-9.67896e-11	9.68405e-05
30.9985	-7.59165e-09	-0.00361718	-6.75773e-13	4.09573e-10	-1.25502e-10	0.000101739
30.9986	-7.59287e-09	-0.00361718	-6.75782e-13	4.32927e-10	3.82933e-11	0.000107336
30.9987	-7.59405e-09	-0.00361718	-6.7579e-13	4.59391e-10	1.61352e-11	0.000113684
30.9987	-7.59526e-09	-0.00361718	-6.75798e-13	4.89305e-10	8.41011e-11	0.000120868
30.9988	-7.59629e-09	-0.00361718	-6.75803e-13	5.23305e-10	-1.09721e-10	0.000129012
30.9988	-7.59775e-09	-0.00361719	-6.75813e-13	5.62065e-10	1.09284e-10	0.000138283
30.9989	-7.59893e-09	-0.00361719	-6.75819e-13	6.06835e-10	9.76967e-12	0.000148927
30.999	-7.60016e-09	-0.00361719	-6.75825e-13	6.59151e-10	2.63882e-11	0.000161298
30.9991	-7.6014e-09	-0.00361719	-6.75831e-13	7.21966e-10	3.59097e-11	0.00017597
30.9992	-7.60258e-09	-0.00361719	-6.75835e-13	8.00791e-10	8.1499e-11	0.00019402
30.9993	-7.60348e-09	-0.00361719	-6.75834e-13	9.13703e-10	1.29307e-10	0.000218455
30.9994	-7.60375e-09	-0.00361719	-6.75825e-13	1.0689e-09	1.09372e-10	0.000252625
30.9995	-7.60332e-09	-0.00361719	-6.75805e-13	1.28413e-09	5.31861e-11	0.00029984
30.9997	-7.60237e-09	-0.0036172	-6.75777e-13	1.60553e-09	3.43258e-12	0.000368247
30.9999	-7.60115e-09	-0.0036172	-6.7574e-13	2.15398e-09	-1.36359e-11	0.000479153
31.0002	-7.5997e-09	-0.0036172	-6.75694e-13	3.33658e-09	1.16685e-11	0.000699946
31.0006	-7.59721e-09	-0.00361721	-6.7562e-13	7.05235e-09	3.52463e-11	0.00132541
31.0015	-7.59034e-09	-0.00361722	-6.75447e-13	5.51558e-08	-2.72816e-11	0.00802783
31.0086	-7.54568e-09	-0.00361729	-6.74243e-13	-0.0560243	-1.34389e-10	59.994
-29.0046	7.56079e-09	-0.013359	6.74205e-13	-0.0960355	4.10603e-12	119.994
