20.5161	-8.94499e-09	-0.00361164	-7.90231e-13	0.04	-4.13172e-08	60.0008
20.5163	-9.28446e-09	-0.00361164	-7.94071e-13	8.3695e-11	4.44966e-07	0.000175473
20.5163	-9.05891e-09	-0.00361164	-7.91502e-13	3.16468e-11	4.84627e-07	1.72009e-05
20.5163	-8.7913e-09	-0.00361164	-7.88456e-13	4.05456e-11	-1.1097e-07	1.06019e-05
20.5163	-8.61344e-09	-0.00361164	-7.86432e-13	4.3324e-11	-3.82089e-07	8.66871e-06
20.5163	-8.53257e-09	-0.00361164	-7.85512e-13	3.43338e-11	-2.75414e-07	8.01429e-06
20.5163	-8.50908e-09	-0.00361164	-7.85244e-13	3.07604e-11	-5.89117e-08	7.80669e-06
20.5163	-8.49725e-09	-0.00361164	-7.85109e-13	3.05191e-11	4.65458e-08	7.79742e-06
20.5163	-8.47623e-09	-0.00361164	-7.8487e-13	3.09392e-11	4.08395e-08	7.88736e-06
20.5163	-8.44677e-09	-0.00361164	-7.84535e-13	3.18846e-11	-5.30583e-09	8.03143e-06
20.5163	-8.41777e-09	-0.00361164	-7.84205e-13	3.28233e-11	-3.96557e-08	8.20709e-06
20.5163	-8.39633e-09	-0.00361164	-7.83961e-13	3.35968e-11	-5.71167e-08	8.40293e-06
20.5163	-8.38651e-09	-0.00361164	-7.83849e-13	3.42791e-11	-3.16416e-08	8.61337e-06
20.5164	-8.38334e-09	-0.00361164	-7.83813e-13	3.51076e-11	-4.52316e-08	8.83535e-06
20.5164	-8.3902e-09	-0.00361164	-7.8389e-13	3.59893e-11	-2.87352e-08	9.06758e-06
20.5164	-8.40385e-09	-0.00361164	-7.84045e-13	3.69133e-11	-2.97627e-08	9.30938e-06
20.5164	-8.42488e-09	-0.00361164	-7.84284e-13	3.78641e-11	-3.11955e-08	9.56078e-06
20.5164	-8.45403e-09	-0.00361164	-7.84615e-13	3.87844e-11	-4.10204e-08	9.82186e-06
20.5164	-8.4942e-09	-0.00361164	-7.85072e-13	4.00447e-11	-1.32234e-08	1.0093e-05
20.5164	-8.53886e-09	-0.00361164	-7.85579e-13	4.10257e-11	-2.72384e-08	1.03744e-05
20.5164	-8.59194e-09	-0.00361164	-7.86182e-13	4.22154e-11	-2.18615e-08	1.06664e-05
20.5164	-8.65243e-09	-0.00361164	-7.86869e-13	4.36104e-11	-4.32097e-09	1.09692e-05
20.5164	-8.71584e-09	-0.00361164	-7.87589e-13	4.5106e-11	1.77265e-08	1.12831e-05
20.5164	-8.77601e-09	-0.00361164	-7.88272e-13	4.61775e-11	-3.43043e-09	1.16085e-05
20.5164	-8.83892e-09	-0.00361164	-7.88986e-13	4.79841e-11	4.30285e-08	1.19472e-05
20.5164	-8.89065e-09	-0.00361164	-7.89573e-13	4.90857e-11	1.2069e-08	1.23004e-05
20.5164	-8.94015e-09	-0.00361164	-7.90134e-13	5.08087e-11	5.29684e-08	1.26683e-05
20.5164	-8.97411e-09	-0.00361164	-7.90519e-13	5.21846e-11	4.7075e-08	1.30511e-05
20.5164	-8.99352e-09	-0.00361164	-7.90738e-13	5.36685e-11	5.367e-08	1.34492e-05
20.5164	-8.9952e-09	-0.00361164	-7.90756e-13	5.52159e-11	3.75013e-08	1.38633e-05
20.5164	-8.98374e-09	-0.00361164	-7.90625e-13	5.68542e-11	4.40262e-08	1.42953e-05
20.5165	-8.95595e-09	-0.00361164	-7.90308e-13	5.86798e-11	2.37858e-08	1.47466e-05
20.5165	-8.91836e-09	-0.00361164	-7.89881e-13	6.05971e-11	1.32095e-08	1.52172e-05
20.5165	-8.87447e-09	-0.00361164	-7.89382e-13	6.26954e-11	-1.32756e-08	1.57063e-05
20.5165	-8.83445e-09	-0.00361165	-7.88926e-13	6.47319e-11	-1.58556e-08	1.62147e-05
20.5165	-8.79967e-09	-0.00361165	-7.88531e-13	6.6898e-11	-3.22825e-08	1.6745e-05
20.5165	-8.77747e-09	-0.00361165	-7.88278e-13	6.90591e-11	-2.64684e-08	1.72991e-05
20.5165	-8.76617e-09	-0.00361165	-7.88149e-13	7.13254e-11	-2.40935e-08	1.7875e-05
20.5165	-8.76544e-09	-0.00361165	-7.8814e-13	7.36828e-11	-1.86919e-08	1.84715e-05
20.5165	-8.77345e-09	-0.00361165	-7.88229e-13	7.61602e-11	-6.5562e-09	1.90904e-05
20.5165	-8.78492e-09	-0.00361165	-7.88358e-13	7.87414e-11	-2.12999e-10	1.9734e-05
20.5165	-8.79688e-09	-0.00361165	-7.88493e-13	8.13981e-11	6.08229e-09	2.03996e-05
20.5166	-8.80609e-09	-0.00361165	-7.88596e-13	8.41142e-11	1.00324e-08	2.10832e-05
20.5166	-8.81023e-09	-0.00361165	-7.88642e-13	8.69033e-11	8.32253e-09	2.17851e-05
20.5166	-8.8099e-09	-0.00361165	-7.88636e-13	8.97523e-11	4.49536e-09	2.25043e-05
20.5166	-8.807e-09	-0.00361165	-7.88602e-13	9.26159e-11	1.42903e-09	2.32323e-05
20.5166	-8.80315e-09	-0.00361165	-7.88557e-13	9.54608e-11	-7.30719e-10	2.39594e-05
20.5166	-8.79964e-09	-0.00361165	-7.88516e-13	9.82777e-11	-1.47856e-09	2.46806e-05
20.5166	-8.79694e-09	-0.00361165	-7.88484e-13	1.01305e-10	-9.0024e-10	2.54252e-05
20.5166	-8.79474e-09	-0.00361165	-7.88458e-13	1.04596e-10	-1.18622e-09	2.62301e-05
20.5166	-8.79326e-09	-0.00361165	-7.88439e-13	1.08119e-10	-6.15216e-10	2.70981e-05
20.5167	-8.79216e-09	-0.00361165	-7.88425e-13	1.11848e-10	-5.46829e-10	2.80219e-05
20.5167	-8.79141e-09	-0.00361165	-7.88415e-13	1.15761e-10	-1.34132e-10	2.89955e-05
20.5167	-8.79072e-09	-0.00361165	-7.88406e-13	1.19886e-10	-1.15578e-10	3.00195e-05
20.5167	-8.79011e-09	-0.00361165	-7.88397e-13	1.2421e-10	2.301e-10	3.1096e-05
20.5167	-8.78929e-09	-0.00361165	-7.88386e-13	1.28705e-10	6.47926e-11	3.22195e-05
20.5167	-8.78838e-09	-0.00361165	-7.88374e-13	1.33393e-10	-5.34452e-10	3.33894e-05
20.5168	-8.7879e-09	-0.00361165	-7.88366e-13	1.38252e-10	-2.91839e-10	3.46057e-05
20.5168	-8.78766e-09	-0.00361165	-7.88362e-13	1.43235e-10	-3.47348e-10	3.58596e-05
20.5168	-8.78772e-09	-0.00361165	-7.8836e-13	1.48359e-10	-4.66623e-10	3.71471e-05
20.5168	-8.78823e-09	-0.00361165	-7.88364e-13	1.53576e-10	6.66161e-10	3.84644e-05
20.5168	-8.7881e-09	-0.00361165	-7.8836e-13	1.58837e-10	-2.52884e-10	3.97993e-05
20.5169	-8.78823e-09	-0.00361165	-7.88359e-13	1.64147e-10	-5.67179e-10	4.11461e-05
20.5169	-8.78895e-09	-0.00361165	-7.88365e-13	1.69429e-10	2.7998e-10	4.24956e-05
20.5169	-8.78939e-09	-0.00361165	-7.88368e-13	1.74632e-10	9.03458e-10	4.38313e-05
20.5169	-8.78885e-09	-0.00361165	-7.88359e-13	1.80207e-10	-3.01829e-10	4.52044e-05
20.5169	-8.78863e-09	-0.00361165	-7.88354e-13	1.86246e-10	-3.80221e-10	4.66841e-05
20.517	-8.78885e-09	-0.00361165	-7.88354e-13	1.92452e-10	-3.65401e-10	4.82442e-05
20.517	-8.78954e-09	-0.00361165	-7.88358e-13	1.98751e-10	1.7337e-10	4.98373e-05
20.517	-8.79002e-09	-0.00361165	-7.88361e-13	2.05049e-10	9.0329e-11	5.14422e-05
20.517	-8.7904e-09	-0.00361165	-7.88362e-13	2.1139e-10	1.44944e-10	5.30524e-05
20.5171	-8.7906e-09	-0.00361165	-7.88361e-13	2.17759e-10	2.32288e-10	5.46716e-05
20.5171	-8.79048e-09	-0.00361165	-7.88357e-13	2.24213e-10	1.47893e-10	5.63053e-05
20.5171	-8.79015e-09	-0.00361165	-7.8835e-13	2.3102e-10	-2.08139e-10	5.79948e-05
20.5172	-8.79011e-09	-0.00361165	-7.88346e-13	2.38358e-10	1.14907e-10	5.9797e-05
20.5172	-8.7899e-09	-0.00361165	-7.8834e-13	2.45746e-10	-2.49864e-10	6.16731e-05
20.5172	-8.79007e-09	-0.00361165	-7.88338e-13	2.52948e-10	-1.53812e-11	6.35319e-05
20.5172	-8.79027e-09	-0.00361165	-7.88337e-13	2.59959e-10	3.46294e-10	6.53427e-05
20.5173	-8.7899e-09	-0.00361165	-7.88329e-13	2.66969e-10	2.36577e-10	6.71291e-05
20.5173	-8.78912e-09	-0.00361165	-7.88316e-13	2.74079e-10	7.13157e-11	6.8928e-05
20.5173	-8.7882e-09	-0.00361165	-7.88302e-13	2.81806e-10	-1.35978e-10	7.08184e-05
20.5174	-8.78749e-09	-0.00361165	-7.8829e-13	2.89911e-10	-1.74692e-10	7.28355e-05
20.5174	-8.78709e-09	-0.00361166	-7.88281e-13	2.97609e-10	-2.09741e-10	7.48488e-05
20.5175	-8.78707e-09	-0.00361166	-7.88277e-13	3.05113e-10	2.00634e-10	7.67857e-05
20.5175	-8.78667e-09	-0.00361166	-7.88268e-13	3.12498e-10	2.29135e-10	7.86827e-05
20.5175	-8.78579e-09	-0.00361166	-7.88253e-13	3.20245e-10	-1.96179e-10	8.06107e-05
20.5176	-8.7853e-09	-0.00361166	-7.88243e-13	3.28562e-10	-2.34462e-10	8.26573e-05
20.5176	-8.78528e-09	-0.00361166	-7.88238e-13	3.36538e-10	-6.08335e-11	8.47332e-05
20.5177	-8.7854e-09	-0.00361166	-7.88235e-13	3.44271e-10	1.64195e-10	8.67348e-05
20.5177	-8.78515e-09	-0.00361166	-7.88227e-13	3.51885e-10	-4.22134e-11	8.86902e-05
20.5178	-8.785e-09	-0.00361166	-7.8822e-13	3.59967e-10	-1.39611e-10	9.069e-05
20.5178	-8.78516e-09	-0.00361166	-7.88217e-13	3.68183e-10	-2.54614e-10	9.27666e-05
20.5178	-8.78592e-09	-0.00361166	-7.8822e-13	3.76039e-10	-7.01451e-11	9.48144e-05
20.5179	-8.78687e-09	-0.00361166	-7.88225e-13	3.83743e-10	2.55887e-10	9.67969e-05
20.5179	-8.78721e-09	-0.00361166	-7.88223e-13	3.9163e-10	-6.15912e-11	9.87834e-05
20.518	-8.78771e-09	-0.00361166	-7.88223e-13	3.99775e-10	1.12104e-11	0.000100826
20.518	-8.7882e-09	-0.00361166	-7.88222e-13	4.07547e-10	5.86266e-12	0.000102854
20.5181	-8.78867e-09	-0.00361166	-7.88222e-13	4.15194e-10	8.26753e-11	0.000104819
20.5181	-8.78894e-09	-0.00361166	-7.88218e-13	4.22992e-10	-1.38269e-10	0.000106787
20.5182	-8.78959e-09	-0.00361166	-7.88219e-13	4.30853e-10	-8.19857e-12	0.000108782
20.5183	-8.79027e-09	-0.00361166	-7.88221e-13	4.38411e-10	1.10051e-11	0.000110747
20.5183	-8.79093e-09	-0.00361166	-7.88221e-13	4.45887e-10	8.00769e-11	0.000112662
20.5184	-8.79137e-09	-0.00361167	-7.8822e-13	4.53518e-10	7.2472e-12	0.000114587
20.5184	-8.7918e-09	-0.00361167	-7.88218e-13	4.60958e-10	-7.78573e-11	0.000116507
20.5185	-8.79247e-09	-0.00361167	-7.88218e-13	4.68205e-10	-9.91519e-11	0.000118379
20.5185	-8.79345e-09	-0.00361167	-7.88222e-13	4.75478e-10	2.93343e-11	0.000120229
20.5186	-8.79435e-09	-0.00361167	-7.88225e-13	4.8269e-10	9.17208e-11	0.000122074
20.5187	-8.79498e-09	-0.00361167	-7.88225e-13	4.89681e-10	-2.70673e-11	0.000123884
20.5187	-8.7957e-09	-0.00361167	-7.88225e-13	4.96605e-10	6.99008e-12	0.000125657
20.5188	-8.79642e-09	-0.00361167	-7.88226e-13	5.03483e-10	-6.87449e-11	0.000127416
20.5189	-8.79736e-09	-0.00361167	-7.88229e-13	5.10157e-10	1.55296e-11	0.000129143
20.5189	-8.79827e-09	-0.00361167	-7.88231e-13	5.16721e-10	-8.57802e-13	0.00013083
20.519	-8.79919e-09	-0.00361167	-7.88233e-13	5.23215e-10	1.98364e-12	0.000132494
20.5191	-8.80011e-09	-0.00361167	-7.88235e-13	5.29503e-10	2.56075e-11	0.000134122
20.5191	-8.80096e-09	-0.00361167	-7.88237e-13	5.35691e-10	1.21635e-11	0.000135712
20.5192	-8.80178e-09	-0.00361167	-7.88238e-13	5.41752e-10	-3.66646e-11	0.000137273
20.5193	-8.80273e-09	-0.00361167	-7.8824e-13	5.47615e-10	-9.84428e-13	0.000138792
20.5193	-8.8037e-09	-0.00361168	-7.88242e-13	5.53383e-10	-1.07492e-11	0.000140274
20.5194	-8.80472e-09	-0.00361168	-7.88245e-13	5.58983e-10	2.62043e-11	0.000141723
20.5195	-8.80565e-09	-0.00361168	-7.88246e-13	5.64382e-10	-5.03277e-11	0.000143124
20.5195	-8.80677e-09	-0.00361168	-7.8825e-13	5.69701e-10	4.95043e-11	0.00014449
20.5196	-8.80773e-09	-0.00361168	-7.88252e-13	5.74798e-10	4.15612e-11	0.000145817
20.5197	-8.80854e-09	-0.00361168	-7.88252e-13	5.7972e-10	2.88742e-11	0.000147094
20.5198	-8.80925e-09	-0.00361168	-7.8825e-13	5.8456e-10	-8.11003e-11	0.000148338
20.5198	-8.81027e-09	-0.00361168	-7.88253e-13	5.89134e-10	-5.40853e-11	0.000149537
20.5199	-8.81149e-09	-0.00361168	-7.88257e-13	5.93559e-10	-9.80762e-12	0.000150684
20.52	-8.81277e-09	-0.00361168	-7.88261e-13	5.97895e-10	-6.49478e-12	0.000151801
20.5201	-8.81408e-09	-0.00361168	-7.88266e-13	6.01913e-10	1.02607e-10	0.000152865
20.5201	-8.81501e-09	-0.00361168	-7.88267e-13	6.05836e-10	6.25543e-11	0.000153877
20.5202	-8.81569e-09	-0.00361168	-7.88265e-13	6.09636e-10	-8.48003e-11	0.000154861
20.5203	-8.81672e-09	-0.00361169	-7.88266e-13	6.13102e-10	-4.68603e-11	0.000155787
20.5204	-8.81793e-09	-0.00361169	-7.8827e-13	6.16522e-10	-4.89174e-11	0.000156665
20.5205	-8.81934e-09	-0.00361169	-7.88275e-13	6.19767e-10	4.49749e-11	0.000157514
20.5205	-8.82058e-09	-0.00361169	-7.88279e-13	6.2268e-10	2.67345e-11	0.000158299
20.5206	-8.82172e-09	-0.00361169	-7.88281e-13	6.25595e-10	2.28346e-11	0.000159041
20.5207	-8.82278e-09	-0.00361169	-7.88283e-13	6.2824e-10	3.60175e-11	0.00015975
20.5208	-8.82369e-09	-0.00361169	-7.88283e-13	6.30624e-10	4.74294e-12	0.000160391
20.5208	-8.82459e-09	-0.00361169	-7.88282e-13	6.33023e-10	-3.67139e-11	0.000161
20.5209	-8.82564e-09	-0.00361169	-7.88284e-13	6.35049e-10	-1.54084e-11	0.000161564
20.521	-8.82676e-09	-0.00361169	-7.88286e-13	6.36923e-10	-2.96752e-11	0.000162061
20.5211	-8.828e-09	-0.00361169	-7.88289e-13	6.38785e-10	2.05599e-11	0.000162537
20.5212	-8.82916e-09	-0.00361169	-7.88291e-13	6.40191e-10	-3.46862e-11	0.000162953
20.5213	-8.83047e-09	-0.00361169	-7.88294e-13	6.41573e-10	3.77729e-11	0.000163309
20.5213	-8.83162e-09	-0.0036117	-7.88296e-13	6.42859e-10	-1.39865e-11	0.000163649
20.5214	-8.83283e-09	-0.0036117	-7.88299e-13	6.43678e-10	2.45187e-11	0.000163917
20.5215	-8.83395e-09	-0.0036117	-7.883e-13	6.44563e-10	8.11022e-12	0.000164134
20.5216	-8.83503e-09	-0.0036117	-7.88301e-13	6.45237e-10	-6.69607e-14	0.000164333
20.5217	-8.83611e-09	-0.0036117	-7.88302e-13	6.45494e-10	-5.92054e-11	0.000164451
20.5217	-8.83744e-09	-0.0036117	-7.88306e-13	6.45877e-10	2.12199e-11	0.000164533
20.5218	-8.83868e-09	-0.0036117	-7.88308e-13	6.45917e-10	-1.62372e-11	0.000164587
20.5219	-8.83999e-09	-0.0036117	-7.88312e-13	6.45637e-10	5.94853e-11	0.000164556
20.522	-8.84105e-09	-0.0036117	-7.88312e-13	6.45492e-10	-1.33781e-12	0.000164502
20.5221	-8.84212e-09	-0.0036117	-7.88313e-13	6.44878e-10	1.94613e-11	0.000164405
20.5222	-8.8431e-09	-0.0036117	-7.88313e-13	6.44056e-10	-2.11674e-11	0.000164222
20.5222	-8.84418e-09	-0.0036117	-7.88314e-13	6.43356e-10	-2.75547e-13	0.000164028
20.5223	-8.84525e-09	-0.00361171	-7.88314e-13	6.42077e-10	-2.0147e-11	0.000163776
20.5224	-8.8464e-09	-0.00361171	-7.88316e-13	6.40695e-10	-5.29606e-11	0.000163437
20.5225	-8.84777e-09	-0.00361171	-7.88319e-13	6.39408e-10	4.78095e-12	0.000163097
20.5226	-8.84911e-09	-0.00361171	-7.88323e-13	6.37458e-10	5.58036e-11	0.000162685
20.5226	-8.85022e-09	-0.00361171	-7.88324e-13	6.35464e-10	-9.18937e-12	0.000162182
20.5227	-8.85137e-09	-0.00361171	-7.88325e-13	6.33558e-10	1.78187e-11	0.000161685
20.5228	-8.85244e-09	-0.00361171	-7.88326e-13	6.30912e-10	1.95518e-11	0.000161105
20.5229	-8.85343e-09	-0.00361171	-7.88326e-13	6.28235e-10	-2.09355e-12	0.000160427
20.523	-8.85442e-09	-0.00361171	-7.88325e-13	6.25669e-10	1.07093e-11	0.000159759
20.523	-8.85537e-09	-0.00361171	-7.88325e-13	6.22306e-10	-4.24396e-11	0.000159003
20.5231	-8.85648e-09	-0.00361171	-7.88326e-13	6.18831e-10	-6.3764e-11	0.000158132
20.5232	-8.85783e-09	-0.00361171	-7.88329e-13	6.15546e-10	3.22904e-11	0.00015727
20.5233	-8.85905e-09	-0.00361172	-7.88332e-13	6.11472e-10	5.75696e-11	0.000156333
20.5234	-8.86004e-09	-0.00361172	-7.88332e-13	6.0704e-10	4.92257e-11	0.000155249
20.5234	-8.86083e-09	-0.00361172	-7.8833e-13	6.02913e-10	4.89761e-12	0.000154158
20.5235	-8.8616e-09	-0.00361172	-7.88327e-13	5.98206e-10	-3.00046e-11	0.000153032
20.5236	-8.86247e-09	-0.00361172	-7.88326e-13	5.92636e-10	-3.21912e-11	0.000151723
20.5237	-8.86346e-09	-0.00361172	-7.88326e-13	5.87453e-10	-8.36772e-11	0.000150352
20.5237	-8.86476e-09	-0.00361172	-7.88329e-13	5.82134e-10	-7.01524e-11	0.000149014
20.5238	-8.8663e-09	-0.00361172	-7.88335e-13	5.75501e-10	2.36238e-11	0.000147491
20.5239	-8.86773e-09	-0.00361172	-7.8834e-13	5.68888e-10	3.19223e-11	0.000145803
20.524	-8.86904e-09	-0.00361172	-7.88344e-13	5.62583e-10	1.74425e-10	0.000144157
20.524	-8.8697e-09	-0.00361172	-7.88341e-13	5.5557e-10	1.9998e-10	0.00014246
20.5241	-8.86965e-09	-0.00361172	-7.88331e-13	5.47261e-10	2.00209e-10	0.000140508
20.5242	-8.8689e-09	-0.00361172	-7.88314e-13	5.39353e-10	2.51511e-11	0.000138441
20.5242	-8.86808e-09	-0.00361172	-7.88297e-13	5.31649e-10	-2.46534e-10	0.000136452
20.5243	-8.8681e-09	-0.00361173	-7.88289e-13	5.23054e-10	-3.7913e-10	0.000134375
20.5244	-8.86939e-09	-0.00361173	-7.88293e-13	5.13135e-10	-2.65641e-10	0.000132016
20.5244	-8.87152e-09	-0.00361173	-7.88305e-13	5.03635e-10	-1.18649e-10	0.000129542
20.5245	-8.87399e-09	-0.00361173	-7.88321e-13	4.94472e-10	-9.93946e-11	0.000127163
20.5246	-8.87673e-09	-0.00361173	-7.8834e-13	4.84925e-10	9.38377e-11	0.000124779
20.5246	-8.87913e-09	-0.00361173	-7.88355e-13	4.73839e-10	3.23384e-10	0.00012215
20.5247	-8.88049e-09	-0.00361173	-7.8836e-13	4.62702e-10	4.02898e-10	0.000119319
20.5248	-8.88064e-09	-0.00361173	-7.88354e-13	4.52177e-10	3.96132e-10	0.000116559
20.5248	-8.87964e-09	-0.00361173	-7.88337e-13	4.41985e-10	3.78344e-10	0.000113919
20.5249	-8.8776e-09	-0.00361173	-7.88309e-13	4.31571e-10	3.16869e-10	0.000111293
20.5249	-8.87473e-09	-0.00361173	-7.88274e-13	4.20031e-10	1.50583e-10	0.000108496
20.525	-8.87154e-09	-0.00361173	-7.88236e-13	4.08485e-10	-8.17662e-11	0.000105555
20.525	-8.86865e-09	-0.00361173	-7.88201e-13	3.97779e-10	-3.81221e-10	0.000102719
20.5251	-8.86681e-09	-0.00361173	-7.88176e-13	3.87853e-10	-7.32987e-10	0.00010009
20.5251	-8.86681e-09	-0.00361173	-7.8817e-13	3.78574e-10	-9.80525e-10	9.76436e-05
20.5252	-8.86919e-09	-0.00361173	-7.88187e-13	3.69517e-10	-8.45019e-10	9.53073e-05
20.5252	-8.87349e-09	-0.00361173	-7.88222e-13	3.60153e-10	-3.42188e-10	9.29602e-05
20.5253	-8.87847e-09	-0.00361173	-7.88264e-13	3.5091e-10	-1.42085e-10	9.05895e-05
20.5253	-8.88365e-09	-0.00361174	-7.88309e-13	3.42702e-10	2.9128e-10	8.8366e-05
20.5254	-8.88806e-09	-0.00361174	-7.88345e-13	3.35589e-10	3.86545e-10	8.6414e-05
20.5254	-8.89156e-09	-0.00361174	-7.88374e-13	3.29483e-10	4.49984e-10	8.47298e-05
20.5254	-8.89404e-09	-0.00361174	-7.88392e-13	3.24295e-10	3.16037e-10	8.32908e-05
20.5255	-8.89584e-09	-0.00361174	-7.88404e-13	3.19887e-10	4.30886e-10	8.20681e-05
20.5255	-8.89673e-09	-0.00361174	-7.88407e-13	3.16116e-10	5.90514e-10	8.1026e-05
20.5256	-8.89643e-09	-0.00361174	-7.88398e-13	3.12757e-10	5.6028e-10	8.01176e-05
20.5256	-8.89501e-09	-0.00361174	-7.88379e-13	3.10094e-10	3.37529e-10	7.93504e-05
20.5256	-8.89294e-09	-0.00361174	-7.88354e-13	3.08632e-10	5.50333e-10	7.88249e-05
20.5257	-8.88979e-09	-0.00361174	-7.88318e-13	3.08276e-10	3.41594e-10	7.85933e-05
20.5257	-8.88598e-09	-0.00361174	-7.88276e-13	3.08973e-10	-5.89479e-11	7.86367e-05
20.5258	-8.88227e-09	-0.00361174	-7.88236e-13	3.10691e-10	-2.32672e-10	7.89442e-05
20.5258	-8.87901e-09	-0.00361174	-7.88199e-13	3.13367e-10	-2.3773e-10	7.95041e-05
20.5258	-8.87619e-09	-0.00361174	-7.88167e-13	3.16972e-10	-2.07582e-10	8.03044e-05
20.5259	-8.87376e-09	-0.00361174	-7.88138e-13	3.21454e-10	-7.24516e-11	8.13347e-05
20.5259	-8.87144e-09	-0.00361174	-7.8811e-13	3.26792e-10	-1.81527e-10	8.25859e-05
20.526	-8.86946e-09	-0.00361174	-7.88086e-13	3.32938e-10	-5.40359e-10	8.40491e-05
20.526	-8.86859e-09	-0.00361174	-7.88072e-13	3.39901e-10	-1.30639e-10	8.57193e-05
20.5261	-8.86798e-09	-0.00361174	-7.88061e-13	3.49914e-10	-4.20112e-10	8.78822e-05
20.5261	-8.86829e-09	-0.00361174	-7.88058e-13	3.646e-10	-9.97083e-11	9.10293e-05
20.5261	-8.86885e-09	-0.00361174	-7.88057e-13	3.82166e-10	-1.00292e-10	9.51385e-05
20.5262	-8.86968e-09	-0.00361174	-7.88059e-13	4.02396e-10	-1.30029e-10	9.99542e-05
20.5262	-8.87089e-09	-0.00361174	-7.88063e-13	4.25356e-10	3.97396e-11	0.000105457
20.5263	-8.87205e-09	-0.00361174	-7.88067e-13	4.51375e-10	1.67739e-11	0.000111698
20.5264	-8.87324e-09	-0.00361175	-7.88071e-13	4.80787e-10	8.71947e-11	0.000118761
20.5264	-8.87424e-09	-0.00361175	-7.88073e-13	5.14218e-10	-1.13626e-10	0.000126768
20.5265	-8.87569e-09	-0.00361175	-7.88078e-13	5.5233e-10	1.13277e-10	0.000135885
20.5266	-8.87684e-09	-0.00361175	-7.88079e-13	5.96356e-10	1.01741e-11	0.000146351
20.5266	-8.87804e-09	-0.00361175	-7.8808e-13	6.47804e-10	2.73873e-11	0.000158517
20.5267	-8.87924e-09	-0.00361175	-7.88081e-13	7.09581e-10	3.72435e-11	0.000172945
20.5268	-8.88038e-09	-0.00361175	-7.88079e-13	7.87106e-10	8.44396e-11	0.000190697
20.5269	-8.88122e-09	-0.00361175	-7.88074e-13	8.98156e-10	1.33906e-10	0.000214729
20.527	-8.88141e-09	-0.00361175	-7.88061e-13	1.0508e-09	1.13217e-10	0.000248337
20.5271	-8.88088e-09	-0.00361175	-7.88038e-13	1.26252e-09	5.50147e-11	0.000294778
20.5273	-8.8798e-09	-0.00361175	-7.88006e-13	1.57872e-09	3.501e-12	0.000362073
20.5275	-8.87842e-09	-0.00361176	-7.87967e-13	2.11835e-09	-1.41684e-11	0.00047119
20.5278	-8.87675e-09	-0.00361176	-7.87915e-13	3.28219e-09	1.19731e-11	0.000688463
20.5282	-8.87391e-09	-0.00361176	-7.87834e-13	6.94064e-09	3.62061e-11	0.00130419
20.5291	-8.8663e-09	-0.00361177	-7.87649e-13	5.44402e-08	-2.93559e-11	0.00791974
20.5361	-8.81619e-09	-0.00361183	-7.86343e-13	-0.0560127	-1.53066e-10	59.9877
-39.4833	8.84031e-09	-0.0133354	7.87351e-13	-0.0960478	4.79819e-12	119.981
