32.4304	-6.70685e-12	-0.00359253	-9.04264e-16	0.04	-4.36918e-10	60.0117
32.4318	-3.83228e-11	-0.0035926	-2.68361e-15	7.66638e-10	4.71574e-09	0.0015449
32.4319	-1.7425e-11	-0.00359261	-1.5064e-15	4.1307e-10	5.16512e-09	0.000150306
32.432	7.42486e-12	-0.00359261	-1.07402e-16	3.13599e-10	-1.16734e-09	9.25782e-05
32.432	2.39582e-11	-0.00359261	8.23127e-16	2.80315e-10	-4.06089e-09	7.56634e-05
32.432	3.14856e-11	-0.00359261	1.24659e-15	2.68562e-10	-2.93179e-09	6.99252e-05
32.4321	3.3682e-11	-0.00359261	1.36999e-15	2.6591e-10	-6.27181e-10	6.80901e-05
32.4321	3.47944e-11	-0.00359261	1.43237e-15	2.67742e-10	4.97711e-10	6.79858e-05
32.4321	3.67632e-11	-0.00359262	1.5429e-15	2.71878e-10	4.37658e-10	6.87463e-05
32.4322	3.95205e-11	-0.00359262	1.69779e-15	2.77407e-10	-5.4948e-11	6.99776e-05
32.4322	4.22367e-11	-0.00359262	1.85031e-15	2.83691e-10	-4.22611e-10	7.14825e-05
32.4322	4.42507e-11	-0.00359262	1.9633e-15	2.90586e-10	-6.104e-10	7.31616e-05
32.4323	4.51839e-11	-0.00359262	2.01548e-15	2.97852e-10	-3.38543e-10	7.49658e-05
32.4323	4.54981e-11	-0.00359262	2.03283e-15	3.05519e-10	-4.85006e-10	7.68684e-05
32.4324	4.48764e-11	-0.00359263	1.99756e-15	3.13466e-10	-3.08918e-10	7.88578e-05
32.4324	4.36218e-11	-0.00359263	1.92668e-15	3.21767e-10	-3.20638e-10	8.0928e-05
32.4324	4.16768e-11	-0.00359263	1.81703e-15	3.3035e-10	-3.36782e-10	8.30791e-05
32.4325	3.89711e-11	-0.00359263	1.66464e-15	3.39288e-10	-4.43348e-10	8.53115e-05
32.4325	3.52341e-11	-0.00359263	1.45434e-15	3.48533e-10	-1.4493e-10	8.76282e-05
32.4326	3.10735e-11	-0.00359264	1.22029e-15	3.58145e-10	-2.96497e-10	9.00307e-05
32.4326	2.61217e-11	-0.00359264	9.41849e-16	3.68087e-10	-2.39258e-10	9.25222e-05
32.4327	2.04714e-11	-0.00359264	6.24242e-16	3.78408e-10	-5.03998e-11	9.5104e-05
32.4327	1.45412e-11	-0.00359264	2.91007e-16	3.89071e-10	1.87877e-10	9.77775e-05
32.4328	8.90951e-12	-0.00359265	-2.53504e-17	4.00146e-10	-4.08436e-11	0.000100547
32.4328	3.01338e-12	-0.00359265	-3.56485e-16	4.11677e-10	4.62629e-10	0.000103428
32.4329	-1.83947e-12	-0.00359265	-6.28929e-16	4.237e-10	1.27811e-10	0.000106429
32.4329	-6.48909e-12	-0.00359265	-8.89883e-16	4.36192e-10	5.72536e-10	0.000109552
32.433	-9.68497e-12	-0.00359266	-1.06917e-15	4.49183e-10	5.10065e-10	0.000112799
32.433	-1.15166e-11	-0.00359266	-1.17185e-15	4.62663e-10	5.8344e-10	0.000116172
32.4331	-1.16836e-11	-0.00359266	-1.18112e-15	4.76694e-10	4.08926e-10	0.000119678
32.4332	-1.06139e-11	-0.00359266	-1.12103e-15	4.91336e-10	4.81542e-10	0.000123331
32.4332	-8.00417e-12	-0.00359267	-9.74594e-16	5.06623e-10	2.6185e-10	0.000127145
32.4333	-4.46816e-12	-0.00359267	-7.76294e-16	5.225e-10	1.46995e-10	0.000131116
32.4333	-3.3206e-13	-0.00359267	-5.44436e-16	5.3898e-10	-1.4288e-10	0.000135239
32.4334	3.44394e-12	-0.00359268	-3.32883e-16	5.56092e-10	-1.71675e-10	0.000139519
32.4335	6.73169e-12	-0.00359268	-1.48746e-16	5.73981e-10	-3.5298e-10	0.000143979
32.4336	8.83456e-12	-0.00359268	-3.10976e-17	5.92609e-10	-2.90264e-10	0.000148632
32.4336	9.90989e-12	-0.00359269	2.8976e-17	6.11893e-10	-2.65211e-10	0.000153463
32.4337	9.98643e-12	-0.00359269	3.3099e-17	6.31814e-10	-2.06605e-10	0.000158459
32.4338	9.23388e-12	-0.00359269	-9.17239e-18	6.52505e-10	-7.31124e-11	0.000163634
32.4339	8.15277e-12	-0.0035927	-6.98247e-17	6.7398e-10	-3.08073e-12	0.000169007
32.434	7.02285e-12	-0.0035927	-1.33196e-16	6.96041e-10	6.68596e-11	0.000174555
32.434	6.15241e-12	-0.0035927	-1.82012e-16	7.18606e-10	1.11159e-10	0.000180242
32.4341	5.76262e-12	-0.00359271	-2.03927e-16	7.4177e-10	9.26178e-11	0.00018607
32.4342	5.79793e-12	-0.00359271	-2.02094e-16	7.65354e-10	5.02922e-11	0.000192027
32.4343	6.07958e-12	-0.00359272	-1.86484e-16	7.88971e-10	1.61978e-11	0.000198043
32.4344	6.45133e-12	-0.00359272	-1.65882e-16	8.12351e-10	-7.96505e-12	0.000204032
32.4345	6.79289e-12	-0.00359273	-1.46948e-16	8.35421e-10	-1.64227e-11	0.000209951
32.4346	7.05674e-12	-0.00359273	-1.32375e-16	8.60207e-10	-9.98723e-12	0.00021605
32.4348	7.27368e-12	-0.00359274	-1.20459e-16	8.87133e-10	-1.32772e-11	0.000222641
32.4349	7.42238e-12	-0.00359274	-1.12357e-16	9.15931e-10	-6.88246e-12	0.000229742
32.435	7.53575e-12	-0.00359275	-1.06205e-16	9.46367e-10	-6.14569e-12	0.000237292
32.4351	7.61583e-12	-0.00359275	-1.0196e-16	9.78241e-10	-1.48096e-12	0.000245233
32.4352	7.68938e-12	-0.00359276	-9.80772e-17	1.01178e-09	-1.27772e-12	0.00025357
32.4354	7.75721e-12	-0.00359276	-9.45183e-17	1.04686e-09	2.6769e-12	0.000262316
32.4355	7.84525e-12	-0.00359277	-8.98346e-17	1.08323e-09	7.975e-13	0.000271423
32.4356	7.94186e-12	-0.00359278	-8.47063e-17	1.12106e-09	-6.10466e-12	0.00028088
32.4358	7.99824e-12	-0.00359278	-8.18085e-17	1.16015e-09	-3.34436e-12	0.000290685
32.4359	8.03186e-12	-0.00359279	-8.01971e-17	1.2001e-09	-4.01581e-12	0.00030076
32.4361	8.03593e-12	-0.0035928	-8.02492e-17	1.24103e-09	-5.43767e-12	0.000311069
32.4362	7.99715e-12	-0.0035928	-8.26755e-17	1.28254e-09	7.75069e-12	0.000321577
32.4364	8.02041e-12	-0.00359281	-8.16679e-17	1.32419e-09	-2.95794e-12	0.000332178
32.4366	8.01946e-12	-0.00359282	-8.20233e-17	1.36604e-09	-6.68482e-12	0.000342822
32.4367	7.9603e-12	-0.00359283	-8.5607e-17	1.40741e-09	3.26046e-12	0.000353431
32.4369	7.92859e-12	-0.00359284	-8.76913e-17	1.4479e-09	1.06889e-11	0.000363866
32.4371	7.99457e-12	-0.00359284	-8.43458e-17	1.49122e-09	-3.55994e-12	0.00037455
32.4373	8.02871e-12	-0.00359285	-8.28069e-17	1.5381e-09	-4.53442e-12	0.00038605
32.4375	8.01948e-12	-0.00359286	-8.36415e-17	1.58606e-09	-4.40603e-12	0.000398142
32.4377	7.96543e-12	-0.00359287	-8.69856e-17	1.63448e-09	2.04637e-12	0.000410429
32.4379	7.93105e-12	-0.00359288	-8.92596e-17	1.68256e-09	1.06233e-12	0.000422731
32.4381	7.90704e-12	-0.00359289	-9.09535e-17	1.73065e-09	1.73956e-12	0.000434993
32.4383	7.90153e-12	-0.0035929	-9.16476e-17	1.77864e-09	2.82992e-12	0.000447243
32.4386	7.92794e-12	-0.00359291	-9.05834e-17	1.82696e-09	1.82711e-12	0.000459522
32.4388	7.97634e-12	-0.00359292	-8.83243e-17	1.87777e-09	-2.55326e-12	0.000472163
32.439	7.99554e-12	-0.00359293	-8.76768e-17	1.93249e-09	1.43103e-12	0.00048562
32.4393	8.03291e-12	-0.00359294	-8.60572e-17	1.98716e-09	-3.11113e-12	0.000499569
32.4395	8.03195e-12	-0.00359296	-8.65536e-17	2.03989e-09	-2.06488e-13	0.000513264
32.4398	8.02828e-12	-0.00359297	-8.72275e-17	2.09063e-09	4.3656e-12	0.000526459
32.4401	8.08268e-12	-0.00359298	-8.47071e-17	2.14092e-09	3.03464e-12	0.000539342
32.4403	8.1798e-12	-0.00359299	-7.98714e-17	2.19154e-09	9.66135e-13	0.00055221
32.4406	8.2927e-12	-0.003593	-7.41895e-17	2.2466e-09	-1.68881e-12	0.000565688
32.4409	8.38426e-12	-0.00359302	-6.97104e-17	2.30412e-09	-2.21692e-12	0.000580046
32.4412	8.44562e-12	-0.00359303	-6.68834e-17	2.35787e-09	-2.71073e-12	0.000594237
32.4415	8.46767e-12	-0.00359304	-6.62359e-17	2.40954e-09	2.63684e-12	0.000607682
32.4418	8.5307e-12	-0.00359306	-6.33577e-17	2.45973e-09	3.06009e-12	0.000620674
32.4421	8.64301e-12	-0.00359307	-5.78053e-17	2.51221e-09	-2.55372e-12	0.00063377
32.4424	8.71684e-12	-0.00359309	-5.43901e-17	2.56857e-09	-3.11342e-12	0.000647653
32.4428	8.74135e-12	-0.0035931	-5.36833e-17	2.62164e-09	-8.23091e-13	0.000661611
32.4431	8.75262e-12	-0.00359312	-5.36925e-17	2.67221e-09	2.22798e-12	0.000674832
32.4434	8.80204e-12	-0.00359313	-5.16542e-17	2.72127e-09	-5.63532e-13	0.000687541
32.4438	8.84261e-12	-0.00359315	-5.0124e-17	2.77332e-09	-1.92306e-12	0.000700438
32.4441	8.84995e-12	-0.00359316	-5.03887e-17	2.82575e-09	-3.56719e-12	0.000713766
32.4445	8.79319e-12	-0.00359318	-5.41529e-17	2.87476e-09	-1.04598e-12	0.000726707
32.4449	8.71627e-12	-0.0035932	-5.90073e-17	2.92197e-09	3.55801e-12	0.000738983
32.4452	8.70436e-12	-0.00359321	-6.03413e-17	2.96993e-09	-9.09808e-13	0.000751125
32.4456	8.67502e-12	-0.00359323	-6.26368e-17	3.01918e-09	1.21123e-13	0.000763526
32.446	8.64754e-12	-0.00359325	-6.48374e-17	3.06493e-09	4.55654e-14	0.000775647
32.4464	8.62052e-12	-0.00359326	-6.70406e-17	3.10909e-09	1.17506e-12	0.000787119
32.4468	8.61641e-12	-0.00359328	-6.7985e-17	3.15372e-09	-2.07488e-12	0.000798447
32.4472	8.57052e-12	-0.0035933	-7.12075e-17	3.19814e-09	-1.76817e-13	0.00080981
32.4476	8.52038e-12	-0.00359332	-7.46372e-17	3.23965e-09	1.09065e-13	0.000820775
32.448	8.47184e-12	-0.00359334	-7.79889e-17	3.27989e-09	1.16515e-12	0.000831205
32.4484	8.44706e-12	-0.00359335	-8.00861e-17	3.32061e-09	7.17149e-14	0.000841536
32.4488	8.42349e-12	-0.00359337	-8.21283e-17	3.35927e-09	-1.25114e-12	0.000851665
32.4493	8.37285e-12	-0.00359339	-8.56045e-17	3.39588e-09	-1.61761e-12	0.00086127
32.4497	8.28664e-12	-0.00359341	-9.09798e-17	3.43204e-09	3.80902e-13	0.000870556
32.4501	8.20785e-12	-0.00359343	-9.59388e-17	3.46712e-09	1.39139e-12	0.000879647
32.4506	8.15901e-12	-0.00359345	-9.9315e-17	3.49998e-09	-4.97502e-13	0.000888318
32.451	8.0986e-12	-0.00359347	-1.0331e-16	3.53176e-09	4.71396e-14	0.000896568
32.4515	8.0387e-12	-0.00359349	-1.07286e-16	3.5626e-09	-1.20532e-12	0.000904559
32.4519	7.9509e-12	-0.00359351	-1.12711e-16	3.59141e-09	1.72171e-13	0.000912171
32.4524	7.86634e-12	-0.00359353	-1.17966e-16	3.61887e-09	-1.0016e-13	0.000919352
32.4529	7.77881e-12	-0.00359355	-1.23352e-16	3.64527e-09	-5.41485e-14	0.000926226
32.4533	7.68939e-12	-0.00359357	-1.28858e-16	3.66969e-09	3.53229e-13	0.000932712
32.4538	7.60764e-12	-0.00359359	-1.33942e-16	3.69288e-09	1.28272e-13	0.000938789
32.4543	7.52838e-12	-0.00359361	-1.38865e-16	3.71468e-09	-7.31055e-13	0.000944531
32.4547	7.43135e-12	-0.00359363	-1.44729e-16	3.73463e-09	-1.13617e-13	0.000949859
32.4552	7.33109e-12	-0.00359365	-1.50745e-16	3.75344e-09	-2.93146e-13	0.000954806
32.4557	7.2233e-12	-0.00359367	-1.57141e-16	3.77065e-09	3.75532e-13	0.000959404
32.4562	7.12405e-12	-0.0035937	-1.63071e-16	3.78606e-09	-1.03014e-12	0.000963568
32.4567	6.99953e-12	-0.00359372	-1.70306e-16	3.80053e-09	8.1033e-13	0.00096738
32.4571	6.89417e-12	-0.00359374	-1.7651e-16	3.8131e-09	6.85013e-13	0.000970831
32.4576	6.80511e-12	-0.00359376	-1.81883e-16	3.82413e-09	4.62896e-13	0.000973843
32.4581	6.72708e-12	-0.00359378	-1.86662e-16	3.83425e-09	-1.6573e-12	0.000976543
32.4586	6.60833e-12	-0.0035938	-1.93522e-16	3.8423e-09	-1.17596e-12	0.000978863
32.4591	6.46052e-12	-0.00359382	-2.01865e-16	3.84905e-09	-3.30587e-13	0.000980752
32.4596	6.30434e-12	-0.00359384	-2.10608e-16	3.85494e-09	-2.7246e-13	0.000982366
32.4601	6.14123e-12	-0.00359386	-2.19674e-16	3.8585e-09	1.94297e-12	0.000983572
32.4606	6.02576e-12	-0.00359389	-2.26274e-16	3.8612e-09	1.17869e-12	0.000984371
32.4611	5.93923e-12	-0.00359391	-2.31387e-16	3.86289e-09	-1.85925e-12	0.000984931
32.4616	5.80686e-12	-0.00359393	-2.38818e-16	3.86225e-09	-1.11437e-12	0.000985065
32.462	5.64708e-12	-0.00359395	-2.47622e-16	3.86114e-09	-1.19167e-12	0.000984842
32.4625	5.45801e-12	-0.00359397	-2.57868e-16	3.85877e-09	8.06484e-13	0.000984398
32.463	5.2889e-12	-0.00359399	-2.67099e-16	3.8542e-09	4.33731e-13	0.000983511
32.4635	5.13065e-12	-0.00359401	-2.7571e-16	3.84952e-09	3.62926e-13	0.00098233
32.464	4.98149e-12	-0.00359403	-2.83869e-16	3.84307e-09	6.72546e-13	0.00098091
32.4645	4.84907e-12	-0.00359405	-2.91141e-16	3.83496e-09	-1.61182e-14	0.000979052
32.465	4.71653e-12	-0.00359407	-2.98385e-16	3.82688e-09	-9.69834e-13	0.000976985
32.4655	4.5606e-12	-0.00359409	-3.06795e-16	3.81651e-09	-5.01512e-13	0.00097463
32.466	4.3929e-12	-0.00359412	-3.15747e-16	3.80523e-09	-8.52322e-13	0.000971867
32.4664	4.20502e-12	-0.00359414	-3.25687e-16	3.79387e-09	3.24503e-13	0.000968976
32.4669	4.02554e-12	-0.00359416	-3.3518e-16	3.77983e-09	-1.0001e-12	0.000965734
32.4674	3.82263e-12	-0.00359418	-3.45806e-16	3.7657e-09	7.4683e-13	0.000962139
32.4679	3.63841e-12	-0.0035942	-3.5545e-16	3.75106e-09	-5.11054e-13	0.000958467
32.4684	3.44269e-12	-0.00359422	-3.65642e-16	3.73378e-09	4.42936e-13	0.000954394
32.4688	3.25841e-12	-0.00359424	-3.75233e-16	3.717e-09	4.24196e-14	0.000950047
32.4693	3.07596e-12	-0.00359426	-3.84686e-16	3.69912e-09	-1.64026e-13	0.000945622
32.4698	2.89053e-12	-0.00359428	-3.94264e-16	3.67898e-09	-1.70796e-12	0.00094077
32.4703	2.66604e-12	-0.0035943	-4.05745e-16	3.65972e-09	3.64215e-13	0.000935743
32.4707	2.45123e-12	-0.00359432	-4.16704e-16	3.63869e-09	-6.21557e-13	0.0009306
32.4712	2.22324e-12	-0.00359434	-4.28245e-16	3.61605e-09	1.41015e-12	0.000925026
32.4717	2.02917e-12	-0.00359435	-4.38112e-16	3.59436e-09	-2.07394e-13	0.000919369
32.4721	1.83152e-12	-0.00359437	-4.48101e-16	3.57029e-09	3.65639e-13	0.000913529
32.4726	1.64352e-12	-0.00359439	-4.57587e-16	3.5453e-09	-7.59134e-13	0.000907268
32.473	1.43967e-12	-0.00359441	-4.67818e-16	3.52124e-09	-1.86199e-13	0.000901009
32.4735	1.23303e-12	-0.00359443	-4.78142e-16	3.49427e-09	-7.59078e-13	0.000894497
32.4739	1.01106e-12	-0.00359445	-4.89184e-16	3.46704e-09	-1.73206e-12	0.00088758
32.4744	7.52546e-13	-0.00359447	-5.01959e-16	3.44061e-09	-8.22529e-14	0.000880732
32.4748	4.94197e-13	-0.00359448	-5.14684e-16	3.41092e-09	1.43833e-12	0.00087357
32.4752	2.69355e-13	-0.0035945	-5.2574e-16	3.38134e-09	-4.71283e-13	0.000866006
32.4757	3.63057e-14	-0.00359452	-5.37166e-16	3.35255e-09	3.41586e-13	0.000858558
32.4761	-1.87457e-13	-0.00359454	-5.48091e-16	3.3202e-09	4.0916e-13	0.000850756
32.4765	-4.00399e-13	-0.00359456	-5.58462e-16	3.28807e-09	-2.4932e-13	0.000842528
32.4769	-6.16504e-13	-0.00359457	-5.68955e-16	3.25689e-09	1.50894e-13	0.00083445
32.4773	-8.27426e-13	-0.00359459	-5.7916e-16	3.22196e-09	-1.53513e-12	0.000826014
32.4778	-1.06761e-12	-0.00359461	-5.90741e-16	3.18687e-09	-2.26247e-12	0.000817079
32.4782	-1.35114e-12	-0.00359462	-6.04363e-16	3.15318e-09	8.10158e-13	0.000808303
32.4786	-1.61539e-12	-0.00359464	-6.17006e-16	3.11588e-09	1.67172e-12	0.000799245
32.479	-1.84331e-12	-0.00359466	-6.27882e-16	3.07721e-09	1.44519e-12	0.000789552
32.4794	-2.04004e-12	-0.00359467	-6.37247e-16	3.04056e-09	-3.78863e-15	0.000779943
32.4797	-2.23451e-12	-0.00359469	-6.46456e-16	3.00145e-09	-1.18851e-12	0.000770276
32.4801	-2.44921e-12	-0.0035947	-6.56617e-16	2.95852e-09	-1.29146e-12	0.000759809
32.4805	-2.68519e-12	-0.00359472	-6.6776e-16	2.91803e-09	-3.11169e-12	0.000749167
32.4809	-2.97582e-12	-0.00359473	-6.8146e-16	2.87737e-09	-2.71329e-12	0.000738814
32.4812	-3.31215e-12	-0.00359475	-6.97284e-16	2.83075e-09	5.51731e-13	0.000727679
32.4816	-3.63308e-12	-0.00359476	-7.12331e-16	2.78481e-09	8.71139e-13	0.000715871
32.482	-3.93334e-12	-0.00359478	-7.26358e-16	2.74092e-09	6.06097e-12	0.00070441
32.4823	-4.12297e-12	-0.00359479	-7.35135e-16	2.69413e-09	7.1532e-12	0.000692842
32.4827	-4.18653e-12	-0.00359481	-7.37949e-16	2.64166e-09	7.34106e-12	0.000680181
32.483	-4.12525e-12	-0.00359482	-7.34901e-16	2.59175e-09	9.93943e-13	0.000667121
32.4833	-4.0487e-12	-0.00359483	-7.31135e-16	2.54339e-09	-9.20603e-12	0.000654586
32.4836	-4.12282e-12	-0.00359485	-7.34454e-16	2.49137e-09	-1.44563e-11	0.000641783
32.484	-4.42497e-12	-0.00359486	-7.48448e-16	2.43369e-09	-1.04355e-11	0.00062779
32.4843	-4.88199e-12	-0.00359487	-7.69646e-16	2.37864e-09	-4.9789e-12	0.000613412
32.4846	-5.40413e-12	-0.00359488	-7.93858e-16	2.32579e-09	-4.32458e-12	0.00059965
32.4849	-5.97878e-12	-0.00359489	-8.20448e-16	2.27174e-09	3.19324e-12	0.000586016
32.4852	-6.49382e-12	-0.00359491	-8.44209e-16	2.2111e-09	1.23742e-11	0.000571389
32.4854	-6.82074e-12	-0.00359492	-8.59168e-16	2.15088e-09	1.58185e-11	0.000555976
32.4857	-6.92193e-12	-0.00359493	-8.63592e-16	2.09413e-09	1.58696e-11	0.000541058
32.486	-6.80865e-12	-0.00359494	-8.58053e-16	2.03948e-09	1.54577e-11	0.000526852
32.4862	-6.49743e-12	-0.00359495	-8.43347e-16	1.98437e-09	1.32331e-11	0.000512855
32.4865	-6.02728e-12	-0.00359496	-8.21305e-16	1.92465e-09	6.61963e-12	0.000498212
32.4867	-5.4901e-12	-0.00359497	-7.96204e-16	1.86548e-09	-2.91151e-12	0.000483051
32.487	-5.00405e-12	-0.00359498	-7.73524e-16	1.81067e-09	-1.54795e-11	0.000468518
32.4872	-4.71089e-12	-0.00359499	-7.59816e-16	1.75989e-09	-3.05376e-11	0.000455056
32.4874	-4.76843e-12	-0.003595	-7.62325e-16	1.71249e-09	-4.15163e-11	0.000442538
32.4877	-5.27745e-12	-0.00359501	-7.85686e-16	1.66649e-09	-3.64117e-11	0.000430629
32.4879	-6.15946e-12	-0.00359501	-8.26201e-16	1.61951e-09	-1.54314e-11	0.000418774
32.4881	-7.17583e-12	-0.00359502	-8.72845e-16	1.57345e-09	-7.01807e-12	0.000406911
32.4883	-8.23365e-12	-0.00359503	-9.2133e-16	1.53238e-09	1.16848e-11	0.000395803
32.4885	-9.14975e-12	-0.00359504	-9.63212e-16	1.4965e-09	1.60334e-11	0.000385993
32.4887	-9.89151e-12	-0.00359505	-9.97022e-16	1.46537e-09	1.90623e-11	0.000377451
32.4888	-1.04398e-11	-0.00359505	-1.02192e-15	1.43853e-09	1.34417e-11	0.000370061
32.489	-1.08549e-11	-0.00359506	-1.04065e-15	1.41533e-09	1.87232e-11	0.000363682
32.4892	-1.10945e-11	-0.00359507	-1.05132e-15	1.39511e-09	2.60915e-11	0.000358146
32.4894	-1.10987e-11	-0.00359507	-1.05118e-15	1.37683e-09	2.50886e-11	0.000353237
32.4896	-1.08827e-11	-0.00359508	-1.04096e-15	1.36173e-09	1.53952e-11	0.000348982
32.4897	-1.05355e-11	-0.00359509	-1.02477e-15	1.35198e-09	2.52182e-11	0.000345814
32.4899	-9.9736e-12	-0.0035951	-9.98779e-16	1.34711e-09	1.60528e-11	0.000343951
32.4901	-9.27592e-12	-0.0035951	-9.66607e-16	1.34685e-09	-2.0465e-12	0.000343298
32.4902	-8.59594e-12	-0.00359511	-9.35311e-16	1.35101e-09	-1.00556e-11	0.000343795
32.4904	-8.00041e-12	-0.00359512	-9.07894e-16	1.35929e-09	-1.04215e-11	0.000345381
32.4906	-7.49149e-12	-0.00359512	-8.84468e-16	1.3715e-09	-9.15864e-12	0.000347992
32.4908	-7.05804e-12	-0.00359513	-8.64512e-16	1.38738e-09	-2.97343e-12	0.000351573
32.4909	-6.64584e-12	-0.00359514	-8.45556e-16	1.40681e-09	-8.12802e-12	0.000356075
32.4911	-6.30073e-12	-0.00359514	-8.29672e-16	1.42955e-09	-2.51639e-11	0.00036145
32.4913	-6.17926e-12	-0.00359515	-8.23983e-16	1.45558e-09	-6.07816e-12	0.000367666
32.4915	-6.11194e-12	-0.00359516	-8.20743e-16	1.49439e-09	-1.99744e-11	0.000375933
32.4917	-6.23302e-12	-0.00359517	-8.26067e-16	1.55273e-09	-4.89374e-12	0.000388319
32.4919	-6.40725e-12	-0.00359517	-8.33796e-16	1.62276e-09	-5.00197e-12	0.000404685
32.4921	-6.64107e-12	-0.00359518	-8.44195e-16	1.7034e-09	-6.536e-12	0.000423894
32.4923	-6.95745e-12	-0.00359519	-8.58288e-16	1.79474e-09	1.65057e-12	0.000445822
32.4925	-7.27193e-12	-0.0035952	-8.72278e-16	1.89799e-09	5.34475e-13	0.000470634
32.4928	-7.59805e-12	-0.00359521	-8.86742e-16	2.01429e-09	4.0285e-12	0.000498629
32.493	-7.89244e-12	-0.00359522	-8.99729e-16	2.14599e-09	-5.96541e-12	0.000530254
32.4933	-8.28768e-12	-0.00359523	-9.1721e-16	2.29546e-09	5.35461e-12	0.000566111
32.4936	-8.63213e-12	-0.00359524	-9.32329e-16	2.46735e-09	1.97831e-13	0.000607097
32.4939	-8.99928e-12	-0.00359525	-9.48414e-16	2.66727e-09	1.06883e-12	0.000654521
32.4943	-9.37802e-12	-0.00359527	-9.64913e-16	2.90626e-09	1.5869e-12	0.000710509
32.4946	-9.76133e-12	-0.00359528	-9.81542e-16	3.20512e-09	4.09737e-12	0.000779128
32.495	-1.01004e-11	-0.0035953	-9.96058e-16	3.63349e-09	6.84974e-12	0.000871923
32.4955	-1.03261e-11	-0.00359531	-1.00537e-15	4.21905e-09	5.95846e-12	0.00100133
32.496	-1.0428e-11	-0.00359534	-1.00898e-15	5.02396e-09	2.98417e-12	0.00117885
32.4967	-1.04536e-11	-0.00359536	-1.009e-15	6.21365e-09	2.2178e-13	0.00143362
32.4975	-1.04766e-11	-0.00359539	-1.00865e-15	8.21941e-09	-7.89311e-13	0.00184207
32.4985	-1.05485e-11	-0.00359543	-1.00998e-15	1.24716e-08	7.45834e-13	0.00264308
32.5001	-1.05982e-11	-0.00359549	-1.00933e-15	2.53416e-08	2.56409e-12	0.00484316
32.5034	-1.02829e-11	-0.00359562	-9.89907e-16	1.57866e-07	-1.37512e-14	0.024241
32.5244	-8.26053e-12	-0.00359639	-8.74865e-16	-0.055892	-1.9316e-12	59.9373
-27.5594	-2.71343e-13	-0.0133317	2.40408e-16	-0.0960298	1.19911e-15	119.927
