-22.8779	-1.70372e-08	-0.00361639	-1.51777e-12	0.04	-5.02245e-08	60.0082
-22.8778	-1.74129e-08	-0.00361639	-1.52287e-12	7.39138e-11	5.41936e-07	0.000159774
-22.8778	-1.71627e-08	-0.00361639	-1.51944e-12	1.98631e-11	5.90137e-07	1.56656e-05
-22.8777	-1.68659e-08	-0.00361639	-1.51538e-12	3.95749e-11	-1.35184e-07	9.65584e-06
-22.8777	-1.66686e-08	-0.00361639	-1.51268e-12	4.58695e-11	-4.65317e-07	7.89525e-06
-22.8777	-1.65789e-08	-0.00361639	-1.51145e-12	3.33009e-11	-3.35388e-07	7.2993e-06
-22.8777	-1.65528e-08	-0.00361639	-1.5111e-12	2.81691e-11	-7.17402e-08	7.1103e-06
-22.8777	-1.65397e-08	-0.00361639	-1.51092e-12	2.7685e-11	5.66738e-08	7.10193e-06
-22.8777	-1.65164e-08	-0.00361639	-1.5106e-12	2.80307e-11	4.97224e-08	7.18393e-06
-22.8777	-1.64837e-08	-0.00361639	-1.51015e-12	2.90636e-11	-6.46665e-09	7.31523e-06
-22.8777	-1.64515e-08	-0.00361639	-1.50971e-12	3.00366e-11	-4.82895e-08	7.47531e-06
-22.8777	-1.64277e-08	-0.00361639	-1.50938e-12	3.07239e-11	-6.95461e-08	7.65377e-06
-22.8777	-1.64168e-08	-0.00361639	-1.50923e-12	3.12511e-11	-3.85258e-08	7.84554e-06
-22.8777	-1.64133e-08	-0.00361639	-1.50919e-12	3.19683e-11	-5.50689e-08	8.04783e-06
-22.8777	-1.64209e-08	-0.00361639	-1.50929e-12	3.27452e-11	-3.49819e-08	8.25946e-06
-22.8777	-1.6436e-08	-0.00361639	-1.5095e-12	3.35612e-11	-3.62304e-08	8.47981e-06
-22.8777	-1.64593e-08	-0.00361639	-1.50981e-12	3.43975e-11	-3.79721e-08	8.70892e-06
-22.8777	-1.64916e-08	-0.00361639	-1.51025e-12	3.51647e-11	-4.99295e-08	8.94686e-06
-22.8777	-1.65362e-08	-0.00361639	-1.51086e-12	3.64147e-11	-1.60883e-08	9.19395e-06
-22.8777	-1.65857e-08	-0.00361639	-1.51154e-12	3.72261e-11	-3.31469e-08	9.45039e-06
-22.8777	-1.66445e-08	-0.00361639	-1.51234e-12	3.8324e-11	-2.65992e-08	9.71653e-06
-22.8777	-1.67116e-08	-0.00361639	-1.51326e-12	3.97002e-11	-5.24647e-09	9.99254e-06
-22.8777	-1.67818e-08	-0.00361639	-1.51422e-12	4.12019e-11	2.15895e-08	1.02786e-05
-22.8777	-1.68485e-08	-0.00361639	-1.51513e-12	4.20472e-11	-4.16233e-09	1.05752e-05
-22.8777	-1.69183e-08	-0.00361639	-1.51608e-12	4.395e-11	5.23822e-08	1.0884e-05
-22.8777	-1.69756e-08	-0.00361639	-1.51686e-12	4.47753e-11	1.46994e-08	1.12059e-05
-22.8776	-1.70305e-08	-0.00361639	-1.51761e-12	4.64883e-11	6.44723e-08	1.15413e-05
-22.8776	-1.70681e-08	-0.00361639	-1.51812e-12	4.76533e-11	5.72947e-08	1.18903e-05
-22.8776	-1.70896e-08	-0.00361639	-1.51841e-12	4.89445e-11	6.53147e-08	1.22531e-05
-22.8776	-1.70914e-08	-0.00361639	-1.51843e-12	5.0292e-11	4.56335e-08	1.26306e-05
-22.8776	-1.70787e-08	-0.00361639	-1.51826e-12	5.1732e-11	5.35682e-08	1.30245e-05
-22.8776	-1.70478e-08	-0.00361639	-1.51784e-12	5.3405e-11	2.89351e-08	1.3436e-05
-22.8776	-1.70061e-08	-0.00361639	-1.51727e-12	5.51729e-11	1.60637e-08	1.3865e-05
-22.8776	-1.69574e-08	-0.00361639	-1.5166e-12	5.71668e-11	-1.61609e-08	1.43109e-05
-22.8776	-1.6913e-08	-0.00361639	-1.51599e-12	5.90249e-11	-1.92982e-08	1.47745e-05
-22.8776	-1.68744e-08	-0.00361639	-1.51546e-12	6.10211e-11	-3.92797e-08	1.52581e-05
-22.8776	-1.68498e-08	-0.00361639	-1.51512e-12	6.29584e-11	-3.22024e-08	1.57633e-05
-22.8776	-1.68372e-08	-0.00361639	-1.51495e-12	6.50051e-11	-2.93096e-08	1.62885e-05
-22.8776	-1.68364e-08	-0.00361639	-1.51494e-12	6.71416e-11	-2.27357e-08	1.68325e-05
-22.8776	-1.68452e-08	-0.00361639	-1.51506e-12	6.94012e-11	-7.97234e-09	1.73969e-05
-22.8775	-1.68579e-08	-0.00361639	-1.51523e-12	7.1759e-11	-2.56588e-10	1.79838e-05
-22.8775	-1.68711e-08	-0.00361639	-1.51541e-12	7.41858e-11	7.39937e-09	1.85909e-05
-22.8775	-1.68813e-08	-0.00361639	-1.51554e-12	7.66634e-11	1.22019e-08	1.92144e-05
-22.8775	-1.68858e-08	-0.00361639	-1.5156e-12	7.92048e-11	1.01208e-08	1.98548e-05
-22.8775	-1.68854e-08	-0.00361639	-1.51559e-12	8.18028e-11	5.46581e-09	2.05108e-05
-22.8775	-1.68821e-08	-0.00361639	-1.51555e-12	8.44156e-11	1.73681e-09	2.1175e-05
-22.8775	-1.68778e-08	-0.00361639	-1.51549e-12	8.70119e-11	-8.89187e-10	2.18384e-05
-22.8775	-1.68739e-08	-0.00361639	-1.51543e-12	8.95825e-11	-1.79816e-09	2.24965e-05
-22.8775	-1.68708e-08	-0.00361639	-1.51538e-12	9.23454e-11	-1.09487e-09	2.3176e-05
-22.8775	-1.68683e-08	-0.00361639	-1.51535e-12	9.53482e-11	-1.44228e-09	2.39105e-05
-22.8774	-1.68666e-08	-0.00361639	-1.51532e-12	9.8563e-11	-7.48033e-10	2.47026e-05
-22.8774	-1.68654e-08	-0.00361639	-1.5153e-12	1.01966e-10	-6.64788e-10	2.55458e-05
-22.8774	-1.68645e-08	-0.00361639	-1.51529e-12	1.05538e-10	-1.63158e-10	2.64344e-05
-22.8774	-1.68637e-08	-0.00361639	-1.51527e-12	1.09303e-10	-1.40586e-10	2.7369e-05
-22.8774	-1.68629e-08	-0.00361639	-1.51526e-12	1.13251e-10	2.79422e-10	2.83516e-05
-22.8774	-1.68619e-08	-0.00361639	-1.51524e-12	1.17354e-10	7.85313e-11	2.93773e-05
-22.8774	-1.68609e-08	-0.00361639	-1.51523e-12	1.21634e-10	-6.49411e-10	3.04453e-05
-22.8773	-1.68603e-08	-0.00361639	-1.51521e-12	1.26071e-10	-3.54578e-10	3.15558e-05
-22.8773	-1.68599e-08	-0.00361639	-1.51521e-12	1.30621e-10	-4.21904e-10	3.27007e-05
-22.8773	-1.68599e-08	-0.00361639	-1.5152e-12	1.353e-10	-5.66635e-10	3.38765e-05
-22.8773	-1.68604e-08	-0.00361639	-1.5152e-12	1.40066e-10	8.08965e-10	3.50797e-05
-22.8773	-1.68602e-08	-0.00361639	-1.5152e-12	1.44872e-10	-3.07055e-10	3.6299e-05
-22.8773	-1.68602e-08	-0.00361639	-1.51519e-12	1.49724e-10	-6.88493e-10	3.75295e-05
-22.8772	-1.68609e-08	-0.00361639	-1.5152e-12	1.5455e-10	3.39982e-10	3.87625e-05
-22.8772	-1.68613e-08	-0.00361639	-1.5152e-12	1.59306e-10	1.09655e-09	3.99832e-05
-22.8772	-1.68606e-08	-0.00361639	-1.51519e-12	1.64402e-10	-3.66384e-10	4.12383e-05
-22.8772	-1.68603e-08	-0.00361639	-1.51518e-12	1.69922e-10	-4.6138e-10	4.25908e-05
-22.8772	-1.68605e-08	-0.00361639	-1.51517e-12	1.75596e-10	-4.43242e-10	4.40169e-05
-22.8771	-1.68611e-08	-0.00361639	-1.51518e-12	1.81355e-10	2.1043e-10	4.54735e-05
-22.8771	-1.68615e-08	-0.00361639	-1.51518e-12	1.87115e-10	1.09645e-10	4.69411e-05
-22.8771	-1.68618e-08	-0.00361639	-1.51518e-12	1.92915e-10	1.75832e-10	4.84139e-05
-22.8771	-1.6862e-08	-0.00361639	-1.51517e-12	1.98742e-10	2.81662e-10	4.98952e-05
-22.877	-1.68617e-08	-0.00361639	-1.51516e-12	2.04649e-10	1.79244e-10	5.139e-05
-22.877	-1.68612e-08	-0.00361639	-1.51515e-12	2.10878e-10	-2.52348e-10	5.29362e-05
-22.877	-1.68611e-08	-0.00361639	-1.51514e-12	2.17594e-10	1.39228e-10	5.45855e-05
-22.877	-1.68607e-08	-0.00361639	-1.51513e-12	2.24357e-10	-3.02789e-10	5.63027e-05
-22.8769	-1.68608e-08	-0.00361639	-1.51513e-12	2.30953e-10	-1.86058e-11	5.80046e-05
-22.8769	-1.68608e-08	-0.00361639	-1.51512e-12	2.37375e-10	4.19443e-10	5.96631e-05
-22.8769	-1.68603e-08	-0.00361639	-1.51511e-12	2.43799e-10	2.86383e-10	6.12998e-05
-22.8768	-1.68593e-08	-0.00361639	-1.51509e-12	2.50315e-10	8.61623e-11	6.29484e-05
-22.8768	-1.68581e-08	-0.00361639	-1.51506e-12	2.57397e-10	-1.64799e-10	6.46809e-05
-22.8768	-1.68572e-08	-0.00361639	-1.51504e-12	2.64826e-10	-2.11569e-10	6.65297e-05
-22.8767	-1.68566e-08	-0.00361639	-1.51503e-12	2.71886e-10	-2.53865e-10	6.83756e-05
-22.8767	-1.68564e-08	-0.00361639	-1.51502e-12	2.7877e-10	2.42678e-10	7.01522e-05
-22.8767	-1.68558e-08	-0.00361639	-1.515e-12	2.85548e-10	2.77009e-10	7.18929e-05
-22.8766	-1.68547e-08	-0.00361639	-1.51498e-12	2.92659e-10	-2.37396e-10	7.36625e-05
-22.8766	-1.6854e-08	-0.00361639	-1.51496e-12	3.00294e-10	-2.83536e-10	7.55411e-05
-22.8766	-1.68538e-08	-0.00361639	-1.51495e-12	3.07619e-10	-7.35343e-11	7.74471e-05
-22.8765	-1.68537e-08	-0.00361639	-1.51494e-12	3.14725e-10	1.98391e-10	7.92858e-05
-22.8765	-1.68533e-08	-0.00361639	-1.51492e-12	3.21725e-10	-5.10558e-11	8.10829e-05
-22.8764	-1.68529e-08	-0.00361639	-1.51491e-12	3.29154e-10	-1.68638e-10	8.29214e-05
-22.8764	-1.68529e-08	-0.00361639	-1.5149e-12	3.3671e-10	-3.07365e-10	8.48307e-05
-22.8763	-1.68535e-08	-0.00361639	-1.5149e-12	3.43939e-10	-8.45126e-11	8.67144e-05
-22.8763	-1.68544e-08	-0.00361639	-1.5149e-12	3.51032e-10	3.08935e-10	8.85391e-05
-22.8763	-1.68546e-08	-0.00361639	-1.51489e-12	3.58294e-10	-7.42369e-11	9.03681e-05
-22.8762	-1.68549e-08	-0.00361639	-1.51489e-12	3.65796e-10	1.36085e-11	9.22493e-05
-22.8762	-1.68552e-08	-0.00361639	-1.51488e-12	3.7296e-10	7.1535e-12	9.4118e-05
-22.8761	-1.68555e-08	-0.00361639	-1.51488e-12	3.80012e-10	9.97235e-11	9.59292e-05
-22.8761	-1.68556e-08	-0.00361639	-1.51487e-12	3.87206e-10	-1.66549e-10	9.77443e-05
-22.876	-1.68561e-08	-0.00361639	-1.51486e-12	3.94461e-10	-9.75548e-12	9.95853e-05
-22.876	-1.68566e-08	-0.0036164	-1.51486e-12	4.01441e-10	1.33768e-11	0.000101399
-22.8759	-1.68571e-08	-0.0036164	-1.51485e-12	4.08349e-10	9.65072e-11	0.000103169
-22.8759	-1.68574e-08	-0.0036164	-1.51484e-12	4.15402e-10	8.79604e-12	0.000104947
-22.8758	-1.68576e-08	-0.0036164	-1.51484e-12	4.22284e-10	-9.3579e-11	0.000106723
-22.8758	-1.68581e-08	-0.0036164	-1.51483e-12	4.28992e-10	-1.19104e-10	0.000108455
-22.8757	-1.68589e-08	-0.0036164	-1.51483e-12	4.35728e-10	3.54471e-11	0.000110168
-22.8757	-1.68597e-08	-0.0036164	-1.51483e-12	4.42411e-10	1.10384e-10	0.000111877
-22.8756	-1.68601e-08	-0.0036164	-1.51482e-12	4.48894e-10	-3.23999e-11	0.000113555
-22.8755	-1.68606e-08	-0.0036164	-1.51481e-12	4.55319e-10	8.52594e-12	0.0001152
-22.8755	-1.68612e-08	-0.0036164	-1.51481e-12	4.61706e-10	-8.2386e-11	0.000116832
-22.8754	-1.68619e-08	-0.0036164	-1.5148e-12	4.67908e-10	1.88112e-11	0.000118436
-22.8754	-1.68627e-08	-0.0036164	-1.5148e-12	4.74014e-10	-8.58614e-13	0.000120005
-22.8753	-1.68634e-08	-0.0036164	-1.5148e-12	4.80058e-10	2.54971e-12	0.000121553
-22.8752	-1.68641e-08	-0.0036164	-1.51479e-12	4.85916e-10	3.08637e-11	0.000123069
-22.8752	-1.68648e-08	-0.0036164	-1.51479e-12	4.91686e-10	1.4729e-11	0.000124551
-22.8751	-1.68654e-08	-0.0036164	-1.51478e-12	4.97342e-10	-4.37587e-11	0.000126007
-22.8751	-1.68662e-08	-0.0036164	-1.51478e-12	5.0282e-10	-1.00057e-12	0.000127425
-22.875	-1.68669e-08	-0.0036164	-1.51477e-12	5.08214e-10	-1.26822e-11	0.000128811
-22.8749	-1.68678e-08	-0.0036164	-1.51477e-12	5.13456e-10	3.15339e-11	0.000130166
-22.8749	-1.68685e-08	-0.0036164	-1.51476e-12	5.18516e-10	-6.00009e-11	0.000131479
-22.8748	-1.68694e-08	-0.0036164	-1.51476e-12	5.23506e-10	5.93755e-11	0.000132759
-22.8747	-1.68702e-08	-0.0036164	-1.51476e-12	5.28295e-10	4.98267e-11	0.000134005
-22.8747	-1.68707e-08	-0.0036164	-1.51475e-12	5.32926e-10	3.4625e-11	0.000135206
-22.8746	-1.68712e-08	-0.0036164	-1.51474e-12	5.37484e-10	-9.66783e-11	0.000136376
-22.8745	-1.6872e-08	-0.0036164	-1.51473e-12	5.418e-10	-6.43411e-11	0.000137507
-22.8745	-1.6873e-08	-0.0036164	-1.51473e-12	5.45982e-10	-1.14641e-11	0.00013859
-22.8744	-1.68741e-08	-0.0036164	-1.51473e-12	5.50085e-10	-7.50025e-12	0.000139646
-22.8743	-1.68752e-08	-0.0036164	-1.51473e-12	5.53898e-10	1.22509e-10	0.000140655
-22.8742	-1.68759e-08	-0.0036164	-1.51472e-12	5.57625e-10	7.46712e-11	0.000141615
-22.8742	-1.68763e-08	-0.0036164	-1.51471e-12	5.61241e-10	-1.00835e-10	0.000142551
-22.8741	-1.68771e-08	-0.0036164	-1.5147e-12	5.64552e-10	-5.55741e-11	0.000143434
-22.874	-1.68781e-08	-0.0036164	-1.5147e-12	5.67823e-10	-5.79562e-11	0.000144272
-22.874	-1.68793e-08	-0.0036164	-1.5147e-12	5.70934e-10	5.37376e-11	0.000145086
-22.8739	-1.68804e-08	-0.0036164	-1.5147e-12	5.73742e-10	3.20025e-11	0.00014584
-22.8738	-1.68813e-08	-0.0036164	-1.51469e-12	5.76553e-10	2.73337e-11	0.000146556
-22.8737	-1.68821e-08	-0.00361641	-1.51469e-12	5.79118e-10	4.29557e-11	0.000147241
-22.8737	-1.68828e-08	-0.00361641	-1.51468e-12	5.81443e-10	5.79191e-12	0.000147864
-22.8736	-1.68834e-08	-0.00361641	-1.51467e-12	5.83783e-10	-4.3388e-11	0.000148458
-22.8735	-1.68842e-08	-0.00361641	-1.51466e-12	5.85781e-10	-1.80767e-11	0.000149011
-22.8734	-1.68851e-08	-0.00361641	-1.51466e-12	5.8764e-10	-3.49619e-11	0.000149503
-22.8734	-1.68861e-08	-0.00361641	-1.51465e-12	5.89489e-10	2.45839e-11	0.000149975
-22.8733	-1.6887e-08	-0.00361641	-1.51465e-12	5.90918e-10	-4.0853e-11	0.000150393
-22.8732	-1.68881e-08	-0.00361641	-1.51464e-12	5.92326e-10	4.49432e-11	0.000150754
-22.8731	-1.6889e-08	-0.00361641	-1.51464e-12	5.93646e-10	-1.63314e-11	0.000151102
-22.8731	-1.689e-08	-0.00361641	-1.51463e-12	5.94535e-10	2.92114e-11	0.000151384
-22.873	-1.68908e-08	-0.00361641	-1.51463e-12	5.95487e-10	9.78714e-12	0.000151618
-22.8729	-1.68917e-08	-0.00361641	-1.51462e-12	5.96244e-10	1.17437e-13	0.000151836
-22.8728	-1.68925e-08	-0.00361641	-1.51461e-12	5.96616e-10	-6.97017e-11	0.00015198
-22.8728	-1.68936e-08	-0.00361641	-1.51461e-12	5.97104e-10	2.52874e-11	0.000152089
-22.8727	-1.68946e-08	-0.00361641	-1.5146e-12	5.97276e-10	-1.8923e-11	0.000152173
-22.8726	-1.68957e-08	-0.00361641	-1.5146e-12	5.97152e-10	7.03717e-11	0.00015218
-22.8725	-1.68965e-08	-0.00361641	-1.51459e-12	5.97151e-10	-1.38482e-12	0.000152164
-22.8725	-1.68973e-08	-0.00361641	-1.51459e-12	5.96718e-10	2.31147e-11	0.000152108
-22.8724	-1.6898e-08	-0.00361641	-1.51458e-12	5.96091e-10	-2.47438e-11	0.000151973
-22.8723	-1.68988e-08	-0.00361641	-1.51457e-12	5.95578e-10	-1.31064e-13	0.000151828
-22.8722	-1.68996e-08	-0.00361641	-1.51456e-12	5.94527e-10	-2.35026e-11	0.000151629
-22.8722	-1.69005e-08	-0.00361641	-1.51456e-12	5.9338e-10	-6.2051e-11	0.000151349
-22.8721	-1.69016e-08	-0.00361641	-1.51455e-12	5.9232e-10	5.87147e-12	0.000151068
-22.872	-1.69028e-08	-0.00361641	-1.51455e-12	5.90646e-10	6.57906e-11	0.000150719
-22.8719	-1.69036e-08	-0.00361641	-1.51454e-12	5.88929e-10	-1.05865e-11	0.000150287
-22.8719	-1.69045e-08	-0.00361641	-1.51454e-12	5.87293e-10	2.11169e-11	0.00014986
-22.8718	-1.69053e-08	-0.00361641	-1.51453e-12	5.84969e-10	2.31244e-11	0.000149355
-22.8717	-1.69061e-08	-0.00361641	-1.51452e-12	5.82615e-10	-2.27887e-12	0.000148759
-22.8716	-1.69068e-08	-0.00361641	-1.51451e-12	5.80363e-10	1.2726e-11	0.000148172
-22.8716	-1.69075e-08	-0.00361641	-1.5145e-12	5.77369e-10	-4.95406e-11	0.000147504
-22.8715	-1.69083e-08	-0.00361641	-1.5145e-12	5.74269e-10	-7.44497e-11	0.000146727
-22.8714	-1.69095e-08	-0.00361641	-1.5145e-12	5.71345e-10	3.8037e-11	0.000145959
-22.8713	-1.69104e-08	-0.00361641	-1.51449e-12	5.67685e-10	6.75599e-11	0.00014512
-22.8713	-1.69112e-08	-0.00361641	-1.51448e-12	5.6369e-10	5.77279e-11	0.000144145
-22.8712	-1.69117e-08	-0.00361642	-1.51447e-12	5.59976e-10	5.85874e-12	0.000143163
-22.8711	-1.69122e-08	-0.00361642	-1.51446e-12	5.55721e-10	-3.49181e-11	0.000142147
-22.871	-1.69128e-08	-0.00361642	-1.51445e-12	5.50661e-10	-3.7434e-11	0.00014096
-22.871	-1.69135e-08	-0.00361642	-1.51445e-12	5.45958e-10	-9.74837e-11	0.000139716
-22.8709	-1.69146e-08	-0.00361642	-1.51444e-12	5.41125e-10	-8.16012e-11	0.000138501
-22.8708	-1.6916e-08	-0.00361642	-1.51444e-12	5.35068e-10	2.78363e-11	0.000137113
-22.8708	-1.69172e-08	-0.00361642	-1.51444e-12	5.29026e-10	3.74768e-11	0.000135572
-22.8707	-1.69183e-08	-0.00361642	-1.51444e-12	5.23265e-10	2.0347e-10	0.000134068
-22.8706	-1.69187e-08	-0.00361642	-1.51443e-12	5.16844e-10	2.33019e-10	0.000132516
-22.8706	-1.69183e-08	-0.00361642	-1.51441e-12	5.09212e-10	2.33047e-10	0.000130725
-22.8705	-1.69172e-08	-0.00361642	-1.51438e-12	5.01949e-10	2.90935e-11	0.000128827
-22.8704	-1.6916e-08	-0.00361642	-1.51435e-12	4.94872e-10	-2.86976e-10	0.000127
-22.8704	-1.69157e-08	-0.00361642	-1.51433e-12	4.86962e-10	-4.40878e-10	0.00012509
-22.8703	-1.69168e-08	-0.00361642	-1.51433e-12	4.77814e-10	-3.08537e-10	0.000122916
-22.8703	-1.69189e-08	-0.00361642	-1.51434e-12	4.69051e-10	-1.37455e-10	0.000120634
-22.8702	-1.69213e-08	-0.00361642	-1.51436e-12	4.60597e-10	-1.14971e-10	0.000118441
-22.8701	-1.69239e-08	-0.00361642	-1.51438e-12	4.51782e-10	1.09488e-10	0.00011624
-22.8701	-1.69263e-08	-0.00361642	-1.51439e-12	4.41528e-10	3.75814e-10	0.00011381
-22.87	-1.69275e-08	-0.00361642	-1.51439e-12	4.31221e-10	4.67738e-10	0.000111191
-22.87	-1.69274e-08	-0.00361642	-1.51438e-12	4.2148e-10	4.59488e-10	0.000108636
-22.8699	-1.6926e-08	-0.00361642	-1.51435e-12	4.12044e-10	4.38482e-10	0.000106193
-22.8699	-1.69236e-08	-0.00361642	-1.51431e-12	4.02396e-10	3.66873e-10	0.000103761
-22.8698	-1.69202e-08	-0.00361642	-1.51425e-12	3.91695e-10	1.73902e-10	0.000101168
-22.8698	-1.69165e-08	-0.00361642	-1.5142e-12	3.80984e-10	-9.53819e-11	9.84401e-05
-22.8697	-1.69132e-08	-0.00361642	-1.51414e-12	3.7105e-10	-4.42096e-10	9.58097e-05
-22.8697	-1.6911e-08	-0.00361642	-1.51411e-12	3.61842e-10	-8.49028e-10	9.33707e-05
-22.8696	-1.69108e-08	-0.00361642	-1.51409e-12	3.53232e-10	-1.13493e-09	9.11005e-05
-22.8696	-1.69131e-08	-0.00361642	-1.51411e-12	3.44826e-10	-9.77345e-10	8.89326e-05
-22.8695	-1.69176e-08	-0.00361642	-1.51415e-12	3.36131e-10	-3.95004e-10	8.67537e-05
-22.8695	-1.69227e-08	-0.00361642	-1.51421e-12	3.27545e-10	-1.6334e-10	8.45519e-05
-22.8694	-1.69281e-08	-0.00361642	-1.51426e-12	3.19923e-10	3.37814e-10	8.24868e-05
-22.8694	-1.69327e-08	-0.00361642	-1.51431e-12	3.1332e-10	4.47701e-10	8.06743e-05
-22.8694	-1.69363e-08	-0.00361642	-1.51435e-12	3.07655e-10	5.20724e-10	7.91113e-05
-22.8693	-1.69388e-08	-0.00361642	-1.51437e-12	3.02845e-10	3.65634e-10	7.77768e-05
-22.8693	-1.69405e-08	-0.00361642	-1.51438e-12	2.98762e-10	4.98074e-10	7.66438e-05
-22.8692	-1.69413e-08	-0.00361642	-1.51438e-12	2.95273e-10	6.82123e-10	7.56791e-05
-22.8692	-1.69408e-08	-0.00361642	-1.51436e-12	2.92168e-10	6.46814e-10	7.48389e-05
-22.8692	-1.69391e-08	-0.00361642	-1.51433e-12	2.89712e-10	3.89316e-10	7.41304e-05
-22.8691	-1.69367e-08	-0.00361642	-1.5143e-12	2.88378e-10	6.34682e-10	7.36474e-05
-22.8691	-1.69331e-08	-0.00361642	-1.51424e-12	2.88076e-10	3.93478e-10	7.3439e-05
-22.8691	-1.69288e-08	-0.00361642	-1.51418e-12	2.88758e-10	-6.87876e-11	7.34875e-05
-22.869	-1.69246e-08	-0.00361642	-1.51412e-12	2.90395e-10	-2.69103e-10	7.3783e-05
-22.869	-1.6921e-08	-0.00361642	-1.51407e-12	2.92929e-10	-2.74784e-10	7.43144e-05
-22.869	-1.69177e-08	-0.00361642	-1.51402e-12	2.96331e-10	-2.39877e-10	7.50707e-05
-22.8689	-1.69149e-08	-0.00361642	-1.51398e-12	3.00556e-10	-8.40093e-11	7.60423e-05
-22.8689	-1.69123e-08	-0.00361642	-1.51394e-12	3.05581e-10	-2.09641e-10	7.72208e-05
-22.8688	-1.69099e-08	-0.00361642	-1.5139e-12	3.11364e-10	-6.22863e-10	7.85979e-05
-22.8688	-1.69088e-08	-0.00361642	-1.51387e-12	3.17914e-10	-1.50641e-10	8.01692e-05
-22.8688	-1.6908e-08	-0.00361642	-1.51385e-12	3.27319e-10	-4.83825e-10	8.2202e-05
-22.8687	-1.69081e-08	-0.00361642	-1.51385e-12	3.411e-10	-1.14717e-10	8.51561e-05
-22.8687	-1.69085e-08	-0.00361642	-1.51384e-12	3.5758e-10	-1.15306e-10	8.90117e-05
-22.8686	-1.69092e-08	-0.00361642	-1.51384e-12	3.76561e-10	-1.49425e-10	9.35298e-05
-22.8686	-1.69103e-08	-0.00361642	-1.51384e-12	3.98104e-10	4.59343e-11	9.86932e-05
-22.8685	-1.69113e-08	-0.00361642	-1.51384e-12	4.22521e-10	1.95079e-11	0.000104549
-22.8685	-1.69123e-08	-0.00361642	-1.51384e-12	4.50127e-10	1.00435e-10	0.000111178
-22.8684	-1.69131e-08	-0.00361642	-1.51384e-12	4.81511e-10	-1.30345e-10	0.000118694
-22.8684	-1.69144e-08	-0.00361643	-1.51384e-12	5.17296e-10	1.3036e-10	0.000127253
-22.8683	-1.69153e-08	-0.00361643	-1.51383e-12	5.58642e-10	1.18957e-11	0.000137081
-22.8682	-1.69163e-08	-0.00361643	-1.51383e-12	6.0697e-10	3.16483e-11	0.000148508
-22.8681	-1.69172e-08	-0.00361643	-1.51382e-12	6.65012e-10	4.29316e-11	0.000162062
-22.8681	-1.6918e-08	-0.00361643	-1.51381e-12	7.37862e-10	9.69836e-11	0.000178742
-22.868	-1.69185e-08	-0.00361643	-1.51379e-12	8.42216e-10	1.53512e-10	0.000201325
-22.8679	-1.69182e-08	-0.00361643	-1.51377e-12	9.85695e-10	1.29573e-10	0.00023291
-22.8677	-1.6917e-08	-0.00361643	-1.51372e-12	1.18478e-09	6.27378e-11	0.000276571
-22.8676	-1.69151e-08	-0.00361643	-1.51366e-12	1.48225e-09	3.69153e-12	0.000339866
-22.8674	-1.69128e-08	-0.00361643	-1.51359e-12	1.99022e-09	-1.65673e-11	0.000442554
-22.8671	-1.69098e-08	-0.00361643	-1.51349e-12	3.08666e-09	1.3079e-11	0.000647175
-22.8667	-1.69049e-08	-0.00361643	-1.51334e-12	6.53929e-09	3.99066e-11	0.00122794
-22.8659	-1.68929e-08	-0.00361643	-1.51301e-12	5.18894e-08	-4.0277e-11	0.00753432
-22.8592	-1.68099e-08	-0.00361645	-1.51056e-12	-0.056029	-2.68041e-10	59.996
37.1301	1.68877e-08	-0.0133527	1.54384e-12	-0.096034	9.14535e-12	119.997
