12.0145	5.74384e-13	-0.00347867	-1.7168e-16	0.0400001	-7.63408e-12	60.0101
12.0246	-3.25044e-12	-0.00348086	-1.02244e-15	5.23973e-09	8.32684e-11	0.0106894
12.0252	-7.22826e-13	-0.00348101	-4.59822e-16	2.82145e-09	9.19929e-11	0.00102805
12.0256	2.29178e-12	-0.00348109	2.10679e-16	2.14081e-09	-2.03742e-11	0.000632543
12.0259	4.30079e-12	-0.00348114	6.57392e-16	1.91257e-09	-7.20171e-11	0.000516622
12.0261	5.21776e-12	-0.0034812	8.61135e-16	1.83144e-09	-5.21203e-11	0.000477172
12.0263	5.48754e-12	-0.00348125	9.21023e-16	1.81242e-09	-1.1151e-11	0.000464401
12.0266	5.62573e-12	-0.0034813	9.51583e-16	1.82396e-09	8.90913e-12	0.000463448
12.0268	5.86835e-12	-0.00348135	1.00542e-15	1.85115e-09	7.86082e-12	0.000468386
12.027	6.20732e-12	-0.0034814	1.08051e-15	1.88777e-09	-9.34497e-13	0.000476522
12.0273	6.54175e-12	-0.00348145	1.15471e-15	1.92946e-09	-7.52533e-12	0.000486507
12.0275	6.79105e-12	-0.0034815	1.20992e-15	1.97523e-09	-1.09161e-11	0.00049766
12.0278	6.90885e-12	-0.00348156	1.23591e-15	2.02344e-09	-6.06486e-12	0.000509644
12.028	6.95133e-12	-0.00348161	1.24519e-15	2.07428e-09	-8.71795e-12	0.000522275
12.0283	6.87963e-12	-0.00348167	1.22901e-15	2.12693e-09	-5.57452e-12	0.000535473
12.0286	6.73056e-12	-0.00348173	1.19574e-15	2.18188e-09	-5.80422e-12	0.000549195
12.0288	6.49692e-12	-0.00348179	1.14367e-15	2.23863e-09	-6.11632e-12	0.00056344
12.0291	6.16993e-12	-0.00348185	1.07087e-15	2.29768e-09	-8.06524e-12	0.000578208
12.0294	5.71622e-12	-0.00348191	9.70009e-16	2.35867e-09	-2.69143e-12	0.000593518
12.0297	5.21e-12	-0.00348198	8.57494e-16	2.42202e-09	-5.45148e-12	0.000609377
12.03	4.60601e-12	-0.00348204	7.23335e-16	2.48747e-09	-4.43457e-12	0.000625805
12.0304	3.9154e-12	-0.00348211	5.70007e-16	2.55532e-09	-1.01852e-12	0.000642807
12.0307	3.18934e-12	-0.00348218	4.08845e-16	2.62533e-09	3.31586e-12	0.000660392
12.031	2.49887e-12	-0.00348225	2.55626e-16	2.69796e-09	-8.46946e-13	0.000678586
12.0314	1.77471e-12	-0.00348233	9.50772e-17	2.77347e-09	8.34916e-12	0.000697483
12.0317	1.17787e-12	-0.0034824	-3.72535e-17	2.8521e-09	2.25261e-12	0.000717148
12.0321	6.0505e-13	-0.00348248	-1.64221e-16	2.93369e-09	1.04174e-11	0.000737589
12.0324	2.10632e-13	-0.00348256	-2.51588e-16	3.01842e-09	9.31487e-12	0.000758807
12.0328	-1.59634e-14	-0.00348264	-3.01794e-16	3.1062e-09	1.07082e-11	0.000780816
12.0332	-3.71278e-14	-0.00348273	-3.06402e-16	3.19742e-09	7.54011e-12	0.000803655
12.0336	9.4771e-14	-0.00348282	-2.77209e-16	3.29248e-09	8.92e-12	0.000827424
12.0341	4.17815e-13	-0.00348291	-2.05612e-16	3.39156e-09	4.89759e-12	0.000852197
12.0345	8.56479e-13	-0.003483	-1.08511e-16	3.49429e-09	2.79331e-12	0.00087795
12.0349	1.37067e-12	-0.00348309	5.27521e-18	3.60072e-09	-2.5817e-12	0.000904641
12.0354	1.84127e-12	-0.00348319	1.09316e-16	3.71102e-09	-3.13054e-12	0.000932301
12.0359	2.25223e-12	-0.00348329	2.00112e-16	3.82612e-09	-6.53499e-12	0.000961068
12.0364	2.51653e-12	-0.0034834	2.58508e-16	3.94574e-09	-5.39776e-12	0.000991028
12.0369	2.65332e-12	-0.0034835	2.88637e-16	4.06929e-09	-4.95979e-12	0.00102207
12.0374	2.6657e-12	-0.00348361	2.91275e-16	4.19662e-09	-3.88768e-12	0.00105409
12.0379	2.57444e-12	-0.00348373	2.71016e-16	4.32855e-09	-1.39382e-12	0.00108719
12.0385	2.44184e-12	-0.00348384	2.41598e-16	4.46516e-09	-7.82829e-14	0.00112148
12.039	2.30283e-12	-0.00348396	2.10753e-16	4.6051e-09	1.24799e-12	0.00115679
12.0396	2.1961e-12	-0.00348409	1.87162e-16	4.74777e-09	2.09968e-12	0.00119287
12.0402	2.14963e-12	-0.00348422	1.76805e-16	4.89377e-09	1.76101e-12	0.00122973
12.0408	2.15669e-12	-0.00348435	1.78273e-16	5.04188e-09	9.63961e-13	0.00126729
12.0415	2.19496e-12	-0.00348448	1.86593e-16	5.18953e-09	3.16663e-13	0.00130507
12.0422	2.24483e-12	-0.00348462	1.97438e-16	5.33493e-09	-1.46284e-13	0.0013425
12.0428	2.29113e-12	-0.00348477	2.07521e-16	5.47759e-09	-3.1088e-13	0.00137929
12.0435	2.3278e-12	-0.00348491	2.15457e-16	5.63073e-09	-1.88545e-13	0.00141708
12.0443	2.35873e-12	-0.00348506	2.22171e-16	5.79705e-09	-2.54216e-13	0.00145789
12.045	2.38117e-12	-0.00348522	2.26996e-16	5.97466e-09	-1.31409e-13	0.00150184
12.0458	2.39929e-12	-0.00348538	2.30824e-16	6.16195e-09	-1.18109e-13	0.00154846
12.0465	2.41334e-12	-0.00348554	2.3381e-16	6.35749e-09	-2.73631e-14	0.00159738
12.0473	2.42673e-12	-0.00348571	2.36582e-16	6.56265e-09	-2.35803e-14	0.0016486
12.0482	2.43956e-12	-0.00348589	2.39208e-16	6.77652e-09	5.48041e-14	0.00170216
12.0491	2.45518e-12	-0.00348607	2.42506e-16	6.99736e-09	1.79098e-14	0.00175773
12.0499	2.47211e-12	-0.00348626	2.46025e-16	7.22616e-09	-1.20065e-13	0.00181521
12.0509	2.48406e-12	-0.00348645	2.48441e-16	7.46152e-09	-6.58702e-14	0.00187456
12.0518	2.49326e-12	-0.00348665	2.5034e-16	7.70071e-09	-8.02028e-14	0.00193524
12.0528	2.49881e-12	-0.00348685	2.51289e-16	7.94444e-09	-1.10066e-13	0.001997
12.0538	2.49896e-12	-0.00348706	2.51128e-16	8.19002e-09	1.57962e-13	0.00205959
12.0549	2.50737e-12	-0.00348728	2.52775e-16	8.43466e-09	-5.99099e-14	0.0021223
12.0559	2.51281e-12	-0.0034875	2.53795e-16	8.67856e-09	-1.37621e-13	0.0021848
12.057	2.51078e-12	-0.00348773	2.53098e-16	8.91746e-09	6.69395e-14	0.00224658
12.0582	2.51251e-12	-0.00348796	2.53199e-16	9.14874e-09	2.23001e-13	0.00230675
12.0594	2.52731e-12	-0.0034882	2.56214e-16	9.3958e-09	-7.299e-14	0.00236797
12.0606	2.53813e-12	-0.00348845	2.58336e-16	9.66293e-09	-9.46688e-14	0.00243379
12.0618	2.54341e-12	-0.0034887	2.5925e-16	9.93432e-09	-9.34133e-14	0.00250273
12.0631	2.54292e-12	-0.00348896	2.58902e-16	1.02059e-08	4.3209e-14	0.00257225
12.0644	2.54523e-12	-0.00348923	2.59114e-16	1.04728e-08	2.26808e-14	0.0026412
12.0657	2.54912e-12	-0.0034895	2.59686e-16	1.0737e-08	3.77713e-14	0.00270922
12.0671	2.5557e-12	-0.00348978	2.60826e-16	1.09977e-08	6.22641e-14	0.00277646
12.0685	2.56681e-12	-0.00349006	2.62974e-16	1.12577e-08	4.13164e-14	0.00284317
12.0699	2.58116e-12	-0.00349035	2.65787e-16	1.15301e-08	-5.4992e-14	0.00291138
12.0714	2.5918e-12	-0.00349065	2.67778e-16	1.18231e-08	3.29786e-14	0.00298383
12.0729	2.60521e-12	-0.00349096	2.70397e-16	1.21124e-08	-6.85944e-14	0.00305846
12.0744	2.61363e-12	-0.00349127	2.71847e-16	1.23864e-08	-4.05017e-15	0.00313068
12.076	2.62193e-12	-0.00349159	2.73313e-16	1.26451e-08	1.00434e-13	0.00319897
12.0776	2.63852e-12	-0.00349191	2.76527e-16	1.28977e-08	7.18622e-14	0.00326452
12.0793	2.66136e-12	-0.00349224	2.81151e-16	1.31489e-08	2.53027e-14	0.00332913
12.081	2.68678e-12	-0.00349257	2.86215e-16	1.34232e-08	-3.6398e-14	0.00339652
12.0827	2.7096e-12	-0.00349292	2.90732e-16	1.37082e-08	-4.96596e-14	0.00346826
12.0844	2.72856e-12	-0.00349326	2.94451e-16	1.39669e-08	-6.26228e-14	0.00353801
12.0862	2.74229e-12	-0.00349362	2.96946e-16	1.42096e-08	6.49132e-14	0.00360234
12.088	2.76215e-12	-0.00349398	3.008e-16	1.444e-08	7.67609e-14	0.00366305
12.0899	2.78942e-12	-0.00349434	3.06263e-16	1.46802e-08	-5.93393e-14	0.00372344
12.0918	2.81158e-12	-0.00349471	3.10484e-16	1.49389e-08	-7.4684e-14	0.00378747
12.0937	2.827e-12	-0.00349508	3.13356e-16	1.51745e-08	-1.91316e-14	0.00385093
12.0956	2.84081e-12	-0.00349546	3.15884e-16	1.53919e-08	5.76399e-14	0.00390909
12.0976	2.86048e-12	-0.00349585	3.19596e-16	1.55969e-08	-1.22618e-14	0.00396332
12.0996	2.8792e-12	-0.00349623	3.2304e-16	1.58152e-08	-4.77891e-14	0.00401768
12.1016	2.89335e-12	-0.00349663	3.25529e-16	1.60317e-08	-9.20553e-14	0.00407352
12.1037	2.89825e-12	-0.00349702	3.26116e-16	1.62251e-08	-2.79697e-14	0.00412617
12.1057	2.90031e-12	-0.00349742	3.2598e-16	1.64047e-08	9.42985e-14	0.00417409
12.1078	2.91228e-12	-0.00349783	3.28007e-16	1.65849e-08	-2.37721e-14	0.00422032
12.1099	2.92187e-12	-0.00349824	3.2947e-16	1.67686e-08	3.70408e-15	0.00426707
12.1121	2.93196e-12	-0.00349865	3.31071e-16	1.69294e-08	1.71048e-15	0.00431134
12.1143	2.94233e-12	-0.00349906	3.32675e-16	1.7078e-08	3.33676e-14	0.0043511
12.1164	2.95644e-12	-0.00349947	3.35108e-16	1.72259e-08	-5.76537e-14	0.0043892
12.1186	2.96432e-12	-0.00349989	3.36147e-16	1.73694e-08	-5.05238e-15	0.00442664
12.1209	2.97171e-12	-0.00350031	3.3711e-16	1.74938e-08	3.1219e-15	0.00446107
12.1231	2.97949e-12	-0.00350074	3.38232e-16	1.76085e-08	3.41741e-14	0.0044918
12.1254	2.99118e-12	-0.00350116	3.40023e-16	1.77227e-08	2.75439e-15	0.00452123
12.1276	3.00326e-12	-0.00350159	3.41971e-16	1.78232e-08	-3.69736e-14	0.00454884
12.1299	3.01118e-12	-0.00350201	3.43032e-16	1.79102e-08	-4.9346e-14	0.00457294
12.1322	3.0135e-12	-0.00350244	3.42871e-16	1.79923e-08	1.07488e-14	0.00459467
12.1345	3.01706e-12	-0.00350287	3.42991e-16	1.80663e-08	4.26745e-14	0.00461474
12.1368	3.02556e-12	-0.0035033	3.44162e-16	1.81265e-08	-1.57342e-14	0.004632
12.1391	3.03228e-12	-0.00350373	3.44883e-16	1.8179e-08	1.20701e-15	0.0046465
12.1415	3.03915e-12	-0.00350416	3.45652e-16	1.82247e-08	-3.94591e-14	0.00465913
12.1438	3.04143e-12	-0.00350458	3.45513e-16	1.82583e-08	4.58161e-15	0.00466932
12.1461	3.04426e-12	-0.00350501	3.4542e-16	1.82833e-08	-4.3554e-15	0.00467685
12.1485	3.04658e-12	-0.00350544	3.45321e-16	1.83015e-08	-2.94076e-15	0.00468241
12.1508	3.04856e-12	-0.00350587	3.45037e-16	1.83084e-08	1.09073e-14	0.00468564
12.1532	3.05182e-12	-0.00350629	3.45052e-16	1.8308e-08	3.49105e-15	0.00468647
12.1555	3.05548e-12	-0.00350672	3.45197e-16	1.82996e-08	-2.66153e-14	0.00468534
12.1578	3.05603e-12	-0.00350714	3.44595e-16	1.82813e-08	-5.51285e-15	0.00468191
12.1602	3.05593e-12	-0.00350756	3.43939e-16	1.82567e-08	-1.21866e-14	0.00467638
12.1625	3.05441e-12	-0.00350798	3.42992e-16	1.82236e-08	1.19142e-14	0.00466897
12.1649	3.05428e-12	-0.0035084	3.42278e-16	1.81815e-08	-3.98316e-14	0.00465931
12.1672	3.04952e-12	-0.00350882	3.40666e-16	1.81345e-08	2.80313e-14	0.00464785
12.1695	3.04802e-12	-0.00350923	3.39707e-16	1.80784e-08	2.42749e-14	0.00463459
12.1718	3.04934e-12	-0.00350965	3.39382e-16	1.80149e-08	1.65211e-14	0.00461922
12.1741	3.05255e-12	-0.00351005	3.39321e-16	1.79474e-08	-6.5936e-14	0.00460237
12.1764	3.04818e-12	-0.00351046	3.37849e-16	1.78703e-08	-4.90738e-14	0.00458377
12.1787	3.03822e-12	-0.00351086	3.35166e-16	1.77877e-08	-1.6724e-14	0.00456324
12.181	3.0264e-12	-0.00351126	3.32127e-16	1.77015e-08	-1.48452e-14	0.00454153
12.1832	3.01296e-12	-0.00351166	3.28846e-16	1.76053e-08	7.62549e-14	0.00451809
12.1855	3.00818e-12	-0.00351206	3.27244e-16	1.75059e-08	4.69062e-14	0.00449295
12.1877	3.00868e-12	-0.00351245	3.26716e-16	1.74028e-08	-8.0415e-14	0.00446692
12.19	3.00022e-12	-0.00351284	3.24432e-16	1.72902e-08	-5.11042e-14	0.0044392
12.1922	2.98617e-12	-0.00351322	3.21068e-16	1.71766e-08	-5.61141e-14	0.00441012
12.1944	2.96604e-12	-0.0035136	3.16379e-16	1.70584e-08	3.03132e-14	0.00438033
12.1966	2.94936e-12	-0.00351398	3.12487e-16	1.69319e-08	1.47697e-14	0.00434889
12.1987	2.93441e-12	-0.00351435	3.089e-16	1.68061e-08	1.21127e-14	0.00431647
12.2009	2.92086e-12	-0.00351472	3.05713e-16	1.66741e-08	2.68584e-14	0.00428335
12.203	2.91029e-12	-0.00351509	3.03016e-16	1.65364e-08	-4.30867e-15	0.0042487
12.2051	2.89935e-12	-0.00351545	3.00337e-16	1.64004e-08	-4.92628e-14	0.00421353
12.2072	2.88334e-12	-0.00351581	2.96613e-16	1.62562e-08	-2.85044e-14	0.00417753
12.2093	2.8645e-12	-0.00351616	2.92398e-16	1.61098e-08	-4.63168e-14	0.0041402
12.2114	2.84106e-12	-0.00351651	2.87192e-16	1.59648e-08	9.99007e-15	0.00410278
12.2134	2.81885e-12	-0.00351686	2.82316e-16	1.58104e-08	-5.53389e-14	0.00406432
12.2154	2.79126e-12	-0.0035172	2.76408e-16	1.56575e-08	3.08127e-14	0.00402485
12.2174	2.76703e-12	-0.00351754	2.71162e-16	1.55044e-08	-3.20283e-14	0.00398555
12.2194	2.73985e-12	-0.00351787	2.65364e-16	1.53423e-08	1.61554e-14	0.00394507
12.2214	2.71455e-12	-0.0035182	2.59995e-16	1.51842e-08	-4.00275e-15	0.00390396
12.2233	2.68912e-12	-0.00351853	2.54566e-16	1.50236e-08	-1.49564e-14	0.00386306
12.2252	2.66253e-12	-0.00351885	2.48939e-16	1.4856e-08	-9.77834e-14	0.00382093
12.2271	2.62694e-12	-0.00351917	2.41609e-16	1.4694e-08	1.14518e-14	0.00377861
12.229	2.59282e-12	-0.00351948	2.34609e-16	1.45269e-08	-4.19394e-14	0.00373637
12.2309	2.55519e-12	-0.00351979	2.26897e-16	1.43556e-08	6.95045e-14	0.00369294
12.2327	2.52439e-12	-0.0035201	2.20583e-16	1.41902e-08	-1.88874e-14	0.00364973
12.2345	2.49223e-12	-0.0035204	2.13972e-16	1.40175e-08	1.31976e-14	0.00360635
12.2363	2.46165e-12	-0.00352069	2.07701e-16	1.38435e-08	-5.07606e-14	0.00356186
12.2381	2.42695e-12	-0.00352099	2.00717e-16	1.36752e-08	-1.88182e-14	0.00351793
12.2398	2.39104e-12	-0.00352127	1.93467e-16	1.34978e-08	-5.27737e-14	0.00347359
12.2416	2.35103e-12	-0.00352156	1.85461e-16	1.33216e-08	-1.11883e-13	0.00342824
12.2433	2.30203e-12	-0.00352184	1.75725e-16	1.31507e-08	-1.57738e-14	0.00338372
12.2449	2.25233e-12	-0.00352211	1.65959e-16	1.29696e-08	7.63188e-14	0.00333857
12.2466	2.20965e-12	-0.00352238	1.57502e-16	1.27911e-08	-3.84603e-14	0.00329245
12.2482	2.16441e-12	-0.00352265	1.4865e-16	1.26178e-08	1.11223e-14	0.00324734
12.2498	2.12068e-12	-0.00352291	1.40067e-16	1.24333e-08	1.59376e-14	0.00320147
12.2514	2.07886e-12	-0.00352317	1.31918e-16	1.22519e-08	-2.52264e-14	0.00315456
12.253	2.03567e-12	-0.00352343	1.2348e-16	1.20763e-08	1.13267e-16	0.00310879
12.2545	1.99312e-12	-0.00352368	1.1519e-16	1.18889e-08	-1.087e-13	0.00306226
12.2561	1.94297e-12	-0.00352392	1.05491e-16	1.17033e-08	-1.58722e-13	0.00301446
12.2576	1.88174e-12	-0.00352416	9.37421e-17	1.15249e-08	4.02055e-14	0.00296781
12.259	1.82441e-12	-0.0035244	8.2767e-17	1.13356e-08	9.88329e-14	0.0029207
12.2605	1.77518e-12	-0.00352463	7.33202e-17	1.11436e-08	8.63739e-14	0.00287184
12.2619	1.73293e-12	-0.00352486	6.52486e-17	1.09611e-08	-9.5336e-15	0.00282386
12.2633	1.69071e-12	-0.00352509	5.71657e-17	1.07719e-08	-9.07819e-14	0.00277624
12.2647	1.64297e-12	-0.00352531	4.80701e-17	1.05713e-08	-9.97687e-14	0.00272631
12.266	1.58939e-12	-0.00352552	3.79288e-17	1.03816e-08	-2.28839e-13	0.00267633
12.2674	1.5216e-12	-0.00352574	2.51872e-17	1.01935e-08	-2.05647e-13	0.00262794
12.2687	1.44165e-12	-0.00352594	1.01346e-17	9.98653e-09	2.21414e-14	0.00257735
12.2699	1.36475e-12	-0.00352615	-4.31342e-18	9.78421e-09	4.59845e-14	0.00252494
12.2712	1.29228e-12	-0.00352635	-1.79063e-17	9.59123e-09	4.22506e-13	0.00247433
12.2724	1.24712e-12	-0.00352654	-2.63175e-17	9.39028e-09	5.11538e-13	0.0024239
12.2736	1.23357e-12	-0.00352673	-2.88779e-17	9.17182e-09	5.36227e-13	0.00237022
12.2748	1.25174e-12	-0.00352692	-2.54611e-17	8.96443e-09	7.71162e-14	0.00231571
12.2759	1.27391e-12	-0.0035271	-2.13166e-17	8.76455e-09	-6.82849e-13	0.00226359
12.277	1.25738e-12	-0.00352728	-2.44071e-17	8.55412e-09	-1.09116e-12	0.00221109
12.2781	1.18167e-12	-0.00352745	-3.8443e-17	8.32648e-09	-8.07101e-13	0.00215504
12.2792	1.06508e-12	-0.00352762	-6.00819e-17	8.11002e-09	-4.04944e-13	0.00209823
12.2802	9.30565e-13	-0.00352778	-8.50631e-17	7.90309e-09	-3.61145e-13	0.00204407
12.2812	7.81274e-13	-0.00352794	-1.12686e-16	7.694e-09	2.15474e-13	0.00199085
12.2822	6.46521e-13	-0.00352809	-1.37567e-16	7.46469e-09	9.35885e-13	0.00193479
12.2832	5.60375e-13	-0.00352824	-1.53417e-16	7.23882e-09	1.22275e-12	0.00187658
12.2841	5.33321e-13	-0.00352839	-1.58261e-16	7.0265e-09	1.24732e-12	0.00182055
12.285	5.62987e-13	-0.00352853	-1.52725e-16	6.82304e-09	1.2344e-12	0.0017674
12.2859	6.45531e-13	-0.00352867	-1.37355e-16	6.6197e-09	1.07536e-12	0.00171539
12.2867	7.71028e-13	-0.0035288	-1.14068e-16	6.4027e-09	5.58853e-13	0.00166167
12.2875	9.15233e-13	-0.00352893	-8.73583e-17	6.18922e-09	-2.04688e-13	0.00160665
12.2883	1.04654e-12	-0.00352905	-6.31126e-17	5.99177e-09	-1.23055e-12	0.00155414
12.2891	1.12662e-12	-0.00352917	-4.83109e-17	5.80907e-09	-2.4789e-12	0.00150556
12.2898	1.11239e-12	-0.00352928	-5.08995e-17	5.63875e-09	-3.41406e-12	0.00146045
12.2905	9.7579e-13	-0.0035294	-7.60329e-17	5.47421e-09	-3.03605e-12	0.00141767
12.2912	7.37172e-13	-0.0035295	-1.19844e-16	5.30756e-09	-1.33179e-12	0.00137537
12.2919	4.60745e-13	-0.00352961	-1.70585e-16	5.14502e-09	-6.44607e-13	0.00133332
12.2926	1.71642e-13	-0.00352971	-2.2351e-16	4.99978e-09	9.16297e-13	0.00129401
12.2932	-8.00715e-14	-0.00352981	-2.69627e-16	4.87232e-09	1.29452e-12	0.00125918
12.2938	-2.85136e-13	-0.00352991	-3.07026e-16	4.76102e-09	1.56649e-12	0.00122869
12.2944	-4.37949e-13	-0.00353	-3.34876e-16	4.66427e-09	1.10765e-12	0.00120212
12.295	-5.54707e-13	-0.00353009	-3.56091e-16	4.57982e-09	1.57052e-12	0.00117898
12.2956	-6.23481e-13	-0.00353019	-3.68475e-16	4.50545e-09	2.21811e-12	0.0011587
12.2962	-6.27411e-13	-0.00353027	-3.69011e-16	4.43774e-09	2.15525e-12	0.00114056
12.2968	-5.70292e-13	-0.00353036	-3.58358e-16	4.38061e-09	1.34105e-12	0.00112462
12.2973	-4.7645e-13	-0.00353045	-3.41038e-16	4.34094e-09	2.20544e-12	0.00111226
12.2979	-3.22412e-13	-0.00353053	-3.12703e-16	4.3171e-09	1.43028e-12	0.00110415
12.2984	-1.29849e-13	-0.00353062	-2.77427e-16	4.30806e-09	-1.35953e-13	0.00109996
12.299	5.85758e-14	-0.0035307	-2.42863e-16	4.31316e-09	-8.39671e-13	0.00109945
12.2995	2.24131e-13	-0.00353079	-2.12548e-16	4.33128e-09	-8.80461e-13	0.00110242
12.3001	3.66065e-13	-0.00353087	-1.86536e-16	4.36176e-09	-7.77717e-13	0.00110862
12.3006	4.87369e-13	-0.00353096	-1.64383e-16	4.4037e-09	-2.36762e-13	0.00111787
12.3012	6.03192e-13	-0.00353105	-1.43155e-16	4.45656e-09	-6.98309e-13	0.00112997
12.3018	7.00562e-13	-0.00353113	-1.25429e-16	4.51951e-09	-2.22989e-12	0.00114476
12.3023	7.35045e-13	-0.00353122	-1.19078e-16	4.59244e-09	-5.38397e-13	0.00116211
12.3029	7.54317e-13	-0.00353131	-1.15486e-16	4.70507e-09	-1.79853e-12	0.0011858
12.3035	7.20098e-13	-0.00353141	-1.21673e-16	4.87819e-09	-4.51452e-13	0.00122229
12.3041	6.70573e-13	-0.0035315	-1.30571e-16	5.0867e-09	-4.67027e-13	0.00127103
12.3048	6.03779e-13	-0.0035316	-1.42652e-16	5.32685e-09	-6.13604e-13	0.00132833
12.3055	5.12979e-13	-0.00353171	-1.59013e-16	5.59855e-09	1.3095e-13	0.00139371
12.3062	4.22217e-13	-0.00353181	-1.75343e-16	5.90507e-09	2.85622e-14	0.00146758
12.3069	3.27555e-13	-0.00353193	-1.92383e-16	6.24949e-09	3.52991e-13	0.00155076
12.3077	2.41436e-13	-0.00353205	-2.07834e-16	6.6384e-09	-5.78456e-13	0.00164448
12.3086	1.25449e-13	-0.00353218	-2.28578e-16	7.07836e-09	4.77722e-13	0.00175043
12.3095	2.33373e-14	-0.00353232	-2.46832e-16	7.58265e-09	-4.94947e-15	0.00187115
12.3105	-8.63024e-14	-0.00353247	-2.66446e-16	8.16711e-09	7.6658e-14	0.00201039
12.3115	-2.00415e-13	-0.00353263	-2.8671e-16	8.8636e-09	1.2632e-13	0.00217425
12.3126	-3.17133e-13	-0.0035328	-3.07417e-16	9.73246e-09	3.71248e-13	0.00237458
12.3139	-4.22249e-13	-0.00353299	-3.25926e-16	1.0979e-08	6.48345e-13	0.00264543
12.3153	-4.95402e-13	-0.0035332	-3.38622e-16	1.26761e-08	5.75276e-13	0.00302257
12.3169	-5.33299e-13	-0.00353345	-3.44941e-16	1.49932e-08	2.92314e-13	0.00353735
12.3188	-5.50128e-13	-0.00353374	-3.47249e-16	1.83911e-08	1.94611e-14	0.00427121
12.3212	-5.68499e-13	-0.00353409	-3.49756e-16	2.40666e-08	-8.63433e-14	0.00543874
12.3243	-6.05892e-13	-0.00353456	-3.55357e-16	3.59364e-08	7.18249e-14	0.00770543
12.3289	-6.45307e-13	-0.00353525	-3.60662e-16	7.07666e-08	2.85427e-13	0.0138041
12.3381	-5.92584e-13	-0.00353662	-3.48014e-16	3.69383e-07	7.53057e-14	0.0617693
12.3906	-9.26959e-14	-0.0035442	-2.44887e-16	-0.0553458	-1.89743e-13	59.6766
-47.9853	-7.34154e-13	-0.0133507	-7.61618e-17	-0.0960488	-5.71022e-16	119.624
