-3.12956	-6.97241e-14	0.0248989	-1.63731e-15	2.26451	2.68569	-0.764344	5.00861e-15	119.968
-2.73614	-6.65984e-14	0.023193	-1.60202e-15	1.37522	2.07936	0.0563911	-5.99102e-17	0.799493
-2.33006	-6.36744e-14	0.019289	-1.58462e-15	1.22682	1.53164	0.0285543	-8.63366e-17	0.942429
-1.79371	-6.00327e-14	0.0114023	-1.59855e-15	1.11758	1.07684	0.007846	-1.40318e-16	1.10677
-1.2233	-5.63134e-14	0.0015849	-1.66317e-15	1.07524	0.793874	0.000237374	-3.52657e-16	1.20393
-0.589787	-5.24949e-14	-0.00973593	-1.78568e-15	1.09647	0.672472	-0.00357715	-3.18435e-16	0.975454
-0.247842	-5.05757e-14	-0.0157471	-1.86316e-15	1.14633	0.632642	-0.00668585	-4.20089e-17	0.728904
0.139117	-4.84064e-14	-0.022369	-1.94853e-15	1.22245	0.624748	-0.0201079	-3.45794e-17	1.01213
0.764286	-4.48306e-14	-0.0320911	-2.08081e-15	1.34506	0.630919	-0.0474253	3.48034e-16	0.976063
1.11518	-4.24846e-14	-0.0369594	-2.15088e-15	1.48286	0.644851	-0.0600383	-4.59606e-16	0.727767
1.49205	-4.00026e-14	-0.0412017	-2.24641e-15	1.63393	0.674449	-0.105857	-2.80432e-16	0.832397
1.94758	-3.66032e-14	-0.0452875	-2.3634e-15	1.8248	0.798495	-0.168457	-1.14755e-15	0.950128
2.44218	-3.27353e-14	-0.0475058	-2.4967e-15	2.03638	1.09288	-0.217352	-1.62221e-15	0.997854
2.94543	-2.8363e-14	-0.0477955	-2.61957e-15	2.23117	1.54547	-0.212827	-1.9226e-15	1.03347
3.47565	-2.34408e-14	-0.0453121	-2.72156e-15	2.38202	2.08091	-0.171602	-1.81193e-15	1.024
3.96943	-1.84907e-14	-0.0412498	-2.79562e-15	2.48515	2.55555	-0.117592	-1.45316e-15	0.999695
4.47534	-1.30826e-14	-0.0351016	-2.87769e-15	2.55461	2.87495	-0.0900127	-1.34251e-15	1.11229
5.08172	-6.14199e-15	-0.0262891	-2.95684e-15	2.60428	3.06588	-0.0644697	-1.27499e-15	1.21156
5.6869	1.35799e-15	-0.0161701	-3.00744e-15	2.63743	3.16373	-0.041415	-9.54327e-16	1.16167
6.24339	8.65782e-15	-0.00625364	-2.99767e-15	2.65763	3.20502	-0.0242421	-8.57733e-16	1.10574
6.79264	1.63311e-14	0.00381335	-2.93219e-15	2.66758	3.21939	-0.00838259	-5.11543e-16	1.12925
7.37265	2.47908e-14	0.0145281	-2.80657e-15	2.66808	3.21333	0.00674131	-2.53322e-16	1.14109
7.93373	3.32855e-14	0.0247417	-2.65071e-15	2.65895	3.18941	0.0232101	4.05841e-16	1.11082
8.48346	4.15593e-14	0.034367	-2.48746e-15	2.63974	3.14755	0.0393101	4.8778e-16	1.07104
9.00477	4.95e-14	0.0430655	-2.3406e-15	2.61112	3.08912	0.0524333	1.17579e-15	1.04939
9.53285	5.71606e-14	0.0511143	-2.19902e-15	2.57372	3.016	0.0650255	1.16638e-15	0.993092
9.99787	6.3678e-14	0.0576424	-2.09012e-15	2.52855	2.93031	0.0731485	1.11173e-15	0.98173
10.5146	7.0803e-14	0.0638945	-1.98547e-15	2.47075	2.82369	0.097367	1.66275e-15	1.12899
11.1269	7.85553e-14	0.0701582	-1.8899e-15	2.39681	2.69218	0.111188	1.57158e-15	1.20302
11.7176	8.54751e-14	0.074689	-1.80182e-15	2.31268	2.54834	0.113118	1.39542e-15	1.1696
12.2965	9.15736e-14	0.0777962	-1.70713e-15	2.23279	2.41737	0.0876537	8.94425e-16	0.931378
12.649	9.49212e-14	0.0790422	-1.64414e-15	2.16925	2.3173	0.0629793	6.10154e-16	0.692286
12.9887	9.81929e-14	0.0798715	-1.59053e-15	2.11223	2.23091	0.0647184	4.18065e-16	0.761175
13.4102	1.01695e-13	0.0802026	-1.52502e-15	2.04805	2.1373	0.0710358	3.48753e-16	0.892816
13.8816	1.05111e-13	0.0800481	-1.46259e-15	1.98248	2.04549	0.0597221	1.08467e-16	0.84312
14.2533	1.07383e-13	0.0794301	-1.41404e-15	1.92533	1.96791	0.0473059	3.45622e-16	0.738878
14.6204	1.0969e-13	0.0785376	-1.36742e-15	1.86619	1.8914	0.0558641	-1.36358e-16	0.985568
15.2388	1.12801e-13	0.0764888	-1.28871e-15	1.80454	1.81312	0.0449351	-2.37268e-16	0.967732
15.5882	1.14186e-13	0.0750841	-1.24497e-15	1.75678	1.75317	0.0281849	1.14376e-16	0.698157
15.937	1.15571e-13	0.0735769	-1.20233e-15	1.71728	1.70579	0.0284079	-1.54305e-16	0.811864
16.4	1.17158e-13	0.0713906	-1.14709e-15	1.67907	1.66067	0.0235134	-6.67661e-16	0.791132
16.7281	1.17805e-13	0.0697942	-1.11161e-15	1.64769	1.62485	0.0169968	3.33325e-16	0.660575
17.0606	1.18649e-13	0.0681358	-1.07632e-15	1.61993	1.59435	0.0170669	1.26523e-16	0.766182
17.4943	1.19815e-13	0.0659508	-1.03053e-15	1.59235	1.56448	0.0152865	-1.2875e-15	0.823906
17.8845	1.19944e-13	0.0639901	-9.99329e-16	1.56445	1.53534	0.0158475	2.98492e-16	1.02035
18.5147	1.20473e-13	0.0608776	-9.54503e-16	1.53568	1.50607	0.0146609	-2.39009e-16	1.20553
19.09	1.20712e-13	0.058125	-9.07559e-16	1.51178	1.48199	0.00951789	-8.35651e-16	0.978496
19.4932	1.20319e-13	0.0562765	-8.67511e-16	1.49453	1.46501	0.00718772	8.29627e-18	0.880251
19.9703	1.19866e-13	0.0541539	-8.10793e-16	1.47899	1.45018	0.00731296	-2.28718e-16	1.08282
20.576	1.19073e-13	0.0516103	-7.40929e-16	1.46545	1.43734	0.00496975	9.60663e-17	0.93841
20.9087	1.18693e-13	0.0502656	-7.00135e-16	1.45612	1.4287	0.00326811	-1.19787e-15	0.70966
21.2856	1.17544e-13	0.0488103	-6.5296e-16	1.44869	1.42213	0.00316531	5.23766e-16	0.81127
21.72	1.16587e-13	0.0471984	-5.92807e-16	1.44167	1.41614	0.00280407	-2.68094e-18	0.869343
22.155	1.15632e-13	0.0456563	-5.30925e-16	1.43514	1.41075	0.00266329	-6.36793e-16	0.978239
22.6982	1.13899e-13	0.0438378	-4.56049e-16	1.42898	1.40578	0.00241393	-3.65881e-16	1.11267
23.2676	1.11763e-13	0.0420425	-3.88472e-16	1.42404	1.4019	0.00160254	1.32516e-16	0.920574
23.6188	1.10522e-13	0.0409926	-3.49627e-16	1.42077	1.39945	0.00103674	3.04916e-17	0.705787
23.9734	1.09287e-13	0.0399655	-3.10848e-16	1.41824	1.39778	0.00098107	-6.42627e-16	0.768725
24.3875	1.07433e-13	0.0388292	-2.62838e-16	1.41572	1.3963	0.0010174	-5.77541e-17	0.989569
24.963	1.04808e-13	0.0373201	-1.9126e-16	1.41343	1.39504	0.000794109	1.51874e-16	0.970179
25.3577	1.03104e-13	0.0363474	-1.40811e-16	1.41176	1.39403	0.000520493	-2.10481e-17	0.790056
25.7531	1.01385e-13	0.0354076	-9.11649e-17	1.41059	1.39328	0.000395385	5.55011e-17	0.748998
26.1067	9.98785e-14	0.0345999	-5.17284e-17	1.4097	1.39279	0.000293323	-1.73661e-15	0.692271
26.4453	9.75242e-14	0.0338608	-2.04972e-17	1.40907	1.39255	0.000202216	1.11663e-15	0.684253
26.7909	9.57208e-14	0.0331272	1.00455e-17	1.40862	1.39255	0.000145584	3.42068e-16	0.691115
27.1364	9.41018e-14	0.0324224	4.10642e-17	1.4083	1.39276	0.000102201	-6.30584e-16	0.717086
27.508	9.19974e-14	0.031697	7.26213e-17	1.40811	1.39316	4.79922e-05	3.1953e-17	0.745728
27.8822	8.98973e-14	0.0309885	1.05524e-16	1.408	1.39365	3.65249e-05	-2.1271e-16	0.774457
28.2825	8.75183e-14	0.0302668	1.39997e-16	1.40793	1.39409	1.79186e-05	1.36712e-16	0.801267
28.6834	8.52207e-14	0.0295719	1.75122e-16	1.40789	1.39444	1.08321e-05	8.56171e-17	0.753149
29.0356	8.32492e-14	0.0289823	2.07581e-16	1.40785	1.39472	2.06918e-05	-2.81711e-17	0.706525
29.39	8.12503e-14	0.0284161	2.41891e-16	1.40781	1.39497	1.36163e-05	-5.38924e-16	0.698788
29.7344	7.90194e-14	0.027881	2.78425e-16	1.40776	1.39518	2.54945e-05	8.10455e-18	0.689026
30.079	7.67922e-14	0.0273634	3.19297e-16	1.40766	1.39536	4.73279e-05	4.29238e-16	0.732546
30.467	7.45427e-14	0.0268059	3.69523e-16	1.40753	1.39552	5.63384e-05	1.32806e-16	0.731645
30.8106	7.26211e-14	0.0263253	4.14197e-16	1.40736	1.39561	7.74477e-05	-6.40473e-16	0.68233
31.1493	7.03914e-14	0.0258686	4.52513e-16	1.40713	1.39563	9.91527e-05	-8.47198e-18	0.677585
31.4882	6.8156e-14	0.0254278	4.84444e-16	1.40685	1.39559	0.00011898	2.56044e-16	0.687819
31.8371	6.59936e-14	0.0249847	5.14216e-16	1.40648	1.39542	0.000167625	-1.15012e-16	0.743668
32.2319	6.34773e-14	0.0245024	5.4841e-16	1.40599	1.3951	0.000210429	-2.84201e-17	0.752994
32.5901	6.11788e-14	0.024079	5.81173e-16	1.4054	1.39464	0.000241968	3.17163e-17	0.717849
32.9497	5.88899e-14	0.0236641	6.13923e-16	1.40467	1.39399	0.000318611	-2.18322e-16	0.767244
33.3574	5.61591e-14	0.0232118	6.49966e-16	1.40377	1.39316	0.000372635	9.27834e-16	0.759767
33.7095	5.43065e-14	0.0228305	6.81068e-16	1.40275	1.39217	0.000413681	-5.34625e-16	0.728542
34.0859	5.20166e-14	0.0224333	7.14388e-16	1.40157	1.391	0.000483683	-3.26959e-16	0.747418
34.4569	4.95739e-14	0.0220539	7.47059e-16	1.40024	1.38967	0.00052675	-5.73135e-17	0.743015
34.8289	4.70938e-14	0.0216805	7.81647e-16	1.39878	1.38817	0.000586659	7.32396e-16	0.758691
35.2156	4.49546e-14	0.0213027	8.19159e-16	1.39718	1.38655	0.000619583	-6.15852e-16	0.751652
35.5806	4.25914e-14	0.0209539	8.54861e-16	1.39551	1.38486	0.000640759	4.13478e-16	0.739096
35.9547	4.04092e-14	0.0206021	8.91546e-16	1.39372	1.38308	0.000696218	-1.93284e-16	0.760043
36.3406	3.80461e-14	0.0202478	9.29083e-16	1.39174	1.38116	0.000781841	2.02334e-16	0.809385
36.7641	3.55876e-14	0.0198648	9.68976e-16	1.38948	1.37896	0.000892786	-4.20442e-17	0.847364
37.188	3.31027e-14	0.0194881	1.00486e-15	1.38673	1.37621	0.00113107	1.27041e-16	0.972325
37.7364	3e-14	0.0190082	1.04513e-15	1.38316	1.3725	0.00147375	5.19911e-17	1.09895
38.2869	2.69362e-14	0.0185327	1.08027e-15	1.37875	1.36772	0.00170992	1.42609e-16	1.13141
38.8678	2.38378e-14	0.0180348	1.1116e-15	1.37415	1.36265	0.001567	-9.9007e-18	0.962534
39.2495	2.18014e-14	0.0177091	1.13087e-15	1.37018	1.35828	0.00122947	1.91596e-16	0.745118
39.6129	1.9971e-14	0.0173989	1.14792e-15	1.36673	1.35452	0.00117705	-1.047e-17	0.714904
39.9644	1.8199e-14	0.0170991	1.16446e-15	1.36331	1.35089	0.00118217	1.06266e-16	0.726265
40.3392	1.63724e-14	0.0167788	1.18261e-15	1.35981	1.34732	0.0012093	-1.36649e-16	0.749462
40.7138	1.4473e-14	0.0164582	1.20301e-15	1.35617	1.34366	0.0012544	2.70085e-16	0.771718
41.1109	1.26249e-14	0.0161176	1.23204e-15	1.3518	1.33919	0.00165529	1.71378e-16	0.995303
41.7091	1.00017e-14	0.0156018	1.28805e-15	1.34616	1.33319	0.0020579	-3.85626e-17	1.17724
42.2882	7.43698e-15	0.0150992	1.3452e-15	1.34043	1.32701	0.00164725	2.14959e-16	0.910283
42.6194	6.07974e-15	0.0148095	1.37634e-15	1.33565	1.32179	0.00139242	8.53919e-17	0.763811
43.052	4.36604e-15	0.0144289	1.41084e-15	1.33086	1.31656	0.00161192	1.35781e-17	0.88547
43.5049	2.58523e-15	0.0140265	1.43967e-15	1.32577	1.31112	0.00152462	4.10844e-16	0.847319
43.8993	1.27823e-15	0.0136735	1.46027e-15	1.32097	1.30602	0.00139157	-3.59999e-17	0.788519
44.2934	-4.60264e-17	0.0133175	1.48123e-15	1.31653	1.30132	0.00126008	6.27046e-16	0.729971
44.6293	-8.61367e-16	0.0130121	1.49804e-15	1.31227	1.29681	0.00124987	-8.15636e-16	0.742305
45.0357	-2.33505e-15	0.0126403	1.50567e-15	1.3079	1.29224	0.00128171	-4.70177e-16	0.784452
45.4137	-3.96472e-15	0.0122913	1.50195e-15	1.30348	1.28768	0.00124516	8.65461e-16	0.781671
45.8174	-5.18846e-15	0.0119165	1.49254e-15	1.29883	1.28292	0.0013705	9.67812e-16	0.877354
46.2911	-5.94946e-15	0.0114729	1.49351e-15	1.29369	1.27766	0.00146387	1.79954e-16	0.947098
46.7645	-6.58371e-15	0.011026	1.51224e-15	1.28796	1.27172	0.00163735	2.31196e-16	1.06375
47.3548	-7.17354e-15	0.0104628	1.56034e-15	1.28195	1.26535	0.00154914	-5.62869e-15	1.00949
47.774	-1.10271e-14	0.0100592	1.59823e-15	1.27619	1.25913	0.0014398	6.5248e-15	0.955167
48.31	-1.08623e-14	0.00953771	1.62142e-15	1.27084	1.25331	0.00127345	2.26792e-15	0.871547
48.6455	-9.65552e-15	0.0092083	1.61895e-15	1.26605	1.24812	0.00110531	-4.28251e-15	0.783424
49.0934	-1.08251e-14	0.00876529	1.61141e-15	1.26141	1.24318	0.00115738	8.24305e-18	0.859588
49.5051	-1.18934e-14	0.00835373	1.61001e-15	1.25674	1.23832	0.00107457	3.59513e-16	0.834512
49.9279	-1.27694e-14	0.00792814	1.61492e-15	1.2521	1.23357	0.0011017	1.31153e-15	0.891883
50.397	-1.28531e-14	0.00745086	1.62729e-15	1.2474	1.22878	0.00105992	-3.11672e-16	0.891945
50.8199	-1.3118e-14	0.00701727	1.63667e-15	1.24294	1.22421	0.000947337	4.0808e-16	0.82922
51.2262	-1.3134e-14	0.00659694	1.63115e-15	1.23879	1.21985	0.000887524	-6.77008e-17	0.812438
51.6323	-1.31893e-14	0.00617347	1.61229e-15	1.23484	1.21563	0.00082575	-9.81425e-16	0.80289
52.0291	-1.38017e-14	0.00575709	1.60041e-15	1.23103	1.21156	0.000797439	1.35879e-15	0.838211
52.4705	-1.36232e-14	0.00528951	1.60127e-15	1.22725	1.20759	0.000781282	5.23694e-17	0.904543
52.9336	-1.34014e-14	0.00479583	1.62276e-15	1.22366	1.20388	0.000697194	-6.82652e-17	0.899869
53.3704	-1.32351e-14	0.00432599	1.65329e-15	1.22044	1.20064	0.000603645	8.71169e-17	0.857849
53.7915	-1.30225e-14	0.00387024	1.68547e-15	1.21754	1.19778	0.000552051	1.94938e-16	0.856045
54.2264	-1.26822e-14	0.00339605	1.7005e-15	1.21481	1.19513	0.000516577	-3.24204e-16	0.869811
54.6613	-1.25431e-14	0.00291867	1.69572e-15	1.21237	1.19273	0.000429122	5.47184e-16	0.815181
55.0416	-1.21251e-14	0.00249894	1.68155e-15	1.21041	1.19069	0.000323034	2.40897e-16	0.733281
55.3946	-1.16162e-14	0.00210696	1.66458e-15	1.20892	1.18892	0.000241389	-2.29921e-17	0.705395
55.747	-1.11198e-14	0.0017142	1.64474e-15	1.20772	1.18747	0.000209548	2.82275e-16	0.733086
56.1277	-1.04309e-14	0.00128819	1.62726e-15	1.20716	1.18642	0	0	0.761303
56.5083	-9.74204e-15	0.000860521	1.61254e-15	1.20691	1.18589	9.52505e-05	2.81569e-16	0.714462
56.8421	-9.00426e-15	0.000484727	1.60026e-15	1.20678	1.18598	-4.73624e-05	-1.27842e-15	0.666556
57.1749	-8.87412e-15	0.000109213	1.58588e-15	1.20729	1.18658	-0.000141518	-1.47554e-15	0.693311
57.5354	-9.49031e-15	-0.000298205	1.56696e-15	1.20843	1.18789	-0.000287912	5.20957e-15	0.922906
58.0978	-6.28037e-15	-0.000934206	1.54614e-15	1.21052	1.19002	-0.000507129	-3.16319e-15	1.19608
58.7315	-5.51669e-15	-0.00165086	1.53261e-15	1.21326	1.19243	-0.000543654	4.49494e-16	0.981128
59.0789	-4.87507e-15	-0.00204338	1.53666e-15	1.21594	1.19477	-0.000499849	-4.87553e-17	0.75944
59.491	-4.14216e-15	-0.00250774	1.5492e-15	1.21937	1.198	-0.000858139	7.61974e-16	1.0612
-59.8599	-2.27936e-15	-0.00323666	1.55883e-15	1.22416	1.20274	-0.00107729	-8.88273e-18	1.06872
-59.4403	-1.07885e-15	-0.00370424	1.5455e-15	1.22919	1.20788	-0.000999145	2.50006e-18	0.839196
-59.0207	1.25052e-16	-0.00416939	1.52209e-15	1.23502	1.21378	-0.00148055	-3.57096e-16	1.09138
-58.3489	1.71191e-15	-0.004904	1.47868e-15	1.24216	1.22069	-0.00164174	6.23572e-16	1.03492
-57.9858	2.89781e-15	-0.00529654	1.45478e-15	1.2485	1.22678	-0.0012094	-3.51307e-16	0.697799
-57.6511	3.82292e-15	-0.005653	1.43236e-15	1.2545	1.23273	-0.00157251	1.58555e-16	0.842213
-57.1436	5.34567e-15	-0.00618678	1.3974e-15	1.26151	1.23977	-0.00176972	2.5461e-16	0.877712
-56.7734	6.59546e-15	-0.00656867	1.3701e-15	1.26839	1.24664	-0.00159474	-5.11235e-16	0.75223
-56.3913	7.60496e-15	-0.00695595	1.34081e-15	1.2751	1.25331	-0.00178849	-2.02043e-16	0.80725
-55.9662	8.60603e-15	-0.00737989	1.31251e-15	1.2827	1.26081	-0.00214799	8.53813e-16	0.928589
-55.4627	1.0423e-14	-0.00786726	1.28761e-15	1.29062	1.26858	-0.00207371	-7.6101e-16	0.852542
-55.1136	1.12976e-14	-0.0081987	1.27393e-15	1.29791	1.2758	-0.00192623	9.89026e-16	0.759934
-54.7028	1.29267e-14	-0.008578	1.25897e-15	1.30573	1.28374	-0.00248471	-1.217e-15	0.939007
-54.1746	1.40809e-14	-0.00905205	1.2396e-15	1.31482	1.29312	-0.00279796	9.35215e-16	1.02361
-53.6792	1.58542e-14	-0.00948028	1.22542e-15	1.32457	1.30313	-0.00304535	-7.42008e-16	1.09162
-53.083	1.73397e-14	-0.00997693	1.20779e-15	1.33385	1.31258	-0.00269125	1.06307e-15	0.959391
-52.7198	1.88249e-14	-0.0102675	1.1938e-15	1.34151	1.32034	-0.00216541	-1.1914e-15	0.765788
-52.3172	1.97579e-14	-0.0105812	1.17325e-15	1.34891	1.32782	-0.00265534	6.89932e-16	0.939189
-51.7806	2.15634e-14	-0.0109853	1.14594e-15	1.35782	1.33692	-0.00328914	-4.60828e-16	1.1783
-51.1389	2.32862e-14	-0.0114496	1.11118e-15	1.3672	1.34658	-0.00313584	-2.25852e-17	1.18599
-50.5946	2.47358e-14	-0.0118289	1.07143e-15	1.37564	1.35516	-0.00279016	2.80709e-17	1.12588
-50.0131	2.63161e-14	-0.0122249	1.02258e-15	1.38263	1.36218	-0.00222887	5.4823e-17	0.971316
-49.6233	2.74115e-14	-0.0124851	9.91448e-16	1.38804	1.36759	-0.00171657	4.02241e-17	0.782009
-49.231	2.85411e-14	-0.0127453	9.65284e-16	1.39302	1.37258	-0.0019787	-4.91729e-16	0.940811
-48.6825	2.97103e-14	-0.0131067	9.41153e-16	1.39832	1.37795	-0.00199795	2.43192e-16	1.00076
-48.2303	3.0847e-14	-0.0134049	9.29802e-16	1.40292	1.38274	-0.00150418	-1.00881e-16	0.785454
-47.897	3.16345e-14	-0.0136253	9.15793e-16	1.40649	1.38652	-0.00124304	1.73624e-16	0.667802
-47.5625	3.25168e-14	-0.0138486	8.97008e-16	1.40976	1.39006	-0.00129222	-7.05451e-16	0.717443
-47.1796	3.31088e-14	-0.0141062	8.68383e-16	1.41319	1.39382	-0.00139003	2.86213e-16	0.804091
-46.7584	3.39493e-14	-0.0143939	8.36277e-16	1.41695	1.39799	-0.00158422	1.23677e-16	0.963281
-46.2163	3.51382e-14	-0.0147728	7.95203e-16	1.42065	1.40209	-0.00136713	-2.92268e-16	0.899292
-45.8591	3.576e-14	-0.0150282	7.71606e-16	1.42368	1.40539	-0.00107094	-1.67366e-16	0.735417
-45.4809	3.63203e-14	-0.0153057	7.49e-16	1.42629	1.40814	-0.00104184	-1.87644e-16	0.737364
-45.1217	3.67475e-14	-0.015574	7.28422e-16	1.42885	1.41085	-0.00104795	3.38544e-17	0.731325
-44.7496	3.72107e-14	-0.0158596	7.05687e-16	1.43144	1.41365	-0.00107111	5.09815e-16	0.719247
-44.4025	3.7922e-14	-0.0161318	6.83555e-16	1.43408	1.41659	-0.00110985	-7.48524e-16	0.702361
-44.0472	3.82319e-14	-0.0164151	6.63306e-16	1.43683	1.41973	-0.00117199	2.43798e-16	0.688293
-43.7142	3.86512e-14	-0.0166871	6.46793e-16	1.43969	1.42302	-0.0012206	-7.65401e-16	0.668423
-43.3788	3.86679e-14	-0.0169646	6.33508e-16	1.44289	1.42675	-0.00148252	6.19487e-16	0.751499
-42.9627	3.90977e-14	-0.0173136	6.24761e-16	1.44685	1.43132	-0.00188048	-2.98206e-16	0.867101
-42.5117	3.93509e-14	-0.0176969	6.21906e-16	1.45135	1.43636	-0.00198629	-1.76306e-16	0.81838
-42.1443	3.94543e-14	-0.0180103	6.21055e-16	1.45612	1.44168	-0.00214987	-6.67123e-16	0.794809
-41.7169	3.91181e-14	-0.0183751	6.14397e-16	1.4613	1.44745	-0.00239432	9.82796e-16	0.782729
-41.3616	3.93993e-14	-0.0186754	6.04378e-16	1.46707	1.45388	-0.00273319	-1.09022e-15	0.803032
-40.9139	3.89665e-14	-0.0190496	5.81735e-16	1.47396	1.46158	-0.00348128	2.27434e-16	0.912513
-40.4491	3.86865e-14	-0.0194252	5.50476e-16	1.48291	1.47148	-0.00473756	-5.17351e-17	1.11313
-39.8007	3.82379e-14	-0.0199265	5.0657e-16	1.49364	1.48315	-0.0053173	-1.17092e-15	1.12298
-39.3261	3.69885e-14	-0.0202671	4.79278e-16	1.50516	1.49546	-0.00572964	7.26905e-16	1.12407
-38.6767	3.605e-14	-0.0206926	4.43296e-16	1.518	1.50902	-0.00691188	-7.19535e-16	1.25533
-38.0708	3.44287e-14	-0.0210393	4.11193e-16	1.53034	1.5219	-0.0055104	7.92247e-16	0.939149
-37.7375	3.39781e-14	-0.0212028	3.98376e-16	1.53983	1.53173	-0.00425421	-9.69533e-16	0.697695
-37.3731	3.28757e-14	-0.0213606	3.88184e-16	1.54896	1.54115	-0.00533208	-2.66316e-16	0.846985
-36.8905	3.11801e-14	-0.0215373	3.82718e-16	1.55938	1.55185	-0.00580311	5.40968e-16	0.903118
-36.47	3.00852e-14	-0.0216506	3.83487e-16	1.57038	1.56306	-0.0061783	-4.8449e-16	0.950747
-35.9398	2.82356e-14	-0.0217538	3.83028e-16	1.58171	1.57459	-0.00642285	5.92357e-17	1.01195
-35.458	2.65867e-14	-0.0217973	3.76145e-16	1.59277	1.58581	-0.00612011	-3.87986e-16	1.00478
-34.935	2.441e-14	-0.0218065	3.61925e-16	1.60227	1.59543	-0.00484069	5.6061e-16	0.867987
-34.59	2.33143e-14	-0.0217861	3.50848e-16	1.60962	1.60285	-0.00377208	-2.18508e-16	0.725607
-34.2094	2.19442e-14	-0.02175	3.37929e-16	1.61693	1.61003	-0.0049121	-5.71443e-16	1.04851
-33.5415	1.8811e-14	-0.0216487	3.20436e-16	1.62431	1.61737	-0.003938	4.06563e-16	1.0412
-33.1682	1.73301e-14	-0.0215817	3.15578e-16	1.62961	1.62276	-0.0024984	-1.73543e-16	0.780338
-32.7612	1.55755e-14	-0.0215031	3.14741e-16	1.6338	1.62701	-0.00262224	-1.67879e-16	1.02914
-32.139	1.26834e-14	-0.0213919	3.17727e-16	1.63728	1.63052	-0.00165769	3.7111e-16	1.23346
-31.5277	1.02616e-14	-0.0213104	3.08206e-16	1.63873	1.63176	-0.000139512	-3.18896e-16	1.07769
-31.0614	8.13236e-15	-0.0212762	2.90724e-16	1.63837	1.63108	0.000593619	-8.9442e-17	0.96363
-30.5641	5.7805e-15	-0.0212853	2.67623e-16	1.63688	1.62949	0.00124308	2.25896e-16	0.99569
-30.0657	3.64093e-15	-0.0213373	2.42604e-16	1.6348	1.62778	0.00131923	1.28216e-16	0.849337
-29.7148	2.22288e-15	-0.0214123	2.2709e-16	1.63273	1.62649	0.00121882	-2.70431e-16	0.708514
-29.3572	5.99728e-16	-0.021517	2.12377e-16	1.63047	1.62541	0.00155004	2.02129e-18	0.851782
-28.863	-1.63501e-15	-0.0217086	1.85497e-16	1.62755	1.6242	0.00200403	1.0769e-16	1.07285
-28.2843	-4.1259e-15	-0.0220139	1.45276e-16	1.62425	1.62308	0.00198892	-3.95257e-16	1.13351
-27.7295	-6.9126e-15	-0.022377	1.16924e-16	1.62147	1.62269	0.00137004	6.04999e-17	1.02734
-27.257	-9.2267e-15	-0.0227336	1.05722e-16	1.61987	1.62365	0.000553311	-3.98982e-16	0.939493
-26.79	-1.18563e-14	-0.023122	1.05066e-16	1.6197	1.62617	-0.000346948	1.16543e-16	0.903799
-26.3532	-1.42231e-14	-0.0235031	1.10707e-16	1.62136	1.63096	-0.00164818	-3.7593e-16	1.03556
-25.7544	-1.78955e-14	-0.0240349	1.01217e-16	1.62552	1.63819	-0.00338585	4.57371e-17	0.989772
-25.3634	-2.02754e-14	-0.0243657	8.25851e-17	1.63182	1.64698	-0.00428123	-1.77544e-16	0.878818
-24.8756	-2.34316e-14	-0.0247503	5.59863e-17	1.64044	1.65777	-0.00635746	1.24162e-16	0.958205
-24.4052	-2.64006e-14	-0.0250498	3.39364e-17	1.65134	1.67023	-0.00729744	2.0043e-17	0.860914
-24.0147	-2.88852e-14	-0.0252508	2.34086e-17	1.66274	1.68266	-0.00721808	-2.75594e-16	0.738417
-23.6668	-3.13178e-14	-0.0253587	2.00984e-17	1.67416	1.69474	-0.00759475	2.23781e-16	0.694739
-23.3199	-3.36253e-14	-0.0254114	2.33883e-17	1.68827	1.70924	-0.0111026	-2.46706e-16	0.939065
-22.7277	-3.79516e-14	-0.0253498	3.1286e-17	1.70701	1.72775	-0.0143335	2.47777e-17	1.14232
-22.1776	-4.20624e-14	-0.0251102	3.72864e-17	1.72652	1.74578	-0.0128318	2.08004e-16	1.06105
-21.6667	-4.57573e-14	-0.0247258	3.65241e-17	1.74321	1.7598	-0.0110086	5.41711e-17	1.02135
-21.1563	-4.94768e-14	-0.0242264	3.36069e-17	1.75721	1.76876	-0.00942089	2.27483e-16	1.1742
-20.4925	-5.40766e-14	-0.0234395	4.46831e-17	1.76614	1.76989	-0.00379119	2.53313e-16	1.18599
-19.9703	-5.74256e-14	-0.0227916	5.68647e-17	1.76741	1.76141	0.00190833	-1.20033e-17	1.08299
-19.4095	-6.1022e-14	-0.022183	6.14315e-17	1.76118	1.74507	0.00733027	4.79877e-16	0.90348
-19.0668	-6.28175e-14	-0.0218755	5.11371e-17	1.75048	1.72547	0.00842125	-2.26546e-16	0.696322
-18.7131	-6.48116e-14	-0.0216804	3.09201e-17	1.73543	1.70191	0.0132821	1.90597e-16	0.798717
-18.2681	-6.70702e-14	-0.0216319	-8.20606e-18	1.7134	1.67128	0.0176706	5.16448e-17	0.776039
-17.9371	-6.8654e-14	-0.0217448	-3.39491e-17	1.68729	1.63756	0.0178421	-3.28209e-16	0.6647
-17.6034	-7.04111e-14	-0.0220991	-5.5999e-17	1.65112	1.59357	0.0287847	8.56941e-17	0.924866
-17.0122	-7.32613e-14	-0.0231551	-8.3863e-17	1.59275	1.52756	0.0407404	2.07653e-16	1.10429
-16.4991	-7.53756e-14	-0.0247441	-1.0365e-16	1.52391	1.45505	0.0335343	-2.35107e-16	0.848933
-16.1633	-7.68124e-14	-0.0260434	-1.23884e-16	1.46173	1.3922	0.0255355	-8.30061e-17	0.674672
-15.8244	-7.82485e-14	-0.0276427	-1.49024e-16	1.39611	1.32722	0.0276192	2.69785e-16	0.798498
-15.3648	-7.99279e-14	-0.0302132	-1.92503e-16	1.31296	1.24617	0.0272078	-6.37021e-16	0.959531
-14.8649	-8.21442e-14	-0.0334423	-2.29959e-16	1.22164	1.15655	0.0180992	1.79708e-16	0.945622
-14.4192	-8.39564e-14	-0.036724	-2.43685e-16	1.13748	1.06946	0.0092296	-2.05413e-16	0.905224
-13.9597	-8.59325e-14	-0.0403714	-2.53974e-16	1.06625	0.98349	0.00295543	-6.42951e-17	0.911934
-13.5073	-8.79103e-14	-0.044285	-2.76797e-16	1.01519	0.899352	-0.000183868	1.41495e-16	0.850333
-13.1093	-8.95722e-14	-0.0478796	-3.08781e-16	0.990291	0.818364	-0.000343997	3.19942e-17	0.836669
-12.6706	-9.1386e-14	-0.0520575	-3.67219e-16	0.998436	0.727929	0.000600968	8.46939e-17	1.07294
-12.0364	-9.39309e-14	-0.0583147	-4.78973e-16	1.0667	0.638582	-0.00507342	6.83192e-16	1.27769
-11.3929	-9.59167e-14	-0.0647021	-6.0342e-16	1.20942	0.604931	-0.033491	4.7657e-16	1.29818
-10.7382	-9.75786e-14	-0.0708293	-7.52545e-16	1.38382	0.668003	-0.0625686	8.47144e-16	1.07155
-10.3214	-9.81732e-14	-0.0741711	-8.6446e-16	1.5424	0.817042	-0.0758455	4.22822e-16	0.869056
-9.86915	-9.85563e-14	-0.0771984	-9.91245e-16	1.69993	1.05075	-0.115507	4.46594e-16	1.03916
-9.28219	-9.85751e-14	-0.0794386	-1.16423e-15	1.87656	1.38867	-0.157065	2.66395e-16	1.19807
-8.67108	-9.80043e-14	-0.0794778	-1.34062e-15	2.04093	1.74523	-0.148422	-7.66188e-18	1.00854
-8.27365	-9.72071e-14	-0.0779338	-1.45169e-15	2.17045	2.0337	-0.130768	-2.65479e-16	0.812331
-7.85875	-9.62206e-14	-0.0749069	-1.55247e-15	2.29891	2.32471	-0.183201	-5.88372e-16	1.04108
-7.23257	-9.42329e-14	-0.0668818	-1.68748e-15	2.4519	2.69849	-0.233017	-1.02457e-15	1.19621
-6.66254	-9.20411e-14	-0.0560114	-1.77332e-15	2.60385	3.13267	-0.223594	-1.37261e-15	1.08108
-6.15149	-8.96719e-14	-0.0435771	-1.81279e-15	2.72818	3.56882	-0.183606	-1.29417e-15	0.981856
-5.68069	-8.72386e-14	-0.0299854	-1.81387e-15	2.82368	3.96792	-0.150645	-1.38861e-15	0.890244
-5.26124	-8.48103e-14	-0.0171457	-1.80422e-15	2.89197	4.25104	-0.0992991	-7.04601e-16	0.816705
-4.86398	-8.24628e-14	-0.00467279	-1.7801e-15	2.93512	4.36544	-0.0637117	-5.89345e-16	0.527518
-4.73373	-8.16689e-14	-0.000915366	-1.76286e-15	2.95855	4.36688	-0.0263358	-1.88284e-15	0.49768
-4.3663	-7.88895e-14	0.00873245	-1.73958e-15	2.95754	4.30121	0.0302495	-1.04915e-16	0.379155
-4.35457	-7.87974e-14	0.00901941	-1.73649e-15	2.94874	4.25016	0.00382741	-2.0137e-14	0.0117769
-4.35453	-7.87962e-14	0.00902053	-1.73651e-15	2.97007	4.1835	-0.0870771	2.1251e-14	0.32493
-4.02964	-7.67125e-14	0.0163229	-1.70556e-15	3.00794	4.02929	-0.061789	-4.83067e-16	0.368133
-3.98639	-7.64323e-14	0.0171617	-1.7035e-15	3.02759	3.92742	-0.0164973	1.24894e-16	0.0459483
-3.98369	-7.64152e-14	0.0172119	-1.70263e-15	3.03197	3.91437	-0.00110336	1.0182e-15	0.0028683
-3.98353	-7.64143e-14	0.017215	-1.70279e-15	3.03227	3.91354	-6.92487e-05	-3.70257e-14	0.000179251
-3.98351	-7.64139e-14	0.0172152	-1.70317e-15	3.03228	3.91349	-4.33766e-06	1.36841e-12	1.12251e-05
-3.98351	-7.64146e-14	0.0172152	-1.70285e-15	3.0205	3.82056	0.0471418	-1.33451e-12	0.32197
-3.66154	-7.37721e-14	0.021706	-1.68073e-15	3.01452	3.59267	-0.0231505	-2.41274e-16	0.402124
-3.58139	-7.3111e-14	0.0224944	-1.6726e-15	3.02048	3.41989	-0.000625045	2.14702e-17	0.100176
-3.56137	-7.29463e-14	0.0226746	-1.66967e-15	3.02065	3.3723	-3.78888e-05	1.37446e-16	0.025026
-3.55636	-7.29056e-14	0.0227186	-1.67162e-15	3.02066	3.36005	-5.07387e-06	4.25031e-16	0.00625541
-3.55511	-7.28959e-14	0.0227296	-1.67076e-15	3.02066	3.35696	-1.04074e-06	-5.5651e-17	0.00156378
-3.5548	-7.28934e-14	0.0227323	-1.67065e-15	3.02066	3.35619	-2.46693e-07	-3.41315e-20	0.000390942
-3.55472	-7.28928e-14	0.022733	-1.6713e-15	3.02066	3.35599	-6.08415e-08	-1.77649e-15	9.77351e-05
-3.5547	-7.28927e-14	0.0227331	-1.67086e-15	3.02066	3.35594	-1.51586e-08	3.90826e-14	2.44338e-05
-3.5547	-7.28928e-14	0.0227332	-1.6713e-15	3.02066	3.35593	-3.7864e-09	-1.89491e-13	6.10844e-06
-3.5547	-7.28926e-14	0.0227332	-1.6713e-15	3.04754	3.18017	2.67123	1.62181e-13	119.575
