25.2465	5.72859e-09	-0.0273671	-7.91862e-11	2.9777	3.37137	-2.79559	1.68722e-09	120.037
25.7159	2.38057e-10	-0.0317062	-2.37853e-10	2.26199	2.70496	0.200127	-2.34685e-09	0.935639
26.1822	-5.2759e-09	-0.0397387	-3.08581e-10	2.09861	2.05624	0.178632	-1.92055e-09	1.01605
26.732	-1.13074e-08	-0.0516297	-2.42706e-10	1.96876	1.538	0.0892742	-1.16224e-09	1.18218
27.3644	-1.86137e-08	-0.0669044	-9.77588e-11	1.9134	1.22622	0.0148485	-2.89712e-10	0.990382
27.7223	-2.28785e-08	-0.0759406	-7.0698e-12	1.9068	1.10078	-0.00303901	-1.7896e-10	0.749902
28.1143	-2.78065e-08	-0.0860445	7.62265e-11	1.91555	1.04432	-0.0125913	1.2534e-10	1.02056
28.7429	-3.57776e-08	-0.102053	1.89182e-10	1.93898	1.00844	-0.0301502	4.02704e-10	0.972709
29.087	-4.01153e-08	-0.110579	2.31141e-10	1.97661	0.996267	-0.0406015	4.7585e-10	0.712087
29.455	-4.481e-08	-0.118914	2.69407e-10	2.03627	0.99472	-0.0781401	1.11318e-09	0.741276
29.8282	-4.93064e-08	-0.126679	2.88588e-10	2.1313	1.00719	-0.125755	1.51562e-09	0.77381
30.2288	-5.41244e-08	-0.133662	2.89685e-10	2.26485	1.03852	-0.191629	2.19742e-09	0.825627
30.6539	-5.89392e-08	-0.138979	2.75932e-10	2.43607	1.14111	-0.26695	2.99474e-09	0.881704
31.1105	-6.408e-08	-0.14239	2.1128e-10	2.62633	1.39613	-0.308404	2.8157e-09	0.879502
31.5334	-6.84598e-08	-0.142433	1.30094e-10	2.81092	1.83178	-0.317355	3.36188e-09	0.866016
31.9765	-7.30815e-08	-0.140135	-1.53969e-11	2.97429	2.39614	-0.292229	1.84226e-09	0.898187
32.4316	-7.74172e-08	-0.134343	-1.95512e-10	3.11091	3.01149	-0.258645	2.26364e-09	0.922779
32.8993	-8.18152e-08	-0.126208	-4.39247e-10	3.2138	3.55292	-0.180091	-9.36465e-10	0.912897
33.3445	-8.53421e-08	-0.116024	-6.97018e-10	3.28297	3.91549	-0.127285	2.49593e-10	0.895083
33.7944	-8.87275e-08	-0.104493	-9.81616e-10	3.32901	4.12158	-0.082731	-3.1009e-09	0.893735
34.2382	-9.12352e-08	-0.0919055	-1.26376e-09	3.36133	4.24482	-0.0674501	-1.25029e-09	0.888595
34.683	-9.33953e-08	-0.0786673	-1.52917e-09	3.38893	4.32623	-0.0625224	-5.0791e-09	0.784306
35.0225	-9.41809e-08	-0.068285	-1.71637e-09	3.40213	4.37647	0	8.10637e-23	0.679033
35.362	-9.49665e-08	-0.0577034	-1.87337e-09	3.41276	4.42117	-0.0509022	-6.11162e-09	1.00879
36.0313	-9.4592e-08	-0.036728	-2.09542e-09	3.42889	4.46341	-0.0264509	-6.83337e-09	1.28748
36.6495	-9.23252e-08	-0.0174134	-2.19256e-09	3.43496	4.4879	-0.00282199	-6.31625e-09	1.22471
37.256	-8.83607e-08	0.00127128	-2.14548e-09	3.43251	4.48982	0.0146651	-7.42895e-09	1.1232
37.7727	-8.32018e-08	0.0168001	-2.00911e-09	3.42318	4.47137	0.0302323	-4.44485e-09	1.02571
38.2817	-7.6997e-08	0.0316382	-1.77402e-09	3.40816	4.43555	0.041692	-6.26306e-09	0.976411
38.7491	-6.98001e-08	0.0447447	-1.48147e-09	3.38806	4.38418	0.0538326	-2.63891e-09	0.928135
39.2098	-6.19289e-08	0.0571137	-1.1175e-09	3.36117	4.31117	0.0727033	-5.39192e-09	1.0706
39.8197	-4.9471e-08	0.0724601	-5.53936e-10	3.32392	4.20859	0.100084	-2.33662e-09	1.19132
40.4012	-3.62411e-08	0.0858595	5.47514e-11	3.2796	4.08749	0.102155	-1.86763e-09	1.09085
40.9106	-2.34529e-08	0.0966523	6.17458e-10	3.23461	3.96543	0.0991464	1.10716e-09	1.00083
41.402	-1.07112e-08	0.105975	1.16669e-09	3.19052	3.8488	0.0942255	7.87489e-10	0.897448
41.808	2.38079e-10	0.113044	1.59548e-09	3.14863	3.74204	0.0859102	2.78781e-09	0.805873
42.2079	1.08969e-08	0.119313	1.98729e-09	3.10988	3.64413	0.0776331	3.27464e-09	0.754132
42.5621	2.00401e-08	0.124304	2.30893e-09	3.07312	3.55315	0.0746762	2.41855e-09	0.707336
42.9152	2.90244e-08	0.128903	2.56007e-09	3.02864	3.44855	0.105618	5.93844e-09	1.00147
43.5636	4.38296e-08	0.135938	2.91355e-09	2.96821	3.31536	0.133053	7.99142e-09	1.22754
44.1428	5.44732e-08	0.141071	3.02772e-09	2.90014	3.17303	0.127557	7.98085e-09	1.23203
44.7956	6.27322e-08	0.145461	2.95365e-09	2.8342	3.04142	0.11614	7.1772e-09	1.15051
45.2933	6.57544e-08	0.147913	2.75586e-09	2.77675	2.93229	0.0893997	5.01225e-09	0.931837
45.7275	6.58987e-08	0.149499	2.48616e-09	2.72931	2.8465	0.0752036	3.91981e-09	0.805746
46.099	6.39646e-08	0.150475	2.20953e-09	2.68805	2.7751	0.0642459	1.95291e-09	0.727363
46.4548	6.08388e-08	0.151025	1.91587e-09	2.64992	2.71146	0.0615309	1.91464e-09	0.710048
46.8091	5.62212e-08	0.151353	1.60306e-09	2.61157	2.65053	0.0619921	8.82322e-10	0.747409
47.2022	4.98065e-08	0.151363	1.26493e-09	2.5733	2.59135	0.0583819	3.80373e-10	0.736988
47.546	4.3195e-08	0.151107	9.76951e-10	2.53723	2.53747	0.0524343	-1.14728e-09	0.676471
47.8787	3.69119e-08	0.150701	7.3401e-10	2.50295	2.48817	0.0504041	-9.20946e-10	0.677796
48.2238	3.03632e-08	0.150035	5.11468e-10	2.46327	2.43227	0.065493	-1.85967e-09	0.914397
48.7931	2.07775e-08	0.148563	2.37734e-10	2.41656	2.36863	0.0671009	-2.10637e-09	0.982316
49.2062	1.56414e-08	0.147205	1.08633e-10	2.37301	2.3112	0.0528221	-1.12066e-09	0.818174
49.6113	1.17165e-08	0.145658	3.30351e-11	2.33617	2.2642	0.0455975	-8.93018e-10	0.736926
49.9431	9.71617e-09	0.144279	5.10059e-12	2.30381	2.22433	0.0386122	-3.52588e-10	0.659355
50.2706	8.20483e-09	0.142769	-9.81007e-12	2.27289	2.18708	0.0398106	-2.53516e-10	0.711277
50.6544	7.03136e-09	0.140887	-7.43203e-12	2.24045	2.14923	0.0403851	-1.28554e-10	0.760411
51.031	6.30249e-09	0.138933	3.10735e-12	2.2023	2.10575	0.0510926	-6.67464e-11	1.02808
51.6824	5.49104e-09	0.135281	2.53405e-11	2.16081	2.05894	0.0453589	-4.34682e-11	0.989281
52.0203	5.11802e-09	0.133298	3.54346e-11	2.12444	2.01854	0.0364298	-8.24895e-12	0.840308
52.5227	4.68848e-09	0.130219	4.79191e-11	2.08866	1.97979	0.0412166	-4.39996e-11	1.0028
53.0231	4.23483e-09	0.12706	5.5828e-11	2.05298	1.94193	0.0338867	-2.2649e-12	0.88537
53.4081	3.93963e-09	0.124551	6.07032e-11	2.02274	1.91037	0.0277522	-2.62689e-11	0.769216
53.7923	3.63673e-09	0.122009	6.38382e-11	1.99646	1.88348	0.0242859	-3.54236e-12	0.717306
54.1254	3.39449e-09	0.11977	6.60258e-11	1.97272	1.85949	0.0215495	-1.04028e-11	0.674224
54.4666	3.15287e-09	0.117445	6.77929e-11	1.95022	1.83702	0.0208152	-1.967e-12	0.688956
54.8144	2.92145e-09	0.115059	6.90553e-11	1.92814	1.81535	0.0197907	-1.21724e-11	0.69744
55.164	2.68991e-09	0.112636	7.00609e-11	1.90559	1.79344	0.0206318	-4.34002e-12	0.774857
55.5892	2.42003e-09	0.109674	7.10161e-11	1.88296	1.77164	0.0189452	9.62762e-12	0.767041
55.931	2.2238e-09	0.107284	7.16752e-11	1.86262	1.75227	0.0157885	-9.30599e-12	0.683607
56.2728	2.02737e-09	0.104889	7.223e-11	1.8424	1.73316	0.0178408	-4.74021e-11	0.825867
56.7569	1.70315e-09	0.101499	7.24542e-11	1.8212	1.71336	0.0166032	3.60165e-11	0.844148
57.117	1.50364e-09	0.0989822	7.27706e-11	1.80247	1.69617	0.0130855	-2.94394e-12	0.720455
57.4774	1.30765e-09	0.0964753	7.30212e-11	1.78454	1.68006	0.0146273	3.64235e-11	0.881467
57.9985	1.0774e-09	0.0928695	7.36797e-11	1.76606	1.66376	0.0133027	-7.19296e-11	0.916681
58.3941	8.44335e-10	0.0901624	7.38177e-11	1.75016	1.64987	0.0102051	2.56265e-11	0.792324
58.7908	6.37968e-10	0.0874711	7.42198e-11	1.73646	1.63826	0.00962188	2.36053e-12	0.851268
59.2453	4.0868e-10	0.0844289	7.48272e-11	1.723	1.62716	0.00948596	-4.36303e-12	0.979168
59.7699	1.44498e-10	0.0809813	7.5663e-11	1.70994	1.61688	0.00870332	1.20742e-11	1.111
-59.6437	-1.3094e-10	0.0772213	7.6832e-11	1.69951	1.6091	0.00559754	-5.96742e-11	0.942795
-59.2873	-3.39681e-10	0.0749876	7.73498e-11	1.69297	1.60459	0.00327117	2.57856e-10	0.698335
-58.9453	-3.60631e-10	0.0728813	7.90837e-11	1.68788	1.60179	0.00354935	-3.14899e-10	0.974904
-58.3124	-7.98645e-10	0.0691123	8.00711e-11	1.68377	1.60025	0.00192018	3.03383e-10	1.05297
-57.8924	-8.33753e-10	0.0666896	8.23495e-11	1.68174	1.60059	0.000773322	-2.32254e-10	0.921145
-57.3912	-1.10762e-09	0.0639086	8.37381e-11	1.68145	1.60283	-0.000384369	9.13618e-11	1.05077
-56.8416	-1.30801e-09	0.0609715	8.56878e-11	1.68266	1.60655	-0.00121586	6.17719e-11	0.891671
-56.4995	-1.39078e-09	0.0592219	8.70371e-11	1.68465	1.61063	-0.00142568	8.20947e-12	0.687845
-56.1538	-1.46899e-09	0.0574944	8.82931e-11	1.68726	1.61537	-0.00205644	-2.17439e-11	0.797773
-55.7018	-1.59145e-09	0.0553315	8.97225e-11	1.69094	1.62146	-0.00286942	-1.88416e-12	0.905448
-55.2483	-1.71674e-09	0.0532502	9.09831e-11	1.69591	1.62918	-0.00382747	1.18804e-10	1.04944
-54.6523	-1.73816e-09	0.0506609	9.30822e-11	1.70231	1.63877	-0.00487	3.3383e-11	1.20381
-54.0445	-1.71839e-09	0.0481726	9.48456e-11	1.70882	1.64825	-0.00405026	-1.12308e-10	0.936963
-53.7154	-1.78445e-09	0.0469022	9.51434e-11	1.71399	1.65561	-0.0031018	1.81214e-10	0.685568
-53.3589	-1.72128e-09	0.0455723	9.56244e-11	1.71951	1.66321	-0.0045963	-3.20793e-11	0.986118
-52.7292	-1.65129e-09	0.0433448	9.53047e-11	1.72677	1.67298	-0.00561147	1.06784e-10	1.20499
-52.1539	-1.4552e-09	0.0414419	9.42537e-11	1.73365	1.68212	-0.00415227	4.19473e-10	0.914433
-51.8148	-1.03162e-09	0.0403798	9.39474e-11	1.73867	1.68878	-0.00303689	-2.6589e-10	0.682822
-51.4711	-7.98015e-10	0.0393469	9.25276e-11	1.74303	1.69456	-0.00325321	-8.28862e-10	0.740582
-51.0742	-1.24588e-09	0.0381919	8.80227e-11	1.74813	1.70142	-0.00414519	1.34834e-09	0.984613
-50.4865	-1.65977e-10	0.036587	8.52049e-11	1.75356	1.70894	-0.003791	-4.24759e-10	0.931835
-50.1424	1.46315e-10	0.0356858	8.18673e-11	1.75795	1.71511	-0.00266578	-1.90313e-11	0.688857
-49.7977	4.46334e-10	0.0348213	7.81345e-11	1.76168	1.72041	-0.00285406	-8.85218e-11	0.769647
-49.3727	7.33746e-10	0.0337969	7.27807e-11	1.76559	1.72591	-0.00296429	-1.88978e-10	0.85234
-48.9453	8.41541e-10	0.0328035	6.61909e-11	1.76978	1.73164	-0.00330173	8.48032e-10	1.05389
-48.3189	2.21515e-09	0.0314261	5.80763e-11	1.77374	1.73691	-0.0026498	-4.96852e-10	0.969392
-47.9759	2.57978e-09	0.0306996	5.24166e-11	1.77664	1.74075	-0.00172503	-2.33442e-12	0.685983
-47.6329	2.94416e-09	0.0299996	4.66864e-11	1.77894	1.74385	-0.00176533	-1.1179e-10	0.727716
-47.2482	3.25471e-09	0.0292327	4.00142e-11	1.78135	1.7471	-0.00188888	7.46132e-11	0.817607
-46.8153	3.681e-09	0.0283974	3.26821e-11	1.78382	1.75051	-0.00188895	6.18688e-12	0.867081
-46.3811	4.11662e-09	0.0275871	2.54063e-11	1.78627	1.75391	-0.00185082	7.96399e-10	0.921034
-45.8942	5.51823e-09	0.0267034	1.92844e-11	1.78852	1.75704	-0.00160753	-1.46507e-09	0.943633
-45.4375	5.26013e-09	0.0259012	1.11801e-11	1.79042	1.75964	-0.00132083	3.58729e-10	0.922769
-44.9715	5.39139e-09	0.0251001	5.48062e-12	1.79197	1.76175	-0.0010685	9.46887e-10	0.934891
-44.5026	6.57656e-09	0.0243158	3.36084e-12	1.79319	1.76346	-0.000817663	-1.1677e-09	0.858612
-44.1128	6.48234e-09	0.0236731	1.69414e-12	1.79413	1.7648	-0.000632576	1.34948e-10	0.779732
-43.7229	6.51316e-09	0.0230418	1.19126e-12	1.79489	1.76592	-0.000548353	-2.12127e-10	0.754939
-43.3579	6.35758e-09	0.0224578	1.28557e-12	1.79555	1.76687	-0.000465338	-1.96099e-11	0.730038
-42.9928	6.1847e-09	0.0218792	8.90638e-13	1.79615	1.7677	-0.000465162	2.45721e-10	0.880131
-42.4778	6.24275e-09	0.0210744	-3.47851e-13	1.79668	1.7684	-0.000363982	3.26661e-10	0.928232
-42.0646	6.61194e-09	0.0204342	-7.01754e-14	1.79705	1.76888	-0.000217249	-5.57701e-11	0.791015
-41.6868	6.89933e-09	0.0198545	1.6569e-12	1.79729	1.76921	-0.000152314	1.42544e-10	0.755707
-41.3089	7.31571e-09	0.0192779	5.2975e-12	1.79746	1.76947	-0.000107774	-5.9735e-10	0.728781
-40.958	7.20091e-09	0.0187453	8.45337e-12	1.79758	1.76974	-8.54079e-05	-2.9102e-09	0.707115
-40.6018	4.60347e-09	0.018208	8.11104e-12	1.7977	1.77003	-8.9355e-05	3.34902e-09	0.763838
-40.1941	4.89826e-09	0.0175954	1.21624e-11	1.79781	1.77032	-8.76087e-05	4.27355e-11	0.840725
-39.7611	5.25584e-09	0.0169481	1.47585e-11	1.79792	1.77051	-8.42949e-05	-3.24755e-11	0.866179
-39.328	5.57981e-09	0.0163039	1.57868e-11	1.79803	1.77058	-8.0593e-05	5.76557e-10	0.819277
-38.9418	6.40207e-09	0.0157316	1.89226e-11	1.79813	1.7706	-8.656e-05	-2.37713e-09	0.846811
-38.4812	4.7598e-09	0.0150521	2.10624e-11	1.79825	1.77059	-8.79994e-05	5.05347e-11	0.92124
-38.0205	3.17299e-09	0.0143744	2.43148e-11	1.79833	1.77055	-4.61879e-05	1.50854e-09	0.969314
-37.5118	3.25939e-09	0.0136286	2.95952e-11	1.79835	1.77046	2.00683e-05	-1.32985e-11	1.01738
-37.0032	3.32957e-09	0.0128841	3.43783e-11	1.79829	1.77043	6.48823e-05	5.19661e-10	0.885449
-36.6264	3.85067e-09	0.0123337	3.89035e-11	1.79822	1.77052	5.39129e-05	-2.09667e-09	0.770683
-36.2325	2.4168e-09	0.0117588	4.1395e-11	1.79818	1.77074	2.13219e-06	7.57656e-10	0.808875
-35.8175	1.65949e-09	0.0111541	4.62632e-11	1.79824	1.77107	-8.92467e-05	8.50039e-10	0.820216
-35.4123	1.7452e-09	0.010565	5.32583e-11	1.79843	1.77148	-0.000209336	-9.85613e-10	1.20443
-34.6131	2.59238e-11	0.00940896	6.28877e-11	1.79888	1.77172	-0.000499099	1.34558e-09	1.22841
-34.1838	4.87726e-10	0.00879271	6.89253e-11	1.79949	1.77182	-0.00044565	-3.29147e-10	0.857553
-33.7555	6.10279e-10	0.00818236	7.48416e-11	1.80009	1.7721	-0.000488126	-2.38857e-09	0.77467
-33.4092	-1.2807e-09	0.00769285	7.70281e-11	1.80078	1.77271	-0.000587632	3.10922e-09	0.805816
-32.9497	-3.51232e-10	0.00704828	8.22631e-11	1.80164	1.77374	-0.000751554	-2.11919e-09	0.907517
-32.5017	-1.73479e-09	0.00642749	8.13052e-11	1.80274	1.77529	-0.000972016	1.72793e-09	1.08642
-31.8633	-1.04224e-09	0.00555295	8.03656e-11	1.80388	1.77683	-0.000811972	-9.73793e-10	0.970798
-31.5309	-1.46554e-09	0.005103	7.86586e-11	1.80481	1.77783	-0.000645272	1.24316e-09	0.832601
-31.0307	-5.93931e-10	0.00443051	7.76278e-11	1.80558	1.77846	-0.000577405	-9.71548e-10	0.853236
-30.6776	-8.11708e-10	0.00396012	7.54441e-11	1.80624	1.77887	-0.00044921	-1.01377e-09	0.705612
-30.3251	-1.8992e-09	0.0034924	7.15567e-11	1.80681	1.77919	-0.000453775	5.67123e-10	0.732246
-29.9454	-2.54713e-09	0.00299084	6.66717e-11	1.80741	1.77956	-0.000481505	7.48736e-10	0.762517
-29.5626	-2.50196e-09	0.0024875	6.14713e-11	1.80802	1.78004	-0.000481717	2.71314e-09	0.732534
-29.2128	-1.43409e-10	0.00202859	6.00559e-11	1.80862	1.78058	-0.000464609	3.3562e-11	0.699461
-28.8631	2.2466e-09	0.00157069	6.13111e-11	1.80921	1.78113	-0.000469259	-7.1527e-09	0.717541
-28.4953	-1.67653e-09	0.00108917	5.68909e-11	1.80979	1.78169	-0.000454952	3.45388e-09	0.74339
-28.1197	-2.5083e-09	0.000597204	5.80426e-11	1.81035	1.78217	-0.000417357	1.53916e-09	0.780305
-27.715	-1.87749e-09	6.56932e-05	6.04224e-11	1.81083	1.78251	-0.000350539	-1.51761e-10	0.809583
-27.3101	-1.39675e-09	-0.000468789	6.15359e-11	1.81123	1.78266	-0.000281818	2.39565e-10	0.876043
-26.839	-5.59567e-10	-0.00109492	6.22431e-11	1.81153	1.78267	-0.000197311	-9.21606e-10	0.85744
-26.4527	-7.47924e-10	-0.001614	6.11245e-11	1.81176	1.7826	-0.00015474	-4.73906e-10	0.893827
-25.9451	-1.587e-09	-0.00230283	6.03944e-11	1.81195	1.78252	-0.000154225	7.24137e-10	0.869515
-25.5832	-1.54084e-09	-0.00280163	6.21813e-11	1.81215	1.78249	-0.000159564	-6.79746e-11	0.814682
-25.1305	-1.55882e-09	-0.00343187	6.50946e-11	1.81239	1.78252	-0.000215418	3.58904e-10	0.798532
-24.7847	-1.26699e-09	-0.00391977	6.67541e-11	1.81268	1.78258	-0.000254952	-3.00136e-10	0.744053
-24.3864	-1.22516e-09	-0.00448735	6.70118e-11	1.81308	1.78271	-0.000374082	9.91592e-11	0.786601
-23.9981	-1.08938e-09	-0.00504541	6.6291e-11	1.81366	1.78306	-0.000550814	-1.70973e-10	0.822662
-23.5637	-1.12067e-09	-0.00567468	6.45287e-11	1.81447	1.78366	-0.000724437	3.84271e-10	0.766392
-23.2317	-8.28981e-10	-0.0061569	6.2958e-11	1.81544	1.78458	-0.000819545	-4.37913e-10	0.66068
-22.9031	-8.96443e-10	-0.00663488	6.0519e-11	1.81666	1.78594	-0.00113576	4.57566e-10	0.73237
-22.4993	-5.20331e-10	-0.00721806	5.77819e-11	1.81841	1.78799	-0.00164414	-1.30174e-10	0.821496
-22.0816	-2.65337e-10	-0.00781661	5.41936e-11	1.82073	1.79082	-0.00207194	1.41294e-10	0.836883
-21.6624	1.40443e-10	-0.00840515	5.05455e-11	1.82358	1.79426	-0.00249456	-1.19896e-10	0.836683
-21.2449	4.20811e-10	-0.00897687	4.62402e-11	1.82707	1.79847	-0.00312553	-1.59276e-10	0.892175
-20.7702	5.4968e-10	-0.00960347	4.01848e-11	1.83121	1.80342	-0.00357715	-5.65345e-11	0.885199
-20.3597	6.02564e-10	-0.0101173	3.42843e-11	1.83574	1.80879	-0.0038048	5.42628e-10	0.842135
-19.9281	1.26608e-09	-0.0106317	2.99299e-11	1.84065	1.81461	-0.00422187	2.58345e-10	0.86495
-19.4947	2.23329e-09	-0.011104	2.71486e-11	1.84608	1.82101	-0.00472285	-8.24692e-10	0.888
-19.0401	2.26521e-09	-0.0115641	2.61419e-11	1.85246	1.82857	-0.00585727	-3.93073e-10	1.04392
-18.4508	1.68249e-09	-0.0120754	2.83472e-11	1.85929	1.83673	-0.00556883	2.83781e-10	0.927049
-18.113	1.60587e-09	-0.0123352	3.06804e-11	1.86502	1.84359	-0.0040811	-6.32843e-12	0.676667
-17.7741	1.52217e-09	-0.0125595	3.23371e-11	1.87072	1.85049	-0.00558605	4.95147e-10	0.923772
-17.1893	2.18999e-09	-0.0128785	3.35113e-11	1.87804	1.85922	-0.0069181	-2.91768e-10	1.22093
-16.5532	2.39834e-09	-0.0131218	3.19452e-11	1.88497	1.86728	-0.00502177	-2.92169e-11	0.998605
-16.1907	2.488e-09	-0.013222	3.02574e-11	1.8899	1.87276	-0.00351985	-4.18551e-11	0.782391
-15.7708	2.54124e-09	-0.0132987	2.8588e-11	1.89401	1.87724	-0.00364916	7.12151e-11	0.936798
-15.2539	2.71693e-09	-0.0133527	2.68734e-11	1.89795	1.88133	-0.00326554	7.2888e-12	1.16745
-14.6034	2.95441e-09	-0.0133722	2.40518e-11	1.90052	1.8836	-0.00124247	-6.81018e-13	1.13195
-14.1219	3.12985e-09	-0.0133732	2.12836e-11	1.90091	1.88284	0.000545866	1.47661e-11	1.08949
-13.5139	3.37805e-09	-0.0133805	1.72816e-11	1.89925	1.87911	0.00238297	-6.99456e-11	1.00345
-13.1185	3.45571e-09	-0.0134018	1.44409e-11	1.89625	1.87376	0.00287746	3.45373e-11	0.839162
-12.6747	3.5875e-09	-0.0134583	1.12355e-11	1.8925	1.86769	0.0036827	-2.5173e-11	0.817635
-12.3008	3.66978e-09	-0.013539	8.55846e-12	1.88805	1.86096	0.00406091	-4.54749e-12	0.747894
-11.9268	3.7462e-09	-0.0136514	6.04285e-12	1.88283	1.85332	0.00498079	-7.44573e-11	0.796382
-11.5044	3.74153e-09	-0.0138459	3.34809e-12	1.87626	1.84416	0.00630209	-9.90472e-13	0.846029
-11.0808	3.73575e-09	-0.0140942	1.15632e-12	1.86754	1.8321	0.00855005	-7.80797e-11	1.00861
-10.4958	3.60294e-09	-0.0145843	-1.12997e-12	1.85526	1.81532	0.0120826	-4.26731e-11	1.20005
-9.88074	3.3982e-09	-0.0152675	-1.50989e-12	1.84086	1.79607	0.0117556	-1.73154e-10	1.05512
-9.44072	3.06037e-09	-0.0159042	-7.34876e-13	1.82735	1.77824	0.0102676	4.36627e-11	0.867846
-9.0129	2.78711e-09	-0.016614	1.96674e-12	1.81409	1.76107	0.0109496	-1.76728e-10	0.918332
-8.52239	2.27093e-09	-0.0175992	6.31934e-12	1.79966	1.74295	0.0117537	-3.98466e-11	0.966127
-8.04677	1.73946e-09	-0.0186784	1.27381e-11	1.78423	1.72408	0.0120615	-2.19079e-10	1.02265
-7.49974	8.69155e-10	-0.0201284	2.09842e-11	1.76828	1.70492	0.0120662	1.77444e-11	1.0584
-6.98837	9.79074e-11	-0.0216287	3.17448e-11	1.75308	1.68698	0.010459	9.2468e-11	1.0198
-6.47994	-5.48394e-10	-0.0232929	4.53813e-11	1.74004	1.67172	0.00851368	-1.02146e-10	0.962442
-6.02593	-1.21466e-09	-0.0248716	5.88793e-11	1.73036	1.6606	0.00535092	-2.75226e-10	0.779924
-5.70002	-1.8781e-09	-0.0260745	6.78459e-11	1.72393	1.65339	0.00374954	-7.4808e-10	0.699781
-5.32615	-3.22284e-09	-0.0274907	7.53024e-11	1.71937	1.64872	0.00265546	1.26587e-09	0.811236
-4.88878	-3.62642e-09	-0.0291963	8.5224e-11	1.71695	1.64653	0.000719348	-1.05987e-10	0.873759
-4.45239	-4.12534e-09	-0.0309267	9.12967e-11	1.71779	1.64793	-0.001886	6.22889e-10	1.03392
-3.85487	-4.02893e-09	-0.0333022	9.85876e-11	1.72313	1.65389	-0.00561684	-8.55288e-10	1.05946
-3.39293	-4.79379e-09	-0.0350963	9.94841e-11	1.73167	1.66275	-0.00647364	3.06567e-10	0.789344
-3.06552	-5.12702e-09	-0.0363409	1.00924e-10	1.74082	1.67249	-0.00662725	1.53398e-11	0.655599
-2.73733	-5.45487e-09	-0.0375384	1.02691e-10	1.75093	1.6833	-0.00805434	1.97318e-10	0.668774
-2.39675	-5.65154e-09	-0.0387236	1.05395e-10	1.76286	1.69625	-0.00954272	4.08772e-12	0.682552
-2.05478	-5.85012e-09	-0.0398635	1.07939e-10	1.77684	1.71189	-0.0114405	5.7511e-11	0.738739
-1.65801	-6.03337e-09	-0.0410713	1.1076e-10	1.79417	1.73154	-0.0151226	-2.17083e-11	0.880093
-1.17469	-6.29018e-09	-0.0424101	1.13724e-10	1.81322	1.75352	-0.0147379	5.81894e-11	0.80927
-0.84874	-6.42215e-09	-0.0432128	1.15968e-10	1.83004	1.77317	-0.0121938	1.40504e-11	0.654933
-0.519754	-6.54758e-09	-0.0439297	1.18384e-10	1.84764	1.79383	-0.0166743	3.01167e-11	0.887424
0.0386839	-6.72456e-09	-0.0449937	1.23291e-10	1.87014	1.82031	-0.0211281	4.38039e-11	1.19549
0.675731	-6.85857e-09	-0.0459205	1.30189e-10	1.89122	1.84536	-0.0150808	3.56286e-11	0.973796
1.01248	-6.89659e-09	-0.0463238	1.34529e-10	1.9054	1.86236	-0.00977626	-1.36472e-11	0.701327
1.37706	-6.9544e-09	-0.0466787	1.39574e-10	1.91709	1.87628	-0.0110807	6.15932e-11	0.903017
1.9155	-6.93658e-09	-0.047127	1.47884e-10	1.92819	1.88955	-0.00893999	9.24197e-11	0.961497
2.33856	-6.79327e-09	-0.047412	1.54731e-10	1.93652	1.89957	-0.00623872	1.19408e-11	0.874746
2.79024	-6.61888e-09	-0.0476978	1.61831e-10	1.94193	1.90581	-0.00371	1.42455e-10	0.790964
3.12952	-6.32149e-09	-0.0479033	1.66418e-10	1.94509	1.90914	-0.00211809	-3.39954e-11	0.685263
3.47551	-6.0564e-09	-0.0481289	1.70404e-10	1.94675	1.91055	-0.000957623	2.47456e-10	0.695829
3.82535	-5.48925e-09	-0.0483735	1.72632e-10	1.94721	1.9102	0.000105592	1.10182e-11	0.708482
4.18399	-4.89444e-09	-0.0486553	1.72879e-10	1.94643	1.90813	0.00132918	2.35901e-10	0.83914
4.66449	-3.7126e-09	-0.0491112	1.69974e-10	1.94377	1.90332	0.00359093	3.17972e-10	1.02719
5.21117	-1.79569e-09	-0.0497426	1.61773e-10	1.93905	1.89562	0.00511404	2.29674e-10	0.981602
5.64609	3.58406e-11	-0.0503656	1.52604e-10	1.93266	1.88546	0.00657646	4.70418e-11	1.02704
6.23822	2.56674e-09	-0.051383	1.38573e-10	1.92485	1.87315	0.00762456	9.44577e-11	1.03665
6.68274	4.55415e-09	-0.0523025	1.2857e-10	1.91669	1.86053	0.00706875	7.59318e-11	0.919056
7.15728	6.74112e-09	-0.0534227	1.20854e-10	1.90881	1.84843	0.00700847	3.873e-12	0.91129
7.59403	8.71621e-09	-0.0546119	1.16714e-10	1.90105	1.83697	0.00671713	-1.87754e-10	0.87759
8.03487	1.04231e-08	-0.0559298	1.15697e-10	1.89352	1.82651	0.00650516	-3.53564e-11	0.890619
8.48465	1.20849e-08	-0.0574579	1.17764e-10	1.88641	1.81766	0.00585667	6.59434e-11	0.781616
8.81648	1.33533e-08	-0.058665	1.21492e-10	1.88006	1.81085	0.00511707	2.83415e-11	0.691368
9.17602	1.47364e-08	-0.0600821	1.26342e-10	1.8729	1.80438	0.00714712	-2.0758e-11	0.925002
9.74148	1.68361e-08	-0.0625339	1.34157e-10	1.86306	1.79747	0.00951864	1.90545e-10	1.16065
10.3367	1.9296e-08	-0.0654042	1.3836e-10	1.85226	1.79169	0.00858009	1.97377e-10	1.03295
10.7744	2.12927e-08	-0.0676985	1.36744e-10	1.84355	1.78852	0.00585099	4.0798e-10	0.856961
11.1936	2.3621e-08	-0.0700485	1.31809e-10	1.83788	1.78779	0.00346412	2.70649e-10	0.744923
11.5194	2.56415e-08	-0.0719814	1.25881e-10	1.8348	1.78863	0.00156639	1.18242e-10	0.676232
11.8699	2.79134e-08	-0.0741309	1.16519e-10	1.83431	1.79054	-0.00076629	1.47744e-10	0.95915
12.4785	3.20981e-08	-0.0781383	1.00086e-10	1.83805	1.79211	-0.00535109	-8.83446e-11	1.09116
12.961	3.53505e-08	-0.0815158	8.90087e-11	1.84452	1.78856	-0.00526453	-5.61e-11	0.971788
13.4503	3.86219e-08	-0.0852531	8.57147e-11	1.84835	1.77513	-0.00106554	-4.33776e-10	0.992258
13.9533	4.1415e-08	-0.0893919	9.19624e-11	1.84467	1.74715	0.00714339	-3.39667e-10	1.05474
14.505	4.39335e-08	-0.0945093	1.11334e-10	1.82823	1.69772	0.0195698	-3.17871e-10	1.13619
15.0895	4.60111e-08	-0.100541	1.50257e-10	1.80041	1.61781	0.0245252	-3.22374e-10	1.22544
15.7305	4.76762e-08	-0.108008	2.08819e-10	1.77875	1.51473	0.00902276	-3.91529e-10	0.973068
16.0625	4.82233e-08	-0.112148	2.44438e-10	1.77368	1.41569	-0.00131586	-5.32455e-11	0.680109
16.4106	4.8756e-08	-0.1166	2.85572e-10	1.7849	1.29682	-0.0158366	-3.01892e-10	0.962963
17.0255	4.92902e-08	-0.124485	3.65174e-10	1.83043	1.12223	-0.0570114	-3.8126e-10	1.24238
17.653	4.92614e-08	-0.131758	4.47609e-10	1.916	0.97213	-0.0903136	-2.56211e-10	0.976396
18.0019	4.89119e-08	-0.135313	4.90965e-10	2.01253	0.942517	-0.0915866	7.028e-11	0.710631
18.3636	4.85066e-08	-0.138122	5.36145e-10	2.13531	1.07272	-0.170954	1.82503e-10	0.988052
18.99	4.72279e-08	-0.141173	6.0802e-10	2.31182	1.41931	-0.258035	7.54245e-10	1.2609
19.6245	4.53509e-08	-0.140812	6.76059e-10	2.48152	1.88446	-0.204105	9.76739e-10	1.05751
20.0475	4.37511e-08	-0.13888	7.14299e-10	2.59768	2.26241	-0.146207	6.76186e-10	0.863856
20.4884	4.19926e-08	-0.134749	7.52776e-10	2.6795	2.51156	-0.117762	9.05281e-10	0.786312
20.8338	4.04049e-08	-0.130504	7.72092e-10	2.73694	2.69146	-0.0753952	3.46864e-10	0.692311
21.1807	3.88103e-08	-0.124915	7.83629e-10	2.80715	2.85076	-0.172465	1.55895e-09	0.691282
21.5251	3.69535e-08	-0.117931	7.94405e-10	2.8554	3.01465	0	-1.06706e-22	0.688762
21.8694	3.50968e-08	-0.109939	7.78954e-10	2.92874	3.25389	-0.279989	2.31625e-09	1.00221
22.5273	3.11236e-08	-0.090589	7.1651e-10	3.08035	3.64405	-0.322515	3.22141e-09	1.25438
23.1238	2.70355e-08	-0.0697266	6.21519e-10	3.23853	4.08863	-0.354586	4.83776e-09	1.2001
23.7274	2.21432e-08	-0.0494181	4.87185e-10	3.37727	4.37417	-0.277314	4.94123e-09	1.13569
24.2595	1.71777e-08	-0.0349836	3.37042e-10	3.47232	4.3662	-0.17768	5.50498e-09	0.949575
24.6769	1.26068e-08	-0.0286366	1.65264e-10	3.51289	4.15495	-0.0216607	3.38494e-10	0.546391
24.8059	1.11892e-08	-0.0274361	1.11901e-10	3.51765	3.99048	-0.00206889	1.02846e-10	0.136993
24.8139	1.11007e-08	-0.0273753	1.08568e-10	3.51807	3.9507	-2.79489e-05	6.61178e-12	0.00853359
24.8144	1.10951e-08	-0.0273716	1.08359e-10	3.56546	3.81975	5.04121	-2.63492e-08	119.568
