-7.96649	22.3536	-97997.8	137788	314923	-4717.2	109.627
-53.0017	23.0281	-192658	-257085	-646618	-559851	135.872
2.98797	-48.4952	175065	270020	425715	534830	170.517
-38.2618	19.6824	-129888	-145062	-446275	-358055	140.304
9.01996	57.6174	-84279.9	101054	-717900	-662931	151.299
-52.836	-8.69052	89744.9	-225180	202834	-335909	140.924
41.1924	34.3206	-187371	-113434	60374.8	41604.8	152.994
23.1908	21.9154	-126744	92605.8	10995.3	-593.916	111.379
14.5747	22.3808	-129769	151149	50236.1	425634	61.1273
8.42122	-29.7561	210780	181009	595136	-661280	128.026
-42.1029	26.3834	-128251	-171357	-518402	-243152	136.169
12.7995	52.1349	-83158.3	130285	-545573	-585460	158.779
-58.3568	-15.4504	107456	-205953	466558	238294	171.389
9.97591	-41.8394	189143	184962	202728	-181652	115.141
-21.2218	-13.8851	48089.1	117096	90361.4	79673	69.8414
-42.1877	-32.3711	97173.6	-182427	153844	234338	115.581
54.4847	52.096	-45907.2	-356129	285199	-171547	212.912
14.8155	-44.043	143390	155928	-328197	52031.1	199.949
-59.4986	-51.2859	112661	-366238	31353.2	-436863	127.735
56.7025	1.64639	-41767.8	-161421	-172473	187422	93.5972
-35.8533	-28.1764	62203	-109161	101427	-86570.2	69.9236
-58.2115	-9.09325	90429.7	-234580	302428	-366441	124.325
26.6129	33.5279	-164396	217434	492577	658548	167.556
-16.8869	-24.6288	94001.9	204997	554467	528465	160.413
52.3703	47.0079	-173889	-297822	-564155	-413087	184.686
-13.5832	-33.418	155400	241323	404503	283019	196.009
-59.7345	54.2913	12826.1	-398257	564471	-216490	214.721
2.09254	-43.3978	176224	265086	517.529	5873.02	121.993
1.5321	-49.7563	162618	273872	19199.3	-21913.1	20.2578
-7.61125	-39.3205	166185	262609	59003.3	-56059	36.8944
-24.2997	-23.4648	7943.15	101575	-576547	366010	124.347
31.5922	-58.9467	65680.2	64596	226475	123541	142.114
-4.21382	41.5212	-125734	238678	136515	458791	96.254
-20.0328	-11.6422	48036.5	131120	215844	148458	96.5663
-53.8956	-34.9331	81695.7	-325410	-40179.9	-331504	87.4688
-48.3162	11.0996	-87145	-188558	55971.6	51407.1	68.6223
55.2947	-3.95305	45977.4	-180779	95962.3	69811	121.173
32.8595	-20.2744	101226	7170.35	256216	418763	176.74
3.54448	51.8128	-77244.5	171576	358394	-196796	183.205
-41.4072	-43.504	125842	-205000	171897	-582781	167.845
-59.0779	16.4048	-148239	-228772	-54661.6	-20931.8	82.0207
-40.8113	23.3996	-110141	-157941	52210.7	-43914.2	40.6574
-56.9569	36.9795	-53117.8	-278012	352043	-153924	98.1596
17.4868	56.8982	-38680.9	159711	33251.9	-104289	172.012
9.3893	-37.7057	159954	196166	-247233	13399.1	175.075
49.2935	-39.8683	176226	-166319	-38140.9	-76672.9	103.731
59.8074	-18.7328	109752	-222665	281362	-30323.5	101.281
17.3468	-14.1567	130508	191096	40732.4	536375	139.22
12.8955	47.2275	-138948	147085	-511602	73296.4	125.031
-50.0615	39.055	-38721.5	-217437	-15564	227190	101.821
-47.4414	0.808907	-3544.73	-179384	5660.77	192883	73.6449
-48.4772	-34.4851	124954	-313517	531012	-656047	128.604
25.2359	22.7009	-156777	116002	-55846.3	284711	136.534
33.5587	-19.7296	105684	-1852.69	-128.76	230.618	44.8101
34.3248	-21.1011	79389.7	-24650.2	-512841	-196409	69.5123
-30.2105	0.140948	4109.18	40371	299420	582319	136.975
-59.8562	-57.5147	-37909	-395318	-707848	-619976	159.315
-1.43025	-6.34181	-63169	217043	-123892	324789	137.587
15.4294	-50.5404	101779	143979	127724	430183	117.499
0.141343	17.9682	-82538.5	166705	6096.02	-21580.2	82.3975
-3.17621	29.7124	-201253	180153	-464873	2260.76	77.5393
51.4889	29.4466	-147653	-194169	98700.4	-261064	197.539
36.4898	-50.8806	217625	-65350	728487	-627742	210.717
-22.9877	0.37161	-41710	90290.7	-441366	-357406	138.909
23.9485	38.3792	-250668	176930	-613804	355467	130.68
-37.6696	4.56885	-69394.3	-140377	-325267	-193556	119.635
4.74041	29.8058	-190054	185677	543.399	-2278.38	53.4716
3.7841	33.814	-166383	193786	559856	636928	77.8648
-44.9019	-21.5744	69212.6	-224482	183943	135722	112.153
44.1919	-44.3784	211480	-98206.4	424629	158583	161.064
-6.37885	56.7353	21765.3	303254	236685	34961.8	161.944
-45.2452	50.9942	-47908.3	-221542	-379381	-636458	109.572
-9.94214	-9.78078	-22592.3	180736	-236231	-383052	124.075
18.2931	36.003	-229251	94582.6	-543009	-333085	162.335
-47.1961	-50.5598	119267	-278270	246301	-331533	160.085
42.0675	-9.18717	153414	-46316.9	494415	528782	153.156
-4.47998	-58.9702	31823.2	345104	-366001	624294	169.758
29.9837	2.24463	17393.6	3548.15	296166	-178339	115.319
-10.4311	26.5808	-121795	137050	344131	-49758.5	94.4876
-57.2555	33.3512	-83895.3	-250844	-162259	-16845.8	79.7967
-24.9439	36.7058	-148518	132272	-452363	504153	98.4194
19.0897	-12.3691	152345	156643	526323	182179	125.746
-37.4318	-31.9331	108800	-112424	458446	353837	169.31
34.2908	50.8055	-83853.5	17061	-33310.8	42280.9	218.882
45.9052	36.0633	-167623	-192565	61083	19467.7	210.082
26.4122	29.8506	-198499	191835	-485826	317682	177.274
-42.4873	-3.56406	35107.8	-165876	333087	-225030	159.479
35.3768	24.9026	-246152	-32989.1	19099.3	-201366	119.049
31.9638	-59.1145	63673.5	60572.4	130762	245511	78.4871
12.0588	23.513	-149684	138687	-161769	-35616.5	130.657
44.0257	30.5512	-224337	-146694	-197689	-66465.4	125.012
-41.1892	42.2464	-9651.01	-140149	79140.4	42435	60.8657
57.5121	30.826	-88793.4	-194075	561661	266768	92.685
0.439682	3.71878	26477.2	161070	356708	186992	119.417
-44.641	-19.9132	66172.7	-223412	224595	204018	95.1117
42.6329	-49.6409	195386	-102202	83512.1	-263655	158.767
29.8836	-9.39018	152949	14741.3	465638	-36990.6	169.351
-24.7403	-5.05084	1325.2	65321.6	-105905	-101232	85.5945
-2.47668	16.2303	-57119.6	143237	179898	-289144	77.6223
-27.2124	55.9871	47714.1	104101	138032	271806	91.1391
-47.2781	16.4747	-145165	-144892	-409318	396974	104.831
-3.83723	-25.6561	116408	232046	-566509	125860	122.355
55.7576	-38.8961	177848	-225371	458757	-349546	142.373
7.34815	-2.01088	-5926.13	92300.7	379332	-226863	133.844
-38.4036	25.3513	-117122	-147779	-172763	-187922	93.8829
-10.9439	55.2204	13583.2	269641	26194.6	49321.1	59.6852
-19.9084	38.3414	-119139	148048	26504.8	60641.8	39.8947
-28.2317	19.2981	-104377	19478.3	185365	-369918	72.3699
-51.3426	-54.5813	48911.2	-321122	276598	-207513	174.765
30.9168	-26.267	90298.4	-12736.5	-252670	-216061	213.185
-53.9192	3.80214	-59611.1	-237765	-12450.9	954.066	99.1792
-44.7739	3.10134	-43196.9	-146145	-692.685	60999.5	29.1355
-44.5473	-16.8608	18283.2	-234672	-603949	-620117	94.4669
7.43414	36.5123	-146127	148296	63434.8	289756	118.22
-1.91513	-6.19301	-68715.4	220302	2523.13	-17060.3	54.4505
-3.48549	4.42535	29164	202458	388194	133903	62.1268
-52.0694	-12.3331	89836.8	-239176	-73931.6	-343803	98.9711
-42.0668	34.1817	-79263.6	-170044	-323810	-36620.4	93.3879
3.45291	39.3296	-139792	144994	533203	-365210	144.872
-49.6873	-44.2728	80479.8	-278037	-565658	223893	212.136
8.42521	52.7258	-63768.1	115295	428836	-386153	204.339
-36.8142	-26.5376	36840.4	-133634	-442272	-167734	146.405
14.7422	-6.98452	58106.7	119393	81425.8	-39323.9	79.3899
-7.09493	3.56147	-6613.3	241617	118178	172192	60.9734
-27.8752	-26.7166	39425.3	12302.6	-535133	-401407	102.249
24.5425	12.6023	-139693	39087.6	-231184	41466.9	147.497
-57.14	5.72935	-52636.5	-219061	27306	93710.6	107.156
55.8145	-18.4504	103790	-252253	-285479	-223104	73.4751
-26.1368	11.2851	-143251	58093.2	-313449	-101096	94.3418
17.692	25.421	-96037.6	93142.7	562159	-291815	109.819
-38.9039	54.7997	-20311.5	-124914	-8424.27	-196186	148.197
-37.3759	-29.6163	73945.7	-122793	-4444.42	-11622	93.586
-34.1055	-21.0642	39059.1	-82932.5	-14956.6	-151944	40.5916
-31.026	10.2201	-143827	-41088.1	-277359	-484574	91.3206
-1.27751	-57.8063	67550.9	278223	494568	-216495	170.34
-55.2261	-34.1906	72940.8	-327647	-624338	-456296	180.888
1.6383	7.36873	1806.79	172806	153685	467173	126.652
-15.9299	-46.0351	131272	269414	245320	603620	121.053
-40.2793	14.0521	-139825	-137022	-329512	-70017	111.405
5.27561	23.7319	-163478	177425	-188778	-20319.9	131.829
40.101	27.4804	-267293	-100906	-612650	-393471	153.608
-22.3873	-55.5831	108623	175239	116644	335065	116.139
-38.0987	19.2855	-129458	-141447	56587.6	-14988.3	67.3492
-57.0078	24.294	-179775	-253014	-269610	-383421	101.027
-25.4348	-50.8051	87516	83058.4	-327698	-32807.9	127.517
20.3873	-46.2175	124073	61995.9	-413285	-420276	134.551
-56.4755	-2.35049	-25662.8	-237211	-493030	-151417	146.066
-1.44599	14.5499	-37988.4	156509	314673	108394	103.859
-45.2147	-0.526899	33190.5	-140940	527326	453343	128.177
24.1281	-44.0769	187233	7045.48	582524	-175992	144.392
-35.7086	-25.999	39884.6	-120132	183914	-230891	106.12
57.1195	8.11347	-51166.4	-179670	509846	179019	110.914
1.52944	-11.4055	-11696.8	200332	-389366	239574	146.408
47.7019	-39.8151	171079	-146869	-63141.6	-86464.7	105.47
-56.7492	-18.5228	90608.4	-217162	-32996.6	222212	108.89
-51.1563	-56.1877	13294.8	-314247	-335503	-328310	173.062
-11.8959	-17.7691	91236	137480	532431	-661166	164.319
-58.1727	39.6968	-66792.6	-288592	123627	-30177.1	166.132
33.9253	46.5076	-85311.2	25198.2	472513	135795	148.559
-20.098	30.9819	-123696	185168	-250201	583034	120.03
5.06993	-27.666	191820	258791	-9571.07	536180	125.144
6.11748	33.6488	-170651	152653	-287574	-121927	141.952
47.4137	51.1578	-117414	-158975	-469660	543414	148.516
-28.1946	-0.205068	-4732.47	53540.9	11677.9	4770.14	77.1052
-36.7275	-3.6904	26516.4	-147379	70217.9	-517400	67.1372
-44.5166	53.7034	-60267.4	-182803	-583747	512970	128.525
8.52023	7.09709	-42633.5	96799.3	25332.6	16405.2	84.722
-3.32926	-0.576453	-66333.6	211077	-354911	-353467	70.8518
36.8699	39.4591	-170147	-27280.3	-112331	144406	159.279
57.9833	12.3167	-119181	-196052	-114131	36902.8	130.436
-35.4776	3.73566	-56883.1	-126448	228761	-531389	88.8462
-59.5798	59.7224	-50649.5	-393918	-443386	-122896	178.731
-7.17025	-45.7509	147369	296515	-32662	-8691.25	132.701
7.25235	-41.913	192455	206511	171187	-141565	52.7905
-21.9284	-17.7818	44156	100606	43107.8	-261986	79.2402
-28.6458	23.0435	-88372.4	35706.1	312581	379237	97.5737
55.6095	-20.3236	113547	-249944	163070	-325240	163.607
33.921	22.9338	-238821	-9529.04	-143342	-69488.2	199.589
-57.1903	36.9383	-54779.3	-277157	-81644.9	-176438	181.27
-42.3069	-50.898	138749	-137160	502024	690154	186.405
34.1756	9.27663	-76923	16112.8	7841.12	492033	153.553
33.2796	-46.9522	214318	-17587.1	293706	173355	160.54
-7.07414	49.2297	-78124.3	266505	-31224.4	154951	136.285
-0.756606	17.8789	-81584.6	160786	-12963	54463.5	51.1163
3.67408	-0.736327	-55581.3	65093.9	-87501.2	-491261	75.7623
13.6039	55.0132	-54016.2	151307	603245	323209	122.901
-44.8134	23.7142	-129157	-153591	75092.9	339456	113.582
-55.0316	-22.4773	78698	-238580	-184639	458008	118.259
-33.9684	45.2744	-31201.3	-11395	226845	-249396	162.049
54.6826	-40.2603	202484	-222170	514728	113258	215.781
-2.14762	-52.7648	103729	305331	-290963	317492	177.307
33.4072	28.4386	-230592	27554.9	-716.923	17660.7	63.4877
33.8477	17.5841	-199628	-11959	-66457.5	-183497	123.819
45.9391	50.97	-119401	-143147	-276984	36117.9	155.386
-31.9862	45.4836	-45171.1	52448.2	-283920	544137	105.206
-2.94696	-10.1706	-2298.98	239163	484277	376889	125.544
-52.4828	-48.7219	132534	-319466	160077	175649	157.571
41.1417	42.3368	-138386	-125777	66643.1	-120051	236.072
26.6664	-51.5874	139500	39905.9	252760	-288182	190.933
-6.08072	-14.251	7922.33	230913	-541244	-1100.35	110.698
52.8844	-14.1311	124990	-220080	211127	-251689	158.098
23.3254	21.1069	-125113	86746.5	319090	-124259	144.016
-20.427	38.1448	-121780	144334	-58151.6	-157073	136.816
-8.99975	-50.9893	134766	332320	488032	665118	164.804
-52.0306	10.3658	-74716.6	-216045	-2988.95	5240.32	81.3947
-48.833	4.75953	-91636.3	-226192	-510411	-420194	71.5965
1.45943	46.1626	-141418	184829	-10060.7	16602.8	76.5152
7.35314	36.4362	-146324	148662	-13023.9	-55259.7	30.6406
11.7732	55.1903	-59074.7	129566	-368648	-228947	138.145
56.6481	-36.9403	101856	-200968	-613496	490702	212.673
-7.91533	38.719	-127131	215628	20029.2	16681.5	106.933
-18.0103	30.3113	-114142	182902	445346	222773	69.706
51.398	5.00405	-80313.2	-141736	-391354	-109115	107.689
-19.3594	18.7336	-138178	144247	-307711	-82620.5	96.42
24.3902	30.4804	-166375	197976	313557	153950	92.7188
-18.1757	9.58139	-106666	198565	-286294	447264	105.829
13.3136	-39.613	174488	181728	-73775.4	241099	140.7
25.1128	41.8268	-189140	148355	-103972	6430.93	176.344
51.0731	40.2211	-164041	-260527	-319654	-203983	143.449
-27.287	-53.207	93225.7	33061.4	-6607.43	-256184	128.764
-26.2389	-12.5682	35451.2	69632.2	-181285	346506	158.421
-2.98667	-57.0121	79075.8	311479	2577.73	142496	109.433
-3.53617	32.6126	-204144	184292	-402288	-84178.8	100.846
46.7893	43.1433	-150141	-198200	-1359.93	-2962.83	75.2797
48.7977	47.5181	-155630	-203687	-171275	-80402.1	39.78
-39.5502	-57.6234	11933.3	-132117	-506644	87030.2	92.4381
17.0922	52.6467	-68212.2	189204	236833	574375	120.629
-6.98318	-5.74159	-79691.6	233904	-243918	340925	115.08
23.2293	-47.9696	123367	46708.1	-327326	-6291.15	126.021
-50.8639	-47.0873	141474	-315156	482801	-195166	143.922
15.5088	-25.4091	153201	162716	55728.3	-95182	96.5795
1.98978	-2.31928	-79636.9	101233	-704457	-686402	110.756
58.8586	53.092	-2212.52	-404753	253698	-445665	199.355
30.4607	-17.0221	116339	14773.9	-9996.44	-99951.7	140.901
33.0029	8.39682	-50140.8	4077.83	581854	-165515	87.8696
-26.9428	25.449	-102048	64574.6	-156637	-11460.1	94.2032
4.85155	27.7752	-179666	192100	54322.8	325836	77.9998
-2.73292	-17.7174	52673.2	222500	-362122	-221092	126.299
41.8499	9.50244	-129330	-15244	-547242	529176	150.062
-27.9129	-39.0763	118422	81036.7	-192197	564361	134.47
