0	-nan	0	-nan	1.76942e-16	-2.81459e-16	-7.97973e-17	-1.36284e-16	8.32667e-17	-3.67002e-17	-9.19403e-17	1.61546e-17
1	106.81	0	-nan	-1.19881	0.162653	-0.103192	-0.483911	0.663057	0.526397	-0.15707	0.179634
2	106.81	7.10543e-14	-nan	-1.88013	-0.29179	1.71752	0.546182	-1.47024	-0.731585	1.16981	0.827013
3	106.81	-4.26326e-14	-nan	-1.81313	-0.625978	1.43032	1.12215	-0.897594	-1.39449	0.340144	1.40934
4	106.81	-1.42109e-14	-nan	-1.73672	-0.758799	1.22197	1.31911	-0.541816	-1.55136	-0.106898	1.43655
5	106.81	2.84217e-14	-nan	-1.63	-0.936896	0.897478	1.54177	-0.00741561	-1.63072	-0.709654	1.24173
6	106.81	1.42109e-14	-nan	-1.53451	-1.1305	0.53536	1.72608	0.541879	-1.55815	-1.19133	0.815172
7	106.81	2.84217e-14	-nan	-1.44865	-1.21679	0.310042	1.76833	0.822614	-1.42028	-1.35367	0.490109
8	106.81	7.10543e-14	-nan	-1.31503	-1.36019	-0.0614812	1.79082	1.21398	-1.09168	-1.42102	-0.105095
9	106.81	-2.84217e-14	-nan	-1.33431	-1.30701	0.0360149	1.77123	1.11001	-1.17768	-1.41708	0.0531792
10	106.81	-1.42109e-14	-nan	-1.30792	-1.3927	-0.113843	1.80814	1.27485	-1.05386	-1.43595	-0.183005
11	106.81	-2.41585e-13	-nan	-1.40758	-1.31729	0.120952	1.82321	1.05583	-1.28965	-1.44378	0.192399
12	106.81	9.9476e-14	-nan	-1.35393	-1.3435	0.0144259	1.80992	1.15519	-1.18462	-1.45098	0.0262269
13	106.81	1.42109e-14	-nan	-1.37069	-1.34041	0.0400305	1.81778	1.13577	-1.21133	-1.45296	0.0598206
14	106.81	-4.26326e-14	-nan	-1.32352	-1.35033	-0.0365108	1.79374	1.19539	-1.12273	-1.43685	-0.0625061
15	106.81	-2.84217e-14	-nan	-1.40988	-1.31384	0.128488	1.82236	1.04828	-1.29612	-1.44339	0.203258
16	106.81	4.26326e-14	-nan	-1.41268	-1.26804	0.193081	1.78978	0.961821	-1.3328	-1.40649	0.302411
17	106.81	0	-nan	-1.45716	-1.28021	0.237004	1.82437	0.936781	-1.39486	-1.42221	0.376968
18	106.81	-4.26326e-14	-nan	-1.37494	-1.31775	0.0760379	1.80519	1.09275	-1.2378	-1.44277	0.116863
19	106.81	0	-nan	-1.41553	-1.21255	0.272232	1.74653	0.846856	-1.37443	-1.34536	0.4362
20	106.81	7.10543e-14	-nan	-1.48656	-1.24369	0.324524	1.80868	0.831579	-1.45628	-1.37468	0.51104
21	106.81	1.42109e-14	-nan	-1.46152	-1.20211	0.346949	1.76244	0.777961	-1.44708	-1.3335	0.549188
22	106.81	-9.9476e-14	-nan	-1.54649	-1.18495	0.480389	1.78344	0.642239	-1.55829	-1.27496	0.739374
23	106.81	-1.42109e-14	-nan	-1.48009	-1.26944	0.281578	1.8272	0.890787	-1.43316	-1.40776	0.444072
24	106.81	4.26326e-14	-nan	-1.50234	-1.2067	0.394019	1.78495	0.741184	-1.49639	-1.32772	0.614061
25	106.81	-1.27898e-13	-nan	-1.37169	-1.2543	0.15784	1.75657	0.975997	-1.28322	-1.39102	0.255635
26	106.81	-2.84217e-14	-nan	-1.41358	-1.26706	0.195401	1.78976	0.960133	-1.33496	-1.40782	0.304885
27	106.81	0	-nan	-1.40204	-1.31566	0.115625	1.82008	1.06106	-1.2843	-1.44762	0.183334
28	106.81	2.84217e-14	-nan	-1.50179	-1.26363	0.317963	1.83212	0.853316	-1.46452	-1.39302	0.498902
29	106.81	-1.13687e-13	-nan	-1.50275	-1.23564	0.356384	1.80989	0.798202	-1.48253	-1.36333	0.557839
30	106.81	2.84217e-14	-nan	-1.51349	-1.16654	0.460887	1.7524	0.644947	-1.52351	-1.26292	0.708962
31	106.81	4.26326e-14	-nan	-1.45661	-1.21267	0.325049	1.76795	0.807024	-1.42981	-1.34627	0.506069
32	106.81	-1.42109e-14	-nan	-1.4734	-1.28207	0.255754	1.83326	0.921728	-1.41431	-1.41872	0.403166
33	106.81	9.9476e-14	-nan	-1.47065	-1.26399	0.276097	1.81775	0.890868	-1.42217	-1.40234	0.434349
34	106.81	-2.84217e-14	-nan	-1.45912	-1.29306	0.222104	1.83454	0.958508	-1.38669	-1.4309	0.350915
35	106.81	-1.42109e-14	-nan	-1.41948	-1.24215	0.237984	1.7734	0.901919	-1.36357	-1.38105	0.382151
36	106.81	-4.26326e-14	-nan	-1.50985	-1.22259	0.382667	1.80038	0.761903	-1.49465	-1.33806	0.594771
37	106.81	-4.26326e-14	-nan	-1.42021	-1.23245	0.250908	1.76748	0.887865	-1.37098	-1.37902	0.395391
38	106.81	1.42109e-14	-nan	-1.52253	-1.17483	0.461806	1.76365	0.651043	-1.53109	-1.27056	0.709775
39	106.81	-1.42109e-14	-nan	-1.53812	-1.16443	0.496419	1.76156	0.610474	-1.5568	-1.25057	0.763688
40	106.81	-2.84217e-14	-nan	-1.53847	-1.14564	0.521038	1.74357	0.570978	-1.56166	-1.22018	0.796553
41	106.81	4.26326e-14	-nan	-1.4149	-1.24507	0.226163	1.77262	0.916699	-1.34946	-1.38437	0.350711
42	106.81	9.9476e-14	-nan	-1.48099	-1.24806	0.311029	1.80991	0.8481	-1.44611	-1.38328	0.488339
43	106.81	-2.84217e-14	-nan	-1.49741	-1.2544	0.324336	1.82267	0.841031	-1.46412	-1.38506	0.508199
44	106.81	1.42109e-14	-nan	-1.46649	-1.19756	0.359023	1.76135	0.765517	-1.45573	-1.32994	0.563834
45	106.81	0	-nan	-1.44818	-1.30022	0.198092	1.83468	0.984278	-1.36683	-1.43945	0.314328
46	106.81	-2.84217e-14	-nan	-1.4133	-1.35645	0.0761018	1.85464	1.12098	-1.26791	-1.47308	0.120649
47	106.81	1.42109e-14	-nan	-1.34004	-1.41297	-0.0976862	1.84393	1.28259	-1.0938	-1.4668	-0.155276
48	106.81	1.42109e-14	-nan	-1.42309	-1.33262	0.121011	1.84371	1.06917	-1.30243	-1.45974	0.191044
49	106.81	2.84217e-14	-nan	-1.38694	-1.3689	0.0239704	1.84639	1.16747	-1.21314	-1.47004	0.0367092
50	106.81	-1.42109e-14	-nan	-1.35863	-1.34993	0.0111094	1.81641	1.16321	-1.18279	-1.4528	0.013654
51	106.81	-1.42109e-14	-nan	-1.38415	-1.31145	0.0968192	1.80555	1.07112	-1.2563	-1.43751	0.149792
52	106.81	2.84217e-14	-nan	-1.35983	-1.33888	0.0278608	1.81035	1.14314	-1.19629	-1.44992	0.0428138
53	106.81	2.84217e-14	-nan	-1.47899	-1.26386	0.287737	1.82209	0.880494	-1.43532	-1.40115	0.454981
54	106.81	1.27898e-13	-nan	-1.38248	-1.32719	0.0735834	1.816	1.10121	-1.24179	-1.44883	0.113499
55	106.81	2.84217e-14	-nan	-1.41501	-1.28051	0.179854	1.8016	0.983704	-1.3303	-1.42209	0.283871
56	106.81	0	-nan	-1.28867	-1.35653	-0.0912063	1.76961	1.22688	-1.04947	-1.4018	-0.147495
57	106.81	0	-nan	-1.39746	-1.35105	0.0619549	1.84013	1.12528	-1.24432	-1.46069	0.0970013
58	106.81	2.84217e-14	-nan	-1.38083	-1.34099	0.0534249	1.8246	1.12573	-1.2292	-1.45666	0.0853978
59	106.81	7.10543e-14	-nan	-1.48808	-1.27644	0.282842	1.83641	0.894639	-1.43922	-1.41194	0.445561
60	106.81	5.68434e-14	-nan	-1.45183	-1.24691	0.273341	1.79452	0.880432	-1.40503	-1.38829	0.42722
61	106.81	1.42109e-14	-nan	-1.42819	-1.28743	0.188728	1.81417	0.981262	-1.34668	-1.42819	0.301507
62	106.81	1.42109e-14	-nan	-1.4693	-1.24906	0.294344	1.80526	0.863353	-1.43017	-1.38734	0.463934
63	106.81	1.42109e-14	-nan	-1.4732	-1.25416	0.292621	1.81159	0.869679	-1.43276	-1.39366	0.460359
64	106.81	-1.42109e-14	-nan	-1.40449	-1.28432	0.160357	1.79755	1.00101	-1.30887	-1.42066	0.250666
65	106.81	2.84217e-14	-nan	-1.38398	-1.32128	0.0845671	1.81373	1.08799	-1.25345	-1.4489	0.138712
66	106.81	-2.84217e-14	-nan	-1.41922	-1.22394	0.260268	1.75809	0.870856	-1.36969	-1.36283	0.40546
67	106.81	0	-nan	-1.38984	-1.21757	0.230711	1.73726	0.886928	-1.33292	-1.35459	0.367404
68	106.81	4.26326e-14	-nan	-1.3878	-1.33315	0.0728756	1.824	1.10726	-1.24701	-1.45662	0.113524
69	106.81	-1.27898e-13	-nan	-1.39141	-1.26361	0.17095	1.77401	0.973946	-1.3036	-1.39895	0.270381
70	106.81	0	-nan	-1.46101	-1.25321	0.277721	1.80466	0.881356	-1.41618	-1.39418	0.437768
71	106.81	2.84217e-14	-nan	-1.4727	-1.28273	0.253992	1.83325	0.923329	-1.41273	-1.41872	0.400875
72	106.81	-1.42109e-14	-nan	-1.43952	-1.25194	0.250357	1.79227	0.903554	-1.38453	-1.39453	0.392228
73	106.81	0	-nan	-1.42185	-1.27405	0.198537	1.80063	0.962013	-1.34773	-1.41631	0.319983
74	106.81	0	-nan	-1.38429	-1.35506	0.0390161	1.83664	1.14806	-1.22298	-1.46703	0.0609821
75	106.81	-1.42109e-14	-nan	-1.33103	-1.42628	-0.127634	1.84483	1.31	-1.06315	-1.46077	-0.203264
76	106.81	4.26326e-14	-nan	-1.37784	-1.31375	0.0853456	1.80398	1.08235	-1.24559	-1.44025	0.132102
77	106.81	0	-nan	-1.31189	-1.44086	-0.172814	1.83826	1.34559	-1.01133	-1.44374	-0.275303
78	106.81	1.42109e-14	-nan	-1.34862	-1.33747	0.01439	1.80204	1.15161	-1.17754	-1.44415	0.0188747
79	106.81	0	-nan	-1.35418	-1.36755	-0.0183411	1.82575	1.19804	-1.1611	-1.46179	-0.032293
80	106.81	-1.42109e-14	-nan	-1.45183	-1.27864	0.231587	1.81987	0.939965	-1.38628	-1.41949	0.365629
81	106.81	0	-nan	-1.50576	-1.21667	0.385778	1.79475	0.755203	-1.49622	-1.33646	0.604431
82	106.81	7.10543e-14	-nan	-1.51224	-1.1934	0.424387	1.77732	0.702485	-1.51415	-1.30568	0.657989
83	106.81	-1.42109e-14	-nan	-1.43231	-1.268	0.219277	1.80055	0.941286	-1.36237	-1.40818	0.343099
84	106.81	1.42109e-14	-nan	-1.36462	-1.39691	-0.0434233	1.85007	1.23473	-1.15024	-1.47226	-0.0702076
85	106.81	-1.42109e-14	-nan	-1.35096	-1.26545	0.114871	1.75258	1.01823	-1.24141	-1.39665	0.185162
86	106.81	0	-nan	-1.43013	-1.29532	0.180365	1.82098	0.994709	-1.34261	-1.43467	0.285339
87	106.81	0	-nan	-1.53815	-1.21052	0.436038	1.8029	0.704155	-1.53784	-1.31385	0.675356
88	106.81	2.84217e-14	-nan	-1.46857	-1.24096	0.303707	1.79719	0.847766	-1.43097	-1.37479	0.475389
89	106.81	-1.42109e-14	-nan	-1.46157	-1.27344	0.251316	1.8197	0.917761	-1.40127	-1.40882	0.395116
90	106.81	2.84217e-14	-nan	-1.43558	-1.25893	0.235865	1.79482	0.919373	-1.37278	-1.39724	0.370069
91	106.81	7.10543e-14	-nan	-1.44601	-1.29154	0.206717	1.82598	0.968919	-1.36783	-1.42777	0.32741
92	106.81	5.68434e-14	-nan	-1.41007	-1.3006	0.146501	1.81336	1.02478	-1.3075	-1.43557	0.232013
93	106.81	2.84217e-14	-nan	-1.39159	-1.29324	0.131261	1.79585	1.02866	-1.28073	-1.42132	0.205311
94	106.81	-1.42109e-14	-nan	-1.33905	-1.33004	0.011034	1.7878	1.14335	-1.16111	-1.42307	0.0100151
95	106.81	-1.42109e-14	-nan	-1.44461	-1.2282	0.288569	1.7743	0.84982	-1.40336	-1.36282	0.450483
96	106.81	0	-nan	-1.4184	-1.22737	0.255453	1.7614	0.877492	-1.36991	-1.36818	0.403649
97	106.81	-8.52651e-14	-nan	-1.38551	-1.29152	0.12555	1.79152	1.03212	-1.27361	-1.42067	0.197148
98	106.81	-2.84217e-14	-nan	-1.41337	-1.26316	0.200812	1.78484	0.948182	-1.33499	-1.39421	0.316548
99	106.81	0	-nan	-1.41758	-1.24944	0.224675	1.77845	0.921527	-1.35402	-1.39108	0.353753
100	106.81	-3.97904e-13	-nan	-1.40819	-1.22899	0.239537	1.75548	0.888832	-1.35015	-1.36166	0.377503
