0.495332	-2.15755e-05	-1.30572e-05	7.11381e-10	6.14374	6.14496	-47.0796	-0.000558229	126.335
6.83077	-0.00719112	-4.91693e-06	-2.30245e-07	1.02058	1.00947	0.000508235	0.000473703	13.0569
13.5523	-0.00721798	-7.44878e-05	-2.67297e-07	0.573204	0.562821	-0.000414998	4.75113e-05	11.7423
18.573	-0.00667035	-9.29912e-05	-2.6812e-07	0.572491	0.572322	-0.000228851	1.39871e-05	9.26038
22.8126	-0.00606646	-0.00010148	-2.57174e-07	0.571991	0.571849	-0.000223261	5.60156e-06	8.02368
26.5967	-0.00547667	-0.000101734	-2.40798e-07	0.571397	0.571256	-0.000312543	2.45728e-06	7.23277
30.0454	-0.00491855	-8.82524e-05	-2.20482e-07	0.571037	0.570927	-1.37524e-05	1.12632e-06	6.63905
33.2358	-0.00439365	-7.78899e-05	-2.00044e-07	0.570767	0.570658	-0.000231392	3.86191e-07	6.16581
36.2112	-0.0039011	-5.7561e-05	-1.77948e-07	0.570642	0.570518	0.00011658	7.23289e-08	5.75352
38.9893	-0.00344087	-4.35088e-05	-1.57296e-07	0.570897	0.570715	0.000110889	-1.15665e-07	5.32696
41.5382	-0.00301942	-4.09705e-05	-1.39488e-07	0.571555	0.571376	0.000478641	-1.25708e-07	4.82289
43.8122	-0.00264453	-6.05837e-05	-1.26929e-07	0.572164	0.572135	6.56209e-05	-1.5593e-07	4.1923
45.7305	-0.00232905	-7.88808e-05	-1.16447e-07	0.571852	0.571747	-0.000345648	-2.38936e-07	3.36836
47.1805	-0.0020912	-8.23551e-05	-1.06617e-07	0.571249	0.570803	-0.000195323	-1.45098e-07	2.50559
48.2361	-0.00191835	-8.02692e-05	-9.87299e-08	0.571135	0.5708	9.3101e-05	-1.82607e-07	1.82866
49.0092	-0.00179211	-7.87328e-05	-9.29177e-08	0.571292	0.57116	4.74058e-05	1.16668e-07	1.34996
49.586	-0.00169777	-7.87084e-05	-8.87099e-08	0.571403	0.571045	5.20496e-05	-2.35324e-07	1.02263
50.0318	-0.00162512	-7.95193e-05	-8.57019e-08	0.571534	0.571041	6.61934e-05	4.73415e-08	0.799585
50.3856	-0.00156743	-8.11465e-05	-8.33488e-08	0.571687	0.571183	7.07009e-05	3.97231e-08	0.642936
50.6748	-0.00152027	-8.29814e-05	-8.1546e-08	0.571842	0.571394	6.85404e-05	-1.26093e-07	0.533012
50.9186	-0.00148057	-8.48816e-05	-8.01491e-08	0.571989	0.571609	6.32732e-05	-2.96449e-08	0.454206
51.129	-0.00144635	-8.69617e-05	-7.89626e-08	0.572124	0.571803	5.7007e-05	1.11195e-07	0.394543
51.3132	-0.00141633	-8.91325e-05	-7.79348e-08	0.572244	0.571977	5.08275e-05	8.40178e-08	0.348474
51.4774	-0.00138954	-9.12513e-05	-7.70521e-08	0.572351	0.572138	4.53013e-05	-6.67846e-08	0.313137
51.6263	-0.00136528	-9.33023e-05	-7.63255e-08	0.572447	0.572278	4.03959e-05	-1.38338e-07	0.285473
51.7629	-0.00134307	-9.52991e-05	-7.56963e-08	0.572533	0.572394	3.61061e-05	-5.63124e-08	0.263173
51.8895	-0.00132251	-9.72658e-05	-7.51242e-08	0.572609	0.572492	3.23434e-05	2.67995e-08	0.244639
52.0075	-0.00130332	-9.92419e-05	-7.45937e-08	0.572678	0.572577	2.89947e-05	9.11398e-08	0.228799
52.1183	-0.00128531	-0.000101245	-7.40981e-08	0.572739	0.57265	2.6008e-05	8.42318e-08	0.215165
52.2227	-0.00126829	-0.000103225	-7.3634e-08	0.572794	0.572714	2.33906e-05	3.20568e-08	0.203581
52.3218	-0.00125214	-0.000105166	-7.32011e-08	0.572844	0.572769	2.11008e-05	-3.6035e-08	0.193732
52.4164	-0.00123673	-0.000107065	-7.28022e-08	0.572889	0.572815	1.90852e-05	-1.19566e-07	0.185256
52.5071	-0.00122199	-0.000108926	-7.24456e-08	0.57293	0.572853	1.73031e-05	-1.17813e-07	0.177863
52.5943	-0.00120784	-0.000110752	-7.21269e-08	0.572966	0.572883	1.57268e-05	-4.88922e-08	0.171338
52.6784	-0.00119419	-0.000112548	-7.18278e-08	0.573	0.57291	1.43231e-05	8.6808e-11	0.165507
52.7598	-0.001181	-0.00011432	-7.15419e-08	0.573031	0.572933	1.3062e-05	4.38009e-08	0.160237
52.8387	-0.0011682	-0.000116075	-7.12658e-08	0.573059	0.572954	1.19169e-05	8.28081e-08	0.1554
52.9152	-0.00115577	-0.000117818	-7.09978e-08	0.573084	0.572973	1.08682e-05	1.01825e-07	0.150923
52.9896	-0.00114367	-0.000119563	-7.0737e-08	0.573107	0.57299	9.90547e-06	7.85753e-08	0.146858
53.0621	-0.00113186	-0.000121315	-7.04828e-08	0.573129	0.573006	9.01961e-06	4.62245e-08	0.143241
53.1328	-0.00112033	-0.000123057	-7.02351e-08	0.573148	0.57302	8.20518e-06	1.13922e-08	0.140016
53.2021	-0.00110904	-0.000124783	-6.99942e-08	0.573165	0.573033	7.45292e-06	-3.19142e-08	0.137126
53.27	-0.00109798	-0.000126493	-6.97606e-08	0.573181	0.573044	6.75448e-06	-9.15552e-08	0.134521
53.3366	-0.00108714	-0.000128187	-6.95357e-08	0.573196	0.573054	6.10282e-06	-1.22191e-07	0.132161
53.4021	-0.0010765	-0.000129866	-6.93211e-08	0.573209	0.573063	5.49217e-06	-9.18944e-08	0.130012
53.4666	-0.00106604	-0.00013153	-6.91195e-08	0.57322	0.573069	4.91815e-06	-4.67693e-08	0.128044
53.5302	-0.00105574	-0.000133182	-6.89337e-08	0.573231	0.573074	4.37764e-06	-2.26006e-09	0.126232
53.5929	-0.00104558	-0.000134823	-6.87548e-08	0.57324	0.573077	3.86822e-06	2.27811e-08	0.124551
53.6547	-0.00103555	-0.000136453	-6.85793e-08	0.573248	0.573079	3.38679e-06	4.361e-08	0.122972
53.7158	-0.00102563	-0.000138075	-6.84064e-08	0.573255	0.57308	2.9304e-06	6.13999e-08	0.121469
53.7762	-0.00101583	-0.000139689	-6.82354e-08	0.573261	0.573081	2.49729e-06	6.07856e-08	0.120061
53.8359	-0.00100613	-0.000141299	-6.8066e-08	0.573266	0.57308	2.08543e-06	5.12721e-08	0.118783
53.895	-0.00099652	-0.000142907	-6.78979e-08	0.57327	0.57308	1.69169e-06	3.68408e-08	0.117636
53.9535	-0.000986993	-0.000144517	-6.77312e-08	0.573274	0.573078	1.31273e-06	1.64454e-08	0.116611
54.0116	-0.000977543	-0.000146135	-6.75657e-08	0.573276	0.573076	9.45063e-07	-1.02941e-08	0.115698
54.0692	-0.000968163	-0.000147755	-6.74017e-08	0.573278	0.573074	5.88788e-07	-4.27853e-08	0.114882
54.1265	-0.000958853	-0.000149371	-6.72394e-08	0.573279	0.573071	2.44079e-07	-7.33976e-08	0.11415
54.1834	-0.000949608	-0.000150983	-6.70791e-08	0.573279	0.573067	-9.0208e-08	-6.34744e-08	0.113491
54.24	-0.000940423	-0.000152591	-6.69209e-08	0.573278	0.573063	-4.1511e-07	-5.11981e-08	0.112895
54.2963	-0.000931291	-0.000154195	-6.67653e-08	0.573277	0.573059	-7.31527e-07	-3.81159e-08	0.112356
54.3523	-0.000922205	-0.000155795	-6.66129e-08	0.573275	0.573053	-1.04016e-06	-2.3109e-08	0.111865
54.4081	-0.000913161	-0.000157392	-6.64643e-08	0.573272	0.573047	-1.34148e-06	-5.14762e-09	0.111412
54.4637	-0.000904152	-0.000158987	-6.63207e-08	0.573269	0.57304	-1.63561e-06	1.84864e-08	0.110985
54.5191	-0.000895175	-0.000160579	-6.61835e-08	0.573265	0.573033	-1.92224e-06	3.99437e-08	0.110571
54.5743	-0.000886226	-0.000162168	-6.60473e-08	0.573261	0.573024	-2.20129e-06	4.02765e-08	0.110184
54.6293	-0.000877301	-0.000163755	-6.59102e-08	0.573255	0.573015	-2.47361e-06	3.5293e-08	0.109846
54.6841	-0.000868396	-0.000165341	-6.57723e-08	0.573249	0.573005	-2.73997e-06	2.8308e-08	0.109559
54.7389	-0.00085951	-0.000166926	-6.56339e-08	0.573243	0.572995	-3.00109e-06	1.89711e-08	0.109319
54.7935	-0.000850638	-0.000168513	-6.54949e-08	0.573236	0.572984	-3.25767e-06	6.5733e-09	0.109123
54.848	-0.000841779	-0.000170101	-6.53556e-08	0.573228	0.572973	-3.51043e-06	-1.0786e-08	0.108966
54.9024	-0.000832934	-0.000171691	-6.5216e-08	0.57322	0.572962	-3.7601e-06	-3.47057e-08	0.108844
54.9568	-0.000824101	-0.000173286	-6.50763e-08	0.573212	0.57295	-4.00748e-06	-4.08016e-08	0.108754
55.0112	-0.000815279	-0.000174887	-6.49366e-08	0.573202	0.572938	-4.25339e-06	-3.45543e-08	0.108693
55.0655	-0.000806466	-0.000176488	-6.47969e-08	0.573193	0.572926	-4.49665e-06	-2.64581e-08	0.108655
55.1198	-0.000797658	-0.000178087	-6.46574e-08	0.573182	0.572913	-4.73672e-06	-1.7917e-08	0.108634
55.1742	-0.000788854	-0.000179685	-6.4518e-08	0.573171	0.572901	-4.97392e-06	-9.26382e-09	0.108627
55.2285	-0.00078005	-0.000181281	-6.43788e-08	0.57316	0.572887	-5.20838e-06	-3.07244e-10	0.108626
55.2828	-0.000771247	-0.000182877	-6.42401e-08	0.573148	0.572874	-5.43999e-06	9.59176e-09	0.108624
55.3371	-0.000762443	-0.000184472	-6.41019e-08	0.573136	0.57286	-5.66886e-06	1.64751e-08	0.108619
55.3914	-0.000753637	-0.000186066	-6.39644e-08	0.573123	0.572845	-5.89592e-06	1.79041e-08	0.108627
55.4457	-0.000744826	-0.000187659	-6.38281e-08	0.573109	0.57283	-6.12192e-06	1.88119e-08	0.108658
55.5001	-0.00073601	-0.000189252	-6.36932e-08	0.573095	0.572815	-6.34685e-06	1.79971e-08	0.108711
55.5544	-0.000727186	-0.000190845	-6.35577e-08	0.573081	0.572798	-6.57044e-06	9.21286e-09	0.108784
55.6088	-0.000718354	-0.000192439	-6.34197e-08	0.573066	0.572781	-6.7925e-06	-2.77737e-09	0.108874
55.6633	-0.000709515	-0.000194034	-6.32799e-08	0.57305	0.572764	-7.01302e-06	-1.84387e-08	0.108978
55.7178	-0.000700669	-0.000195629	-6.31388e-08	0.573034	0.572746	-7.23206e-06	-3.09659e-08	0.109096
55.7724	-0.000691816	-0.000197225	-6.29968e-08	0.573018	0.572728	-7.44975e-06	-2.66128e-08	0.109224
55.827	-0.000682956	-0.000198822	-6.28541e-08	0.573001	0.57271	-7.66621e-06	-2.15256e-08	0.109361
55.8818	-0.000674087	-0.00020042	-6.27108e-08	0.572984	0.572691	-7.8815e-06	-1.66851e-08	0.109504
55.9365	-0.000665209	-0.000202019	-6.2567e-08	0.572966	0.572672	-8.09564e-06	-1.18449e-08	0.109651
55.9914	-0.00065632	-0.000203619	-6.24229e-08	0.572947	0.572653	-8.30853e-06	-6.52113e-09	0.109797
56.0463	-0.00064742	-0.000205216	-6.22785e-08	0.572929	0.572634	-8.51909e-06	8.73414e-10	0.109935
56.1013	-0.000638508	-0.000206807	-6.21338e-08	0.572909	0.572614	-8.72613e-06	8.38816e-09	0.11006
56.1564	-0.000629586	-0.000208394	-6.19888e-08	0.572889	0.572594	-8.93085e-06	1.07641e-08	0.110179
56.2115	-0.000620653	-0.000209977	-6.18437e-08	0.572869	0.572573	-9.13478e-06	1.11201e-08	0.110306
56.2667	-0.000611707	-0.000211558	-6.16983e-08	0.572849	0.572553	-9.3385e-06	1.04254e-08	0.110441
56.322	-0.000602749	-0.000213137	-6.15527e-08	0.572827	0.572532	-9.54225e-06	8.38914e-09	0.110584
56.3773	-0.000593777	-0.000214713	-6.14068e-08	0.572806	0.57251	-9.74614e-06	4.40004e-09	0.110733
56.4327	-0.000584792	-0.000216289	-6.12604e-08	0.572784	0.572489	-9.95023e-06	-2.66167e-09	0.110887
56.4882	-0.000575795	-0.000217863	-6.11133e-08	0.572761	0.572466	-1.01544e-05	-1.23623e-08	0.111045
56.5437	-0.000566786	-0.000219435	-6.0964e-08	0.572738	0.572443	-1.03585e-05	-1.43614e-08	0.111205
56.5994	-0.000557766	-0.000221007	-6.0811e-08	0.572715	0.57242	-1.05619e-05	-1.42977e-08	0.111366
56.6551	-0.000548734	-0.000222577	-6.06552e-08	0.572691	0.572396	-1.07644e-05	-1.35939e-08	0.111525
56.7109	-0.000539692	-0.000224145	-6.04975e-08	0.572667	0.572371	-1.09659e-05	-1.20621e-08	0.111681
56.7668	-0.000530638	-0.000225712	-6.03385e-08	0.572642	0.572347	-1.11659e-05	-9.52458e-09	0.111829
56.8227	-0.000521573	-0.000227276	-6.01784e-08	0.572617	0.572322	-1.13641e-05	-5.8715e-09	0.111967
56.8788	-0.000512499	-0.000228837	-6.00176e-08	0.572591	0.572296	-1.156e-05	-1.55842e-09	0.112088
56.9348	-0.000503415	-0.000230393	-5.98562e-08	0.572565	0.572271	-1.1754e-05	-2.15458e-10	0.1122
56.991	-0.000494322	-0.000231943	-5.96944e-08	0.572539	0.572245	-1.19469e-05	3.78772e-10	0.11231
57.0471	-0.00048522	-0.000233484	-5.95323e-08	0.572512	0.572219	-1.21379e-05	1.61702e-09	0.11242
57.1034	-0.000476109	-0.000235014	-5.93698e-08	0.572485	0.572193	-1.23266e-05	1.97541e-09	0.112528
57.1597	-0.000466988	-0.000236536	-5.92071e-08	0.572457	0.572166	-1.25141e-05	5.27517e-10	0.112634
57.216	-0.000457858	-0.00023805	-5.90439e-08	0.572429	0.572139	-1.27011e-05	-3.07234e-09	0.11274
57.2724	-0.00044872	-0.000239559	-5.88803e-08	0.5724	0.572112	-1.28884e-05	-8.18082e-09	0.112847
57.3289	-0.000439574	-0.000241062	-5.87161e-08	0.572371	0.572085	-1.30762e-05	-4.1751e-09	0.112956
57.3854	-0.00043042	-0.000242561	-5.85508e-08	0.572342	0.572057	-1.32648e-05	3.6817e-10	0.113066
57.4419	-0.000421256	-0.000244055	-5.83841e-08	0.572312	0.572029	-1.34539e-05	1.80316e-09	0.113172
57.4985	-0.000412084	-0.000245545	-5.82149e-08	0.572281	0.572	-1.36432e-05	1.15273e-09	0.113274
57.5552	-0.000402902	-0.00024703	-5.80413e-08	0.572251	0.57197	-1.38317e-05	-1.7729e-09	0.113365
57.6119	-0.000393714	-0.000248511	-5.78632e-08	0.57222	0.571941	-1.40177e-05	-4.58312e-09	0.113434
57.6686	-0.000384522	-0.000249987	-5.76821e-08	0.572188	0.57191	-1.42023e-05	-6.57748e-09	0.11349
57.7254	-0.000375326	-0.000251457	-5.74991e-08	0.572156	0.57188	-1.43864e-05	-9.37485e-09	0.113543
57.7822	-0.000366127	-0.00025292	-5.73147e-08	0.572124	0.571849	-1.45693e-05	-1.08984e-08	0.113587
57.839	-0.000356926	-0.000254377	-5.71294e-08	0.572091	0.571818	-1.475e-05	-7.03604e-09	0.113614
57.8958	-0.000347724	-0.000255826	-5.69436e-08	0.572058	0.571786	-1.49292e-05	-6.82901e-09	0.113631
57.9526	-0.000338521	-0.000257265	-5.67574e-08	0.572024	0.571755	-1.5108e-05	-1.15876e-08	0.11365
58.0094	-0.000329318	-0.000258691	-5.65711e-08	0.571991	0.571723	-1.52865e-05	-1.43766e-08	0.113674
58.0663	-0.000320115	-0.0002601	-5.63847e-08	0.571956	0.571691	-1.54645e-05	-1.58318e-08	0.113711
58.1231	-0.000310909	-0.000261494	-5.61981e-08	0.571921	0.571658	-1.56427e-05	-7.85126e-09	0.113758
58.18	-0.0003017	-0.000262876	-5.60113e-08	0.571886	0.571626	-1.5819e-05	-3.21045e-10	0.113794
58.2369	-0.000292489	-0.000264247	-5.58241e-08	0.571851	0.571593	-1.59925e-05	4.71032e-09	0.113806
58.2938	-0.000283277	-0.000265609	-5.56364e-08	0.571815	0.57156	-1.61647e-05	9.33789e-09	0.113801
58.3507	-0.000274064	-0.000266961	-5.54478e-08	0.571779	0.571527	-1.63365e-05	1.48947e-08	0.113786
58.4076	-0.000264851	-0.000268306	-5.52578e-08	0.571742	0.571493	-1.65083e-05	1.73061e-08	0.11376
58.4645	-0.000255637	-0.000269642	-5.50654e-08	0.571705	0.571459	-1.66807e-05	1.17021e-08	0.113728
58.5214	-0.000246424	-0.00027097	-5.4869e-08	0.571668	0.571424	-1.68552e-05	1.20247e-09	0.1137
58.5782	-0.000237212	-0.000272291	-5.46659e-08	0.57163	0.571389	-1.70328e-05	-9.03009e-09	0.113684
58.635	-0.000228002	-0.000273603	-5.44579e-08	0.571592	0.571353	-1.72134e-05	-1.60445e-08	0.11368
58.6919	-0.000218794	-0.000274907	-5.42467e-08	0.571553	0.571318	-1.73972e-05	-2.11728e-08	0.113689
58.7487	-0.000209586	-0.000276203	-5.40332e-08	0.571514	0.571281	-1.7582e-05	-2.29475e-08	0.113698
58.8056	-0.000200382	-0.00027749	-5.38184e-08	0.571475	0.571245	-1.77649e-05	-2.36246e-08	0.113686
58.8624	-0.000191182	-0.000278766	-5.36026e-08	0.571435	0.571208	-1.79461e-05	-2.2366e-08	0.113659
58.9192	-0.000181987	-0.00028003	-5.33863e-08	0.571395	0.571171	-1.81265e-05	-1.099e-08	0.113623
58.976	-0.000172797	-0.000281278	-5.31697e-08	0.571354	0.571134	-1.8306e-05	-1.4866e-09	0.113581
59.0328	-0.00016361	-0.000282506	-5.29529e-08	0.571313	0.571096	-1.84836e-05	7.42153e-09	0.113535
59.0896	-0.000154425	-0.000283711	-5.2736e-08	0.571272	0.571059	-1.86588e-05	7.18979e-09	0.113486
59.1463	-0.000145243	-0.000284897	-5.25189e-08	0.57123	0.571021	-1.88338e-05	6.32576e-09	0.113438
59.203	-0.000136064	-0.000286066	-5.23015e-08	0.571188	0.570983	-1.90102e-05	6.70968e-09	0.113393
59.2597	-0.000126887	-0.000287222	-5.20836e-08	0.571145	0.570945	-1.91897e-05	6.96001e-09	0.113357
59.3164	-0.00011771	-0.000288366	-5.18648e-08	0.571102	0.570906	-1.93754e-05	4.33605e-09	0.113344
59.373	-0.000108533	-0.000289498	-5.16445e-08	0.571059	0.570867	-1.95696e-05	1.8967e-09	0.113362
59.4297	-9.93521e-05	-0.000290621	-5.14218e-08	0.571015	0.570828	-1.97686e-05	1.85632e-09	0.11339
59.4864	-9.01687e-05	-0.000291733	-5.11952e-08	0.570971	0.570788	-1.99684e-05	-3.79115e-10	0.113402
59.5431	-8.09848e-05	-0.000292836	-5.09616e-08	0.570926	0.570748	-2.01691e-05	-8.1033e-09	0.1134
59.5998	-7.18021e-05	-0.000293928	-5.07195e-08	0.570881	0.570707	-2.0372e-05	-1.43224e-08	0.113393
59.6565	-6.26213e-05	-0.00029501	-5.04719e-08	0.570835	0.570666	-2.05781e-05	-1.6302e-08	0.113389
59.7132	-5.34426e-05	-0.000296082	-5.02204e-08	0.570789	0.570624	-2.0788e-05	-5.15963e-09	0.113389
59.7699	-4.42637e-05	-0.000297142	-4.99665e-08	0.570743	0.570582	-2.10024e-05	2.11854e-09	0.113399
59.8266	-3.50829e-05	-0.000298189	-4.97108e-08	0.570696	0.57054	-2.12217e-05	-4.99816e-09	0.113421
59.8833	-2.58999e-05	-0.000299222	-4.9454e-08	0.570648	0.570497	-2.14464e-05	-9.43309e-09	0.113458
59.9401	-1.67141e-05	-0.000300239	-4.91964e-08	0.5706	0.570454	-2.16768e-05	-1.12786e-08	0.113513
59.9969	-7.52417e-06	-0.000301235	-4.89384e-08	0.570552	0.570411	-2.19124e-05	-1.07537e-08	0.113588
-59.9463	1.67174e-06	-0.000302203	-4.86799e-08	0.570503	0.570367	-2.21522e-05	-8.32691e-09	0.113687
-59.8895	1.08761e-05	-0.000303142	-4.84211e-08	0.570453	0.570324	-2.23994e-05	-8.5079e-09	0.113824
-59.8325	2.00929e-05	-0.000304058	-4.81617e-08	0.570403	0.57028	-2.26563e-05	-6.89639e-09	0.113999
-59.7755	2.93244e-05	-0.000304956	-4.79015e-08	0.570352	0.570235	-2.29182e-05	-1.50677e-09	0.114179
-59.7183	3.85703e-05	-0.000305838	-4.76401e-08	0.570301	0.57019	-2.31837e-05	3.0948e-09	0.114353
-59.6611	4.78311e-05	-0.000306705	-4.73771e-08	0.570249	0.570145	-2.34557e-05	7.14195e-09	0.114531
-59.6038	5.71082e-05	-0.000307558	-4.71114e-08	0.570197	0.570099	-2.37365e-05	1.07172e-08	0.114721
-59.5464	6.64033e-05	-0.000308399	-4.68416e-08	0.570143	0.570053	-2.40281e-05	1.32381e-08	0.11493
-59.4889	7.57185e-05	-0.000309227	-4.65652e-08	0.57009	0.570006	-2.4332e-05	1.63944e-08	0.115163
-59.4312	8.50566e-05	-0.000310042	-4.6276e-08	0.570035	0.569958	-2.46494e-05	1.37972e-08	0.115426
-59.3734	9.44196e-05	-0.000310845	-4.59756e-08	0.56998	0.56991	-2.49814e-05	-9.36219e-10	0.115723
-59.3155	0.000103809	-0.000311636	-4.56677e-08	0.569924	0.56986	-2.53293e-05	-1.21336e-08	0.11606
-59.2574	0.000113226	-0.000312413	-4.53543e-08	0.569868	0.56981	-2.56946e-05	-2.00373e-08	0.116442
-59.1991	0.000122673	-0.000313176	-4.50369e-08	0.56981	0.569759	-2.60791e-05	-2.56126e-08	0.116876
-59.1405	0.000132155	-0.000313922	-4.47163e-08	0.569752	0.569708	-2.64849e-05	-2.95692e-08	0.11737
-59.0817	0.000141676	-0.000314649	-4.43933e-08	0.569692	0.569656	-2.69143e-05	-3.24367e-08	0.117932
-59.0226	0.000151242	-0.00031535	-4.40681e-08	0.569632	0.569603	-2.73677e-05	-3.21611e-08	0.118567
-58.9631	0.000160858	-0.000316017	-4.37409e-08	0.569571	0.56955	-2.78366e-05	-2.3414e-08	0.119245
-58.9033	0.000170527	-0.000316638	-4.34117e-08	0.569508	0.569496	-2.83148e-05	-1.29708e-08	0.119948
-58.8432	0.000180252	-0.000317225	-4.30804e-08	0.569445	0.569442	-2.88082e-05	-2.92779e-09	0.120683
-58.7826	0.000190039	-0.000317783	-4.27468e-08	0.569381	0.569386	-2.93229e-05	7.26475e-09	0.121465
-58.7217	0.000199893	-0.000318316	-4.24101e-08	0.569315	0.56933	-2.98641e-05	1.81213e-08	0.122303
-58.6603	0.00020982	-0.000318826	-4.20692e-08	0.569248	0.569273	-3.04368e-05	3.1532e-08	0.123209
-58.5985	0.00021983	-0.000319316	-4.17225e-08	0.56918	0.569214	-3.10459e-05	4.56826e-08	0.124192
-58.5362	0.000229929	-0.000319787	-4.13671e-08	0.56911	0.569155	-3.16963e-05	4.32082e-08	0.125266
-58.4732	0.000240127	-0.000320238	-4.0997e-08	0.569039	0.569094	-3.23928e-05	2.3143e-08	0.12644
-58.4097	0.000250428	-0.00032067	-4.06013e-08	0.568966	0.569031	-3.31401e-05	-2.42588e-09	0.127728
-58.3455	0.000260839	-0.000321081	-4.01853e-08	0.568892	0.568966	-3.39434e-05	-2.09643e-08	0.129144
-58.2806	0.000271369	-0.00032147	-3.97541e-08	0.568816	0.5689	-3.48093e-05	-3.43877e-08	0.130705
-58.2148	0.000282026	-0.000321834	-3.93105e-08	0.568738	0.568831	-3.57459e-05	-4.45162e-08	0.132434
-58.1481	0.000292825	-0.000322169	-3.88564e-08	0.568657	0.568762	-3.6759e-05	-5.01359e-08	0.134341
-58.0805	0.000303778	-0.000322467	-3.83929e-08	0.568575	0.56869	-3.78458e-05	-4.79285e-08	0.136407
-58.0117	0.000314897	-0.000322716	-3.79205e-08	0.56849	0.568617	-3.9002e-05	-3.79037e-08	0.138617
-57.9418	0.000326196	-0.000322888	-3.74395e-08	0.568402	0.568541	-4.02247e-05	-1.92777e-08	0.140976
-57.8708	0.000337689	-0.000322975	-3.69494e-08	0.568311	0.568464	-4.1522e-05	1.02069e-09	0.143506
-57.7983	0.000349396	-0.000322994	-3.64492e-08	0.568218	0.568384	-4.29159e-05	2.2581e-08	0.146239
-57.7245	0.000361337	-0.000322954	-3.59372e-08	0.568121	0.568302	-4.44276e-05	4.70173e-08	0.149211
-57.6491	0.000373539	-0.000322858	-3.54101e-08	0.568021	0.568217	-4.60797e-05	5.99869e-08	0.152461
-57.572	0.000386029	-0.000322708	-3.48622e-08	0.567917	0.568129	-4.78971e-05	5.63869e-08	0.156035
-57.4931	0.000398835	-0.000322503	-3.42828e-08	0.567809	0.568036	-4.99074e-05	2.77968e-08	0.159982
-57.4121	0.000411984	-0.000322239	-3.36462e-08	0.567696	0.567938	-5.21412e-05	-2.11756e-08	0.164367
-57.3287	0.000425505	-0.00032191	-3.29559e-08	0.567578	0.567834	-5.4631e-05	-5.56281e-08	0.169266
-57.2428	0.000439437	-0.000321504	-3.22235e-08	0.567454	0.567723	-5.74173e-05	-7.67219e-08	0.174768
-57.154	0.000453827	-0.000321005	-3.1454e-08	0.567324	0.567605	-6.05306e-05	-8.24525e-08	0.180926
-57.0619	0.000468726	-0.000320383	-3.06497e-08	0.567186	0.567481	-6.39918e-05	-7.02146e-08	0.187766
-56.9662	0.000484193	-0.000319576	-2.98107e-08	0.567041	0.567349	-6.78221e-05	-3.38025e-08	0.195356
-56.8665	0.000500301	-0.000318513	-2.89345e-08	0.566886	0.567208	-7.20584e-05	1.49784e-08	0.203816
-56.7624	0.000517137	-0.000317222	-2.80154e-08	0.566722	0.567058	-7.68257e-05	6.5999e-08	0.213358
-56.6532	0.000534814	-0.000315714	-2.70415e-08	0.566547	0.566897	-8.22777e-05	1.0159e-07	0.224256
-56.5381	0.000553465	-0.00031398	-2.59867e-08	0.566358	0.566721	-8.8602e-05	7.67912e-08	0.236872
-56.4163	0.000573244	-0.00031199	-2.47858e-08	0.566155	0.566523	-9.60274e-05	-3.08799e-08	0.251691
-56.2864	0.000594321	-0.000309693	-2.34113e-08	0.565934	0.566298	-0.000104811	-1.11983e-07	0.269393
-56.1469	0.000616937	-0.000306992	-2.18905e-08	0.565691	0.566043	-0.000115249	-1.37925e-07	0.290817
-55.9956	0.000641414	-0.000303691	-2.02231e-08	0.565424	0.565755	-0.00012755	-7.40732e-08	0.316813
-55.8301	0.000668174	-0.000299439	-1.83891e-08	0.565128	0.565426	-0.00014181	5.97611e-08	0.348519
-55.6471	0.000697794	-0.000294192	-1.63345e-08	0.564798	0.565042	-0.000158545	1.5582e-07	0.388064
-55.442	0.000731078	-0.000287815	-1.38822e-08	0.564428	0.564596	-0.000178197	-2.1511e-08	0.438892
-55.2082	0.000769031	-0.000279931	-1.07923e-08	0.564012	0.564109	-0.000201062	-1.87082e-07	0.506567
-54.9355	0.000813202	-0.000269558	-7.08321e-09	0.563542	0.563593	-0.000227447	1.71051e-08	0.599076
-54.6091	0.000866092	-0.00025517	-2.55862e-09	0.563014	0.563056	-0.000255438	7.61719e-08	0.727415
-54.208	0.000931213	-0.000235725	3.62419e-09	0.562423	0.562576	-0.00028475	-2.05921e-07	0.909822
-53.6993	0.00101362	-0.000207338	1.17774e-08	0.561754	0.562235	-0.000328424	1.36244e-07	1.18048
-53.0276	0.00112273	-0.000164689	2.35025e-08	0.560896	0.561363	-0.000458565	-5.74246e-08	1.59014
-52.1092	0.00127194	-9.70294e-05	4.10839e-08	0.559971	0.560401	-0.000391514	-2.75936e-08	2.22097
-50.8066	0.00148369	1.24988e-05	6.81399e-08	0.559189	0.55925	-0.000329517	1.73769e-07	3.16131
-48.9479	0.00178687	0.000162576	1.05954e-07	0.561094	0.561194	0.00207515	5.9133e-07	4.32807
-46.4785	0.00219114	0.000263694	1.3982e-07	0.565224	0.565721	0.00169823	5.06655e-07	5.30261
-43.6452	0.00265655	0.000278485	1.61743e-07	0.567987	0.568127	0.000807989	4.11488e-07	5.8957
-40.5828	0.00316164	0.000266035	1.80389e-07	0.569366	0.5693	0.000434867	3.36361e-07	6.31774
-37.3275	0.0037006	0.000254074	1.99468e-07	0.570592	0.570499	0.000665072	2.08876e-07	6.68164
-33.9012	0.00426868	0.000225252	2.15616e-07	0.571562	0.571457	0.000202729	-2.14231e-07	7.04886
-30.2787	0.00486715	0.00020326	2.32282e-07	0.572311	0.572174	0.000464351	-8.69738e-07	7.45631
-26.4449	0.00549189	0.000166706	2.45098e-07	0.573067	0.572932	0.000208087	-2.33792e-06	7.9423
-22.3363	0.00613822	0.000128093	2.55177e-07	0.573505	0.573358	0.00017805	-5.49127e-06	8.63103
-17.8138	0.00679033	8.47612e-05	2.5982e-07	0.573767	0.573619	4.9706e-05	-1.40769e-05	9.72261
-12.6137	0.00736604	3.95923e-05	2.54341e-07	0.573837	0.563607	1.99148e-06	-4.76513e-05	11.9735
-5.84031	0.00734867	-2.11548e-05	2.18713e-07	1.02062	1.00961	-0.000562327	-0.000473757	13.1091
0.495329	0.000187737	-1.30054e-05	9.16993e-10	6.14369	6.14487	47.0795	0.000557694	126.336
