16.6259	-2.59724e-10	-4.57356e-07	-2.0856e-14	-3.88063e-06	-0.00124588	0.00480186
16.6259	-2.47117e-08	-4.57427e-07	-5.24621e-13	-0.000241492	0.0111499	4.18958e-06
16.6259	-1.16212e-08	-4.57432e-07	-2.54926e-13	-0.00101204	0.0124876	4.06812e-07
16.6259	4.32861e-09	-4.57435e-07	7.36764e-14	0.000268889	-0.00253129	2.50098e-07
16.6259	1.5017e-08	-4.57436e-07	2.93881e-13	0.000725092	-0.00959861	2.0321e-07
16.6259	1.99208e-08	-4.57438e-07	3.94911e-13	0.000236299	-0.00696753	1.86773e-07
16.6259	2.14229e-08	-4.5744e-07	4.25857e-13	1.74419e-05	-0.00132557	1.81231e-07
16.6259	2.23091e-08	-4.57441e-07	4.44115e-13	-1.01018e-05	0.00084491	1.80429e-07
16.6259	2.35807e-08	-4.57443e-07	4.70314e-13	-2.99201e-05	0.00164539	1.81934e-07
16.6259	2.56215e-08	-4.57445e-07	5.12359e-13	1.83172e-06	-8.29113e-05	1.8466e-07
16.6259	2.7659e-08	-4.57446e-07	5.54336e-13	2.48489e-05	-0.00134095	1.88055e-07
16.6259	2.90996e-08	-4.57448e-07	5.84016e-13	1.64269e-05	-0.00140987	1.91863e-07
16.6259	2.98873e-08	-4.5745e-07	6.00243e-13	4.35671e-06	-0.000677264	1.95956e-07
16.6259	3.03566e-08	-4.57452e-07	6.09913e-13	2.07402e-06	-0.000685382	2.0025e-07
16.6259	3.04895e-08	-4.57454e-07	6.1265e-13	1.25897e-07	-0.000398748	2.04713e-07
16.6259	3.0419e-08	-4.57455e-07	6.11198e-13	-3.72859e-07	-0.000273286	2.09323e-07
16.6259	3.02023e-08	-4.57457e-07	6.06734e-13	-2.42588e-06	-0.000657278	2.14071e-07
16.6259	2.96249e-08	-4.57459e-07	5.94839e-13	-8.49361e-07	-0.000148849	2.18961e-07
16.6259	2.89519e-08	-4.57461e-07	5.80974e-13	-1.00765e-05	-0.00113132	2.24009e-07
16.6259	2.76226e-08	-4.57463e-07	5.53586e-13	-1.3486e-05	-0.000954869	2.29215e-07
16.6259	2.57087e-08	-4.57466e-07	5.14155e-13	-1.32032e-05	-0.000720913	2.34575e-07
16.6259	2.33223e-08	-4.57468e-07	4.6499e-13	-1.20865e-05	-0.000561572	2.4009e-07
16.6259	2.05386e-08	-4.5747e-07	4.07639e-13	-1.88744e-05	-0.000760155	2.45777e-07
16.6259	1.72162e-08	-4.57472e-07	3.3919e-13	-9.09023e-06	-0.000329865	2.51624e-07
16.6259	1.36046e-08	-4.57474e-07	2.64785e-13	-1.17411e-05	-0.000399585	2.57632e-07
16.6259	9.64632e-09	-4.57477e-07	1.83234e-13	4.96795e-06	0.000165772	2.63801e-07
16.6259	5.70375e-09	-4.57479e-07	1.02008e-13	2.50242e-05	0.00091813	2.70123e-07
16.6259	2.29406e-09	-4.57482e-07	3.17613e-14	1.60122e-05	0.000689191	2.76613e-07
16.6259	-7.15493e-10	-4.57484e-07	-3.02424e-14	6.97089e-06	0.000337325	2.83292e-07
16.6259	-3.55612e-09	-4.57487e-07	-8.87657e-14	1.80751e-05	0.00105139	2.9015e-07
16.6259	-5.69376e-09	-4.57489e-07	-1.32806e-13	3.48997e-06	0.000250432	2.97187e-07
16.6259	-7.69503e-09	-4.57492e-07	-1.74037e-13	1.07541e-05	0.0009934	3.04404e-07
16.6259	-8.97983e-09	-4.57495e-07	-2.00506e-13	6.84114e-06	0.00188444	3.11795e-07
16.6259	-8.8093e-09	-4.57498e-07	-1.96993e-13	-1.12143e-05	0.00191276	3.19377e-07
16.6259	-7.08904e-09	-4.57501e-07	-1.61552e-13	-4.57788e-05	0.00265027	3.27169e-07
16.6259	-3.13282e-09	-4.57504e-07	-8.00442e-14	-2.02829e-06	8.41151e-05	3.35125e-07
16.6259	9.90421e-10	-4.57507e-07	4.90396e-15	1.36568e-05	-0.00059828	3.43202e-07
16.6259	4.69326e-09	-4.5751e-07	8.1191e-14	1.38688e-05	-0.000709186	3.51429e-07
16.6259	7.85426e-09	-4.57513e-07	1.46315e-13	1.75583e-05	-0.00118487	3.59813e-07
16.6259	1.00121e-08	-4.57517e-07	1.90771e-13	1.11121e-05	-0.00128613	3.68354e-07
16.6259	1.10228e-08	-4.5752e-07	2.11594e-13	2.82736e-06	-0.00129921	3.77053e-07
16.6259	1.08184e-08	-4.57523e-07	2.07383e-13	-8.47107e-07	-0.000405953	3.85905e-07
16.6259	1.0213e-08	-4.57527e-07	1.94911e-13	-3.23614e-06	-0.000675535	3.94906e-07
16.6259	8.91896e-09	-4.57531e-07	1.68251e-13	-5.57459e-06	-0.000681265	4.04046e-07
16.6259	6.8991e-09	-4.57534e-07	1.26637e-13	-7.963e-07	-7.89704e-05	4.13306e-07
16.6259	4.75068e-09	-4.57538e-07	8.23746e-14	5.48721e-06	0.00063036	4.22659e-07
16.6259	3.22745e-09	-4.57542e-07	5.09928e-14	4.20113e-06	0.000832202	4.32099e-07
16.6259	2.57926e-09	-4.57546e-07	3.76386e-14	8.3673e-07	0.00046093	4.41639e-07
16.6259	2.43127e-09	-4.5755e-07	3.45898e-14	-1.02773e-07	0.000374859	4.51263e-07
16.6259	2.7075e-09	-4.57554e-07	4.0281e-14	-6.93241e-07	0.000337381	4.60952e-07
16.6259	3.38251e-09	-4.57558e-07	5.41879e-14	-1.38891e-06	0.000364574	4.70708e-07
16.6259	4.5052e-09	-4.57563e-07	7.7318e-14	9.55383e-07	-0.000230497	4.8055e-07
16.6259	5.37147e-09	-4.57567e-07	9.51653e-14	1.21235e-06	-0.00055732	4.90487e-07
16.6259	5.56521e-09	-4.57571e-07	9.91567e-14	-1.34474e-07	-0.000436135	5.00519e-07
16.6259	5.21165e-09	-4.57576e-07	9.18728e-14	-9.02683e-08	-5.84352e-05	5.10652e-07
16.6259	4.77563e-09	-4.57581e-07	8.28899e-14	8.04145e-08	5.14766e-05	5.2091e-07
16.6259	4.39857e-09	-4.57585e-07	7.51218e-14	-1.39127e-08	-9.54675e-06	5.31303e-07
16.6259	4.00122e-09	-4.5759e-07	6.69356e-14	2.1427e-07	0.000250964	5.41802e-07
16.6259	3.9393e-09	-4.57595e-07	6.566e-14	-4.55786e-08	0.000187687	5.52406e-07
16.6259	4.13787e-09	-4.576e-07	6.97511e-14	4.01412e-08	-7.74136e-05	5.63173e-07
16.6259	4.23027e-09	-4.57606e-07	7.16549e-14	4.63674e-09	-0.000113683	5.74123e-07
16.6259	4.15972e-09	-4.57611e-07	7.02016e-14	-5.70292e-09	-1.95164e-05	5.85166e-07
16.6259	4.05901e-09	-4.57616e-07	6.81268e-14	-4.25165e-08	-7.89658e-05	5.96167e-07
16.6259	3.83765e-09	-4.57622e-07	6.35665e-14	1.85996e-08	2.79266e-05	6.07015e-07
16.6259	3.6551e-09	-4.57627e-07	5.98057e-14	2.41173e-08	0.000186851	6.17659e-07
16.6259	3.76039e-09	-4.57633e-07	6.19751e-14	-1.62529e-08	3.76146e-05	6.28092e-07
16.6259	3.92698e-09	-4.57639e-07	6.54073e-14	2.66705e-08	-0.000125331	6.38361e-07
16.6259	3.89463e-09	-4.57644e-07	6.47411e-14	-5.52083e-09	-3.10077e-05	6.48604e-07
16.6259	3.8111e-09	-4.5765e-07	6.30202e-14	6.45122e-09	5.67792e-05	6.5897e-07
16.6259	3.8205e-09	-4.57656e-07	6.32142e-14	-1.51479e-09	-3.09251e-05	6.69527e-07
16.6259	3.77789e-09	-4.57662e-07	6.23364e-14	-3.39407e-09	-1.94137e-05	6.80277e-07
16.6259	3.70131e-09	-4.57669e-07	6.07588e-14	4.8124e-09	5.30823e-05	6.91203e-07
16.6259	3.71596e-09	-4.57675e-07	6.10608e-14	1.10925e-10	-3.27528e-06	7.02286e-07
16.6259	3.72504e-09	-4.57681e-07	6.12481e-14	-8.28487e-09	5.26614e-05	7.13562e-07
16.6259	3.82897e-09	-4.57688e-07	6.33894e-14	7.73331e-09	-7.35119e-05	7.25173e-07
16.6259	3.80024e-09	-4.57695e-07	6.27978e-14	-8.37794e-09	-4.42685e-05	7.37323e-07
16.6259	3.68874e-09	-4.57701e-07	6.05007e-14	5.49433e-09	2.2562e-05	7.50278e-07
16.6259	3.61791e-09	-4.57708e-07	5.90418e-14	2.98859e-09	2.31034e-05	7.64364e-07
16.6259	3.59029e-09	-4.57715e-07	5.84728e-14	-2.43393e-10	3.17098e-05	7.79813e-07
16.6259	3.62454e-09	-4.57722e-07	5.91787e-14	-1.30812e-09	1.13445e-05	7.96481e-07
16.6259	3.68237e-09	-4.5773e-07	6.03704e-14	1.9242e-09	-2.12505e-05	8.13868e-07
16.6259	3.69777e-09	-4.57737e-07	6.06877e-14	-1.25554e-08	-7.87456e-05	8.31252e-07
16.6259	3.54815e-09	-4.57745e-07	5.76054e-14	-1.57113e-09	-4.28098e-06	8.47797e-07
16.6259	3.38653e-09	-4.57752e-07	5.4276e-14	-4.76826e-09	-1.17157e-05	8.62895e-07
16.6259	3.19674e-09	-4.5776e-07	5.0366e-14	1.89712e-08	8.22064e-05	8.76416e-07
16.6259	3.18559e-09	-4.57768e-07	5.01365e-14	-1.75034e-08	8.88782e-05	8.88812e-07
16.6259	3.37311e-09	-4.57776e-07	5.40002e-14	1.02549e-08	-2.97438e-05	9.01295e-07
16.6259	3.49585e-09	-4.57785e-07	5.65291e-14	7.23095e-09	-5.97901e-05	9.15428e-07
16.6259	3.48268e-09	-4.57793e-07	5.62579e-14	-5.54975e-09	-4.1753e-05	9.29264e-07
16.6259	3.37169e-09	-4.57801e-07	5.39715e-14	4.99101e-09	6.34635e-05	9.39969e-07
16.6259	3.40948e-09	-4.5781e-07	5.47503e-14	-5.81414e-10	6.103e-06	9.48358e-07
16.6259	3.4621e-09	-4.57819e-07	5.58347e-14	-1.68181e-09	1.19735e-05	9.56215e-07
16.6259	3.54391e-09	-4.57827e-07	5.75204e-14	2.83505e-09	-3.93157e-05	9.63401e-07
16.6259	3.53126e-09	-4.57836e-07	5.72599e-14	-2.57992e-09	-2.73124e-05	9.69146e-07
16.6259	3.45219e-09	-4.57845e-07	5.56312e-14	-1.92952e-08	-6.11398e-05	9.74222e-07
16.6259	3.22342e-09	-4.57854e-07	5.09182e-14	1.59169e-08	4.4589e-05	9.78796e-07
16.6259	3.10302e-09	-4.57863e-07	4.8438e-14	6.02385e-09	4.79984e-05	9.82474e-07
16.6259	3.10031e-09	-4.57872e-07	4.83824e-14	-1.33841e-09	2.42652e-05	9.85603e-07
16.6259	3.15747e-09	-4.57881e-07	4.95604e-14	1.14415e-09	-3.20494e-05	9.88247e-07
16.6259	3.1355e-09	-4.5789e-07	4.91079e-14	-6.7139e-10	2.75268e-05	9.90217e-07
16.6259	3.18169e-09	-4.57899e-07	5.00597e-14	-7.3179e-10	6.66134e-06	9.9171e-07
16.6259	3.24446e-09	-4.57908e-07	5.13532e-14	1.00239e-09	-9.83351e-06	9.92684e-07
16.6259	3.28286e-09	-4.57917e-07	5.21447e-14	5.3112e-10	-1.02854e-05	9.93082e-07
16.6259	3.29574e-09	-4.57926e-07	5.24101e-14	-4.46416e-10	9.14963e-06	9.92986e-07
16.6259	3.33131e-09	-4.57935e-07	5.31433e-14	-4.90675e-09	-6.08974e-05	9.9233e-07
16.6259	3.21585e-09	-4.57944e-07	5.07648e-14	-1.13615e-09	-4.64816e-06	9.91147e-07
16.6259	3.08905e-09	-4.57952e-07	4.81526e-14	3.71017e-09	1.74687e-05	9.89426e-07
16.6259	3.00567e-09	-4.57961e-07	4.6435e-14	-9.34297e-10	7.26318e-05	9.87111e-07
16.6259	3.10151e-09	-4.5797e-07	4.84098e-14	2.09697e-10	-1.09363e-06	9.84249e-07
16.6259	3.19436e-09	-4.57979e-07	5.0323e-14	3.30925e-09	-2.75586e-05	9.80823e-07
16.6259	3.21941e-09	-4.57988e-07	5.08394e-14	-2.11514e-10	3.52602e-06	9.76854e-07
16.6259	3.25295e-09	-4.57997e-07	5.15306e-14	3.87314e-10	-1.96358e-05	9.72398e-07
16.6259	3.23871e-09	-4.58006e-07	5.12374e-14	-5.52473e-11	1.33972e-05	9.67423e-07
16.6259	3.25685e-09	-4.58015e-07	5.16115e-14	-2.68005e-11	6.82455e-07	9.61977e-07
16.6259	3.27653e-09	-4.58023e-07	5.20171e-14	-1.01534e-09	1.35535e-05	9.56027e-07
16.6259	3.32837e-09	-4.58032e-07	5.30853e-14	-9.5519e-10	7.49046e-06	9.49617e-07
16.6259	3.39757e-09	-4.5804e-07	5.45113e-14	1.12124e-09	-9.0736e-06	9.42776e-07
16.6259	3.44495e-09	-4.58049e-07	5.54876e-14	1.01708e-09	-1.96411e-05	9.35477e-07
16.6259	3.44619e-09	-4.58057e-07	5.55135e-14	-2.18044e-09	-3.00734e-05	9.2782e-07
16.6259	3.37797e-09	-4.58066e-07	5.41081e-14	2.16404e-09	3.21592e-05	9.1977e-07
16.6259	3.38397e-09	-4.58074e-07	5.4232e-14	-3.08665e-09	3.26141e-05	9.11341e-07
16.6259	3.46387e-09	-4.58082e-07	5.58783e-14	-2.88808e-09	1.37215e-05	9.0258e-07
16.6259	3.57379e-09	-4.5809e-07	5.81432e-14	5.81874e-09	-5.72823e-05	8.9347e-07
16.6259	3.5553e-09	-4.58099e-07	5.77623e-14	-4.9738e-10	-8.05389e-06	8.83987e-07
16.6259	3.5193e-09	-4.58106e-07	5.70209e-14	-2.32852e-09	-1.82575e-05	8.74243e-07
16.6259	3.44402e-09	-4.58114e-07	5.54702e-14	2.97244e-09	3.79129e-05	8.64258e-07
16.6259	3.45106e-09	-4.58122e-07	5.56154e-14	-2.00116e-09	2.52055e-05	8.53969e-07
16.6259	3.51149e-09	-4.5813e-07	5.68607e-14	-3.19983e-08	8.81826e-05	8.43422e-07
16.6259	3.75593e-09	-4.58137e-07	6.18969e-14	3.20934e-08	-8.88576e-05	8.32695e-07
16.6259	3.81344e-09	-4.58145e-07	6.30819e-14	-3.66895e-10	-5.81379e-05	8.21804e-07
16.6259	3.75154e-09	-4.58152e-07	6.18069e-14	-3.35895e-11	-2.20889e-07	8.1072e-07
16.6259	3.69004e-09	-4.5816e-07	6.05401e-14	-4.75979e-10	6.40758e-05	7.99449e-07
16.6259	3.75657e-09	-4.58167e-07	6.19109e-14	-5.23507e-09	2.32027e-05	7.88019e-07
16.6259	3.86751e-09	-4.58174e-07	6.41967e-14	-5.19087e-09	1.60352e-05	7.76517e-07
16.6259	4.00771e-09	-4.58181e-07	6.70854e-14	1.13791e-09	-3.19797e-06	7.64943e-07
16.6259	4.13973e-09	-4.58188e-07	6.98055e-14	3.16132e-09	-0.000129351	7.53247e-07
16.6259	4.02802e-09	-4.58195e-07	6.75042e-14	8.53513e-09	4.71176e-05	7.41456e-07
16.6259	4.00472e-09	-4.58201e-07	6.70244e-14	-3.66175e-09	5.29844e-05	7.29625e-07
16.6259	4.07766e-09	-4.58208e-07	6.85273e-14	-1.29871e-08	4.22695e-05	7.17763e-07
16.6259	4.22463e-09	-4.58214e-07	7.15552e-14	3.58315e-09	-9.18874e-06	7.05897e-07
16.6259	4.35306e-09	-4.58221e-07	7.42014e-14	1.34575e-08	-7.14306e-05	6.9407e-07
16.6259	4.35644e-09	-4.58227e-07	7.42712e-14	-1.99113e-09	2.63254e-05	6.82235e-07
16.6259	4.40427e-09	-4.58233e-07	7.52568e-14	-2.45133e-09	1.39103e-05	6.70392e-07
16.6259	4.47438e-09	-4.58239e-07	7.67013e-14	-1.21462e-09	5.40981e-06	6.58564e-07
16.6259	4.55206e-09	-4.58245e-07	7.83019e-14	2.51647e-09	-8.31085e-05	6.4678e-07
16.6259	4.49518e-09	-4.58251e-07	7.71302e-14	1.90982e-09	1.32224e-05	6.35066e-07
16.6259	4.46014e-09	-4.58256e-07	7.64084e-14	2.36844e-10	4.23134e-05	6.23428e-07
16.6259	4.49108e-09	-4.58262e-07	7.7046e-14	5.42022e-10	-6.44706e-06	6.11847e-07
16.6259	4.51167e-09	-4.58268e-07	7.74704e-14	-6.80515e-08	0.000151955	6.00378e-07
16.6259	4.75779e-09	-4.58273e-07	8.25412e-14	-1.8594e-08	2.1117e-05	5.89032e-07
16.6259	5.03002e-09	-4.58278e-07	8.815e-14	8.21784e-08	-0.00014226	5.77739e-07
16.6259	5.09353e-09	-4.58283e-07	8.94585e-14	2.75661e-09	-7.38796e-05	5.66523e-07
16.6259	5.05219e-09	-4.58288e-07	8.8607e-14	-2.10892e-08	-6.69829e-05	5.55418e-07
16.6259	4.91959e-09	-4.58293e-07	8.58751e-14	2.10842e-08	0.000125971	5.44451e-07
16.6259	4.95935e-09	-4.58298e-07	8.66945e-14	-6.88933e-08	0.000139096	5.33585e-07
16.6259	5.18198e-09	-4.58303e-07	9.12813e-14	-1.08351e-07	9.92901e-05	5.22823e-07
16.6259	5.52856e-09	-4.58308e-07	9.84217e-14	1.67285e-07	-0.00019822	5.12221e-07
16.6259	5.61687e-09	-4.58312e-07	1.00241e-13	-5.19256e-08	-0.000229756	5.01742e-07
16.6259	5.41817e-09	-4.58317e-07	9.61476e-14	2.47557e-08	3.46876e-05	4.9138e-07
16.6259	5.26574e-09	-4.58321e-07	9.30074e-14	-2.35499e-08	0.000283956	4.81174e-07
16.6259	5.45447e-09	-4.58326e-07	9.68959e-14	2.24331e-08	-3.1405e-05	4.71073e-07
16.6259	5.60263e-09	-4.5833e-07	9.99483e-14	4.3804e-09	-7.08704e-06	4.61093e-07
16.6259	5.73956e-09	-4.58334e-07	1.02769e-13	3.17742e-08	-7.87466e-05	4.51291e-07
16.6259	5.78568e-09	-4.58338e-07	1.0372e-13	2.50747e-09	-6.78764e-05	4.41598e-07
16.6259	5.75669e-09	-4.58342e-07	1.03123e-13	-5.37964e-09	-2.68987e-05	4.3201e-07
16.6259	5.6996e-09	-4.58346e-07	1.01947e-13	-8.50164e-08	0.000245447	4.22577e-07
16.6259	5.90018e-09	-4.5835e-07	1.06079e-13	-2.40344e-07	0.000172694	4.1324e-07
16.6259	6.27271e-09	-4.58353e-07	1.13754e-13	-3.08974e-07	0.000141855	4.04004e-07
16.6259	6.77852e-09	-4.58357e-07	1.24175e-13	5.93036e-07	-0.000367348	3.94914e-07
16.6259	6.91438e-09	-4.58361e-07	1.26974e-13	-2.01804e-07	-0.000455581	3.85942e-07
16.6259	6.61265e-09	-4.58364e-07	1.20758e-13	6.88016e-08	4.69808e-05	3.77069e-07
16.6259	6.36166e-09	-4.58367e-07	1.15587e-13	1.55272e-07	0.000371717	3.68336e-07
16.6259	6.45477e-09	-4.58371e-07	1.17505e-13	-1.94659e-07	0.000194891	3.59691e-07
16.6259	6.71882e-09	-4.58374e-07	1.22946e-13	-1.02389e-07	6.23585e-05	3.51132e-07
16.6259	7.03065e-09	-4.58377e-07	1.2937e-13	2.93947e-07	-0.000251358	3.4272e-07
16.6259	7.12223e-09	-4.5838e-07	1.31257e-13	-1.68019e-07	-0.000389129	3.34356e-07
16.6259	6.89035e-09	-4.58383e-07	1.2648e-13	5.91801e-08	4.58794e-05	3.26043e-07
16.6259	6.70119e-09	-4.58386e-07	1.22583e-13	1.37813e-07	0.000224119	3.17906e-07
16.6259	6.69262e-09	-4.58389e-07	1.22406e-13	-3.02584e-10	-4.58051e-06	3.09845e-07
16.6259	6.68077e-09	-4.58392e-07	1.22162e-13	-6.55037e-09	-3.79809e-05	3.01777e-07
16.6259	6.64096e-09	-4.58394e-07	1.21342e-13	-8.24679e-08	0.000242818	2.93831e-07
16.6259	6.77818e-09	-4.58397e-07	1.24169e-13	-2.95769e-07	0.000203291	2.85991e-07
16.6259	7.05505e-09	-4.584e-07	1.29873e-13	-2.10283e-07	9.55011e-05	2.78146e-07
16.6259	7.38969e-09	-4.58402e-07	1.36768e-13	-3.56596e-06	0.000802081	2.70364e-07
16.6259	8.24933e-09	-4.58404e-07	1.54478e-13	-4.13304e-06	0.000531275	2.62737e-07
16.6259	9.42856e-09	-4.58407e-07	1.78773e-13	3.70002e-06	-0.000465814	2.55155e-07
16.6259	1.02804e-08	-4.58409e-07	1.96324e-13	3.27366e-06	-0.00208257	2.47559e-07
16.6259	9.83744e-09	-4.58411e-07	1.87197e-13	-1.11444e-05	-0.00150603	2.40079e-07
16.6259	8.51782e-09	-4.58413e-07	1.6001e-13	-9.34156e-06	-0.000720419	2.32766e-07
16.6259	6.82598e-09	-4.58415e-07	1.25154e-13	-2.19772e-05	-0.00123135	2.25518e-07
16.6259	4.50457e-09	-4.58417e-07	7.73281e-14	-1.37974e-05	-0.000614182	2.18297e-07
16.6259	1.92877e-09	-4.58419e-07	2.42609e-14	3.43705e-06	0.000145407	2.11194e-07
16.6259	-4.8742e-10	-4.58421e-07	-2.55179e-14	3.45068e-05	0.00185086	2.04266e-07
16.6259	-1.89464e-09	-4.58423e-07	-5.45097e-14	1.78637e-05	0.003645	1.9747e-07
16.6259	-1.48588e-09	-4.58425e-07	-4.60883e-14	-4.79781e-05	0.00361838	1.90842e-07
16.6259	6.06069e-10	-4.58427e-07	-2.98942e-15	-0.000140635	0.00426384	1.84486e-07
16.6259	4.56234e-09	-4.58428e-07	7.85186e-14	-0.000126531	0.00253003	1.78397e-07
16.6259	9.49777e-09	-4.5843e-07	1.802e-13	-0.000119468	0.00195007	1.72513e-07
16.6259	1.50971e-08	-4.58431e-07	2.95559e-13	7.2229e-05	-0.00114111	1.66771e-07
16.6259	2.0041e-08	-4.58433e-07	3.97413e-13	0.000102913	-0.00184452	1.61296e-07
16.6259	2.40945e-08	-4.58434e-07	4.80925e-13	0.00011556	-0.00258675	1.56221e-07
16.6259	2.70287e-08	-4.58436e-07	5.41375e-13	0.000121881	-0.00454675	1.51481e-07
16.6259	2.81795e-08	-4.58437e-07	5.65085e-13	1.77744e-05	-0.00463847	1.4706e-07
16.6259	2.76168e-08	-4.58438e-07	5.53492e-13	-9.91053e-05	-0.00493113	1.42983e-07
16.6259	2.53307e-08	-4.5844e-07	5.06393e-13	-0.000186784	-0.00431792	1.39273e-07
16.6259	2.16171e-08	-4.58441e-07	4.29886e-13	-6.14896e-06	-0.000113089	1.36163e-07
16.6259	1.79384e-08	-4.58442e-07	3.54096e-13	-1.55311e-05	-0.000280541	1.33915e-07
16.6259	1.42154e-08	-4.58443e-07	2.77394e-13	4.62107e-05	0.000857128	1.3242e-07
16.6259	1.08083e-08	-4.58444e-07	2.072e-13	7.69181e-05	0.00161197	1.31441e-07
16.6259	7.94908e-09	-4.58446e-07	1.48294e-13	-8.65347e-05	-0.00179611	1.30936e-07
16.6259	4.50786e-09	-4.58447e-07	7.73968e-14	0.000122026	0.00265066	1.30833e-07
16.6259	1.93268e-09	-4.58448e-07	2.43422e-14	8.3679e-05	0.00253202	1.31088e-07
16.6259	1.79572e-10	-4.58449e-07	-1.17756e-14	7.09334e-05	0.00495739	1.31789e-07
16.6259	5.30941e-11	-4.5845e-07	-1.43813e-14	-1.4231e-06	0.00122843	1.3303e-07
16.6259	3.36055e-10	-4.58452e-07	-8.55164e-15	-8.45438e-06	0.00117825	1.34962e-07
16.6259	1.02489e-09	-4.58453e-07	5.63985e-15	-5.35778e-07	5.2261e-05	1.37708e-07
16.6259	1.74796e-09	-4.58454e-07	2.05369e-14	-1.5734e-05	0.00118004	1.41277e-07
16.6259	2.91427e-09	-4.58455e-07	4.45654e-14	1.37755e-05	-0.000999279	1.45629e-07
16.6259	3.74941e-09	-4.58457e-07	6.17713e-14	-1.8198e-06	0.000155854	1.50803e-07
16.6259	4.67607e-09	-4.58458e-07	8.08626e-14	1.35657e-05	-0.00178322	1.5683e-07
16.6259	4.92808e-09	-4.5846e-07	8.60545e-14	4.62046e-07	-0.000169545	1.63771e-07
16.6259	5.1208e-09	-4.58461e-07	9.00252e-14	-8.35837e-07	-0.00119931	1.71735e-07
16.6259	4.79566e-09	-4.58463e-07	8.33266e-14	-7.07268e-07	-0.000171501	1.80881e-07
16.6259	4.37275e-09	-4.58464e-07	7.46138e-14	-1.65424e-06	-0.000310431	1.91414e-07
16.6259	3.77129e-09	-4.58466e-07	6.22223e-14	1.98667e-07	3.29875e-05	2.03533e-07
16.6259	3.14753e-09	-4.58468e-07	4.93716e-14	-2.55731e-06	-0.00037221	2.17558e-07
16.6259	2.26956e-09	-4.5847e-07	3.12834e-14	1.21707e-07	1.56798e-05	2.33916e-07
16.6259	1.33227e-09	-4.58472e-07	1.19733e-14	-1.14898e-06	-0.000142228	2.53113e-07
16.6259	2.21182e-10	-4.58475e-07	-1.09176e-14	-1.04649e-06	-0.000119823	2.75879e-07
16.6259	-1.08076e-09	-4.58477e-07	-3.77406e-14	9.16609e-07	0.000104493	3.03234e-07
16.6259	-2.43476e-09	-4.5848e-07	-6.56357e-14	4.42442e-06	0.000640314	3.36834e-07
16.6259	-3.37832e-09	-4.58483e-07	-8.50751e-14	2.61263e-06	0.000774902	3.79249e-07
16.6259	-3.66735e-09	-4.58487e-07	-9.10297e-14	2.05691e-07	0.000290195	4.35234e-07
16.6259	-3.66345e-09	-4.58491e-07	-9.09492e-14	-2.93595e-08	-0.000111758	5.14677e-07
16.6259	-3.81575e-09	-4.58496e-07	-9.40869e-14	-3.78736e-07	-0.000295621	6.40841e-07
16.6259	-4.54279e-09	-4.58503e-07	-1.09065e-13	9.77796e-08	5.17096e-05	8.8394e-07
16.6259	-5.466e-09	-4.58512e-07	-1.28085e-13	2.98816e-07	0.000420237	1.51928e-06
16.6259	-5.1281e-09	-4.58531e-07	-1.21123e-13	-1.05033e-07	0.000148022	5.61031e-06
16.6259	-1.45491e-10	-4.58614e-07	-1.84681e-14	-0.4	-0.000215928	0.00487195
16.6211	-1.76709e-10	-3.70384e-07	-2.15311e-14	0.4	-2.17765e-09	0.00966527
