16.6318	-1.11903e-10	-6.08941e-07	-7.51828e-15	-1.46374e-06	-0.000765174	0.00603264
16.6318	-1.89794e-08	-6.09053e-07	-4.96071e-13	-9.11931e-05	0.00685239	5.2634e-06
16.6318	-8.87855e-09	-6.09061e-07	-2.34521e-13	-0.000384415	0.00771863	5.10158e-07
16.6318	3.4285e-09	-6.09065e-07	8.41575e-14	0.000102489	-0.00157093	3.13103e-07
16.6318	1.16758e-08	-6.09068e-07	2.97712e-13	0.000275099	-0.00592748	2.54795e-07
16.6318	1.54596e-08	-6.09071e-07	3.9569e-13	8.92494e-05	-0.00428414	2.3455e-07
16.6318	1.66186e-08	-6.09073e-07	4.25702e-13	6.57989e-06	-0.000814226	2.27682e-07
16.6318	1.73024e-08	-6.09076e-07	4.43408e-13	-3.81069e-06	0.000518962	2.26678e-07
16.6318	1.82836e-08	-6.09078e-07	4.68816e-13	-1.12892e-05	0.00101085	2.28554e-07
16.6318	1.98583e-08	-6.09081e-07	5.09591e-13	6.91199e-07	-5.09423e-05	2.31967e-07
16.6318	2.14305e-08	-6.09084e-07	5.50301e-13	9.37587e-06	-0.000823827	2.36243e-07
16.6318	2.25421e-08	-6.09086e-07	5.79084e-13	6.1968e-06	-0.000865986	2.41042e-07
16.6318	2.31499e-08	-6.09089e-07	5.94821e-13	1.64335e-06	-0.000415959	2.46192e-07
16.6318	2.3512e-08	-6.09092e-07	6.04199e-13	7.82302e-07	-0.000420936	2.5159e-07
16.6318	2.36145e-08	-6.09095e-07	6.06854e-13	4.74854e-08	-0.000244892	2.57198e-07
16.6318	2.35601e-08	-6.09098e-07	6.05445e-13	-1.40638e-07	-0.00016784	2.62989e-07
16.6318	2.33929e-08	-6.09101e-07	6.01115e-13	-9.15019e-07	-0.000403675	2.68953e-07
16.6318	2.29474e-08	-6.09104e-07	5.8958e-13	-3.20369e-07	-9.14174e-05	2.75097e-07
16.6318	2.24281e-08	-6.09107e-07	5.76134e-13	-3.801e-06	-0.000694854	2.81434e-07
16.6318	2.14024e-08	-6.0911e-07	5.49573e-13	-5.08778e-06	-0.000586556	2.87963e-07
16.6318	1.99256e-08	-6.09114e-07	5.11333e-13	-4.98156e-06	-0.000442885	2.94684e-07
16.6318	1.80842e-08	-6.09117e-07	4.63653e-13	-4.56059e-06	-0.000345023	3.01602e-07
16.6318	1.59363e-08	-6.09121e-07	4.08034e-13	-7.12361e-06	-0.000467145	3.0873e-07
16.6318	1.33727e-08	-6.09124e-07	3.41652e-13	-3.4308e-06	-0.000202712	3.16061e-07
16.6318	1.0586e-08	-6.09128e-07	2.69493e-13	-4.4322e-06	-0.000245608	3.23597e-07
16.6318	7.5317e-09	-6.09132e-07	1.90406e-13	1.87514e-06	0.00010188	3.31342e-07
16.6318	4.48956e-09	-6.09135e-07	1.11633e-13	9.44538e-06	0.000564267	3.39298e-07
16.6318	1.85861e-09	-6.09139e-07	4.35073e-14	6.04285e-06	0.000423498	3.47473e-07
16.6318	-4.63602e-10	-6.09143e-07	-1.66239e-14	2.63018e-06	0.000207238	3.55876e-07
16.6318	-2.65546e-09	-6.09147e-07	-7.33798e-14	6.81966e-06	0.000645903	3.64505e-07
16.6318	-4.30489e-09	-6.09152e-07	-1.1609e-13	1.31657e-06	0.000153828	3.73359e-07
16.6318	-5.8491e-09	-6.09156e-07	-1.56076e-13	4.05677e-06	0.000610171	3.82433e-07
16.6318	-6.84046e-09	-6.0916e-07	-1.81746e-13	2.58045e-06	0.00115736	3.91729e-07
16.6318	-6.70888e-09	-6.09165e-07	-1.78339e-13	-4.23007e-06	0.00117477	4.01251e-07
16.6318	-5.38151e-09	-6.09169e-07	-1.43968e-13	-1.72726e-05	0.00162815	4.11005e-07
16.6318	-2.32884e-09	-6.09174e-07	-6.49221e-14	-7.65358e-07	5.16811e-05	4.20969e-07
16.6318	8.52698e-10	-6.09179e-07	1.74606e-14	5.15345e-06	-0.000367599	4.31123e-07
16.6318	3.70985e-09	-6.09184e-07	9.14436e-14	5.23321e-06	-0.000435723	4.41476e-07
16.6318	6.14891e-09	-6.09189e-07	1.54601e-13	6.62403e-06	-0.000727834	4.52032e-07
16.6318	7.81393e-09	-6.09194e-07	1.97715e-13	4.19165e-06	-0.000789942	4.62781e-07
16.6318	8.59381e-09	-6.092e-07	2.17909e-13	1.06645e-06	-0.00079792	4.73721e-07
16.6318	8.43607e-09	-6.09205e-07	2.13824e-13	-3.19517e-07	-0.000249318	4.84843e-07
16.6318	7.96895e-09	-6.09211e-07	2.01729e-13	-1.22065e-06	-0.000414892	4.96149e-07
16.6318	6.97045e-09	-6.09216e-07	1.75874e-13	-2.10277e-06	-0.000418425	5.07625e-07
16.6318	5.4119e-09	-6.09222e-07	1.35517e-13	-3.00426e-07	-4.85118e-05	5.19253e-07
16.6318	3.75415e-09	-6.09228e-07	9.25909e-14	2.06987e-06	0.00038717	5.31007e-07
16.6318	2.57881e-09	-6.09234e-07	6.21567e-14	1.58465e-06	0.000511113	5.42876e-07
16.6318	2.07865e-09	-6.09241e-07	4.92058e-14	3.15604e-07	0.000283082	5.54866e-07
16.6318	1.96446e-09	-6.09247e-07	4.6249e-14	-3.8764e-08	0.000230221	5.66959e-07
16.6318	2.17761e-09	-6.09254e-07	5.17682e-14	-2.61481e-07	0.000207205	5.79131e-07
16.6318	2.69846e-09	-6.0926e-07	6.5255e-14	-5.23884e-07	0.000223908	5.91387e-07
16.6318	3.56474e-09	-6.09267e-07	8.76864e-14	3.60362e-07	-0.000141563	6.03752e-07
16.6318	4.23316e-09	-6.09274e-07	1.04995e-13	4.5728e-07	-0.000342282	6.16238e-07
16.6318	4.38265e-09	-6.09281e-07	1.08865e-13	-5.07224e-08	-0.000267854	6.28843e-07
16.6318	4.10984e-09	-6.09288e-07	1.01801e-13	-3.4048e-08	-3.58883e-05	6.41574e-07
16.6318	3.7734e-09	-6.09296e-07	9.30897e-14	3.03315e-08	3.16148e-05	6.54462e-07
16.6318	3.48246e-09	-6.09303e-07	8.55561e-14	-5.24794e-09	-5.86347e-06	6.6752e-07
16.6318	3.17585e-09	-6.09311e-07	7.7617e-14	8.08198e-08	0.000154131	6.8071e-07
16.6318	3.12807e-09	-6.09319e-07	7.63798e-14	-1.71913e-08	0.000115269	6.94034e-07
16.6318	3.28129e-09	-6.09327e-07	8.03473e-14	1.51406e-08	-4.7544e-05	7.07562e-07
16.6318	3.35259e-09	-6.09335e-07	8.21935e-14	1.74873e-09	-6.98188e-05	7.21318e-07
16.6318	3.29815e-09	-6.09343e-07	8.07839e-14	-2.15104e-09	-1.1986e-05	7.35192e-07
16.6318	3.22044e-09	-6.09352e-07	7.87717e-14	-1.60367e-08	-4.84972e-05	7.49014e-07
16.6318	3.04964e-09	-6.0936e-07	7.43491e-14	7.01547e-09	1.7151e-05	7.62642e-07
16.6318	2.90877e-09	-6.09369e-07	7.07017e-14	9.09705e-09	0.000114755	7.76016e-07
16.6318	2.99002e-09	-6.09378e-07	7.28054e-14	-6.13028e-09	2.31012e-05	7.89125e-07
16.6318	3.11856e-09	-6.09387e-07	7.61339e-14	1.00595e-08	-7.69726e-05	8.02025e-07
16.6318	3.0936e-09	-6.09396e-07	7.54877e-14	-2.08239e-09	-1.90435e-05	8.14895e-07
16.6318	3.02914e-09	-6.09406e-07	7.38187e-14	2.4334e-09	3.48711e-05	8.27919e-07
16.6318	3.0364e-09	-6.09415e-07	7.40067e-14	-5.71379e-10	-1.89928e-05	8.41182e-07
16.6318	3.00352e-09	-6.09425e-07	7.31552e-14	-1.2802e-09	-1.1923e-05	8.54688e-07
16.6318	2.94442e-09	-6.09435e-07	7.16252e-14	1.81527e-09	3.26007e-05	8.68416e-07
16.6318	2.95572e-09	-6.09445e-07	7.19179e-14	4.18587e-11	-2.01152e-06	8.82339e-07
16.6318	2.96273e-09	-6.09455e-07	7.20994e-14	-3.12481e-09	3.23421e-05	8.96507e-07
16.6318	3.04292e-09	-6.09465e-07	7.41759e-14	2.91679e-09	-4.51476e-05	9.11094e-07
16.6318	3.02076e-09	-6.09476e-07	7.3602e-14	-3.16007e-09	-2.71877e-05	9.26359e-07
16.6318	2.93472e-09	-6.09486e-07	7.13741e-14	2.07244e-09	1.38566e-05	9.42637e-07
16.6318	2.88007e-09	-6.09497e-07	6.99591e-14	1.12731e-09	1.4189e-05	9.60334e-07
16.6318	2.85875e-09	-6.09508e-07	6.94072e-14	-9.17301e-11	1.94747e-05	9.79743e-07
16.6318	2.88518e-09	-6.09519e-07	7.00916e-14	-4.93359e-10	6.96723e-06	1.00068e-06
16.6318	2.9298e-09	-6.09531e-07	7.12472e-14	7.25777e-10	-1.30511e-05	1.02253e-06
16.6318	2.94168e-09	-6.09543e-07	7.15548e-14	-4.7358e-09	-4.83619e-05	1.04437e-06
16.6318	2.82623e-09	-6.09555e-07	6.85654e-14	-5.92558e-10	-2.62907e-06	1.06516e-06
16.6318	2.70152e-09	-6.09567e-07	6.53364e-14	-1.79853e-09	-7.19534e-06	1.08413e-06
16.6318	2.55508e-09	-6.09579e-07	6.15443e-14	7.1558e-09	5.04874e-05	1.10111e-06
16.6318	2.54647e-09	-6.09592e-07	6.13216e-14	-6.60185e-09	5.45849e-05	1.11669e-06
16.6318	2.69117e-09	-6.09605e-07	6.50684e-14	3.86799e-09	-1.82673e-05	1.13237e-06
16.6318	2.78587e-09	-6.09618e-07	6.75207e-14	2.72734e-09	-3.67203e-05	1.15013e-06
16.6318	2.77571e-09	-6.09631e-07	6.72576e-14	-2.0933e-09	-2.56427e-05	1.16751e-06
16.6318	2.69006e-09	-6.09645e-07	6.50401e-14	1.88265e-09	3.89763e-05	1.18096e-06
16.6318	2.71922e-09	-6.09658e-07	6.57951e-14	-2.19257e-10	3.74815e-06	1.1915e-06
16.6318	2.75982e-09	-6.09672e-07	6.68466e-14	-6.34299e-10	7.35353e-06	1.20137e-06
16.6318	2.82295e-09	-6.09685e-07	6.84812e-14	1.06931e-09	-2.41458e-05	1.2104e-06
16.6318	2.81318e-09	-6.09699e-07	6.82284e-14	-9.73115e-10	-1.6774e-05	1.21762e-06
16.6318	2.75217e-09	-6.09713e-07	6.66487e-14	-7.27789e-09	-3.75492e-05	1.224e-06
16.6318	2.57565e-09	-6.09727e-07	6.20779e-14	6.00371e-09	2.73845e-05	1.22974e-06
16.6318	2.48274e-09	-6.09741e-07	5.96723e-14	2.27221e-09	2.94784e-05	1.23436e-06
16.6318	2.48065e-09	-6.09755e-07	5.96183e-14	-5.04757e-10	1.49026e-05	1.2383e-06
16.6318	2.52476e-09	-6.0977e-07	6.07605e-14	4.31545e-10	-1.96833e-05	1.24162e-06
16.6318	2.5078e-09	-6.09784e-07	6.03214e-14	-2.53163e-10	1.69057e-05	1.24409e-06
16.6318	2.54344e-09	-6.09798e-07	6.12443e-14	-2.75975e-10	4.09107e-06	1.24597e-06
16.6318	2.59187e-09	-6.09812e-07	6.24986e-14	3.78103e-10	-6.03928e-06	1.24719e-06
16.6318	2.62151e-09	-6.09826e-07	6.3266e-14	2.00349e-10	-6.31682e-06	1.24769e-06
16.6318	2.63144e-09	-6.09841e-07	6.35232e-14	-1.68333e-10	5.61927e-06	1.24757e-06
16.6318	2.65889e-09	-6.09855e-07	6.42341e-14	-1.85081e-09	-3.74004e-05	1.24675e-06
16.6318	2.56979e-09	-6.09869e-07	6.19272e-14	-4.28507e-10	-2.85465e-06	1.24526e-06
16.6318	2.47195e-09	-6.09883e-07	5.93937e-14	1.39948e-09	1.07285e-05	1.2431e-06
16.6318	2.40761e-09	-6.09897e-07	5.77278e-14	-3.52258e-10	4.46071e-05	1.24019e-06
16.6318	2.48156e-09	-6.09911e-07	5.96428e-14	7.91231e-11	-6.71623e-07	1.23659e-06
16.6318	2.5532e-09	-6.09925e-07	6.1498e-14	1.24819e-09	-1.69252e-05	1.23229e-06
16.6318	2.57253e-09	-6.0994e-07	6.19986e-14	-7.9741e-11	2.16552e-06	1.2273e-06
16.6318	2.59841e-09	-6.09953e-07	6.26687e-14	1.46093e-10	-1.20594e-05	1.2217e-06
16.6318	2.58742e-09	-6.09967e-07	6.23842e-14	-2.07851e-11	8.22795e-06	1.21545e-06
16.6318	2.60142e-09	-6.09981e-07	6.27468e-14	-1.00747e-11	4.19138e-07	1.20861e-06
16.6319	2.6166e-09	-6.09995e-07	6.314e-14	-3.82916e-10	8.32394e-06	1.20114e-06
16.6319	2.6566e-09	-6.10009e-07	6.41758e-14	-3.60239e-10	4.6003e-06	1.19308e-06
16.6319	2.70999e-09	-6.10022e-07	6.55585e-14	4.22934e-10	-5.57258e-06	1.18449e-06
16.6319	2.74655e-09	-6.10036e-07	6.65051e-14	3.83628e-10	-1.20627e-05	1.17532e-06
16.6319	2.74751e-09	-6.10049e-07	6.65301e-14	-8.22439e-10	-1.84697e-05	1.1657e-06
16.6319	2.69487e-09	-6.10062e-07	6.5167e-14	8.16323e-10	1.97507e-05	1.15558e-06
16.6319	2.69949e-09	-6.10075e-07	6.5287e-14	-1.16416e-09	2.00301e-05	1.14499e-06
16.6319	2.76115e-09	-6.10088e-07	6.68834e-14	-1.08928e-09	8.42701e-06	1.13399e-06
16.6319	2.84596e-09	-6.10101e-07	6.90797e-14	2.19468e-09	-3.51801e-05	1.12254e-06
16.6319	2.83169e-09	-6.10114e-07	6.87102e-14	-1.87586e-10	-4.94632e-06	1.11063e-06
16.6319	2.80391e-09	-6.10126e-07	6.79909e-14	-8.78275e-10	-1.12129e-05	1.09838e-06
16.6319	2.74582e-09	-6.10139e-07	6.64869e-14	1.12124e-09	2.32843e-05	1.08584e-06
16.6319	2.75125e-09	-6.10151e-07	6.66276e-14	-7.54736e-10	1.548e-05	1.07291e-06
16.6319	2.79788e-09	-6.10163e-07	6.78351e-14	-1.20691e-08	5.41577e-05	1.05966e-06
16.6319	2.98649e-09	-6.10175e-07	7.2719e-14	1.21051e-08	-5.45723e-05	1.04618e-06
16.6319	3.03087e-09	-6.10187e-07	7.38682e-14	-1.38445e-10	-3.57056e-05	1.0325e-06
16.6319	2.9831e-09	-6.10199e-07	7.26315e-14	-1.26405e-11	-1.35644e-07	1.01857e-06
16.6319	2.93565e-09	-6.1021e-07	7.14028e-14	-1.79411e-10	3.93524e-05	1.00441e-06
16.6319	2.98698e-09	-6.10222e-07	7.2732e-14	-1.97454e-09	1.42501e-05	9.90053e-07
16.6319	3.07258e-09	-6.10233e-07	7.49486e-14	-1.95784e-09	9.84791e-06	9.75603e-07
16.6319	3.18076e-09	-6.10244e-07	7.77499e-14	4.29202e-10	-1.96395e-06	9.61063e-07
16.6319	3.28263e-09	-6.10255e-07	8.03877e-14	1.19222e-09	-7.94416e-05	9.46366e-07
16.6319	3.19643e-09	-6.10266e-07	7.81558e-14	3.21942e-09	2.89375e-05	9.31553e-07
16.6319	3.17845e-09	-6.10276e-07	7.76903e-14	-1.38105e-09	3.25405e-05	9.1669e-07
16.6319	3.23473e-09	-6.10287e-07	7.91477e-14	-4.89846e-09	2.596e-05	9.01786e-07
16.6319	3.34813e-09	-6.10297e-07	8.2084e-14	1.35154e-09	-5.64338e-06	8.86877e-07
16.6319	3.44723e-09	-6.10307e-07	8.46502e-14	5.07586e-09	-4.38693e-05	8.72018e-07
16.6319	3.44984e-09	-6.10317e-07	8.47178e-14	-7.50958e-10	1.61678e-05	8.57149e-07
16.6319	3.48675e-09	-6.10326e-07	8.56735e-14	-9.24557e-10	8.54307e-06	8.4227e-07
16.6319	3.54084e-09	-6.10336e-07	8.70742e-14	-4.58106e-10	3.32247e-06	8.27409e-07
16.6319	3.60078e-09	-6.10345e-07	8.86263e-14	9.49065e-10	-5.10414e-05	8.12603e-07
16.6319	3.55689e-09	-6.10354e-07	8.74899e-14	7.20402e-10	8.12064e-06	7.97886e-07
16.6319	3.52985e-09	-6.10363e-07	8.67898e-14	8.94193e-11	2.59869e-05	7.83265e-07
16.6319	3.55372e-09	-6.10372e-07	8.7408e-14	2.04452e-10	-3.95945e-06	7.68715e-07
16.6319	3.56961e-09	-6.10381e-07	8.78195e-14	-2.56677e-08	9.33237e-05	7.54305e-07
16.6319	3.75952e-09	-6.10389e-07	9.27371e-14	-7.01333e-09	1.29692e-05	7.40051e-07
16.6319	3.96958e-09	-6.10398e-07	9.81763e-14	3.09962e-08	-8.73696e-05	7.25862e-07
16.6319	4.01858e-09	-6.10406e-07	9.94452e-14	1.03966e-09	-4.53734e-05	7.1177e-07
16.6319	3.98668e-09	-6.10414e-07	9.86193e-14	-7.95456e-09	-4.11377e-05	6.97819e-07
16.6319	3.88436e-09	-6.10422e-07	9.59698e-14	7.95282e-09	7.73658e-05	6.84038e-07
16.6319	3.91504e-09	-6.1043e-07	9.67644e-14	-2.59853e-08	8.5426e-05	6.70387e-07
16.6319	4.08683e-09	-6.10437e-07	1.01213e-13	-4.08681e-08	6.09792e-05	6.56867e-07
16.6319	4.35425e-09	-6.10445e-07	1.08137e-13	6.30967e-08	-0.000121737	6.43547e-07
16.6319	4.42239e-09	-6.10452e-07	1.09902e-13	-1.95859e-08	-0.000141105	6.3038e-07
16.6319	4.26906e-09	-6.10459e-07	1.05932e-13	9.33762e-09	2.13037e-05	6.17362e-07
16.6319	4.15145e-09	-6.10466e-07	1.02886e-13	-8.88236e-09	0.000174393	6.04539e-07
16.6319	4.29708e-09	-6.10473e-07	1.06657e-13	8.46139e-09	-1.92875e-05	5.91848e-07
16.6319	4.41139e-09	-6.10479e-07	1.09617e-13	1.65234e-09	-4.35285e-06	5.7931e-07
16.6319	4.51705e-09	-6.10486e-07	1.12353e-13	1.19845e-08	-4.83622e-05	5.66995e-07
16.6319	4.55264e-09	-6.10492e-07	1.13275e-13	9.45695e-10	-4.16866e-05	5.54816e-07
16.6319	4.53027e-09	-6.10499e-07	1.12695e-13	-2.02914e-09	-1.65199e-05	5.42771e-07
16.6319	4.48622e-09	-6.10505e-07	1.11555e-13	-3.20668e-08	0.000150743	5.30918e-07
16.6319	4.64099e-09	-6.10511e-07	1.15563e-13	-9.0653e-08	0.00010606	5.19187e-07
16.6319	4.92843e-09	-6.10517e-07	1.23006e-13	-1.16541e-07	8.71211e-05	5.07584e-07
16.6319	5.31872e-09	-6.10522e-07	1.33112e-13	2.23684e-07	-0.000225609	4.96164e-07
16.6319	5.42355e-09	-6.10528e-07	1.35826e-13	-7.61178e-08	-0.000279797	4.84891e-07
16.6319	5.19074e-09	-6.10533e-07	1.29798e-13	2.59509e-08	2.88533e-05	4.73743e-07
16.6319	4.99707e-09	-6.10539e-07	1.24783e-13	5.85667e-08	0.000228291	4.62771e-07
16.6319	5.06891e-09	-6.10544e-07	1.26643e-13	-7.3422e-08	0.000119693	4.51909e-07
16.6319	5.27265e-09	-6.10549e-07	1.31919e-13	-3.86193e-08	3.82977e-05	4.41157e-07
16.6319	5.51326e-09	-6.10554e-07	1.38149e-13	1.10872e-07	-0.000154372	4.30587e-07
16.6319	5.58393e-09	-6.10559e-07	1.39979e-13	-6.33742e-08	-0.000238984	4.2008e-07
16.6319	5.40501e-09	-6.10564e-07	1.35346e-13	2.2321e-08	2.81758e-05	4.09634e-07
16.6319	5.25905e-09	-6.10568e-07	1.31567e-13	5.19817e-08	0.000137644	3.9941e-07
16.6319	5.25244e-09	-6.10573e-07	1.31396e-13	-1.14124e-10	-2.81308e-06	3.89284e-07
16.6319	5.24329e-09	-6.10577e-07	1.31159e-13	-2.47075e-09	-2.33262e-05	3.79148e-07
16.6319	5.21257e-09	-6.10581e-07	1.30363e-13	-3.11052e-08	0.000149128	3.69164e-07
16.6319	5.31845e-09	-6.10585e-07	1.33105e-13	-1.11559e-07	0.000124852	3.59314e-07
16.6319	5.53209e-09	-6.10589e-07	1.38637e-13	-7.93158e-08	5.86529e-05	3.49458e-07
16.6319	5.7903e-09	-6.10593e-07	1.45323e-13	-1.34506e-06	0.000492613	3.39679e-07
16.6319	6.45361e-09	-6.10597e-07	1.62499e-13	-1.559e-06	0.000326302	3.30091e-07
16.6319	7.36352e-09	-6.10601e-07	1.8606e-13	1.39568e-06	-0.0002861	3.20567e-07
16.6319	8.02083e-09	-6.10605e-07	2.0308e-13	1.2348e-06	-0.00127903	3.11026e-07
16.6319	7.67901e-09	-6.10608e-07	1.94229e-13	-4.20378e-06	-0.000924986	3.01625e-07
16.6319	6.66078e-09	-6.10611e-07	1.67863e-13	-3.52409e-06	-0.000442522	2.92428e-07
16.6319	5.35533e-09	-6.10615e-07	1.3406e-13	-8.29173e-06	-0.000756442	2.8331e-07
16.6319	3.5641e-09	-6.10618e-07	8.76784e-14	-5.20707e-06	-0.000377412	2.74222e-07
16.6319	1.57658e-09	-6.10621e-07	3.62138e-14	1.29742e-06	8.93717e-05	2.65295e-07
16.6319	-2.87777e-10	-6.10624e-07	-1.20617e-14	1.30197e-05	0.00113707	2.56606e-07
16.6319	-1.3736e-09	-6.10627e-07	-4.01779e-14	6.73868e-06	0.0022387	2.48089e-07
16.6319	-1.0582e-09	-6.1063e-07	-3.20109e-14	-1.8101e-05	0.00222267	2.39752e-07
16.6319	5.55972e-10	-6.10632e-07	9.78631e-15	-5.31055e-05	0.00262143	2.31699e-07
16.6319	3.60868e-09	-6.10635e-07	8.88327e-14	-4.78374e-05	0.00155743	2.23959e-07
16.6319	7.41692e-09	-6.10637e-07	1.87443e-13	-4.5222e-05	0.00120189	2.16489e-07
16.6319	1.17374e-08	-6.1064e-07	2.99318e-13	2.73454e-05	-0.000703425	2.09266e-07
16.6319	1.55522e-08	-6.10642e-07	3.98096e-13	3.89329e-05	-0.00113618	2.02452e-07
16.6319	1.86799e-08	-6.10644e-07	4.79086e-13	4.36695e-05	-0.00159161	1.96149e-07
16.6319	2.0944e-08	-6.10647e-07	5.37711e-13	4.6008e-05	-0.0027944	1.90268e-07
16.6319	2.18319e-08	-6.10649e-07	5.60704e-13	6.70507e-06	-0.00284888	1.84756e-07
16.6319	2.13978e-08	-6.10651e-07	5.49462e-13	-3.74006e-05	-0.00302977	1.79611e-07
16.6319	1.96338e-08	-6.10653e-07	5.03785e-13	-7.0582e-05	-0.00265657	1.74872e-07
16.6319	1.67684e-08	-6.10655e-07	4.29588e-13	-2.32824e-06	-6.97217e-05	1.70915e-07
16.6319	1.39298e-08	-6.10657e-07	3.56087e-13	-5.8715e-06	-0.000172689	1.68088e-07
16.6319	1.10571e-08	-6.10659e-07	2.81702e-13	1.74777e-05	0.000527852	1.66221e-07
16.6319	8.42814e-09	-6.10661e-07	2.13627e-13	2.90707e-05	0.000991976	1.65022e-07
16.6319	6.22193e-09	-6.10662e-07	1.565e-13	-3.27076e-05	-0.00110537	1.64386e-07
16.6319	3.56664e-09	-6.10664e-07	8.77444e-14	4.61175e-05	0.0016311	1.64267e-07
16.6319	1.57959e-09	-6.10666e-07	3.62921e-14	3.15962e-05	0.00155667	1.64638e-07
16.6319	2.26878e-10	-6.10668e-07	1.26499e-15	2.67639e-05	0.00304532	1.6556e-07
16.6319	1.29286e-10	-6.1067e-07	-1.26203e-15	-5.36778e-07	0.000754446	1.67136e-07
16.6319	3.47621e-10	-6.10672e-07	4.39154e-15	-3.18904e-06	0.000723662	1.69561e-07
16.6319	8.79131e-10	-6.10674e-07	1.81544e-14	-2.02077e-07	3.20947e-05	1.73008e-07
16.6319	1.43707e-09	-6.10676e-07	3.26015e-14	-5.93574e-06	0.000724859	1.77488e-07
16.6319	2.337e-09	-6.10678e-07	5.59044e-14	5.19691e-06	-0.000613826	1.82955e-07
16.6319	2.98141e-09	-6.1068e-07	7.25906e-14	-6.8647e-07	9.57279e-05	1.89459e-07
16.6319	3.69643e-09	-6.10682e-07	9.11052e-14	5.11713e-06	-0.00109524	1.97035e-07
16.6319	3.89088e-09	-6.10684e-07	9.61403e-14	1.74274e-07	-0.000104125	2.05759e-07
16.6319	4.03959e-09	-6.10687e-07	9.9991e-14	-3.1526e-07	-0.00073656	2.15764e-07
16.6319	3.78871e-09	-6.10689e-07	9.34948e-14	-2.66778e-07	-0.000105331	2.27256e-07
16.6319	3.46239e-09	-6.10692e-07	8.5045e-14	-6.23986e-07	-0.000190662	2.40487e-07
16.6319	2.99829e-09	-6.10695e-07	7.30277e-14	7.49376e-08	2.02602e-05	2.55712e-07
16.6319	2.51699e-09	-6.10698e-07	6.05651e-14	-9.64595e-07	-0.000228598	2.73332e-07
16.6319	1.83953e-09	-6.10701e-07	4.30231e-14	4.58835e-08	9.62511e-06	2.93883e-07
16.6319	1.11631e-09	-6.10705e-07	2.42961e-14	-4.33401e-07	-8.73548e-05	3.18001e-07
16.6319	2.5898e-10	-6.10708e-07	2.0965e-15	-3.94742e-07	-7.35941e-05	3.46601e-07
16.6319	-7.45618e-10	-6.10712e-07	-2.39164e-14	3.45761e-07	6.41805e-05	3.80969e-07
16.6319	-1.79037e-09	-6.10717e-07	-5.09692e-14	1.66889e-06	0.000393268	4.23187e-07
16.6319	-2.51844e-09	-6.10722e-07	-6.98215e-14	9.8546e-07	0.000475914	4.76481e-07
16.6319	-2.74146e-09	-6.10728e-07	-7.55963e-14	7.75837e-08	0.000178224	5.4682e-07
16.6319	-2.73845e-09	-6.10735e-07	-7.55184e-14	-1.10741e-08	-6.86363e-05	6.46631e-07
16.6319	-2.85597e-09	-6.10743e-07	-7.85615e-14	-1.42854e-07	-0.000181556	8.05143e-07
16.6319	-3.41697e-09	-6.10753e-07	-9.30877e-14	3.68806e-08	3.17573e-05	1.11057e-06
16.6319	-4.12933e-09	-6.10768e-07	-1.11533e-13	1.1271e-07	0.00025809	1.90879e-06
16.6319	-3.8686e-09	-6.10796e-07	-1.04782e-13	-3.96162e-08	9.0908e-05	7.0487e-06
16.6319	-2.39728e-11	-6.10929e-07	-5.22885e-15	-0.4	-0.000132612	0.00612069
16.6258	-3.30519e-11	-4.7154e-07	-6.34786e-15	0.4	-2.31933e-09	0.0121426
