16.6146	-3.35491e-09	-2.5432e-07	-2.22743e-13	-2.94478e-05	-0.00343196	0.00298871
16.6146	-4.52799e-08	-2.54347e-07	-7.59908e-13	-0.00181068	0.0304997	2.60906e-06
16.6146	-2.28349e-08	-2.54349e-07	-4.72322e-13	-0.00714944	0.0322198	2.58097e-07
16.6146	4.51253e-09	-2.5435e-07	-1.21922e-13	0.0018338	-0.00626774	1.61383e-07
16.6146	2.28387e-08	-2.54351e-07	1.1289e-13	0.00518199	-0.024991	1.29125e-07
16.6146	3.12468e-08	-2.54351e-07	2.20621e-13	0.00176813	-0.0189615	1.16804e-07
16.6146	3.38223e-08	-2.54352e-07	2.53621e-13	0.000132143	-0.00364556	1.1286e-07
16.6146	3.53417e-08	-2.54353e-07	2.7309e-13	-7.65637e-05	0.00232447	1.12347e-07
16.6146	3.75221e-08	-2.54353e-07	3.01028e-13	-0.000226316	0.00451802	1.13358e-07
16.6146	4.10212e-08	-2.54354e-07	3.45862e-13	1.38483e-05	-0.000227526	1.1511e-07
16.6146	4.45147e-08	-2.54355e-07	3.90624e-13	0.000187931	-0.00368142	1.17175e-07
16.6146	4.69848e-08	-2.54355e-07	4.22273e-13	0.000124501	-0.00387889	1.19465e-07
16.6146	4.83353e-08	-2.54356e-07	4.39577e-13	3.30528e-05	-0.00186505	1.21972e-07
16.6146	4.914e-08	-2.54357e-07	4.49888e-13	1.57404e-05	-0.00188806	1.24633e-07
16.6146	4.93679e-08	-2.54357e-07	4.52808e-13	9.5565e-07	-0.00109853	1.27407e-07
16.6146	4.9247e-08	-2.54358e-07	4.5126e-13	-2.82987e-06	-0.000752892	1.30275e-07
16.6146	4.88755e-08	-2.54359e-07	4.465e-13	-1.84088e-05	-0.00181051	1.33236e-07
16.6146	4.78856e-08	-2.5436e-07	4.33817e-13	-6.44513e-06	-0.000409987	1.36288e-07
16.6146	4.67317e-08	-2.5436e-07	4.19032e-13	-7.64132e-05	-0.00311421	1.39454e-07
16.6146	4.44523e-08	-2.54361e-07	3.89828e-13	-0.000102147	-0.00262535	1.42752e-07
16.6146	4.11708e-08	-2.54362e-07	3.47782e-13	-9.98905e-05	-0.00197978	1.46153e-07
16.6146	3.70791e-08	-2.54363e-07	2.95357e-13	-9.13082e-05	-0.00153992	1.4965e-07
16.6146	3.23061e-08	-2.54364e-07	2.34202e-13	-0.000142368	-0.00208131	1.53275e-07
16.6146	2.66096e-08	-2.54364e-07	1.61213e-13	-6.85026e-05	-0.0009023	1.56992e-07
16.6146	2.04173e-08	-2.54365e-07	8.18724e-14	-8.8336e-05	-0.00109124	1.60795e-07
16.6146	1.36304e-08	-2.54366e-07	-5.08676e-15	3.73619e-05	0.000452529	1.64664e-07
16.6146	6.8705e-09	-2.54367e-07	-9.17001e-14	0.000188555	0.0025112	1.68528e-07
16.6146	1.02429e-09	-2.54368e-07	-1.66606e-13	0.00012086	0.00188827	1.7246e-07
16.6146	-4.13587e-09	-2.54369e-07	-2.32722e-13	5.26861e-05	0.000925412	1.76556e-07
16.6146	-9.00639e-09	-2.5437e-07	-2.95127e-13	0.000136785	0.00288816	1.80756e-07
16.6146	-1.26716e-08	-2.54371e-07	-3.42088e-13	2.64424e-05	0.000688739	1.85077e-07
16.6146	-1.61029e-08	-2.54372e-07	-3.86053e-13	8.15185e-05	0.00273344	1.89526e-07
16.6146	-1.83058e-08	-2.54373e-07	-4.14278e-13	5.19059e-05	0.0051906	1.9407e-07
16.6146	-1.80134e-08	-2.54374e-07	-4.10531e-13	-8.50681e-05	0.00526741	1.98805e-07
16.6146	-1.50639e-08	-2.54376e-07	-3.72738e-13	-0.000346284	0.00727888	2.03849e-07
16.6146	-8.28053e-09	-2.54377e-07	-2.85823e-13	-1.53118e-05	0.000230489	2.08968e-07
16.6146	-1.21083e-09	-2.54378e-07	-1.95239e-13	0.000103121	-0.00163979	2.13963e-07
16.6146	5.13805e-09	-2.54379e-07	-1.13891e-13	0.000104866	-0.00194646	2.18993e-07
16.6146	1.05579e-08	-2.5438e-07	-4.44469e-14	0.000132963	-0.00325705	2.24101e-07
16.6146	1.42577e-08	-2.54382e-07	2.95942e-15	8.42711e-05	-0.00354058	2.29311e-07
16.6146	1.59907e-08	-2.54383e-07	2.51644e-14	2.14569e-05	-0.00357903	2.34673e-07
16.6146	1.56402e-08	-2.54384e-07	2.06744e-14	-6.42892e-06	-0.00111833	2.40177e-07
16.6146	1.46022e-08	-2.54386e-07	7.37582e-15	-2.4556e-05	-0.00186067	2.45795e-07
16.6146	1.23835e-08	-2.54387e-07	-2.1052e-14	-4.22818e-05	-0.00187562	2.51519e-07
16.6146	8.92026e-09	-2.54389e-07	-6.54252e-14	-6.03651e-06	-0.000217298	2.57312e-07
16.6146	5.2366e-09	-2.5439e-07	-1.12623e-13	4.16141e-05	0.00173527	2.63114e-07
16.6146	2.6249e-09	-2.54391e-07	-1.46085e-13	3.18772e-05	0.00229212	2.68947e-07
16.6146	1.51353e-09	-2.54393e-07	-1.60324e-13	6.35022e-06	0.0012698	2.74863e-07
16.6146	1.2598e-09	-2.54395e-07	-1.63574e-13	-7.80164e-07	0.00103273	2.80848e-07
16.6146	1.73345e-09	-2.54396e-07	-1.57505e-13	-5.26151e-06	0.000929437	2.86882e-07
16.6146	2.89084e-09	-2.54398e-07	-1.42674e-13	-1.05403e-05	0.00100425	2.92965e-07
16.6146	4.81581e-09	-2.54399e-07	-1.18009e-13	7.25009e-06	-0.000634904	2.99093e-07
16.6146	6.30113e-09	-2.54401e-07	-9.89769e-14	9.20125e-06	-0.00153533	3.05266e-07
16.6146	6.63332e-09	-2.54403e-07	-9.47196e-14	-1.0205e-06	-0.00120154	3.11505e-07
16.6146	6.02713e-09	-2.54405e-07	-1.02486e-13	-6.85111e-07	-0.000160987	3.17812e-07
16.6146	5.27955e-09	-2.54406e-07	-1.12063e-13	6.10323e-07	0.000141817	3.24196e-07
16.6146	4.63307e-09	-2.54408e-07	-1.20346e-13	-1.05597e-07	-2.63018e-05	3.30664e-07
16.6146	3.95179e-09	-2.5441e-07	-1.29074e-13	1.6262e-06	0.000691397	3.37197e-07
16.6146	3.84564e-09	-2.54412e-07	-1.30433e-13	-3.45996e-07	0.000517075	3.43796e-07
16.6146	4.18613e-09	-2.54414e-07	-1.26069e-13	3.04691e-07	-0.000213273	3.50498e-07
16.6146	4.34457e-09	-2.54416e-07	-1.24038e-13	3.5227e-08	-0.000313195	3.57311e-07
16.6146	4.22363e-09	-2.54418e-07	-1.25586e-13	-4.32785e-08	-5.37668e-05	3.64183e-07
16.6146	4.05097e-09	-2.5442e-07	-1.27798e-13	-3.22676e-07	-0.00021755	3.7103e-07
16.6146	3.67146e-09	-2.54422e-07	-1.32659e-13	1.41161e-07	7.69372e-05	3.77781e-07
16.6146	3.35848e-09	-2.54424e-07	-1.36668e-13	1.82993e-07	0.000514771	3.84407e-07
16.6146	3.53903e-09	-2.54427e-07	-1.34353e-13	-1.23372e-07	0.000103629	3.90901e-07
16.6146	3.82468e-09	-2.54429e-07	-1.30692e-13	2.02467e-07	-0.000345286	3.97291e-07
16.6146	3.76925e-09	-2.54431e-07	-1.31401e-13	-4.18937e-08	-8.54266e-05	4.03665e-07
16.6146	3.62604e-09	-2.54433e-07	-1.33235e-13	4.89469e-08	0.000156427	4.10116e-07
16.6146	3.6422e-09	-2.54436e-07	-1.33027e-13	-1.14877e-08	-8.51982e-05	4.16687e-07
16.6146	3.56915e-09	-2.54438e-07	-1.33961e-13	-2.57548e-08	-5.34842e-05	4.23377e-07
16.6146	3.43787e-09	-2.5444e-07	-1.35642e-13	3.6509e-08	0.000146241	4.30177e-07
16.6146	3.46301e-09	-2.54443e-07	-1.35319e-13	8.42758e-10	-9.02344e-06	4.37074e-07
16.6146	3.47861e-09	-2.54445e-07	-1.35117e-13	-6.28989e-08	0.000145082	4.44092e-07
16.6146	3.65683e-09	-2.54448e-07	-1.32832e-13	5.87187e-08	-0.000202525	4.51318e-07
16.6146	3.6076e-09	-2.5445e-07	-1.33462e-13	-6.35746e-08	-0.000121959	4.58881e-07
16.6146	3.41644e-09	-2.54453e-07	-1.3591e-13	4.16943e-08	6.21579e-05	4.66943e-07
16.6146	3.29504e-09	-2.54456e-07	-1.37464e-13	2.26759e-08	6.36495e-05	4.75708e-07
16.6146	3.24769e-09	-2.54458e-07	-1.38069e-13	-1.85743e-09	8.73601e-05	4.85324e-07
16.6146	3.30645e-09	-2.54461e-07	-1.37315e-13	-9.93241e-09	3.1254e-05	4.95698e-07
16.6146	3.40564e-09	-2.54464e-07	-1.36042e-13	1.46111e-08	-5.85449e-05	5.06519e-07
16.6146	3.43206e-09	-2.54467e-07	-1.35702e-13	-9.52702e-08	-0.000216943	5.17339e-07
16.6146	3.17556e-09	-2.5447e-07	-1.38987e-13	-1.1924e-08	-1.17943e-05	5.27636e-07
16.6146	2.89848e-09	-2.54473e-07	-1.42535e-13	-3.61872e-08	-3.22763e-05	5.37032e-07
16.6146	2.57309e-09	-2.54476e-07	-1.46703e-13	1.43964e-07	0.000226477	5.45446e-07
16.6146	2.55401e-09	-2.54479e-07	-1.46946e-13	-1.32877e-07	0.000244858	5.53161e-07
16.6146	2.87557e-09	-2.54482e-07	-1.42824e-13	7.78426e-08	-8.19431e-05	5.6093e-07
16.6146	3.08605e-09	-2.54485e-07	-1.40125e-13	5.49012e-08	-0.000164721	5.69725e-07
16.6146	3.06349e-09	-2.54489e-07	-1.40413e-13	-4.21096e-08	-0.000115029	5.78336e-07
16.6146	2.87322e-09	-2.54492e-07	-1.42849e-13	3.78614e-08	0.000174841	5.84998e-07
16.6146	2.93805e-09	-2.54495e-07	-1.42016e-13	-4.41499e-09	1.68134e-05	5.9022e-07
16.6146	3.02831e-09	-2.54498e-07	-1.40858e-13	-1.27689e-08	3.2987e-05	5.95111e-07
16.6146	3.16862e-09	-2.54502e-07	-1.39058e-13	2.15299e-08	-0.000108314	5.99583e-07
16.6146	3.14696e-09	-2.54505e-07	-1.39334e-13	-1.95734e-08	-7.52456e-05	6.03157e-07
16.6146	3.01142e-09	-2.54509e-07	-1.41069e-13	-1.46431e-07	-0.00016844	6.06315e-07
16.6146	2.6192e-09	-2.54512e-07	-1.46092e-13	1.20796e-07	0.000122843	6.09164e-07
16.6146	2.4128e-09	-2.54515e-07	-1.48735e-13	4.57051e-08	0.000132235	6.11453e-07
16.6146	2.40819e-09	-2.54519e-07	-1.48792e-13	-1.01663e-08	6.68503e-05	6.13399e-07
16.6146	2.50624e-09	-2.54522e-07	-1.47534e-13	8.69386e-09	-8.82958e-05	6.15045e-07
16.6146	2.4686e-09	-2.54526e-07	-1.48015e-13	-5.10474e-09	7.5836e-05	6.16271e-07
16.6146	2.54783e-09	-2.54529e-07	-1.46998e-13	-5.55649e-09	1.83515e-05	6.17201e-07
16.6146	2.65549e-09	-2.54533e-07	-1.45616e-13	7.61073e-09	-2.70907e-05	6.17807e-07
16.6146	2.72137e-09	-2.54536e-07	-1.4477e-13	4.03417e-09	-2.83364e-05	6.18054e-07
16.6146	2.74348e-09	-2.5454e-07	-1.44485e-13	-3.39143e-09	2.52072e-05	6.17995e-07
16.6146	2.80451e-09	-2.54543e-07	-1.43701e-13	-3.72237e-08	-0.000167773	6.17584e-07
16.6146	2.60658e-09	-2.54547e-07	-1.46235e-13	-8.62137e-09	-1.28044e-05	6.16849e-07
16.6146	2.3892e-09	-2.5455e-07	-1.49019e-13	2.81541e-08	4.81258e-05	6.1578e-07
16.6146	2.24627e-09	-2.54554e-07	-1.50848e-13	-7.11438e-09	0.0002001	6.14338e-07
16.6146	2.41063e-09	-2.54557e-07	-1.4874e-13	1.59169e-09	-3.01296e-06	6.12557e-07
16.6146	2.56987e-09	-2.54561e-07	-1.46698e-13	2.51254e-08	-7.59237e-05	6.10425e-07
16.6146	2.61286e-09	-2.54564e-07	-1.46145e-13	-1.60676e-09	9.7142e-06	6.07954e-07
16.6146	2.6704e-09	-2.54567e-07	-1.45406e-13	2.9456e-09	-5.40964e-05	6.05181e-07
16.6146	2.64601e-09	-2.54571e-07	-1.45717e-13	-4.23789e-10	3.69092e-05	6.02085e-07
16.6146	2.67716e-09	-2.54574e-07	-1.45316e-13	-2.03888e-10	1.88013e-06	5.98695e-07
16.6146	2.71094e-09	-2.54578e-07	-1.44881e-13	-7.71088e-09	3.73399e-05	5.94993e-07
16.6146	2.79985e-09	-2.54581e-07	-1.4374e-13	-7.25255e-09	2.06363e-05	5.91002e-07
16.6146	2.91854e-09	-2.54584e-07	-1.42218e-13	8.51292e-09	-2.49981e-05	5.86746e-07
16.6146	2.9998e-09	-2.54588e-07	-1.41175e-13	7.72542e-09	-5.41109e-05	5.82204e-07
16.6146	3.00197e-09	-2.54591e-07	-1.41145e-13	-1.65402e-08	-8.28517e-05	5.77438e-07
16.6146	2.88503e-09	-2.54594e-07	-1.42642e-13	1.64147e-08	8.85983e-05	5.72427e-07
16.6146	2.89535e-09	-2.54597e-07	-1.42508e-13	-2.3438e-08	8.98512e-05	5.67181e-07
16.6146	3.03238e-09	-2.546e-07	-1.4075e-13	-2.19251e-08	3.78027e-05	5.6173e-07
16.6146	3.22088e-09	-2.54604e-07	-1.38333e-13	4.41818e-08	-0.000157812	5.56059e-07
16.6146	3.18919e-09	-2.54607e-07	-1.38738e-13	-3.77283e-09	-2.21884e-05	5.50157e-07
16.6146	3.1275e-09	-2.5461e-07	-1.39526e-13	-1.76678e-08	-5.0299e-05	5.44094e-07
16.6146	2.99846e-09	-2.54613e-07	-1.41178e-13	2.25485e-08	0.000104449	5.37879e-07
16.6146	3.01056e-09	-2.54616e-07	-1.41021e-13	-1.51968e-08	6.94407e-05	5.31475e-07
16.6146	3.11421e-09	-2.54619e-07	-1.39692e-13	-2.42895e-07	0.000242942	5.24912e-07
16.6146	3.53335e-09	-2.54622e-07	-1.3432e-13	2.43616e-07	-0.000244802	5.18236e-07
16.6146	3.63199e-09	-2.54625e-07	-1.33054e-13	-2.76681e-09	-0.000160169	5.11458e-07
16.6146	3.52589e-09	-2.54627e-07	-1.34412e-13	-2.5518e-10	-6.0875e-07	5.04558e-07
16.6146	3.42047e-09	-2.5463e-07	-1.35761e-13	-3.63274e-09	0.000176528	4.97545e-07
16.6146	3.53456e-09	-2.54633e-07	-1.34298e-13	-3.9741e-08	6.39225e-05	4.90433e-07
16.6146	3.72481e-09	-2.54636e-07	-1.31859e-13	-3.94056e-08	4.41787e-05	4.83273e-07
16.6146	3.96523e-09	-2.54639e-07	-1.28777e-13	8.63873e-09	-8.81162e-06	4.76069e-07
16.6146	4.19161e-09	-2.54641e-07	-1.25875e-13	2.40344e-08	-0.000356361	4.6879e-07
16.6146	4.0001e-09	-2.54644e-07	-1.28327e-13	6.47665e-08	0.000129809	4.61452e-07
16.6146	3.96018e-09	-2.54646e-07	-1.28837e-13	-2.78092e-08	0.000145971	4.54089e-07
16.6146	4.08527e-09	-2.54649e-07	-1.27233e-13	-9.85864e-08	0.000116453	4.46706e-07
16.6146	4.33728e-09	-2.54651e-07	-1.24003e-13	2.72003e-08	-2.53163e-05	4.39321e-07
16.6146	4.55752e-09	-2.54654e-07	-1.2118e-13	1.02164e-07	-0.00019679	4.31961e-07
16.6146	4.56334e-09	-2.54656e-07	-1.21104e-13	-1.51209e-08	7.25259e-05	4.24596e-07
16.6146	4.64537e-09	-2.54659e-07	-1.20051e-13	-1.86102e-08	3.83231e-05	4.17225e-07
16.6146	4.76559e-09	-2.54661e-07	-1.1851e-13	-9.22021e-09	1.49031e-05	4.09864e-07
16.6146	4.89881e-09	-2.54663e-07	-1.16802e-13	1.91249e-08	-0.000228963	4.0253e-07
16.6146	4.80131e-09	-2.54666e-07	-1.1805e-13	1.44916e-08	3.64286e-05	3.95239e-07
16.6146	4.74125e-09	-2.54668e-07	-1.18818e-13	1.78416e-09	0.000116573	3.87997e-07
16.6146	4.79432e-09	-2.5467e-07	-1.18137e-13	4.11575e-09	-1.77614e-05	3.80789e-07
16.6146	4.82965e-09	-2.54672e-07	-1.17683e-13	-5.16559e-07	0.000418636	3.7365e-07
16.6146	5.25167e-09	-2.54674e-07	-1.12275e-13	-1.41125e-07	5.81736e-05	3.66591e-07
16.6146	5.71846e-09	-2.54676e-07	-1.06293e-13	6.23769e-07	-0.000391923	3.59562e-07
16.6146	5.82737e-09	-2.54678e-07	-1.04896e-13	2.09456e-08	-0.000203538	3.52581e-07
16.6146	5.75651e-09	-2.5468e-07	-1.05803e-13	-1.60044e-07	-0.000184536	3.4567e-07
16.6146	5.52916e-09	-2.54682e-07	-1.08715e-13	1.59988e-07	0.000347049	3.38844e-07
16.6146	5.59736e-09	-2.54684e-07	-1.0784e-13	-5.22938e-07	0.000383205	3.32082e-07
16.6146	5.9791e-09	-2.54686e-07	-1.02948e-13	-8.22404e-07	0.00027354	3.25386e-07
16.6146	6.57336e-09	-2.54688e-07	-9.53325e-14	1.26973e-06	-0.000546089	3.18787e-07
16.6146	6.72479e-09	-2.54689e-07	-9.33913e-14	-3.94039e-07	-0.000632973	3.12265e-07
16.6146	6.38411e-09	-2.54691e-07	-9.77554e-14	1.87877e-07	9.55604e-05	3.05815e-07
16.6146	6.12278e-09	-2.54693e-07	-1.01103e-13	-1.7883e-07	0.000782299	2.99462e-07
16.6146	6.4464e-09	-2.54694e-07	-9.69555e-14	1.7028e-07	-8.65225e-05	2.93177e-07
16.6146	6.70044e-09	-2.54696e-07	-9.36996e-14	3.32457e-08	-1.95227e-05	2.86966e-07
16.6146	6.93523e-09	-2.54698e-07	-9.06904e-14	2.4119e-07	-0.000216947	2.80865e-07
16.6146	7.01433e-09	-2.54699e-07	-8.9676e-14	1.90523e-08	-0.000186999	2.74833e-07
16.6146	6.96464e-09	-2.54701e-07	-9.03119e-14	-4.08229e-08	-7.41056e-05	2.68865e-07
16.6146	6.86677e-09	-2.54702e-07	-9.15651e-14	-6.45349e-07	0.000676203	2.62995e-07
16.6146	7.21071e-09	-2.54704e-07	-8.71575e-14	-1.82421e-06	0.000475761	2.57185e-07
16.6146	7.84944e-09	-2.54705e-07	-7.89726e-14	-2.345e-06	0.000390785	2.5144e-07
16.6146	8.71672e-09	-2.54707e-07	-6.78596e-14	4.50104e-06	-0.001012	2.45781e-07
16.6146	8.94968e-09	-2.54708e-07	-6.48739e-14	-1.53151e-06	-0.00125511	2.40195e-07
16.6146	8.43235e-09	-2.54709e-07	-7.15017e-14	5.22177e-07	0.00012943	2.34674e-07
16.6146	8.00202e-09	-2.54711e-07	-7.70147e-14	1.17837e-06	0.00102407	2.29238e-07
16.6146	8.16168e-09	-2.54712e-07	-7.49684e-14	-1.4775e-06	0.000536919	2.23858e-07
16.6146	8.61443e-09	-2.54713e-07	-6.91667e-14	-7.77145e-07	0.000171796	2.18532e-07
16.6146	9.14909e-09	-2.54714e-07	-6.23154e-14	2.23111e-06	-0.000692485	2.13296e-07
16.6146	9.30613e-09	-2.54716e-07	-6.03026e-14	-1.27517e-06	-0.00107205	2.0809e-07
16.6146	8.90857e-09	-2.54717e-07	-6.53959e-14	4.49208e-07	0.00012641	2.02916e-07
16.6146	8.58425e-09	-2.54718e-07	-6.95508e-14	1.04591e-06	0.000617439	1.97852e-07
16.6146	8.56956e-09	-2.54719e-07	-6.97383e-14	-2.29516e-09	-1.26188e-05	1.92835e-07
16.6146	8.54925e-09	-2.5472e-07	-6.9998e-14	-4.97049e-08	-0.000104637	1.87815e-07
16.6146	8.481e-09	-2.54721e-07	-7.08719e-14	-6.26009e-07	0.000668962	1.82868e-07
16.6146	8.7163e-09	-2.54722e-07	-6.78566e-14	-2.24488e-06	0.00056005	1.7799e-07
16.6146	9.19103e-09	-2.54723e-07	-6.17733e-14	-1.59603e-06	0.000263097	1.73109e-07
16.6146	9.7648e-09	-2.54724e-07	-5.44212e-14	-2.70595e-05	0.00220927	1.68276e-07
16.6146	1.12387e-08	-2.54725e-07	-3.55353e-14	-3.13509e-05	0.00146279	1.63549e-07
16.6146	1.32607e-08	-2.54726e-07	-9.62829e-15	2.80661e-05	-0.00128254	1.58832e-07
16.6146	1.47213e-08	-2.54727e-07	9.08684e-15	2.48403e-05	-0.00573679	1.54087e-07
16.6146	1.39617e-08	-2.54728e-07	-6.44573e-16	-8.45276e-05	-0.00414667	1.4945e-07
16.6146	1.16991e-08	-2.54728e-07	-2.96343e-14	-7.07867e-05	-0.00198155	1.44945e-07
16.6146	8.79832e-09	-2.54729e-07	-6.68017e-14	-0.00016626	-0.00338145	1.40504e-07
16.6146	4.81805e-09	-2.5473e-07	-1.178e-13	-0.000104197	-0.00168363	1.36086e-07
16.6146	4.01615e-10	-2.54731e-07	-1.74387e-13	2.59424e-05	0.000398375	1.31681e-07
16.6146	-3.74116e-09	-2.54731e-07	-2.27467e-13	0.000260945	0.0050811	1.27281e-07
16.6146	-6.15395e-09	-2.54732e-07	-2.58381e-13	0.000135445	0.0100369	1.2294e-07
16.6146	-5.4531e-09	-2.54733e-07	-2.49401e-13	-0.000363225	0.0099486	1.18872e-07
16.6146	-1.86625e-09	-2.54734e-07	-2.03443e-13	-0.00105489	0.0116177	1.15265e-07
16.6146	4.91715e-09	-2.54734e-07	-1.16528e-13	-0.000936817	0.00680107	1.11947e-07
16.6146	1.33794e-08	-2.54735e-07	-8.10169e-15	-0.000874102	0.00517968	1.08684e-07
16.6146	2.298e-08	-2.54735e-07	1.1491e-13	0.000527355	-0.00302427	1.05152e-07
16.6146	3.14567e-08	-2.54736e-07	2.2352e-13	0.000757518	-0.00492887	1.01415e-07
16.6146	3.84069e-08	-2.54737e-07	3.12573e-13	0.000859778	-0.00698761	9.7877e-08
16.6146	4.34378e-08	-2.54737e-07	3.77033e-13	0.000917396	-0.0124329	9.45414e-08
16.6146	4.5411e-08	-2.54738e-07	4.02315e-13	0.000134706	-0.0127713	9.15702e-08
16.6146	4.44462e-08	-2.54738e-07	3.89954e-13	-0.000748118	-0.0135247	8.91468e-08
16.6146	4.05264e-08	-2.54739e-07	3.39731e-13	-0.00139025	-0.0116746	8.72388e-08
16.6146	3.41592e-08	-2.54739e-07	2.58149e-13	-4.54301e-05	-0.000303282	8.5562e-08
16.6146	2.78517e-08	-2.5474e-07	1.77333e-13	-0.000114467	-0.000750505	8.41773e-08
16.6146	2.14683e-08	-2.5474e-07	9.55429e-14	0.000340971	0.00229568	8.31969e-08
16.6146	1.56265e-08	-2.5474e-07	2.0693e-14	0.000570899	0.00434326	8.24189e-08
16.6146	1.07241e-08	-2.54741e-07	-4.21205e-14	-0.000642013	-0.00483753	8.21142e-08
16.6146	4.82382e-09	-2.54741e-07	-1.1772e-13	0.000906766	0.00715148	8.2001e-08
16.6146	4.08427e-10	-2.54742e-07	-1.74293e-13	0.000628143	0.00690082	8.18863e-08
16.6146	-2.59743e-09	-2.54742e-07	-2.12807e-13	0.000536471	0.013623	8.21166e-08
16.6146	-2.81428e-09	-2.54743e-07	-2.15585e-13	-1.08001e-05	0.00338413	8.27955e-08
16.6146	-2.32911e-09	-2.54743e-07	-2.09368e-13	-6.41284e-05	0.00324426	8.40129e-08
16.6146	-1.14805e-09	-2.54744e-07	-1.94235e-13	-4.06739e-06	0.000144008	8.57333e-08
16.6146	9.17424e-11	-2.54744e-07	-1.7835e-13	-0.000119198	0.0032451	8.79788e-08
16.6146	2.09149e-09	-2.54745e-07	-1.52727e-13	0.000104352	-0.00274773	9.06918e-08
16.6146	3.52342e-09	-2.54745e-07	-1.3438e-13	-1.37938e-05	0.000428801	9.38956e-08
16.6146	5.11227e-09	-2.54746e-07	-1.14022e-13	0.000102886	-0.00490968	9.76299e-08
16.6146	5.54436e-09	-2.54746e-07	-1.08485e-13	3.5063e-06	-0.000467006	1.01927e-07
16.6146	5.87482e-09	-2.54747e-07	-1.0425e-13	-6.34221e-06	-0.00330394	1.06885e-07
16.6146	5.31734e-09	-2.54748e-07	-1.11393e-13	-5.3684e-06	-0.000472512	1.1258e-07
16.6146	4.59223e-09	-2.54748e-07	-1.20683e-13	-1.25511e-05	-0.000854929	1.19139e-07
16.6146	3.56097e-09	-2.54749e-07	-1.33896e-13	1.50659e-06	9.08027e-05	1.26686e-07
16.6146	2.49149e-09	-2.5475e-07	-1.47599e-13	-1.93994e-05	-0.00102489	1.35421e-07
16.6146	9.8613e-10	-2.5475e-07	-1.66887e-13	9.22164e-07	4.31238e-05	1.45609e-07
16.6146	-6.20925e-10	-2.54751e-07	-1.87477e-13	-8.71468e-06	-0.000391568	1.57561e-07
16.6146	-2.52598e-09	-2.54752e-07	-2.11886e-13	-7.93743e-06	-0.000329889	1.71739e-07
16.6146	-4.75828e-09	-2.54753e-07	-2.40487e-13	6.95238e-06	0.000287686	1.88768e-07
16.6146	-7.07981e-09	-2.54754e-07	-2.70232e-13	3.35644e-05	0.00176322	2.09666e-07
16.6146	-8.69762e-09	-2.54756e-07	-2.9096e-13	1.98265e-05	0.00213457	2.36041e-07
16.6146	-9.19318e-09	-2.54757e-07	-2.97309e-13	1.56107e-06	0.000799477	2.70873e-07
16.6146	-9.18647e-09	-2.54759e-07	-2.97222e-13	-2.22805e-07	-0.000307892	3.20313e-07
16.6146	-9.4476e-09	-2.54761e-07	-3.00567e-13	-2.87444e-06	-0.000814417	3.98836e-07
16.6146	-1.06942e-08	-2.54763e-07	-3.16538e-13	7.42109e-07	0.000142456	5.50135e-07
16.6146	-1.2277e-08	-2.54767e-07	-3.36817e-13	2.26783e-06	0.00115774	9.4554e-07
16.6146	-1.16976e-08	-2.54774e-07	-3.29389e-13	-7.97241e-07	0.000407796	3.49164e-06
16.6146	-3.15413e-09	-2.54806e-07	-2.19905e-13	-0.399999	-0.000594923	0.00303233
16.6116	-3.55297e-09	-2.20686e-07	-2.43672e-13	0.4	3.95947e-08	0.00601573
