46.8502	-1.6366e-13	0.0485858	-1.65463e-16	0.4	-8.46333e-11	60.0224
46.8605	-4.54108e-12	0.0485872	-6.1069e-16	5.40842e-11	7.63318e-10	0.0110343
46.8612	-2.19988e-12	0.0485873	-3.79051e-16	2.89942e-11	8.68023e-10	0.00105955
46.8616	6.58628e-13	0.0485874	-7.92396e-17	2.19285e-11	-1.74651e-10	0.000649126
46.8618	2.57608e-12	0.0485874	1.2731e-16	1.95354e-11	-6.64455e-10	0.000528483
46.8621	3.45698e-12	0.0485874	2.25659e-16	1.86564e-11	-4.79746e-10	0.000486757
46.8623	3.72788e-12	0.0485874	2.58842e-16	1.84128e-11	-9.1086e-11	0.000472443
46.8626	3.88835e-12	0.0485875	2.80348e-16	1.84796e-11	5.83982e-11	0.000470188
46.8628	4.11818e-12	0.0485875	3.09856e-16	1.87029e-11	1.13776e-10	0.000473887
46.863	4.48639e-12	0.0485875	3.55689e-16	1.90197e-11	-5.39058e-12	0.000480774
46.8633	4.85431e-12	0.0485875	4.02132e-16	1.93843e-11	-9.23554e-11	0.000489462
46.8635	5.1152e-12	0.0485876	4.37105e-16	1.97857e-11	-9.72582e-11	0.00049923
46.8638	5.25886e-12	0.0485876	4.59329e-16	2.02058e-11	-4.67371e-11	0.000509705
46.864	5.3454e-12	0.0485876	4.75374e-16	2.06462e-11	-4.73844e-11	0.000520678
46.8643	5.37147e-12	0.0485876	4.84405e-16	2.10986e-11	-2.76164e-11	0.000532064
46.8646	5.36099e-12	0.0485877	4.89524e-16	2.15674e-11	-1.89622e-11	0.000543811
46.8648	5.32421e-12	0.0485877	4.91542e-16	2.20471e-11	-4.56667e-11	0.000555908
46.8651	5.22244e-12	0.0485877	4.85804e-16	2.25432e-11	-1.04428e-11	0.000568352
46.8654	5.10338e-12	0.0485877	4.77754e-16	2.30525e-11	-7.8796e-11	0.000581174
46.8657	4.86587e-12	0.0485878	4.54882e-16	2.3578e-11	-6.67103e-11	0.000594373
46.866	4.52269e-12	0.0485878	4.18427e-16	2.41165e-11	-5.05736e-11	0.000607943
46.8663	4.09394e-12	0.0485878	3.70387e-16	2.46723e-11	-3.95915e-11	0.0006219
46.8666	3.59304e-12	0.0485879	3.12069e-16	2.52428e-11	-5.358e-11	0.000636266
46.8669	2.99435e-12	0.0485879	2.40221e-16	2.58295e-11	-2.36333e-11	0.000651027
46.8673	2.34283e-12	0.0485879	1.59605e-16	2.64316e-11	-2.85882e-11	0.000666191
46.8676	1.62795e-12	0.0485879	6.89756e-17	2.70509e-11	1.0958e-11	0.000681772
46.868	9.15199e-13	0.048588	-2.32572e-17	2.76867e-11	6.37733e-11	0.000697781
46.8683	2.98231e-13	0.048588	-1.04784e-16	2.83399e-11	4.78375e-11	0.000714224
46.8687	-2.46891e-13	0.048588	-1.78365e-16	2.90091e-11	2.32047e-11	0.000731095
46.869	-7.61988e-13	0.048588	-2.49394e-16	2.96964e-11	7.35174e-11	0.000748401
46.8694	-1.15014e-12	0.0485881	-3.04519e-16	3.03993e-11	1.7279e-11	0.000766138
46.8698	-1.51399e-12	0.0485881	-3.57489e-16	3.1119e-11	6.97209e-11	0.000784288
46.8702	-1.74817e-12	0.0485881	-3.9324e-16	3.1855e-11	1.32827e-10	0.000802862
46.8706	-1.71817e-12	0.0485882	-3.91654e-16	3.26067e-11	1.3525e-10	0.000821844
46.871	-1.40633e-12	0.0485882	-3.4874e-16	3.33736e-11	1.87969e-10	0.000841222
46.8715	-6.87242e-13	0.0485882	-2.4465e-16	3.41566e-11	6.63893e-12	0.000860999
46.8719	6.31861e-14	0.0485882	-1.33144e-16	3.49538e-11	-4.17934e-11	0.000881164
46.8723	7.38015e-13	0.0485883	-3.04864e-17	3.57664e-11	-4.98065e-11	0.000901708
46.8728	1.31498e-12	0.0485883	5.9868e-17	3.65929e-11	-8.3825e-11	0.000922626
46.8733	1.70973e-12	0.0485883	1.24141e-16	3.74326e-11	-9.13181e-11	0.000943891
46.8737	1.89561e-12	0.0485884	1.5724e-16	3.82846e-11	-9.25801e-11	0.000965482
46.8742	1.85975e-12	0.0485884	1.55569e-16	3.91485e-11	-2.90581e-11	0.000987384
46.8747	1.75055e-12	0.0485884	1.42261e-16	4.00248e-11	-4.84821e-11	0.0010096
46.8752	1.51518e-12	0.0485884	1.07743e-16	4.09115e-11	-4.9092e-11	0.0010321
46.8758	1.14654e-12	0.0485885	5.01172e-17	4.18072e-11	-6.02025e-12	0.00105485
46.8763	7.5376e-13	0.0485885	-1.30681e-17	4.27101e-11	4.50038e-11	0.00107782
46.8768	4.75053e-13	0.0485885	-5.86182e-17	4.36197e-11	5.97332e-11	0.00110096
46.8774	3.56547e-13	0.0485885	-7.76767e-17	4.45363e-11	3.31782e-11	0.00112427
46.878	3.29772e-13	0.0485885	-8.1054e-17	4.54568e-11	2.70957e-11	0.00114773
46.8785	3.80985e-13	0.0485886	-7.07848e-17	4.63805e-11	2.45066e-11	0.00117127
46.8791	5.05722e-13	0.0485886	-4.70889e-17	4.73085e-11	2.65878e-11	0.00119492
46.8797	7.13172e-13	0.0485886	-7.29126e-18	4.82439e-11	-1.65746e-11	0.00121871
46.8803	8.73734e-13	0.0485886	2.45805e-17	4.91855e-11	-4.04797e-11	0.00124268
46.881	9.10459e-13	0.0485886	3.42337e-17	5.01338e-11	-3.18237e-11	0.00126682
46.8816	8.46142e-13	0.0485886	2.48108e-17	5.1089e-11	-4.33937e-12	0.00129113
46.8823	7.66459e-13	0.0485886	1.2116e-17	5.20554e-11	3.6996e-12	0.00131567
46.8829	6.97549e-13	0.0485887	1.19664e-18	5.30308e-11	-7.67461e-13	0.00134047
46.8836	6.24751e-13	0.0485887	-1.09044e-17	5.40116e-11	1.84197e-11	0.00136546
46.8843	6.14059e-13	0.0485887	-1.08243e-17	5.50007e-11	1.38444e-11	0.00139063
46.885	6.51741e-13	0.0485887	-1.02062e-18	5.60063e-11	-5.69186e-12	0.00141611
46.8857	6.69778e-13	0.0485887	5.28549e-18	5.70239e-11	-8.41564e-12	0.00144196
46.8864	6.57533e-13	0.0485887	5.26267e-18	5.80404e-11	-1.46267e-12	0.00146794
46.8872	6.39654e-13	0.0485887	3.97524e-18	5.90422e-11	-5.90032e-12	0.00149373
46.8879	5.99243e-13	0.0485887	-2.45742e-18	6.00204e-11	2.04509e-12	0.00151903
46.8887	5.65992e-13	0.0485886	-7.23258e-18	6.09744e-11	1.39612e-11	0.00154372
46.8895	5.86517e-13	0.0485886	-2.93622e-19	6.19039e-11	2.84323e-12	0.00156779
46.8903	6.18584e-13	0.0485886	9.45531e-18	6.28176e-11	-9.40548e-12	0.00159134
46.8911	6.13433e-13	0.0485886	1.07967e-17	6.37344e-11	-2.34252e-12	0.00161474
46.8919	5.98681e-13	0.0485886	9.96111e-18	6.46643e-11	4.27967e-12	0.00163834
46.8927	6.01369e-13	0.0485885	1.32544e-17	6.56097e-11	-2.34302e-12	0.0016623
46.8935	5.94289e-13	0.0485885	1.42302e-17	6.65687e-11	-1.48266e-12	0.00168665
46.8944	5.80808e-13	0.0485885	1.35254e-17	6.75395e-11	4.03333e-12	0.00171131
46.8952	5.84511e-13	0.0485884	1.71304e-17	6.85197e-11	-2.4709e-13	0.00173625
46.8961	5.87188e-13	0.0485884	2.04643e-17	6.95188e-11	4.04294e-12	0.00176156
46.897	6.07837e-13	0.0485883	2.85197e-17	7.05537e-11	-5.63659e-12	0.00178756
46.8979	6.03419e-13	0.0485883	3.02117e-17	7.16467e-11	-3.4214e-12	0.00181476
46.8988	5.83289e-13	0.0485882	2.77909e-17	7.28258e-11	1.72774e-12	0.00184381
46.8998	5.70858e-13	0.0485882	2.73436e-17	7.41238e-11	1.778e-12	0.00187549
46.9007	5.66614e-13	0.0485881	2.90837e-17	7.55507e-11	2.46772e-12	0.00191033
46.9017	5.74187e-13	0.048588	3.41227e-17	7.70679e-11	8.92126e-13	0.00194798
46.9026	5.863e-13	0.0485879	4.04272e-17	7.86162e-11	-1.65455e-12	0.00198719
46.9037	5.90355e-13	0.0485879	4.47041e-17	8.01157e-11	-6.18943e-12	0.00202617
46.9047	5.62838e-13	0.0485878	3.98929e-17	8.14878e-11	-3.64332e-13	0.0020629
46.9057	5.32955e-13	0.0485877	3.43557e-17	8.26963e-11	-9.61103e-13	0.00209591
46.9068	4.97554e-13	0.0485876	2.70297e-17	8.37543e-11	6.50183e-12	0.00212491
46.9078	4.96459e-13	0.0485874	2.94632e-17	8.47365e-11	7.08131e-12	0.00215101
46.9089	5.33654e-13	0.0485873	4.37279e-17	8.57982e-11	-2.34077e-12	0.00217716
46.91	5.58495e-13	0.0485872	5.46376e-17	8.70777e-11	-4.7801e-12	0.00220711
46.9111	5.57136e-13	0.048587	5.76587e-17	8.80688e-11	-3.36975e-12	0.00223617
46.9123	5.36817e-13	0.0485869	5.45346e-17	8.87463e-11	5.11697e-12	0.00225752
46.9134	5.45331e-13	0.0485867	6.05662e-17	8.92925e-11	5.04188e-13	0.00227318
46.9145	5.56772e-13	0.0485866	6.75528e-17	8.98622e-11	9.85929e-13	0.00228746
46.9157	5.73942e-13	0.0485864	7.69037e-17	9.02745e-11	-3.20194e-12	0.00230002
46.9168	5.72737e-13	0.0485862	7.9777e-17	9.05681e-11	-2.24638e-12	0.00230906
46.918	5.5854e-13	0.048586	7.84081e-17	9.08506e-11	-5.05753e-12	0.00231643
46.9191	5.14964e-13	0.0485858	6.67257e-17	9.10457e-11	3.64627e-12	0.00232254
46.9203	4.92489e-13	0.0485856	6.21525e-17	9.1158e-11	3.96932e-12	0.00232648
46.9215	4.93087e-13	0.0485854	6.5493e-17	9.12478e-11	2.02682e-12	0.00232907
46.9226	5.05492e-13	0.0485852	7.32858e-17	9.12671e-11	-2.67656e-12	0.00233046
46.9238	5.02304e-13	0.048585	7.51341e-17	9.12313e-11	2.31267e-12	0.00233025
46.925	5.12588e-13	0.0485848	8.22638e-17	9.11613e-11	5.762e-13	0.0023289
46.9261	5.26217e-13	0.0485845	9.07899e-17	9.10291e-11	-8.26453e-13	0.00232631
46.9273	5.35024e-13	0.0485843	9.74444e-17	9.08534e-11	-8.64311e-13	0.00232237
46.9285	5.388e-13	0.048584	1.02124e-16	9.06309e-11	7.84419e-13	0.00231727
46.9296	5.47106e-13	0.0485838	1.08705e-16	9.03538e-11	-5.21969e-12	0.00231088
46.9308	5.25277e-13	0.0485835	1.03363e-16	9.0037e-11	-4.23524e-13	0.00230328
46.9319	5.0109e-13	0.0485832	9.70848e-17	8.96647e-11	1.48664e-12	0.00229446
46.9331	4.85514e-13	0.0485829	9.38567e-17	8.92426e-11	6.29454e-12	0.00228429
46.9342	5.05873e-13	0.0485827	1.05232e-16	8.87746e-11	-7.61877e-14	0.0022729
46.9353	5.25692e-13	0.0485824	1.16741e-16	8.82549e-11	-2.39492e-12	0.00226026
46.9365	5.31903e-13	0.0485821	1.22452e-16	8.76933e-11	3.1665e-13	0.00224643
46.9376	5.39846e-13	0.0485818	1.2912e-16	8.70913e-11	-1.7232e-12	0.00223154
46.9387	5.38155e-13	0.0485815	1.31731e-16	8.64424e-11	1.18139e-12	0.00221553
46.9398	5.42995e-13	0.0485811	1.37011e-16	8.57618e-11	6.66372e-14	0.00219852
46.9409	5.48162e-13	0.0485808	1.42527e-16	8.50297e-11	1.2144e-12	0.00218044
46.942	5.59876e-13	0.0485805	1.50889e-16	8.4274e-11	6.8354e-13	0.00216141
46.943	5.75162e-13	0.0485802	1.60959e-16	8.34727e-11	-8.00894e-13	0.00214149
46.9441	5.86036e-13	0.0485798	1.69113e-16	8.26434e-11	-1.76519e-12	0.00212063
46.9452	5.8749e-13	0.0485795	1.73102e-16	8.17871e-11	-2.72316e-12	0.00209906
46.9462	5.74713e-13	0.0485792	1.70491e-16	8.08967e-11	2.91226e-12	0.00207672
46.9472	5.77113e-13	0.0485788	1.74683e-16	7.99823e-11	2.97835e-12	0.00205363
46.9483	5.94689e-13	0.0485785	1.86111e-16	7.90429e-11	1.27641e-12	0.00202992
46.9493	6.18498e-13	0.0485782	2.00668e-16	7.80761e-11	-5.24458e-12	0.00200554
46.9503	6.15882e-13	0.0485778	2.02537e-16	7.70806e-11	-7.4718e-13	0.00198044
46.9513	6.09623e-13	0.0485775	2.02877e-16	7.60781e-11	-1.69729e-12	0.00195489
46.9522	5.95205e-13	0.0485771	1.99029e-16	7.50503e-11	3.50791e-12	0.00192892
46.9532	5.97784e-13	0.0485768	2.03179e-16	7.40047e-11	2.35189e-12	0.00190241
46.9541	6.11433e-13	0.0485764	2.12971e-16	7.29424e-11	8.26826e-12	0.00187545
46.9551	6.63372e-13	0.0485761	2.41831e-16	7.18753e-11	-8.28911e-12	0.00184823
46.956	6.76533e-13	0.0485757	2.51579e-16	7.07948e-11	-5.46529e-12	0.00182077
46.9569	6.64806e-13	0.0485754	2.48885e-16	6.97045e-11	-3.51322e-14	0.00179302
46.9578	6.53104e-13	0.048575	2.45948e-16	6.86021e-11	6.06431e-12	0.00176498
46.9586	6.68133e-13	0.0485747	2.56763e-16	6.74943e-11	2.22374e-12	0.00173673
46.9595	6.92494e-13	0.0485743	2.72151e-16	6.63902e-11	1.55511e-12	0.00170845
46.9604	7.23044e-13	0.048574	2.91271e-16	6.52803e-11	-2.73413e-13	0.00168016
46.9612	7.51943e-13	0.0485736	3.09534e-16	6.41648e-11	-1.23899e-11	0.00165171
46.962	7.29628e-13	0.0485733	3.00791e-16	6.30491e-11	4.51203e-12	0.00162319
46.9628	7.25851e-13	0.0485729	3.01798e-16	6.19369e-11	5.11362e-12	0.00159472
46.9636	7.42345e-13	0.0485726	3.13418e-16	6.08252e-11	4.1136e-12	0.0015663
46.9644	7.74505e-13	0.0485723	3.33853e-16	5.9722e-11	-8.60272e-13	0.001538
46.9651	8.02803e-13	0.0485719	3.52095e-16	5.86264e-11	-6.92824e-12	0.0015099
46.9659	8.04671e-13	0.0485716	3.56174e-16	5.75314e-11	2.57271e-12	0.00148191
46.9666	8.15946e-13	0.0485713	3.65189e-16	5.64435e-11	1.37529e-12	0.00145402
46.9673	8.31958e-13	0.0485709	3.77034e-16	5.53599e-11	5.4721e-13	0.00142628
46.968	8.49595e-13	0.0485706	3.89752e-16	5.42881e-11	-8.16585e-12	0.00139875
46.9687	8.38615e-13	0.0485703	3.86733e-16	5.32249e-11	1.29322e-12	0.00137147
46.9694	8.3224e-13	0.04857	3.85786e-16	5.21747e-11	4.18056e-12	0.00134448
46.9701	8.39903e-13	0.0485696	3.92809e-16	5.11289e-11	-6.32489e-13	0.00131771
46.9707	8.45349e-13	0.0485693	3.98636e-16	5.01055e-11	1.51225e-11	0.00129128
46.9714	8.9901e-13	0.048569	4.31931e-16	4.90883e-11	2.16273e-12	0.00126522
46.972	9.58352e-13	0.0485687	4.68389e-16	4.80809e-11	-1.41531e-11	0.00123936
46.9726	9.73076e-13	0.0485684	4.79682e-16	4.70842e-11	-7.38623e-12	0.00121377
46.9732	9.65318e-13	0.0485681	4.78081e-16	4.61026e-11	-6.73428e-12	0.00118851
46.9738	9.37923e-13	0.0485678	4.65069e-16	4.51353e-11	1.26462e-11	0.00116362
46.9744	9.47502e-13	0.0485675	4.73188e-16	4.41777e-11	1.40355e-11	0.00113904
46.9749	9.96415e-13	0.0485673	5.04278e-16	4.32343e-11	1.00865e-11	0.00111477
46.9755	1.07209e-12	0.048567	5.51357e-16	4.23092e-11	-1.99885e-11	0.00109092
46.976	1.09222e-12	0.0485667	5.65982e-16	4.13922e-11	-2.32913e-11	0.0010674
46.9766	1.05044e-12	0.0485664	5.44014e-16	4.04927e-11	3.47915e-12	0.00104421
46.9771	1.01855e-12	0.0485661	5.27615e-16	3.96073e-11	2.88908e-11	0.00102143
46.9776	1.06032e-12	0.0485659	5.55005e-16	3.87304e-11	-3.1583e-12	0.000998931
46.9781	1.09337e-12	0.0485656	5.77202e-16	3.78706e-11	-6.91517e-13	0.000976763
46.9786	1.12401e-12	0.0485654	5.98089e-16	3.7028e-11	-8.03199e-12	0.000955034
46.979	1.135e-12	0.0485651	6.07316e-16	3.61908e-11	-6.95427e-12	0.000933596
46.9795	1.12971e-12	0.0485649	6.06625e-16	3.53709e-11	-2.77112e-12	0.000912448
46.9799	1.11828e-12	0.0485646	6.02179e-16	3.45635e-11	2.52658e-11	0.00089168
46.9804	1.16279e-12	0.0485644	6.31547e-16	3.37638e-11	1.78564e-11	0.00087117
46.9808	1.2447e-12	0.0485641	6.83565e-16	3.29776e-11	1.47474e-11	0.000850932
46.9812	1.3557e-12	0.0485639	7.53789e-16	3.22061e-11	-3.78873e-11	0.000831056
46.9816	1.38632e-12	0.0485637	7.74921e-16	3.14429e-11	-4.71865e-11	0.000811473
46.982	1.32164e-12	0.0485635	7.37962e-16	3.06915e-11	4.80275e-12	0.000792148
46.9824	1.2679e-12	0.0485632	7.07254e-16	2.9955e-11	3.85848e-11	0.000773165
46.9828	1.28913e-12	0.048563	7.22636e-16	2.92217e-11	2.0308e-11	0.000754413
46.9832	1.34766e-12	0.0485628	7.6119e-16	2.85028e-11	6.56743e-12	0.000735885
46.9836	1.41668e-12	0.0485626	8.0605e-16	2.77965e-11	-2.61633e-11	0.000717703
46.9839	1.43764e-12	0.0485624	8.21433e-16	2.7089e-11	-4.0656e-11	0.000699667
46.9843	1.38786e-12	0.0485622	7.92943e-16	2.63937e-11	4.74841e-12	0.000681772
46.9846	1.34736e-12	0.048562	7.69756e-16	2.5718e-11	2.34392e-11	0.000664284
46.9849	1.34631e-12	0.0485618	7.71045e-16	2.50385e-11	-4.76711e-13	0.000646998
46.9852	1.34452e-12	0.0485616	7.71926e-16	2.43638e-11	-3.99646e-12	0.000629725
46.9856	1.33658e-12	0.0485614	7.68836e-16	2.37068e-11	2.55339e-11	0.00061274
46.9859	1.36744e-12	0.0485613	7.90236e-16	2.30521e-11	2.14442e-11	0.00059601
46.9861	1.42894e-12	0.0485611	8.30784e-16	2.23968e-11	1.01359e-11	0.000579302
46.9864	1.50317e-12	0.0485609	8.79666e-16	2.17543e-11	8.4744e-11	0.000562751
46.9867	1.69275e-12	0.0485608	1.00125e-15	2.11258e-11	5.63461e-11	0.000546541
46.987	1.95271e-12	0.0485606	1.1681e-15	2.0494e-11	-4.89808e-11	0.000530469
46.9872	2.14092e-12	0.0485604	1.28997e-15	1.98656e-11	-2.20275e-10	0.0005144
46.9875	2.0445e-12	0.0485603	1.23102e-15	1.92534e-11	-1.59726e-10	0.000498581
46.9877	1.75508e-12	0.0485601	1.04906e-15	1.86529e-11	-7.67626e-11	0.000483117
46.988	1.38345e-12	0.04856	8.13939e-16	1.80525e-11	-1.31202e-10	0.000467804
46.9882	8.72848e-13	0.0485599	4.89423e-16	1.74577e-11	-6.58881e-11	0.000452564
46.9884	3.05786e-13	0.0485597	1.27962e-16	1.68805e-11	1.4848e-11	0.00043762
46.9886	-2.2655e-13	0.0485596	-2.1249e-16	1.63195e-11	1.96502e-10	0.00042311
46.9889	-5.36846e-13	0.0485595	-4.11482e-16	1.57664e-11	3.87968e-10	0.000408906
46.9891	-4.46855e-13	0.0485594	-3.54006e-16	1.52278e-11	3.85945e-10	0.000394988
46.9892	1.45424e-14	0.0485592	-5.76664e-17	1.47081e-11	4.56167e-10	0.000381495
46.9894	8.87697e-13	0.0485591	5.04385e-16	1.42093e-11	2.72091e-10	0.000368511
46.9896	1.97757e-12	0.048559	1.2075e-15	1.37268e-11	2.10726e-10	0.000356
46.9898	3.21473e-12	0.0485589	2.0069e-15	1.32663e-11	-1.21331e-10	0.00034398
46.99	4.30782e-12	0.0485588	2.71534e-15	1.2843e-11	-1.97042e-10	0.000332714
46.9901	5.20478e-12	0.0485587	3.29802e-15	1.24502e-11	-2.76687e-10	0.00032231
46.9903	5.85481e-12	0.0485586	3.7222e-15	1.20821e-11	-4.86808e-10	0.00031261
46.9904	6.11087e-12	0.0485585	3.89204e-15	1.17353e-11	-4.96851e-10	0.000303498
46.9906	5.98809e-12	0.0485584	3.81627e-15	1.14099e-11	-5.29261e-10	0.00029493
46.9907	5.48397e-12	0.0485583	3.49285e-15	1.11117e-11	-4.65139e-10	0.000286982
46.9909	4.66373e-12	0.0485582	2.96337e-15	1.08899e-11	-1.31297e-11	0.000280353
46.991	3.85075e-12	0.0485581	2.43754e-15	1.0741e-11	-3.11773e-11	0.000275629
46.9911	3.02756e-12	0.0485581	1.90423e-15	1.0644e-11	9.15743e-11	0.000272494
46.9913	2.27391e-12	0.048558	1.41537e-15	1.05833e-11	1.73035e-10	0.000270484
46.9914	1.64123e-12	0.0485579	1.00401e-15	1.0556e-11	-1.9459e-10	0.000269362
46.9916	8.79312e-13	0.0485578	5.08166e-16	1.05626e-11	2.85328e-10	0.000269099
46.9917	3.08929e-13	0.0485577	1.36217e-16	1.06017e-11	2.72469e-10	0.000269682
46.9918	-7.95251e-14	0.0485576	-1.17175e-16	1.06781e-11	5.33889e-10	0.000271154
46.992	-1.07564e-13	0.0485575	-1.35579e-16	1.07994e-11	1.32406e-10	0.000273674
46.9921	-4.48202e-14	0.0485575	-9.45424e-17	1.0983e-11	1.27159e-10	0.000277561
46.9922	1.07971e-13	0.0485574	5.71938e-18	1.12355e-11	5.81618e-12	0.000283119
46.9924	2.68438e-13	0.0485573	1.11266e-16	1.15508e-11	1.27652e-10	0.000290356
46.9925	5.27355e-13	0.0485572	2.81269e-16	1.19296e-11	-1.07708e-10	0.000299204
46.9927	7.12899e-13	0.0485571	4.03676e-16	1.23778e-11	1.70734e-11	0.000309744
46.9928	9.18878e-13	0.048557	5.39892e-16	1.28933e-11	-1.92688e-10	0.000322028
46.993	9.75147e-13	0.0485569	5.77541e-16	1.34874e-11	-1.82979e-11	0.000336172
46.9932	1.01829e-12	0.0485568	6.06963e-16	1.41655e-11	-1.29851e-10	0.00035239
46.9934	9.46391e-13	0.0485567	5.60112e-16	1.49485e-11	-1.86923e-11	0.000371017
46.9935	8.52717e-13	0.0485565	4.99221e-16	1.58474e-11	-3.37885e-11	0.000392458
46.9937	7.19289e-13	0.0485564	4.11658e-16	1.68832e-11	3.43272e-12	0.000417124
46.994	5.80828e-13	0.0485563	3.20992e-16	1.80855e-11	-4.0627e-11	0.000445661
46.9942	3.85681e-13	0.0485561	1.92229e-16	1.94927e-11	1.47855e-12	0.000478933
46.9944	1.7718e-13	0.048556	5.41828e-17	2.11463e-11	-1.57386e-11	0.000517962
46.9947	-7.02278e-14	0.0485558	-1.10209e-16	2.31201e-11	-1.3362e-11	0.000564222
46.995	-3.60432e-13	0.0485556	-3.03346e-16	2.55023e-11	1.10597e-11	0.000619779
46.9953	-6.6258e-13	0.0485554	-5.05563e-16	2.84673e-11	6.96288e-11	0.000687986
46.9957	-8.7354e-13	0.0485551	-6.4754e-16	3.22467e-11	8.45748e-11	0.000774028
46.9961	-9.38677e-13	0.0485549	-6.92439e-16	3.73605e-11	3.17427e-11	0.000887507
46.9966	-9.38545e-13	0.0485545	-6.93916e-16	4.48532e-11	-1.228e-11	0.00104842
46.9972	-9.73509e-13	0.0485542	-7.19504e-16	5.73559e-11	-3.26212e-11	0.00130375
46.9979	-1.13758e-12	0.0485537	-8.33182e-16	8.33071e-11	5.48819e-12	0.00179522
46.9989	-1.34687e-12	0.0485529	-9.80661e-16	1.57394e-10	4.64623e-11	0.00307663
47.001	-1.27535e-12	0.0485515	-9.40979e-16	7.10853e-10	1.72062e-11	0.0112388
47.0102	-1.53923e-13	0.0485448	-1.65178e-16	-0.000557718	-2.43104e-11	59.8613
-13.1378	3.92765e-14	-0.0487589	-2.68614e-16	-0.40056	-1.32001e-15	119.864
