16.6075	-2.22509e-08	-1.71098e-07	-1.02475e-12	-0.000117636	-0.00685877	0.00216148
16.6075	-8.28706e-08	-1.71112e-07	-1.58615e-12	-0.00694816	0.0595501	1.89088e-06
16.6075	-5.04165e-08	-1.71113e-07	-1.28556e-12	-0.0229986	0.0527689	1.98176e-07
16.6075	-1.08737e-08	-1.71114e-07	-9.19319e-13	0.00532966	-0.00911679	1.29999e-07
16.6075	1.56248e-08	-1.71114e-07	-6.7389e-13	0.017177	-0.0418829	9.96554e-08
16.6075	2.77824e-08	-1.71114e-07	-5.61287e-13	0.00673942	-0.0363873	8.58572e-08
16.6075	3.15064e-08	-1.71115e-07	-5.26794e-13	0.000524959	-0.00724532	8.17916e-08
16.6075	3.37035e-08	-1.71115e-07	-5.06443e-13	-0.000304569	0.0046252	8.13845e-08
16.6075	3.68562e-08	-1.71115e-07	-4.77242e-13	-0.000894024	0.00893003	8.23032e-08
16.6075	4.19157e-08	-1.71116e-07	-4.3038e-13	5.43438e-05	-0.000446571	8.37065e-08
16.6075	4.69671e-08	-1.71116e-07	-3.83593e-13	0.000742292	-0.00727441	8.50773e-08
16.6075	5.05388e-08	-1.71116e-07	-3.50511e-13	0.000495231	-0.00771897	8.654e-08
16.6075	5.24915e-08	-1.71117e-07	-3.32424e-13	0.00013193	-0.00372349	8.82535e-08
16.6075	5.36551e-08	-1.71117e-07	-3.21645e-13	6.29001e-05	-0.00377369	9.01457e-08
16.6075	5.39846e-08	-1.71117e-07	-3.18593e-13	3.82159e-06	-0.00219634	9.21412e-08
16.6075	5.38099e-08	-1.71118e-07	-3.2021e-13	-1.13105e-05	-0.00150522	9.42169e-08
16.6075	5.32727e-08	-1.71118e-07	-3.25184e-13	-7.35469e-05	-0.00361813	9.63734e-08
16.6075	5.18414e-08	-1.71119e-07	-3.38439e-13	-2.57367e-05	-0.00081885	9.85981e-08
16.6075	5.01729e-08	-1.71119e-07	-3.5389e-13	-0.000304542	-0.00620893	1.00953e-07
16.6075	4.68772e-08	-1.71119e-07	-3.84413e-13	-0.000405502	-0.0052134	1.03479e-07
16.6075	4.21323e-08	-1.7112e-07	-4.28359e-13	-0.000394759	-0.00391349	1.06103e-07
16.6075	3.62161e-08	-1.7112e-07	-4.83153e-13	-0.000359272	-0.00303067	1.08796e-07
16.6075	2.93147e-08	-1.71121e-07	-5.47071e-13	-0.000557413	-0.00407606	1.11624e-07
16.6075	2.10779e-08	-1.71121e-07	-6.23358e-13	-0.00026693	-0.00175853	1.14507e-07
16.6075	1.21243e-08	-1.71122e-07	-7.06284e-13	-0.000342955	-0.00211902	1.17417e-07
16.6075	2.31087e-09	-1.71122e-07	-7.97173e-13	0.000144897	0.000877775	1.20286e-07
16.6075	-7.46349e-09	-1.71123e-07	-8.87701e-13	0.000735013	0.00489662	1.22903e-07
16.6075	-1.59167e-08	-1.71123e-07	-9.65992e-13	0.000474377	0.00370714	1.25485e-07
16.6075	-2.33779e-08	-1.71124e-07	-1.03509e-12	0.000207565	0.0018235	1.28301e-07
16.6075	-3.04203e-08	-1.71124e-07	-1.10032e-12	0.000541234	0.00571665	1.31167e-07
16.6075	-3.57199e-08	-1.71125e-07	-1.1494e-12	0.000104993	0.00136781	1.34141e-07
16.6075	-4.06814e-08	-1.71125e-07	-1.19535e-12	0.000324522	0.00544339	1.37256e-07
16.6075	-4.38666e-08	-1.71126e-07	-1.22485e-12	0.000207228	0.0103705	1.40406e-07
16.6075	-4.34437e-08	-1.71126e-07	-1.22093e-12	-0.000339399	0.0105164	1.43868e-07
16.6075	-3.91788e-08	-1.71127e-07	-1.18143e-12	-0.00136843	0.0144006	1.47996e-07
16.6075	-2.93705e-08	-1.71128e-07	-1.09058e-12	-5.99189e-05	0.000451116	1.52116e-07
16.6075	-1.91481e-08	-1.71128e-07	-9.95902e-13	0.00040496	-0.0032209	1.5565e-07
16.6075	-9.96797e-09	-1.71129e-07	-9.10874e-13	0.000413792	-0.0038417	1.59063e-07
16.6075	-2.13117e-09	-1.7113e-07	-8.38288e-13	0.000527413	-0.00646295	1.62486e-07
16.6075	3.21863e-09	-1.7113e-07	-7.88736e-13	0.000335908	-0.00706017	1.65995e-07
16.6075	5.72444e-09	-1.71131e-07	-7.65525e-13	8.5735e-05	-0.00715383	1.69744e-07
16.6075	5.21773e-09	-1.71132e-07	-7.70216e-13	-2.56935e-05	-0.00223561	1.73705e-07
16.6075	3.71695e-09	-1.71132e-07	-7.84113e-13	-9.80767e-05	-0.00371723	1.77809e-07
16.6075	5.08836e-10	-1.71133e-07	-8.13824e-13	-0.000168619	-0.00374141	1.8204e-07
16.6075	-4.49872e-09	-1.71134e-07	-8.602e-13	-2.40366e-05	-0.000432767	1.86301e-07
16.6075	-9.82499e-09	-1.71135e-07	-9.09529e-13	0.000165901	0.00346031	1.90451e-07
16.6075	-1.36013e-08	-1.71135e-07	-9.44502e-13	0.000127296	0.0045786	1.94566e-07
16.6075	-1.52082e-08	-1.71136e-07	-9.59382e-13	2.53795e-05	0.00253849	1.98789e-07
16.6075	-1.5575e-08	-1.71137e-07	-9.62776e-13	-3.12008e-06	0.0020648	2.0311e-07
16.6075	-1.489e-08	-1.71138e-07	-9.56429e-13	-2.1031e-05	0.00185803	2.07482e-07
16.6075	-1.32165e-08	-1.71139e-07	-9.40926e-13	-4.21132e-05	0.00200681	2.11908e-07
16.6075	-1.0433e-08	-1.71139e-07	-9.15142e-13	2.89651e-05	-0.00126863	2.16345e-07
16.6075	-8.28525e-09	-1.7114e-07	-8.95247e-13	3.67758e-05	-0.00306914	2.20782e-07
16.6075	-7.80484e-09	-1.71141e-07	-8.90794e-13	-4.07762e-06	-0.0024023	2.2528e-07
16.6075	-8.68127e-09	-1.71142e-07	-8.98908e-13	-2.73815e-06	-0.000321833	2.29846e-07
16.6075	-9.76214e-09	-1.71143e-07	-9.08916e-13	2.43924e-06	0.000283507	2.34463e-07
16.6075	-1.06968e-08	-1.71144e-07	-9.17569e-13	-4.22083e-07	-5.25864e-05	2.39139e-07
16.6075	-1.16818e-08	-1.71145e-07	-9.26688e-13	6.4996e-06	0.00138233	2.4386e-07
16.6075	-1.18352e-08	-1.71146e-07	-9.28106e-13	-1.38385e-06	0.00103383	2.4863e-07
16.6075	-1.13428e-08	-1.71147e-07	-9.23541e-13	1.21832e-06	-0.000426417	2.53478e-07
16.6075	-1.11136e-08	-1.71148e-07	-9.21415e-13	1.41252e-07	-0.000626194	2.58405e-07
16.6075	-1.12884e-08	-1.71149e-07	-9.2303e-13	-1.72929e-07	-0.000107499	2.63374e-07
16.6075	-1.1538e-08	-1.7115e-07	-9.25337e-13	-1.28958e-06	-0.00043496	2.68328e-07
16.6075	-1.20866e-08	-1.71151e-07	-9.30415e-13	5.64171e-07	0.000153822	2.7321e-07
16.6075	-1.25391e-08	-1.71153e-07	-9.34601e-13	7.30792e-07	0.00102922	2.78001e-07
16.6075	-1.22779e-08	-1.71154e-07	-9.32178e-13	-4.93327e-07	0.000207193	2.82697e-07
16.6075	-1.18648e-08	-1.71155e-07	-9.28347e-13	8.09849e-07	-0.000690357	2.87318e-07
16.6075	-1.19448e-08	-1.71156e-07	-9.29085e-13	-1.67351e-07	-0.0001708	2.91928e-07
16.6075	-1.21518e-08	-1.71157e-07	-9.30997e-13	1.95447e-07	0.000312756	2.96593e-07
16.6075	-1.21283e-08	-1.71158e-07	-9.30775e-13	-4.58031e-08	-0.000170343	3.01345e-07
16.6075	-1.22339e-08	-1.7116e-07	-9.31748e-13	-1.02881e-07	-0.000106935	3.06184e-07
16.6075	-1.24236e-08	-1.71161e-07	-9.33501e-13	1.45741e-07	0.000292391	3.11101e-07
16.6075	-1.23871e-08	-1.71162e-07	-9.33158e-13	3.38151e-09	-1.80413e-05	3.16088e-07
16.6075	-1.23644e-08	-1.71163e-07	-9.32944e-13	-2.51643e-07	0.000290074	3.21163e-07
16.6075	-1.21066e-08	-1.71165e-07	-9.30551e-13	2.35013e-07	-0.000404924	3.2639e-07
16.6075	-1.21777e-08	-1.71166e-07	-9.31204e-13	-2.5397e-07	-0.000243843	3.3186e-07
16.6075	-1.2454e-08	-1.71167e-07	-9.33758e-13	1.66586e-07	0.000124277	3.3769e-07
16.6075	-1.26294e-08	-1.71169e-07	-9.35378e-13	9.05582e-08	0.000127259	3.44029e-07
16.6075	-1.26977e-08	-1.7117e-07	-9.36006e-13	-7.54736e-09	0.000174666	3.50982e-07
16.6075	-1.26127e-08	-1.71172e-07	-9.35212e-13	-3.97486e-08	6.24883e-05	3.58485e-07
16.6075	-1.24691e-08	-1.71173e-07	-9.33878e-13	5.84897e-08	-0.000117053	3.66311e-07
16.6075	-1.24308e-08	-1.71175e-07	-9.33517e-13	-3.80542e-07	-0.000433751	3.74135e-07
16.6075	-1.28015e-08	-1.71176e-07	-9.36945e-13	-4.76467e-08	-2.35798e-05	3.81583e-07
16.6075	-1.3202e-08	-1.71178e-07	-9.40649e-13	-1.44616e-07	-6.45336e-05	3.88378e-07
16.6075	-1.36724e-08	-1.71179e-07	-9.45e-13	5.75182e-07	0.000452814	3.94462e-07
16.6075	-1.36998e-08	-1.71181e-07	-9.45248e-13	-5.31518e-07	0.000489561	4.00043e-07
16.6075	-1.32348e-08	-1.71183e-07	-9.40934e-13	3.11285e-07	-0.000163832	4.05661e-07
16.6075	-1.29303e-08	-1.71184e-07	-9.38108e-13	2.19701e-07	-0.000329341	4.12021e-07
16.6075	-1.29627e-08	-1.71186e-07	-9.38403e-13	-1.68175e-07	-0.000229988	4.18248e-07
16.6075	-1.32377e-08	-1.71188e-07	-9.40943e-13	1.51109e-07	0.000349575	4.23065e-07
16.6075	-1.31438e-08	-1.71189e-07	-9.40067e-13	-1.76728e-08	3.36167e-05	4.26842e-07
16.6075	-1.30132e-08	-1.71191e-07	-9.38851e-13	-5.10895e-08	6.59526e-05	4.3038e-07
16.6075	-1.28101e-08	-1.71193e-07	-9.36964e-13	8.62171e-08	-0.000216561	4.33614e-07
16.6075	-1.28413e-08	-1.71195e-07	-9.37246e-13	-7.81393e-08	-0.000150444	4.36199e-07
16.6075	-1.30371e-08	-1.71197e-07	-9.39053e-13	-5.85131e-07	-0.000336777	4.38483e-07
16.6075	-1.36041e-08	-1.71198e-07	-9.44298e-13	4.82717e-07	0.000245613	4.40543e-07
16.6075	-1.39024e-08	-1.712e-07	-9.47054e-13	1.8252e-07	0.000264386	4.42199e-07
16.6075	-1.39089e-08	-1.71202e-07	-9.47108e-13	-4.07337e-08	0.000133659	4.43606e-07
16.6075	-1.3767e-08	-1.71204e-07	-9.45787e-13	3.48772e-08	-0.000176537	4.44795e-07
16.6075	-1.38212e-08	-1.71206e-07	-9.46283e-13	-2.0512e-08	0.000151625	4.45683e-07
16.6075	-1.37065e-08	-1.71207e-07	-9.45214e-13	-2.22387e-08	3.66929e-05	4.46356e-07
16.6075	-1.35507e-08	-1.71209e-07	-9.43764e-13	3.04622e-08	-5.41651e-05	4.46792e-07
16.6075	-1.34553e-08	-1.71211e-07	-9.42873e-13	1.61663e-08	-5.66555e-05	4.46972e-07
16.6075	-1.34232e-08	-1.71213e-07	-9.42569e-13	-1.35927e-08	5.03989e-05	4.46929e-07
16.6075	-1.33347e-08	-1.71215e-07	-9.41744e-13	-1.48568e-07	-0.000335441	4.46632e-07
16.6075	-1.36208e-08	-1.71216e-07	-9.44386e-13	-3.44467e-08	-2.56013e-05	4.46101e-07
16.6075	-1.3935e-08	-1.71218e-07	-9.4729e-13	1.12479e-07	9.62212e-05	4.45327e-07
16.6075	-1.41415e-08	-1.7122e-07	-9.49196e-13	-2.87194e-08	0.000400076	4.44284e-07
16.6075	-1.39037e-08	-1.71222e-07	-9.46986e-13	6.36646e-09	-6.02359e-06	4.42995e-07
16.6075	-1.36732e-08	-1.71224e-07	-9.44846e-13	1.00546e-07	-0.000151801	4.41455e-07
16.6075	-1.36109e-08	-1.71225e-07	-9.44262e-13	-6.43675e-09	1.94225e-05	4.3967e-07
16.6075	-1.35276e-08	-1.71227e-07	-9.43484e-13	1.18505e-08	-0.000108159	4.37661e-07
16.6075	-1.35627e-08	-1.71229e-07	-9.43802e-13	-1.74572e-09	7.37957e-05	4.35422e-07
16.6075	-1.35175e-08	-1.71231e-07	-9.43377e-13	-8.17756e-10	3.75912e-06	4.32973e-07
16.6075	-1.34685e-08	-1.71233e-07	-9.42917e-13	-3.08769e-08	7.4657e-05	4.30294e-07
16.6075	-1.33398e-08	-1.71234e-07	-9.41719e-13	-2.90216e-08	4.12603e-05	4.27407e-07
16.6075	-1.3168e-08	-1.71236e-07	-9.40122e-13	3.40659e-08	-4.99811e-05	4.24328e-07
16.6075	-1.30504e-08	-1.71238e-07	-9.39026e-13	3.09583e-08	-0.000108189	4.21046e-07
16.6075	-1.30471e-08	-1.71239e-07	-9.38989e-13	-6.60043e-08	-0.000165652	4.17599e-07
16.6075	-1.32161e-08	-1.71241e-07	-9.40548e-13	6.54941e-08	0.000177142	4.13975e-07
16.6075	-1.3201e-08	-1.71243e-07	-9.40402e-13	-9.3819e-08	0.000179646	4.10182e-07
16.6075	-1.30027e-08	-1.71244e-07	-9.38559e-13	-8.77007e-08	7.55833e-05	4.06239e-07
16.6075	-1.273e-08	-1.71246e-07	-9.36028e-13	1.7684e-07	-0.000315527	4.02137e-07
16.6075	-1.27757e-08	-1.71248e-07	-9.36445e-13	-1.50508e-08	-4.43626e-05	3.9787e-07
16.6075	-1.28647e-08	-1.71249e-07	-9.37264e-13	-7.05579e-08	-0.000100568	3.93484e-07
16.6075	-1.30512e-08	-1.71251e-07	-9.38985e-13	8.99927e-08	0.000208835	3.8899e-07
16.6075	-1.30336e-08	-1.71253e-07	-9.38816e-13	-6.08468e-08	0.000138839	3.84359e-07
16.6075	-1.28836e-08	-1.71254e-07	-9.37421e-13	-9.71312e-07	0.000485732	3.79613e-07
16.6075	-1.22774e-08	-1.71256e-07	-9.31801e-13	9.74198e-07	-0.000489451	3.74785e-07
16.6075	-1.21346e-08	-1.71257e-07	-9.30473e-13	-1.08372e-08	-0.00032024	3.69882e-07
16.6075	-1.22879e-08	-1.71259e-07	-9.31887e-13	-1.01814e-09	-1.21573e-06	3.64893e-07
16.6075	-1.24402e-08	-1.7126e-07	-9.33293e-13	-1.47707e-08	0.000352947	3.5982e-07
16.6075	-1.22751e-08	-1.71262e-07	-9.31758e-13	-1.58953e-07	0.000127804	3.54676e-07
16.6075	-1.19999e-08	-1.71263e-07	-9.29204e-13	-1.57588e-07	8.83307e-05	3.49499e-07
16.6075	-1.16522e-08	-1.71264e-07	-9.25978e-13	3.45504e-08	-1.76202e-05	3.4429e-07
16.6075	-1.13247e-08	-1.71266e-07	-9.2294e-13	9.65675e-08	-0.000712502	3.39025e-07
16.6075	-1.16015e-08	-1.71267e-07	-9.25499e-13	2.58729e-07	0.00025954	3.33718e-07
16.6075	-1.16591e-08	-1.71268e-07	-9.26027e-13	-1.11373e-07	0.000291852	3.28395e-07
16.6075	-1.14781e-08	-1.7127e-07	-9.24346e-13	-3.94262e-07	0.000232833	3.23055e-07
16.6075	-1.11136e-08	-1.71271e-07	-9.20966e-13	1.08761e-07	-5.06132e-05	3.17713e-07
16.6075	-1.0795e-08	-1.71272e-07	-9.1801e-13	4.08682e-07	-0.000393461	3.1239e-07
16.6075	-1.07865e-08	-1.71274e-07	-9.17927e-13	-6.05473e-08	0.000145006	3.07065e-07
16.6075	-1.06678e-08	-1.71275e-07	-9.16823e-13	-7.44491e-08	7.66234e-05	3.01734e-07
16.6075	-1.04939e-08	-1.71276e-07	-9.15207e-13	-3.68784e-08	2.97965e-05	2.9641e-07
16.6075	-1.03011e-08	-1.71277e-07	-9.13418e-13	7.67727e-08	-0.000457784	2.91107e-07
16.6075	-1.0442e-08	-1.71278e-07	-9.14718e-13	5.78789e-08	7.28339e-05	2.85834e-07
16.6075	-1.05288e-08	-1.7128e-07	-9.15518e-13	6.96925e-09	0.000233074	2.80596e-07
16.6075	-1.04519e-08	-1.71281e-07	-9.14802e-13	1.64776e-08	-3.55119e-05	2.75383e-07
16.6075	-1.04008e-08	-1.71282e-07	-9.14324e-13	-2.06551e-06	0.000837002	2.70222e-07
16.6075	-9.79044e-09	-1.71283e-07	-9.08667e-13	-5.64265e-07	0.000116317	2.65117e-07
16.6075	-9.1154e-09	-1.71284e-07	-9.02411e-13	2.49407e-06	-0.0007836	2.60033e-07
16.6075	-8.95784e-09	-1.71285e-07	-9.00948e-13	8.40149e-08	-0.000406949	2.54984e-07
16.6075	-9.0602e-09	-1.71286e-07	-9.01892e-13	-6.3952e-07	-0.000368957	2.49986e-07
16.6075	-9.38885e-09	-1.71287e-07	-9.04933e-13	6.39068e-07	0.000693882	2.4505e-07
16.6075	-9.29015e-09	-1.71288e-07	-9.04015e-13	-2.09097e-06	0.000766167	2.4016e-07
16.6075	-8.73809e-09	-1.71289e-07	-8.98898e-13	-3.28788e-06	0.000546896	2.35319e-07
16.6075	-7.87876e-09	-1.7129e-07	-8.90936e-13	5.07646e-06	-0.00109182	2.30546e-07
16.6075	-7.65971e-09	-1.71291e-07	-8.88903e-13	-1.57426e-06	-0.00126554	2.25829e-07
16.6075	-8.15224e-09	-1.71292e-07	-8.93462e-13	7.50866e-07	0.000191051	2.21164e-07
16.6075	-8.53003e-09	-1.71293e-07	-8.96958e-13	-7.15979e-07	0.00156411	2.16569e-07
16.6075	-8.06202e-09	-1.71294e-07	-8.9262e-13	6.80847e-07	-0.000172999	2.12025e-07
16.6075	-7.69462e-09	-1.71294e-07	-8.89214e-13	1.32918e-07	-3.90307e-05	2.07533e-07
16.6075	-7.35506e-09	-1.71295e-07	-8.86066e-13	9.64455e-07	-0.000433754	2.0312e-07
16.6075	-7.24061e-09	-1.71296e-07	-8.85003e-13	7.64224e-08	-0.000373884	1.98755e-07
16.6075	-7.31239e-09	-1.71297e-07	-8.85665e-13	-1.63081e-07	-0.00014816	1.94441e-07
16.6075	-7.45384e-09	-1.71298e-07	-8.86972e-13	-2.58067e-06	0.00135197	1.90198e-07
16.6075	-6.95647e-09	-1.71298e-07	-8.82363e-13	-7.29272e-06	0.00095119	1.85998e-07
16.6075	-6.03283e-09	-1.71299e-07	-8.73805e-13	-9.37302e-06	0.000781182	1.81848e-07
16.6075	-4.77874e-09	-1.713e-07	-8.62187e-13	1.79924e-05	-0.00202319	1.77754e-07
16.6075	-4.44183e-09	-1.71301e-07	-8.59064e-13	-6.12025e-06	-0.0025094	1.7371e-07
16.6075	-5.18979e-09	-1.71301e-07	-8.65989e-13	2.08723e-06	0.000258778	1.69719e-07
16.6075	-5.81197e-09	-1.71302e-07	-8.71749e-13	4.70888e-06	0.00204747	1.65785e-07
16.6075	-5.58106e-09	-1.71303e-07	-8.69608e-13	-5.90676e-06	0.00107345	1.61894e-07
16.6075	-4.92636e-09	-1.71303e-07	-8.63542e-13	-3.10659e-06	0.000343455	1.58046e-07
16.6075	-4.15321e-09	-1.71304e-07	-8.56379e-13	8.91926e-06	-0.00138446	1.54258e-07
16.6075	-3.92608e-09	-1.71305e-07	-8.54273e-13	-5.09586e-06	-0.0021434	1.50491e-07
16.6075	-4.50088e-09	-1.71305e-07	-8.59595e-13	1.79548e-06	0.000252732	1.4675e-07
16.6075	-4.96978e-09	-1.71306e-07	-8.63935e-13	4.18007e-06	0.00123448	1.43087e-07
16.6075	-4.99096e-09	-1.71306e-07	-8.64129e-13	-9.15798e-09	-2.52314e-05	1.39456e-07
16.6075	-5.02028e-09	-1.71307e-07	-8.64399e-13	-1.98552e-07	-0.000209209	1.35825e-07
16.6075	-5.11892e-09	-1.71308e-07	-8.6531e-13	-2.50339e-06	0.0013375	1.32249e-07
16.6075	-4.77866e-09	-1.71308e-07	-8.62157e-13	-8.97371e-06	0.00111964	1.28725e-07
16.6075	-4.09217e-09	-1.71309e-07	-8.55797e-13	-6.37989e-06	0.000525982	1.25199e-07
16.6075	-3.2625e-09	-1.71309e-07	-8.48111e-13	-0.000108086	0.00441397	1.21728e-07
16.6075	-1.13123e-09	-1.7131e-07	-8.28369e-13	-0.00012506	0.00291854	1.18361e-07
16.6075	1.79237e-09	-1.7131e-07	-8.0129e-13	0.000111945	-0.00255861	1.1495e-07
16.6075	3.90436e-09	-1.7131e-07	-7.81727e-13	9.92106e-05	-0.0114656	1.11471e-07
16.6075	2.80615e-09	-1.71311e-07	-7.91897e-13	-0.000337094	-0.00827384	1.08165e-07
16.6075	-4.65366e-10	-1.71311e-07	-8.22196e-13	-0.000281346	-0.00393944	1.05026e-07
16.6075	-4.65973e-09	-1.71312e-07	-8.61042e-13	-0.000657294	-0.0066876	1.01985e-07
16.6075	-1.04149e-08	-1.71312e-07	-9.14344e-13	-0.000409369	-0.00330853	9.8979e-08
16.6075	-1.68008e-08	-1.71313e-07	-9.73488e-13	0.000101749	0.000781489	9.58331e-08
16.6075	-2.27909e-08	-1.71313e-07	-1.02897e-12	0.00103011	0.0100371	9.24354e-08
16.6075	-2.62796e-08	-1.71313e-07	-1.06128e-12	0.000539499	0.0200328	8.90184e-08
16.6075	-2.52662e-08	-1.71314e-07	-1.05189e-12	-0.00143941	0.0197549	8.62144e-08
16.6075	-2.00798e-08	-1.71314e-07	-1.00385e-12	-0.00405206	0.0223754	8.4466e-08
16.6075	-1.02714e-08	-1.71314e-07	-9.13008e-13	-0.00344826	0.0125311	8.32114e-08
16.6075	1.9645e-09	-1.71315e-07	-7.99678e-13	-0.00309889	0.00918867	8.18052e-08
16.6075	1.58464e-08	-1.71315e-07	-6.71105e-13	0.00185694	-0.00532709	7.93481e-08
16.6075	2.81031e-08	-1.71315e-07	-5.57583e-13	0.00273657	-0.00890943	7.5858e-08
16.6075	3.81527e-08	-1.71316e-07	-4.64503e-13	0.00321561	-0.0130824	7.23855e-08
16.6075	4.54271e-08	-1.71316e-07	-3.97128e-13	0.00356487	-0.0242331	6.90289e-08
16.6075	4.82802e-08	-1.71316e-07	-3.70702e-13	0.00053578	-0.0254831	6.63363e-08
16.6075	4.68852e-08	-1.71316e-07	-3.8362e-13	-0.00293531	-0.0266317	6.48689e-08
16.6075	4.12175e-08	-1.71317e-07	-4.36113e-13	-0.00520753	-0.0219265	6.44681e-08
16.6075	3.2011e-08	-1.71317e-07	-5.21383e-13	-0.000165427	-0.000552356	6.3881e-08
16.6075	2.28908e-08	-1.71317e-07	-6.05852e-13	-0.000414546	-0.00135942	6.2916e-08
16.6075	1.36607e-08	-1.71317e-07	-6.91339e-13	0.00124067	0.00417825	6.20865e-08
16.6075	5.2139e-09	-1.71318e-07	-7.69572e-13	0.0021172	0.00805877	6.11132e-08
16.6075	-1.87464e-09	-1.71318e-07	-8.35224e-13	-0.00237757	-0.0089639	6.09165e-08
16.6075	-1.04061e-08	-1.71318e-07	-9.14241e-13	0.00337746	0.0133352	6.07194e-08
16.6075	-1.67904e-08	-1.71318e-07	-9.73371e-13	0.00241786	0.0132973	5.99701e-08
16.6075	-2.11367e-08	-1.71319e-07	-1.01362e-12	0.00211876	0.0270035	5.96249e-08
16.6075	-2.14502e-08	-1.71319e-07	-1.01653e-12	-4.31587e-05	0.00676502	5.98848e-08
16.6075	-2.07487e-08	-1.71319e-07	-1.01003e-12	-0.000255827	0.00647446	6.08008e-08
16.6075	-1.90409e-08	-1.71319e-07	-9.94211e-13	-1.62338e-05	0.000287467	6.20752e-08
16.6075	-1.72482e-08	-1.7132e-07	-9.77607e-13	-0.000473491	0.00644833	6.37594e-08
16.6075	-1.43567e-08	-1.7132e-07	-9.50825e-13	0.000414413	-0.00545845	6.57328e-08
16.6075	-1.22862e-08	-1.7132e-07	-9.31647e-13	-5.48909e-05	0.000853449	6.80107e-08
16.6075	-9.98879e-09	-1.7132e-07	-9.10368e-13	0.000410201	-0.00979464	7.06662e-08
16.6075	-9.36398e-09	-1.71321e-07	-9.0458e-13	1.40148e-05	-0.00093357	7.3719e-08
16.6075	-8.88614e-09	-1.71321e-07	-9.00153e-13	-2.53435e-05	-0.00660513	7.73059e-08
16.6075	-9.69219e-09	-1.71321e-07	-9.07617e-13	-2.14419e-05	-0.000943951	8.14327e-08
16.6075	-1.07406e-08	-1.71322e-07	-9.17326e-13	-5.01251e-05	-0.00170776	8.61899e-08
16.6075	-1.22317e-08	-1.71322e-07	-9.31136e-13	6.01375e-06	0.000181285	9.16555e-08
16.6075	-1.37781e-08	-1.71322e-07	-9.45457e-13	-7.74218e-05	-0.00204584	9.79886e-08
16.6075	-1.59547e-08	-1.71323e-07	-9.65615e-13	3.68006e-06	8.60744e-05	1.05375e-07
16.6075	-1.82784e-08	-1.71323e-07	-9.87135e-13	-3.47568e-05	-0.000781105	1.14032e-07
16.6075	-2.10329e-08	-1.71324e-07	-1.01265e-12	-3.16481e-05	-0.000657881	1.24308e-07
16.6075	-2.42606e-08	-1.71324e-07	-1.04254e-12	2.7718e-05	0.000573667	1.36634e-07
16.6075	-2.76174e-08	-1.71325e-07	-1.07363e-12	0.000133943	0.00351954	1.51714e-07
16.6075	-2.99566e-08	-1.71326e-07	-1.09529e-12	7.92123e-05	0.00426596	1.70731e-07
16.6075	-3.06731e-08	-1.71326e-07	-1.10192e-12	6.23912e-06	0.00159843	1.95895e-07
16.6075	-3.06633e-08	-1.71327e-07	-1.10183e-12	-8.90242e-07	-0.000615595	2.31648e-07
16.6075	-3.10408e-08	-1.71328e-07	-1.10532e-12	-1.14887e-05	-0.00162823	2.88442e-07
16.6075	-3.28431e-08	-1.71329e-07	-1.12201e-12	2.96608e-06	0.000284793	3.97869e-07
16.6075	-3.51317e-08	-1.71331e-07	-1.1432e-12	9.0636e-06	0.00231469	6.83817e-07
16.6075	-3.42935e-08	-1.71335e-07	-1.13542e-12	-3.1875e-06	0.000815326	2.52515e-06
16.6075	-2.19388e-08	-1.71352e-07	-1.02093e-12	-0.399996	-0.00118974	0.00219303
16.6053	-2.40499e-08	-1.53525e-07	-1.10564e-12	0.4	3.59312e-07	0.00435067
