16.6152	-2.83564e-09	-2.63404e-07	-1.93207e-13	-2.60633e-05	-0.00322873	0.00307531
16.6152	-4.34203e-08	-2.63433e-07	-7.2829e-13	-0.00160511	0.0287201	2.68444e-06
16.6152	-2.16929e-08	-2.63435e-07	-4.4182e-13	-0.00638624	0.0305683	2.64915e-07
16.6152	4.78024e-09	-2.63436e-07	-9.27787e-14	0.00164538	-0.00597762	1.65291e-07
16.6152	2.25206e-08	-2.63437e-07	1.41122e-13	0.00462218	-0.0236836	1.32509e-07
16.6152	3.06598e-08	-2.63438e-07	2.48436e-13	0.00156782	-0.0178673	1.20112e-07
16.6152	3.31529e-08	-2.63438e-07	2.81308e-13	0.00011698	-0.0034304	1.16121e-07
16.6152	3.46238e-08	-2.63439e-07	3.00701e-13	-6.77764e-05	0.00218723	1.15595e-07
16.6152	3.67345e-08	-2.6344e-07	3.2853e-13	-0.000200387	0.00425221	1.16625e-07
16.6152	4.01217e-08	-2.6344e-07	3.7319e-13	1.22571e-05	-0.000214062	1.1842e-07
16.6152	4.35036e-08	-2.63441e-07	4.17779e-13	0.000166409	-0.00346502	1.20551e-07
16.6152	4.58947e-08	-2.63442e-07	4.49305e-13	0.00011021	-0.0036498	1.22919e-07
16.6152	4.7202e-08	-2.63442e-07	4.66542e-13	2.92549e-05	-0.00175468	1.25504e-07
16.6152	4.7981e-08	-2.63443e-07	4.76813e-13	1.39311e-05	-0.00177625	1.28243e-07
16.6152	4.82015e-08	-2.63444e-07	4.79721e-13	8.45787e-07	-0.00103347	1.31098e-07
16.6152	4.80845e-08	-2.63445e-07	4.78179e-13	-2.50456e-06	-0.000708294	1.3405e-07
16.6152	4.77249e-08	-2.63445e-07	4.73438e-13	-1.62931e-05	-0.00170331	1.37096e-07
16.6152	4.67666e-08	-2.63446e-07	4.60804e-13	-5.70424e-06	-0.000385703	1.40235e-07
16.6152	4.56496e-08	-2.63447e-07	4.46076e-13	-6.76373e-05	-0.00293008	1.4349e-07
16.6152	4.34431e-08	-2.63448e-07	4.16986e-13	-9.04293e-05	-0.0024705	1.46875e-07
16.6152	4.02665e-08	-2.63449e-07	3.75102e-13	-8.84473e-05	-0.00186334	1.50365e-07
16.6152	3.63056e-08	-2.6345e-07	3.2288e-13	-8.08568e-05	-0.00144951	1.53956e-07
16.6152	3.16853e-08	-2.6345e-07	2.61963e-13	-0.00012611	-0.00195969	1.57674e-07
16.6152	2.61708e-08	-2.63451e-07	1.89257e-13	-6.06908e-05	-0.000849733	1.61488e-07
16.6152	2.01765e-08	-2.63452e-07	1.10224e-13	-7.82611e-05	-0.00102765	1.65393e-07
16.6152	1.36066e-08	-2.63453e-07	2.36021e-14	3.31007e-05	0.000426159	1.6937e-07
16.6152	7.0628e-09	-2.63454e-07	-6.26754e-14	0.000167043	0.00236475	1.73355e-07
16.6152	1.40349e-09	-2.63455e-07	-1.37291e-13	0.000107044	0.0017777	1.77416e-07
16.6152	-3.5917e-09	-2.63456e-07	-2.03151e-13	4.66546e-05	0.000871066	1.81638e-07
16.6152	-8.3065e-09	-2.63457e-07	-2.65314e-13	0.00012111	0.00271816	1.85969e-07
16.6152	-1.18545e-08	-2.63459e-07	-3.12092e-13	2.34087e-05	0.000648109	1.90424e-07
16.6152	-1.51762e-08	-2.6346e-07	-3.55887e-13	7.21589e-05	0.00257192	1.95008e-07
16.6152	-1.73086e-08	-2.63461e-07	-3.84002e-13	4.59415e-05	0.00488329	1.9969e-07
16.6152	-1.70256e-08	-2.63462e-07	-3.8027e-13	-7.52946e-05	0.00495568	2.04561e-07
16.6152	-1.41703e-08	-2.63463e-07	-3.42624e-13	-0.000306615	0.00685057	2.09724e-07
16.6152	-7.60385e-09	-2.63464e-07	-2.56046e-13	-1.35603e-05	0.000216975	2.14969e-07
16.6152	-7.60184e-10	-2.63466e-07	-1.65814e-13	9.13288e-05	-0.00154371	2.20113e-07
16.6152	5.38572e-09	-2.63467e-07	-8.47815e-14	9.28574e-05	-0.00183207	2.253e-07
16.6152	1.06323e-08	-2.63468e-07	-1.56065e-14	0.000117715	-0.00306506	2.30572e-07
16.6152	1.42138e-08	-2.6347e-07	3.16159e-14	7.45914e-05	-0.00333119	2.35948e-07
16.6152	1.58914e-08	-2.63471e-07	5.37346e-14	1.89906e-05	-0.00336707	2.41472e-07
16.6152	1.55521e-08	-2.63472e-07	4.9262e-14	-5.68997e-06	-0.0010521	2.47135e-07
16.6152	1.45473e-08	-2.63474e-07	3.60148e-14	-2.17339e-05	-0.00175051	2.52914e-07
16.6152	1.23995e-08	-2.63475e-07	7.69713e-15	-3.74248e-05	-0.00176469	2.588e-07
16.6152	9.047e-09	-2.63477e-07	-3.65041e-14	-5.34316e-06	-0.000204449	2.64756e-07
16.6152	5.48111e-09	-2.63478e-07	-8.35186e-14	3.68341e-05	0.00163265	2.70729e-07
16.6152	2.9529e-09	-2.6348e-07	-1.16851e-13	2.82139e-05	0.00215643	2.76737e-07
16.6152	1.87706e-09	-2.63482e-07	-1.31035e-13	5.6203e-06	0.00119459	2.82827e-07
16.6152	1.63144e-09	-2.63483e-07	-1.34273e-13	-6.90464e-07	0.000971561	2.88987e-07
16.6152	2.08994e-09	-2.63485e-07	-1.28227e-13	-4.65669e-06	0.000874391	2.95195e-07
16.6152	3.21033e-09	-2.63487e-07	-1.13454e-13	-9.32885e-06	0.000944788	3.01452e-07
16.6152	5.07376e-09	-2.63488e-07	-8.88848e-14	6.41683e-06	-0.000597314	3.07757e-07
16.6152	6.51159e-09	-2.6349e-07	-6.99266e-14	8.14358e-06	-0.0014444	3.14111e-07
16.6152	6.83316e-09	-2.63492e-07	-6.5686e-14	-9.03213e-07	-0.00113037	3.20531e-07
16.6152	6.24635e-09	-2.63494e-07	-7.3422e-14	-6.06348e-07	-0.00015145	3.27021e-07
16.6152	5.52266e-09	-2.63496e-07	-8.29627e-14	5.40158e-07	0.000133415	3.3359e-07
16.6152	4.89685e-09	-2.63498e-07	-9.12129e-14	-9.34514e-08	-2.47421e-05	3.40246e-07
16.6152	4.23735e-09	-2.635e-07	-9.99073e-14	1.43927e-06	0.000650444	3.46968e-07
16.6152	4.13459e-09	-2.63502e-07	-1.01261e-13	-3.06215e-07	0.000486448	3.53758e-07
16.6152	4.46419e-09	-2.63504e-07	-9.69146e-14	2.69663e-07	-0.00020064	3.60654e-07
16.6152	4.61757e-09	-2.63506e-07	-9.48915e-14	3.11736e-08	-0.000294644	3.67665e-07
16.6152	4.50049e-09	-2.63508e-07	-9.64341e-14	-3.83042e-08	-5.05823e-05	3.74736e-07
16.6152	4.33334e-09	-2.6351e-07	-9.86369e-14	-2.85584e-07	-0.000204664	3.81782e-07
16.6152	3.96597e-09	-2.63513e-07	-1.0348e-13	1.24933e-07	7.23788e-05	3.88728e-07
16.6152	3.66299e-09	-2.63515e-07	-1.07473e-13	1.61965e-07	0.000484281	3.95546e-07
16.6152	3.83777e-09	-2.63517e-07	-1.05168e-13	-1.09189e-07	9.74913e-05	4.02228e-07
16.6152	4.11428e-09	-2.6352e-07	-1.01521e-13	1.79188e-07	-0.000324834	4.08803e-07
16.6152	4.06062e-09	-2.63522e-07	-1.02227e-13	-3.70789e-08	-8.03665e-05	4.15362e-07
16.6152	3.92198e-09	-2.63524e-07	-1.04054e-13	4.33222e-08	0.000147161	4.22001e-07
16.6152	3.93762e-09	-2.63527e-07	-1.03847e-13	-1.01682e-08	-8.01517e-05	4.28762e-07
16.6152	3.86691e-09	-2.63529e-07	-1.04778e-13	-2.2795e-08	-5.03164e-05	4.35646e-07
16.6152	3.73982e-09	-2.63532e-07	-1.06452e-13	3.23141e-08	0.000137579	4.42642e-07
16.6152	3.76415e-09	-2.63534e-07	-1.0613e-13	7.45766e-10	-8.48899e-06	4.49739e-07
16.6152	3.77925e-09	-2.63537e-07	-1.0593e-13	-5.56665e-08	0.000136488	4.56961e-07
16.6152	3.95177e-09	-2.6354e-07	-1.03654e-13	5.19661e-08	-0.000190529	4.64396e-07
16.6152	3.90411e-09	-2.63542e-07	-1.04281e-13	-5.62679e-08	-0.000114735	4.72178e-07
16.6152	3.71906e-09	-2.63545e-07	-1.0672e-13	3.69021e-08	5.8476e-05	4.80473e-07
16.6152	3.60153e-09	-2.63548e-07	-1.08268e-13	2.00701e-08	5.98796e-05	4.89493e-07
16.6152	3.5557e-09	-2.63551e-07	-1.08871e-13	-1.64279e-09	8.21856e-05	4.99388e-07
16.6152	3.61258e-09	-2.63554e-07	-1.0812e-13	-8.79024e-09	2.94028e-05	5.10062e-07
16.6152	3.70859e-09	-2.63557e-07	-1.06853e-13	1.29307e-08	-5.50772e-05	5.21196e-07
16.6152	3.73416e-09	-2.6356e-07	-1.06514e-13	-8.43213e-08	-0.000204093	5.3233e-07
16.6152	3.48585e-09	-2.63563e-07	-1.09787e-13	-1.05533e-08	-1.10957e-05	5.42925e-07
16.6152	3.21763e-09	-2.63566e-07	-1.13322e-13	-3.2028e-08	-3.03648e-05	5.52593e-07
16.6152	2.90265e-09	-2.63569e-07	-1.17473e-13	1.27418e-07	0.000213063	5.61251e-07
16.6152	2.88417e-09	-2.63573e-07	-1.17715e-13	-1.176e-07	0.000230355	5.6919e-07
16.6152	3.19544e-09	-2.63576e-07	-1.1361e-13	6.88936e-08	-7.709e-05	5.77185e-07
16.6152	3.39919e-09	-2.63579e-07	-1.10922e-13	4.85878e-08	-0.000154964	5.86235e-07
16.6152	3.37735e-09	-2.63583e-07	-1.11208e-13	-3.72704e-08	-0.000108216	5.95095e-07
16.6152	3.19316e-09	-2.63586e-07	-1.13635e-13	3.35114e-08	0.000164485	6.01949e-07
16.6152	3.25591e-09	-2.6359e-07	-1.12806e-13	-3.90725e-09	1.58175e-05	6.07323e-07
16.6152	3.34328e-09	-2.63593e-07	-1.11653e-13	-1.13006e-08	3.10331e-05	6.12356e-07
16.6152	3.47909e-09	-2.63597e-07	-1.0986e-13	1.90535e-08	-0.000101899	6.16957e-07
16.6152	3.45812e-09	-2.636e-07	-1.10135e-13	-1.73243e-08	-7.07887e-05	6.20634e-07
16.6152	3.32691e-09	-2.63604e-07	-1.11863e-13	-1.296e-07	-0.000158463	6.23885e-07
16.6152	2.94723e-09	-2.63608e-07	-1.16868e-13	1.06911e-07	0.000115567	6.26816e-07
16.6152	2.74743e-09	-2.63611e-07	-1.195e-13	4.04529e-08	0.000124402	6.29171e-07
16.6152	2.74296e-09	-2.63615e-07	-1.19558e-13	-8.99678e-09	6.28907e-05	6.31174e-07
16.6152	2.83787e-09	-2.63619e-07	-1.18305e-13	7.69331e-09	-8.30659e-05	6.32867e-07
16.6152	2.80143e-09	-2.63622e-07	-1.18784e-13	-4.51692e-09	7.13441e-05	6.34129e-07
16.6152	2.87812e-09	-2.63626e-07	-1.17771e-13	-4.91754e-09	1.72647e-05	6.35086e-07
16.6152	2.98234e-09	-2.6363e-07	-1.16395e-13	6.73553e-09	-2.54862e-05	6.35709e-07
16.6152	3.04611e-09	-2.63633e-07	-1.15552e-13	3.57006e-09	-2.6658e-05	6.35964e-07
16.6152	3.0675e-09	-2.63637e-07	-1.15269e-13	-3.00124e-09	2.37142e-05	6.35903e-07
16.6152	3.12658e-09	-2.63641e-07	-1.14488e-13	-3.29467e-08	-0.000157835	6.35481e-07
16.6152	2.93497e-09	-2.63644e-07	-1.17013e-13	-7.63078e-09	-1.20465e-05	6.34724e-07
16.6152	2.72453e-09	-2.63648e-07	-1.19786e-13	2.49185e-08	4.52756e-05	6.33624e-07
16.6152	2.58617e-09	-2.63652e-07	-1.21608e-13	-6.29398e-09	0.000188247	6.32141e-07
16.6152	2.74528e-09	-2.63655e-07	-1.19509e-13	1.40868e-09	-2.83451e-06	6.30307e-07
16.6152	2.89942e-09	-2.63659e-07	-1.17475e-13	2.22362e-08	-7.14266e-05	6.28113e-07
16.6152	2.94103e-09	-2.63663e-07	-1.16924e-13	-1.42194e-09	9.13888e-06	6.2557e-07
16.6152	2.99672e-09	-2.63666e-07	-1.16188e-13	2.6063e-09	-5.08922e-05	6.22717e-07
16.6152	2.97311e-09	-2.6367e-07	-1.16498e-13	-3.74588e-10	3.4723e-05	6.19533e-07
16.6152	3.00326e-09	-2.63673e-07	-1.16099e-13	-1.80421e-10	1.76876e-06	6.16044e-07
16.6152	3.03595e-09	-2.63677e-07	-1.15666e-13	-6.824e-09	3.51282e-05	6.12234e-07
16.6152	3.12202e-09	-2.63681e-07	-1.1453e-13	-6.41855e-09	1.9414e-05	6.08128e-07
16.6152	3.23691e-09	-2.63684e-07	-1.13014e-13	7.534e-09	-2.35174e-05	6.03748e-07
16.6152	3.31557e-09	-2.63688e-07	-1.11975e-13	6.83664e-09	-5.09058e-05	5.99075e-07
16.6152	3.31767e-09	-2.63691e-07	-1.11946e-13	-1.464e-08	-7.79443e-05	5.9417e-07
16.6152	3.20446e-09	-2.63694e-07	-1.13437e-13	1.45289e-08	8.33506e-05	5.89014e-07
16.6152	3.21444e-09	-2.63698e-07	-1.13303e-13	-2.07425e-08	8.45292e-05	5.83617e-07
16.6152	3.34709e-09	-2.63701e-07	-1.11553e-13	-1.94042e-08	3.55636e-05	5.78007e-07
16.6152	3.52956e-09	-2.63705e-07	-1.09146e-13	3.91009e-08	-0.000148465	5.72173e-07
16.6152	3.49888e-09	-2.63708e-07	-1.09549e-13	-3.33944e-09	-2.08743e-05	5.66099e-07
16.6152	3.43916e-09	-2.63711e-07	-1.10335e-13	-1.56374e-08	-4.73195e-05	5.5986e-07
16.6152	3.31424e-09	-2.63714e-07	-1.1198e-13	1.99578e-08	9.82625e-05	5.53466e-07
16.6152	3.32595e-09	-2.63718e-07	-1.11824e-13	-1.34489e-08	6.53277e-05	5.46876e-07
16.6152	3.42628e-09	-2.63721e-07	-1.105e-13	-2.1497e-07	0.000228553	5.40123e-07
16.6152	3.83202e-09	-2.63724e-07	-1.05149e-13	2.15608e-07	-0.000230302	5.33253e-07
16.6152	3.9275e-09	-2.63727e-07	-1.03889e-13	-2.4508e-09	-0.000150682	5.26278e-07
16.6152	3.82478e-09	-2.6373e-07	-1.05242e-13	-2.25834e-10	-5.7265e-07	5.19179e-07
16.6152	3.72274e-09	-2.63733e-07	-1.06586e-13	-3.21287e-09	0.000166072	5.11962e-07
16.6152	3.83318e-09	-2.63736e-07	-1.05128e-13	-3.51718e-08	6.01364e-05	5.04644e-07
16.6152	4.01734e-09	-2.63739e-07	-1.02699e-13	-3.48749e-08	4.15616e-05	4.97277e-07
16.6152	4.25007e-09	-2.63742e-07	-9.9629e-14	7.64526e-09	-8.28938e-06	4.89864e-07
16.6152	4.46921e-09	-2.63744e-07	-9.67384e-14	2.1267e-08	-0.000335254	4.82374e-07
16.6152	4.28382e-09	-2.63747e-07	-9.91814e-14	5.7323e-08	0.00012212	4.74823e-07
16.6152	4.24517e-09	-2.6375e-07	-9.96897e-14	-2.46106e-08	0.000137325	4.67248e-07
16.6152	4.36626e-09	-2.63753e-07	-9.8092e-14	-8.72518e-08	0.000109556	4.59651e-07
16.6152	4.6102e-09	-2.63755e-07	-9.48745e-14	2.4073e-08	-2.38166e-05	4.52051e-07
16.6152	4.8234e-09	-2.63758e-07	-9.20624e-14	9.0417e-08	-0.000185134	4.44478e-07
16.6152	4.82903e-09	-2.6376e-07	-9.1987e-14	-1.33818e-08	6.82303e-05	4.36899e-07
16.6152	4.90844e-09	-2.63763e-07	-9.09388e-14	-1.64703e-08	3.6053e-05	4.29315e-07
16.6152	5.02482e-09	-2.63765e-07	-8.94033e-14	-8.16019e-09	1.40205e-05	4.21741e-07
16.6152	5.15377e-09	-2.63768e-07	-8.7702e-14	1.69235e-08	-0.000215401	4.14194e-07
16.6152	5.05938e-09	-2.6377e-07	-8.89454e-14	1.28262e-08	3.42708e-05	4.06692e-07
16.6152	5.00124e-09	-2.63773e-07	-8.97109e-14	1.58061e-09	0.000109668	3.9924e-07
16.6152	5.05261e-09	-2.63775e-07	-8.90325e-14	3.64239e-09	-1.67094e-05	3.91823e-07
16.6152	5.08681e-09	-2.63777e-07	-8.85806e-14	-4.57171e-07	0.000393839	3.84478e-07
16.6152	5.49533e-09	-2.63779e-07	-8.31933e-14	-1.24904e-07	5.47289e-05	3.77213e-07
16.6152	5.9472e-09	-2.63781e-07	-7.72347e-14	5.5206e-07	-0.000368709	3.69981e-07
16.6152	6.05262e-09	-2.63784e-07	-7.58437e-14	1.85352e-08	-0.000191482	3.62797e-07
16.6152	5.98403e-09	-2.63786e-07	-7.67471e-14	-1.41649e-07	-0.000173606	3.55687e-07
16.6152	5.76394e-09	-2.63788e-07	-7.9648e-14	1.41601e-07	0.000326493	3.48663e-07
16.6152	5.82996e-09	-2.6379e-07	-7.87766e-14	-4.6282e-07	0.000360508	3.41705e-07
16.6152	6.1995e-09	-2.63792e-07	-7.39035e-14	-7.27862e-07	0.000257338	3.34814e-07
16.6152	6.77475e-09	-2.63794e-07	-6.6318e-14	1.12377e-06	-0.000513744	3.28025e-07
16.6152	6.92134e-09	-2.63795e-07	-6.43845e-14	-3.4875e-07	-0.00059548	3.21314e-07
16.6152	6.59155e-09	-2.63797e-07	-6.87318e-14	1.66278e-07	8.98988e-05	3.14676e-07
16.6152	6.33857e-09	-2.63799e-07	-7.20664e-14	-1.5826e-07	0.000735962	3.08139e-07
16.6152	6.65184e-09	-2.63801e-07	-6.79352e-14	1.50702e-07	-8.13968e-05	3.01673e-07
16.6152	6.89776e-09	-2.63803e-07	-6.46921e-14	2.94254e-08	-1.83674e-05	2.95282e-07
16.6152	7.12504e-09	-2.63804e-07	-6.16947e-14	2.13461e-07	-0.000204096	2.89004e-07
16.6152	7.20161e-09	-2.63806e-07	-6.06844e-14	1.686e-08	-0.000175922	2.82797e-07
16.6152	7.15351e-09	-2.63808e-07	-6.13179e-14	-3.61314e-08	-6.97168e-05	2.76657e-07
16.6152	7.05876e-09	-2.63809e-07	-6.25663e-14	-5.71153e-07	0.000636151	2.70615e-07
16.6152	7.3917e-09	-2.63811e-07	-5.81759e-14	-1.61452e-06	0.000447584	2.64637e-07
16.6152	8.01002e-09	-2.63812e-07	-5.00229e-14	-2.07542e-06	0.000367636	2.58725e-07
16.6152	8.84957e-09	-2.63814e-07	-3.89531e-14	3.98362e-06	-0.000952063	2.52903e-07
16.6152	9.07508e-09	-2.63815e-07	-3.59791e-14	-1.35547e-06	-0.00118077	2.47155e-07
16.6152	8.57429e-09	-2.63817e-07	-4.25813e-14	4.62148e-07	0.000121762	2.41475e-07
16.6152	8.15771e-09	-2.63818e-07	-4.8073e-14	1.04293e-06	0.000963414	2.35881e-07
16.6152	8.31226e-09	-2.63819e-07	-4.60347e-14	-1.30765e-06	0.000505117	2.30344e-07
16.6152	8.75053e-09	-2.63821e-07	-4.02556e-14	-6.87799e-07	0.000161619	2.24864e-07
16.6152	9.2681e-09	-2.63822e-07	-3.3431e-14	1.97462e-06	-0.000651467	2.19477e-07
16.6152	9.42012e-09	-2.63823e-07	-3.14261e-14	-1.12859e-06	-0.00100855	2.1412e-07
16.6152	9.03527e-09	-2.63824e-07	-3.64997e-14	3.9757e-07	0.000118922	2.08796e-07
16.6152	8.72131e-09	-2.63826e-07	-4.06386e-14	9.25682e-07	0.000580868	2.03585e-07
16.6152	8.7071e-09	-2.63827e-07	-4.08255e-14	-2.03148e-09	-1.18714e-05	1.98423e-07
16.6152	8.68744e-09	-2.63828e-07	-4.10842e-14	-4.39925e-08	-9.84389e-05	1.93257e-07
16.6152	8.62137e-09	-2.63829e-07	-4.19548e-14	-5.5404e-07	0.00062934	1.88167e-07
16.6152	8.84914e-09	-2.6383e-07	-3.89513e-14	-1.98682e-06	0.000526878	1.83147e-07
16.6152	9.30869e-09	-2.63831e-07	-3.28917e-14	-1.41256e-06	0.000247515	1.78125e-07
16.6152	9.86411e-09	-2.63832e-07	-2.55681e-14	-2.39495e-05	0.00207846	1.73151e-07
16.6152	1.12909e-08	-2.63833e-07	-6.75554e-15	-2.77493e-05	0.00137626	1.68284e-07
16.6152	1.32482e-08	-2.63834e-07	1.90509e-14	2.48416e-05	-0.00120666	1.6343e-07
16.6152	1.46621e-08	-2.63835e-07	3.76934e-14	2.19858e-05	-0.00539708	1.58549e-07
16.6152	1.39269e-08	-2.63836e-07	2.79996e-14	-7.48185e-05	-0.00390139	1.53776e-07
16.6152	1.17366e-08	-2.63837e-07	-8.77748e-16	-6.26608e-05	-0.00186452	1.49134e-07
16.6152	8.92853e-09	-2.63838e-07	-3.7901e-14	-0.000147213	-0.00318255	1.44555e-07
16.6153	5.07551e-09	-2.63838e-07	-8.87015e-14	-9.22832e-05	-0.00158499	1.39998e-07
16.6153	8.00266e-10	-2.63839e-07	-1.45069e-13	2.29814e-05	0.000375123	1.35464e-07
16.6153	-3.21006e-09	-2.6384e-07	-1.97943e-13	0.000231059	0.00478235	1.30949e-07
16.6153	-5.54572e-09	-2.63841e-07	-2.28738e-13	0.000119892	0.00944305	1.26497e-07
16.6153	-4.86727e-09	-2.63842e-07	-2.19793e-13	-0.000321577	0.00936178	1.22303e-07
16.6153	-1.39509e-09	-2.63842e-07	-1.74013e-13	-0.000935089	0.0109456	1.18544e-07
16.6153	5.17143e-09	-2.63843e-07	-8.74347e-14	-0.000831844	0.00641897	1.15065e-07
16.6153	1.33632e-08	-2.63844e-07	2.05709e-14	-0.000777303	0.00489598	1.11655e-07
16.6153	2.26568e-08	-2.63844e-07	1.43105e-13	0.000469069	-0.00285936	1.08015e-07
16.6153	3.08625e-08	-2.63845e-07	2.51295e-13	0.00067316	-0.00465567	1.04214e-07
16.6153	3.75905e-08	-2.63845e-07	3.40001e-13	0.000762944	-0.0065908	1.00625e-07
16.6153	4.24605e-08	-2.63846e-07	4.04212e-13	0.000812823	-0.0117079	9.7245e-08
16.6153	4.43706e-08	-2.63846e-07	4.29396e-13	0.000119244	-0.0120158	9.42173e-08
16.6153	4.34367e-08	-2.63847e-07	4.17083e-13	-0.000662588	-0.0127311	9.17084e-08
16.6153	3.96423e-08	-2.63848e-07	3.67054e-13	-0.00123364	-0.0110105	8.96904e-08
16.6153	3.34786e-08	-2.63848e-07	2.85789e-13	-4.02813e-05	-0.000285841	8.79303e-08
16.6153	2.73728e-08	-2.63849e-07	2.05286e-13	-0.000101776	-0.000709307	8.65035e-08
16.6153	2.11934e-08	-2.63849e-07	1.23813e-13	0.000302933	0.00216798	8.5501e-08
16.6153	1.55384e-08	-2.6385e-07	4.92535e-14	0.000506764	0.00409802	8.47237e-08
16.6153	1.07927e-08	-2.6385e-07	-1.33164e-14	-0.000569923	-0.00456463	8.44089e-08
16.6153	5.08107e-09	-2.6385e-07	-8.86226e-14	0.000804762	0.00674635	8.42989e-08
16.6153	8.06847e-10	-2.63851e-07	-1.44977e-13	0.000556757	0.00650145	8.4218e-08
16.6153	-2.10291e-09	-2.63851e-07	-1.83341e-13	0.000475022	0.0128203	8.44831e-08
16.6153	-2.31283e-09	-2.63852e-07	-1.86108e-13	-9.55866e-06	0.0031837	8.51943e-08
16.6153	-1.84318e-09	-2.63852e-07	-1.79916e-13	-5.67613e-05	0.00305232	8.64451e-08
16.6153	-6.99867e-10	-2.63853e-07	-1.64841e-13	-3.59989e-06	0.000135481	8.82136e-08
16.6153	5.00284e-10	-2.63853e-07	-1.49018e-13	-0.000105522	0.00305364	9.05207e-08
16.6153	2.43609e-09	-2.63854e-07	-1.23494e-13	9.23807e-05	-0.00258566	9.33117e-08
16.6153	3.82225e-09	-2.63855e-07	-1.05218e-13	-1.22098e-05	0.000403457	9.66108e-08
16.6153	5.3603e-09	-2.63855e-07	-8.4939e-14	9.10674e-05	-0.00461924	1.00456e-07
16.6153	5.77858e-09	-2.63856e-07	-7.94238e-14	3.10329e-06	-0.000439353	1.0488e-07
16.6153	6.09847e-09	-2.63856e-07	-7.52059e-14	-5.61341e-06	-0.00310826	1.09981e-07
16.6153	5.55882e-09	-2.63857e-07	-8.23208e-14	-4.75104e-06	-0.000444503	1.15842e-07
16.6153	4.85689e-09	-2.63858e-07	-9.15752e-14	-1.11094e-05	-0.000804368	1.2259e-07
16.6153	3.85859e-09	-2.63858e-07	-1.04737e-13	1.33411e-06	8.54699e-05	1.30354e-07
16.6153	2.8233e-09	-2.63859e-07	-1.18387e-13	-1.71708e-05	-0.000964265	1.39342e-07
16.6153	1.36607e-09	-2.6386e-07	-1.37599e-13	8.16398e-07	4.05815e-05	1.49824e-07
16.6153	-1.89608e-10	-2.63861e-07	-1.5811e-13	-7.71402e-06	-0.000368428	1.62122e-07
16.6153	-2.03376e-09	-2.63862e-07	-1.82424e-13	-7.02506e-06	-0.000310351	1.76709e-07
16.6153	-4.19469e-09	-2.63863e-07	-2.10915e-13	6.15364e-06	0.000270667	1.94231e-07
16.6153	-6.44201e-09	-2.63864e-07	-2.40545e-13	2.97078e-05	0.00165888	2.15737e-07
16.6153	-8.0081e-09	-2.63865e-07	-2.61192e-13	1.75478e-05	0.00200818	2.42879e-07
16.6153	-8.48781e-09	-2.63867e-07	-2.67517e-13	1.38163e-06	0.000752122	2.78722e-07
16.6153	-8.48132e-09	-2.63869e-07	-2.6743e-13	-1.97196e-07	-0.000289655	3.29595e-07
16.6153	-8.7341e-09	-2.63871e-07	-2.70762e-13	-2.54403e-06	-0.00076618	4.10392e-07
16.6153	-9.94081e-09	-2.63873e-07	-2.86671e-13	6.56806e-07	0.000134019	5.66075e-07
16.6153	-1.14731e-08	-2.63877e-07	-3.06872e-13	2.00716e-06	0.00108916	9.72939e-07
16.6153	-1.09122e-08	-2.63885e-07	-2.99473e-13	-7.0559e-07	0.000383642	3.59281e-06
16.6153	-2.6419e-09	-2.63919e-07	-1.90416e-13	-0.399999	-0.00055968	0.00312019
16.6121	-2.98471e-09	-2.2779e-07	-2.11503e-13	0.4	3.16972e-08	0.00619003
