16.6495	-3.77629e-11	-1.33086e-06	-1.92266e-15	-1.08291e-07	-0.000208126	0.0110992
16.6495	-9.48204e-09	-1.33124e-06	-4.5245e-13	-6.75104e-06	0.00186453	9.68601e-06
16.6495	-4.42599e-09	-1.33126e-06	-2.11257e-13	-2.85524e-05	0.00210703	9.37866e-07
16.6495	1.73441e-09	-1.33128e-06	8.26167e-14	7.62708e-06	-0.000429804	5.75055e-07
16.6495	5.86266e-09	-1.33129e-06	2.79549e-13	2.04195e-05	-0.00161724	4.68371e-07
16.6495	7.75668e-09	-1.3313e-06	3.69901e-13	6.60791e-06	-0.00116604	4.31535e-07
16.6495	8.33685e-09	-1.33131e-06	3.97577e-13	4.8683e-07	-0.000221484	4.18995e-07
16.6495	8.67913e-09	-1.33131e-06	4.13905e-13	-2.81943e-07	0.000141166	4.17148e-07
16.6495	9.17029e-09	-1.33132e-06	4.37336e-13	-8.35344e-07	0.000274996	4.20586e-07
16.6495	9.95851e-09	-1.33133e-06	4.74937e-13	5.11528e-08	-1.38606e-05	4.26858e-07
16.6495	1.07455e-08	-1.33134e-06	5.12478e-13	6.93767e-07	-0.000224117	4.34737e-07
16.6495	1.13019e-08	-1.33135e-06	5.39021e-13	4.58484e-07	-0.000235561	4.43582e-07
16.6495	1.16061e-08	-1.33136e-06	5.53533e-13	1.21581e-07	-0.000113142	4.53067e-07
16.6495	1.17874e-08	-1.33137e-06	5.62181e-13	5.78764e-08	-0.000114494	4.63007e-07
16.6495	1.18387e-08	-1.33138e-06	5.64629e-13	3.51297e-09	-6.66095e-05	4.73326e-07
16.6495	1.18115e-08	-1.33139e-06	5.6333e-13	-1.04046e-08	-4.56516e-05	4.83981e-07
16.6495	1.17278e-08	-1.3314e-06	5.59337e-13	-6.76943e-08	-0.000109798	4.94959e-07
16.6495	1.15048e-08	-1.33141e-06	5.487e-13	-2.37043e-08	-2.48681e-05	5.06262e-07
16.6495	1.12449e-08	-1.33142e-06	5.363e-13	-2.81214e-07	-0.000189003	5.17918e-07
16.6495	1.07314e-08	-1.33143e-06	5.11806e-13	-3.76448e-07	-0.00015956	5.29924e-07
16.6495	9.99218e-09	-1.33144e-06	4.76543e-13	-3.68599e-07	-0.000120481	5.42281e-07
16.6495	9.07047e-09	-1.33145e-06	4.32574e-13	-3.37505e-07	-9.38741e-05	5.54998e-07
16.6495	7.99529e-09	-1.33147e-06	3.81284e-13	-5.27145e-07	-0.000127093	5.681e-07
16.6495	6.71206e-09	-1.33148e-06	3.20069e-13	-2.5396e-07	-5.51681e-05	5.81576e-07
16.6495	5.31715e-09	-1.33149e-06	2.53527e-13	-3.2803e-07	-6.68304e-05	5.95431e-07
16.6495	3.7883e-09	-1.3315e-06	1.80595e-13	1.38811e-07	2.7728e-05	6.09681e-07
16.6495	2.26553e-09	-1.33152e-06	1.07953e-13	6.99028e-07	0.000153531	6.24336e-07
16.6495	9.48589e-10	-1.33153e-06	4.513e-14	4.472e-07	0.000115226	6.39401e-07
16.6495	-2.13815e-10	-1.33154e-06	-1.03209e-14	1.94621e-07	5.63781e-05	6.54877e-07
16.6495	-1.31097e-09	-1.33156e-06	-6.26593e-14	5.04617e-07	0.000175713	6.7077e-07
16.6495	-2.13661e-09	-1.33157e-06	-1.02045e-13	9.74065e-08	4.18424e-05	6.87076e-07
16.6495	-2.90957e-09	-1.33159e-06	-1.38919e-13	3.00148e-07	0.000165975	7.03783e-07
16.6495	-3.40581e-09	-1.3316e-06	-1.62591e-13	1.9091e-07	0.0003148	7.20902e-07
16.6495	-3.33995e-09	-1.33162e-06	-1.59449e-13	-3.12959e-07	0.00031954	7.38423e-07
16.6495	-2.67552e-09	-1.33163e-06	-1.27753e-13	-1.27808e-06	0.000442921	7.56334e-07
16.6495	-1.14748e-09	-1.33165e-06	-5.48601e-14	-5.66393e-08	1.40613e-05	7.74641e-07
16.6495	4.45069e-10	-1.33166e-06	2.11103e-14	3.81361e-07	-0.000100012	7.93332e-07
16.6495	1.87524e-09	-1.33168e-06	8.93349e-14	3.87236e-07	-0.000118537	8.12401e-07
16.6495	3.09614e-09	-1.3317e-06	1.47576e-13	4.90121e-07	-0.000197993	8.31849e-07
16.6495	3.92958e-09	-1.33172e-06	1.87334e-13	3.10117e-07	-0.000214869	8.51653e-07
16.6495	4.31995e-09	-1.33173e-06	2.05956e-13	7.88984e-08	-0.000217032	8.71795e-07
16.6495	4.241e-09	-1.33175e-06	2.0219e-13	-2.36385e-08	-6.78138e-05	8.92266e-07
16.6495	4.00717e-09	-1.33177e-06	1.91036e-13	-9.0307e-08	-0.00011285	9.13068e-07
16.6495	3.50736e-09	-1.33179e-06	1.67193e-13	-1.55571e-07	-0.000113813	9.34183e-07
16.6495	2.72722e-09	-1.33181e-06	1.29977e-13	-2.22305e-08	-1.31977e-05	9.55575e-07
16.6495	1.89742e-09	-1.33183e-06	9.03926e-14	1.53141e-07	0.000105314	9.77209e-07
16.6495	1.30909e-09	-1.33185e-06	6.23272e-14	1.17236e-07	0.000139022	9.99061e-07
16.6495	1.05873e-09	-1.33187e-06	5.03843e-14	2.3349e-08	7.69974e-05	1.02113e-06
16.6495	1.00157e-09	-1.3319e-06	4.76576e-14	-2.86776e-09	6.26192e-05	1.04339e-06
16.6495	1.10826e-09	-1.33192e-06	5.27472e-14	-1.93447e-08	5.63588e-05	1.06579e-06
16.6495	1.36898e-09	-1.33194e-06	6.51842e-14	-3.87583e-08	6.09028e-05	1.08834e-06
16.6495	1.8026e-09	-1.33196e-06	8.58696e-14	2.66607e-08	-3.85052e-05	1.11109e-06
16.6495	2.13719e-09	-1.33199e-06	1.01831e-13	3.38304e-08	-9.30993e-05	1.13407e-06
16.6495	2.21201e-09	-1.33201e-06	1.054e-13	-3.75251e-09	-7.28552e-05	1.15727e-06
16.6495	2.07546e-09	-1.33204e-06	9.88858e-14	-2.51885e-09	-9.76132e-06	1.1807e-06
16.6495	1.90705e-09	-1.33206e-06	9.08521e-14	2.24398e-09	8.59895e-06	1.20442e-06
16.6495	1.76141e-09	-1.33209e-06	8.39049e-14	-3.88193e-10	-1.59479e-06	1.22845e-06
16.6495	1.60794e-09	-1.33211e-06	7.65836e-14	5.97924e-09	4.19229e-05	1.25273e-06
16.6495	1.58402e-09	-1.33214e-06	7.54427e-14	-1.27178e-09	3.13526e-05	1.27724e-06
16.6495	1.66072e-09	-1.33217e-06	7.91014e-14	1.12017e-09	-1.29317e-05	1.30214e-06
16.6495	1.69641e-09	-1.33219e-06	8.08037e-14	1.29418e-10	-1.89904e-05	1.32746e-06
16.6495	1.66916e-09	-1.33222e-06	7.95039e-14	-1.59087e-10	-3.26013e-06	1.35299e-06
16.6495	1.63026e-09	-1.33225e-06	7.76482e-14	-1.18636e-09	-1.31909e-05	1.37843e-06
16.6495	1.54476e-09	-1.33228e-06	7.35697e-14	5.1906e-10	4.66492e-06	1.40351e-06
16.6495	1.47425e-09	-1.33231e-06	7.02062e-14	6.73079e-10	3.12129e-05	1.42812e-06
16.6495	1.51492e-09	-1.33234e-06	7.21461e-14	-4.53467e-10	6.28338e-06	1.45224e-06
16.6495	1.57926e-09	-1.33237e-06	7.52154e-14	7.44266e-10	-2.09362e-05	1.47598e-06
16.6495	1.56677e-09	-1.3324e-06	7.46195e-14	-1.54003e-10	-5.17973e-06	1.49967e-06
16.6495	1.5345e-09	-1.33243e-06	7.30803e-14	1.80088e-10	9.48479e-06	1.52364e-06
16.6495	1.53813e-09	-1.33247e-06	7.32536e-14	-4.22145e-11	-5.16595e-06	1.54804e-06
16.6495	1.52167e-09	-1.3325e-06	7.24684e-14	-9.46524e-11	-3.243e-06	1.5729e-06
16.6495	1.49209e-09	-1.33253e-06	7.10573e-14	1.3436e-10	8.86725e-06	1.59816e-06
16.6496	1.49775e-09	-1.33257e-06	7.13272e-14	3.15821e-12	-5.47124e-07	1.62379e-06
16.6496	1.50126e-09	-1.3326e-06	7.14945e-14	-2.31114e-10	8.79692e-06	1.64986e-06
16.6496	1.5414e-09	-1.33264e-06	7.34093e-14	2.15849e-10	-1.228e-05	1.6767e-06
16.6496	1.5303e-09	-1.33267e-06	7.288e-14	-2.33724e-10	-7.39491e-06	1.7048e-06
16.6496	1.48723e-09	-1.33271e-06	7.08255e-14	1.53389e-10	3.76892e-06	1.73476e-06
16.6496	1.45988e-09	-1.33275e-06	6.95205e-14	8.34685e-11	3.85934e-06	1.76732e-06
16.6496	1.44921e-09	-1.33278e-06	6.90115e-14	-6.71598e-12	5.29703e-06	1.80304e-06
16.6496	1.46244e-09	-1.33282e-06	6.96426e-14	-3.64283e-11	1.89504e-06	1.84158e-06
16.6496	1.48477e-09	-1.33286e-06	7.07081e-14	5.37642e-11	-3.54982e-06	1.88179e-06
16.6496	1.49072e-09	-1.3329e-06	7.09916e-14	-3.50293e-10	-1.31542e-05	1.92198e-06
16.6496	1.43293e-09	-1.33294e-06	6.82349e-14	-4.37648e-11	-7.15108e-07	1.96023e-06
16.6496	1.37051e-09	-1.33298e-06	6.52571e-14	-1.32981e-10	-1.95707e-06	1.99514e-06
16.6496	1.2972e-09	-1.33303e-06	6.17601e-14	5.29477e-10	1.37323e-05	2.0264e-06
16.6496	1.29289e-09	-1.33307e-06	6.15546e-14	-4.88333e-10	1.48468e-05	2.05506e-06
16.6496	1.36532e-09	-1.33311e-06	6.50097e-14	2.86238e-10	-4.96865e-06	2.08393e-06
16.6496	1.41272e-09	-1.33316e-06	6.72711e-14	2.01849e-10	-9.98774e-06	2.11661e-06
16.6496	1.40764e-09	-1.3332e-06	6.70284e-14	-1.54787e-10	-6.97469e-06	2.1486e-06
16.6496	1.36477e-09	-1.33325e-06	6.49833e-14	1.39367e-10	1.06014e-05	2.17335e-06
16.6496	1.37936e-09	-1.33329e-06	6.56795e-14	-1.61377e-11	1.01948e-06	2.19274e-06
16.6496	1.39968e-09	-1.33334e-06	6.66491e-14	-4.68419e-11	2.00012e-06	2.21091e-06
16.6496	1.43128e-09	-1.33339e-06	6.81563e-14	7.91907e-11	-6.56755e-06	2.22753e-06
16.6496	1.42639e-09	-1.33343e-06	6.79232e-14	-7.19094e-11	-4.56245e-06	2.24081e-06
16.6496	1.39585e-09	-1.33348e-06	6.64663e-14	-5.38347e-10	-1.02132e-05	2.25255e-06
16.6496	1.30749e-09	-1.33353e-06	6.22511e-14	4.4425e-10	7.44843e-06	2.26312e-06
16.6496	1.26099e-09	-1.33357e-06	6.00327e-14	1.6819e-10	8.01801e-06	2.27163e-06
16.6496	1.25994e-09	-1.33362e-06	5.99828e-14	-3.72552e-11	4.05343e-06	2.27887e-06
16.6496	1.28202e-09	-1.33367e-06	6.1036e-14	3.20106e-11	-5.35376e-06	2.28497e-06
16.6496	1.27353e-09	-1.33372e-06	6.0631e-14	-1.86414e-11	4.59826e-06	2.28953e-06
16.6496	1.29137e-09	-1.33377e-06	6.1482e-14	-2.03304e-11	1.11276e-06	2.29298e-06
16.6496	1.31561e-09	-1.33382e-06	6.26385e-14	2.80587e-11	-1.64266e-06	2.29524e-06
16.6496	1.33044e-09	-1.33386e-06	6.33461e-14	1.4908e-11	-1.71815e-06	2.29616e-06
16.6496	1.33541e-09	-1.33391e-06	6.35832e-14	-1.23666e-11	1.52842e-06	2.29593e-06
16.6496	1.34915e-09	-1.33396e-06	6.42386e-14	-1.36843e-10	-1.01727e-05	2.29442e-06
16.6496	1.30456e-09	-1.33401e-06	6.21112e-14	-3.16156e-11	-7.76454e-07	2.29168e-06
16.6496	1.25558e-09	-1.33406e-06	5.97748e-14	1.03623e-10	2.9181e-06	2.2877e-06
16.6496	1.22337e-09	-1.3341e-06	5.82385e-14	-2.59708e-11	1.21329e-05	2.28235e-06
16.6496	1.26039e-09	-1.33415e-06	6.00043e-14	5.93933e-12	-1.82683e-07	2.27573e-06
16.6496	1.29625e-09	-1.3342e-06	6.1715e-14	9.24266e-11	-4.60358e-06	2.26781e-06
16.6496	1.30593e-09	-1.33425e-06	6.21766e-14	-5.81426e-12	5.89014e-07	2.25864e-06
16.6496	1.31888e-09	-1.3343e-06	6.27945e-14	1.08915e-11	-3.2801e-06	2.24833e-06
16.6496	1.31338e-09	-1.33434e-06	6.2532e-14	-1.45288e-12	2.23796e-06	2.23683e-06
16.6496	1.32039e-09	-1.33439e-06	6.28663e-14	-6.61773e-13	1.14003e-07	2.22424e-06
16.6496	1.32798e-09	-1.33444e-06	6.32288e-14	-2.82449e-11	2.26407e-06	2.21048e-06
16.6496	1.34801e-09	-1.33448e-06	6.41838e-14	-2.65681e-11	1.25126e-06	2.19566e-06
16.6496	1.37473e-09	-1.33453e-06	6.54588e-14	3.13705e-11	-1.51571e-06	2.17984e-06
16.6496	1.39303e-09	-1.33457e-06	6.63317e-14	2.84614e-11	-3.28099e-06	2.16297e-06
16.6496	1.39351e-09	-1.33462e-06	6.63546e-14	-6.07663e-11	-5.02365e-06	2.14526e-06
16.6496	1.36716e-09	-1.33466e-06	6.50975e-14	6.04742e-11	5.37209e-06	2.12665e-06
16.6496	1.36948e-09	-1.33471e-06	6.52081e-14	-8.6045e-11	5.44807e-06	2.10716e-06
16.6496	1.40033e-09	-1.33475e-06	6.66802e-14	-8.05073e-11	2.29211e-06	2.08691e-06
16.6496	1.44279e-09	-1.3348e-06	6.87054e-14	1.62439e-10	-9.5688e-06	2.06584e-06
16.6496	1.43564e-09	-1.33484e-06	6.83645e-14	-1.38018e-11	-1.34538e-06	2.04391e-06
16.6496	1.42174e-09	-1.33488e-06	6.77012e-14	-6.49012e-11	-3.04985e-06	2.02138e-06
16.6496	1.39266e-09	-1.33493e-06	6.63142e-14	8.30279e-11	6.33321e-06	1.9983e-06
16.6496	1.39538e-09	-1.33497e-06	6.64438e-14	-5.57609e-11	4.21049e-06	1.97451e-06
16.6496	1.41872e-09	-1.33501e-06	6.75573e-14	-8.92814e-10	1.47306e-05	1.95012e-06
16.6496	1.51313e-09	-1.33505e-06	7.2061e-14	8.95616e-10	-1.48434e-05	1.92532e-06
16.6496	1.53534e-09	-1.33509e-06	7.31206e-14	-1.01746e-11	-9.71175e-06	1.90014e-06
16.6496	1.51143e-09	-1.33513e-06	7.198e-14	-8.64988e-13	-3.68929e-08	1.87451e-06
16.6496	1.48768e-09	-1.33517e-06	7.08469e-14	-1.32004e-11	1.07037e-05	1.84845e-06
16.6496	1.51338e-09	-1.33521e-06	7.20726e-14	-1.46009e-10	3.87595e-06	1.82202e-06
16.6496	1.55622e-09	-1.33525e-06	7.41166e-14	-1.44776e-10	2.67859e-06	1.79543e-06
16.6496	1.61037e-09	-1.33528e-06	7.66998e-14	3.18195e-11	-5.34195e-07	1.76867e-06
16.6496	1.66136e-09	-1.33532e-06	7.91322e-14	8.82601e-11	-2.16077e-05	1.74162e-06
16.6496	1.61822e-09	-1.33536e-06	7.7074e-14	2.38244e-10	7.87087e-06	1.71436e-06
16.6496	1.60922e-09	-1.33539e-06	7.66446e-14	-1.02106e-10	8.85084e-06	1.68701e-06
16.6496	1.63739e-09	-1.33543e-06	7.79885e-14	-3.62331e-10	7.06103e-06	1.65958e-06
16.6496	1.69415e-09	-1.33546e-06	8.06962e-14	1.00049e-10	-1.53497e-06	1.63214e-06
16.6496	1.74376e-09	-1.3355e-06	8.30626e-14	3.75576e-10	-1.19322e-05	1.6048e-06
16.6496	1.74506e-09	-1.33553e-06	8.31249e-14	-5.54962e-11	4.39756e-06	1.57744e-06
16.6496	1.76353e-09	-1.33556e-06	8.40061e-14	-6.83419e-11	2.32369e-06	1.55005e-06
16.6496	1.79061e-09	-1.33559e-06	8.52977e-14	-3.38331e-11	9.03668e-07	1.5227e-06
16.6496	1.82061e-09	-1.33563e-06	8.6729e-14	7.02631e-11	-1.3883e-05	1.49546e-06
16.6496	1.79864e-09	-1.33566e-06	8.56809e-14	5.33524e-11	2.20879e-06	1.46837e-06
16.6496	1.78511e-09	-1.33569e-06	8.50353e-14	6.67148e-12	7.0683e-06	1.44147e-06
16.6496	1.79706e-09	-1.33572e-06	8.56053e-14	1.5178e-11	-1.07695e-06	1.41469e-06
16.6496	1.80501e-09	-1.33575e-06	8.59847e-14	-1.89887e-09	2.53836e-05	1.38817e-06
16.6496	1.90007e-09	-1.33578e-06	9.05194e-14	-5.18803e-10	3.52755e-06	1.36194e-06
16.6496	2.00522e-09	-1.3358e-06	9.55353e-14	2.29318e-09	-2.37641e-05	1.33582e-06
16.6496	2.02975e-09	-1.33583e-06	9.67054e-14	7.69606e-11	-1.23413e-05	1.30989e-06
16.6496	2.01378e-09	-1.33586e-06	9.59437e-14	-5.88442e-10	-1.11892e-05	1.28422e-06
16.6496	1.96256e-09	-1.33589e-06	9.35004e-14	5.88411e-10	2.10431e-05	1.25886e-06
16.6496	1.97792e-09	-1.33591e-06	9.4233e-14	-1.92236e-09	2.32354e-05	1.23373e-06
16.6496	2.06391e-09	-1.33594e-06	9.8335e-14	-3.02344e-09	1.65861e-05	1.20885e-06
16.6496	2.19777e-09	-1.33596e-06	1.04721e-13	4.66802e-09	-3.31119e-05	1.18434e-06
16.6496	2.23188e-09	-1.33599e-06	1.06348e-13	-1.44896e-09	-3.838e-05	1.16011e-06
16.6496	2.15513e-09	-1.33601e-06	1.02687e-13	6.90855e-10	5.79452e-06	1.13615e-06
16.6496	2.09625e-09	-1.33604e-06	9.9878e-14	-6.57065e-10	4.74339e-05	1.11255e-06
16.6496	2.16915e-09	-1.33606e-06	1.03355e-13	6.26018e-10	-5.24607e-06	1.0892e-06
16.6496	2.22637e-09	-1.33608e-06	1.06085e-13	1.22289e-10	-1.18402e-06	1.06612e-06
16.6496	2.27926e-09	-1.3361e-06	1.08608e-13	8.8666e-10	-1.31542e-05	1.04346e-06
16.6496	2.29707e-09	-1.33613e-06	1.09458e-13	6.99982e-11	-1.13386e-05	1.02104e-06
16.6496	2.28588e-09	-1.33615e-06	1.08924e-13	-1.50082e-10	-4.49332e-06	9.98876e-07
16.6496	2.26382e-09	-1.33617e-06	1.07872e-13	-2.37229e-09	4.10012e-05	9.77064e-07
16.6496	2.3413e-09	-1.33619e-06	1.11567e-13	-6.70668e-09	2.88482e-05	9.55472e-07
16.6496	2.48518e-09	-1.33621e-06	1.18431e-13	-8.62163e-09	2.36961e-05	9.34118e-07
16.6496	2.68054e-09	-1.33623e-06	1.27751e-13	1.65484e-08	-6.13643e-05	9.13105e-07
16.6496	2.73302e-09	-1.33625e-06	1.30254e-13	-5.63128e-09	-7.61033e-05	8.92359e-07
16.6496	2.61648e-09	-1.33627e-06	1.24694e-13	1.91989e-09	7.84786e-06	8.71842e-07
16.6496	2.51954e-09	-1.33628e-06	1.2007e-13	4.33291e-09	6.20942e-05	8.5165e-07
16.6496	2.5555e-09	-1.3363e-06	1.21786e-13	-5.43184e-09	3.25561e-05	8.31661e-07
16.6496	2.65748e-09	-1.33632e-06	1.26651e-13	-2.85697e-09	1.04165e-05	8.11874e-07
16.6496	2.77792e-09	-1.33634e-06	1.32396e-13	8.20236e-09	-4.19881e-05	7.92421e-07
16.6496	2.81329e-09	-1.33635e-06	1.34083e-13	-4.68845e-09	-6.50025e-05	7.73085e-07
16.6496	2.72374e-09	-1.33637e-06	1.29811e-13	1.65128e-09	7.66327e-06	7.53861e-07
16.6496	2.65067e-09	-1.33638e-06	1.26326e-13	3.84576e-09	3.74388e-05	7.35045e-07
16.6496	2.64736e-09	-1.3364e-06	1.26168e-13	-8.41674e-12	-7.65154e-07	7.16413e-07
16.6496	2.64278e-09	-1.33641e-06	1.25949e-13	-1.82765e-10	-6.34459e-06	6.97757e-07
16.6496	2.62741e-09	-1.33643e-06	1.25216e-13	-2.30118e-09	4.0562e-05	6.79382e-07
16.6496	2.68041e-09	-1.33644e-06	1.27744e-13	-8.25328e-09	3.39592e-05	6.61255e-07
16.6496	2.78735e-09	-1.33646e-06	1.32846e-13	-5.86764e-09	1.59527e-05	6.43117e-07
16.6496	2.91659e-09	-1.33647e-06	1.39011e-13	-9.95107e-08	0.00013399	6.2512e-07
16.6496	3.24862e-09	-1.33648e-06	1.5485e-13	-1.1534e-07	8.87547e-05	6.0747e-07
16.6496	3.70408e-09	-1.3365e-06	1.76577e-13	1.03257e-07	-7.78194e-05	5.89941e-07
16.6496	4.03311e-09	-1.33651e-06	1.92273e-13	9.13541e-08	-0.000347893	5.72387e-07
16.6496	3.86201e-09	-1.33652e-06	1.84111e-13	-3.11013e-07	-0.0002516	5.55083e-07
16.6496	3.35232e-09	-1.33653e-06	1.59797e-13	-2.60743e-07	-0.000120375	5.38146e-07
16.6496	2.69887e-09	-1.33654e-06	1.28625e-13	-6.13532e-07	-0.000205781	5.21353e-07
16.6496	1.80225e-09	-1.33655e-06	8.58529e-14	-3.8533e-07	-0.000102682	5.04615e-07
16.6496	8.07376e-10	-1.33656e-06	3.83941e-14	9.602e-08	2.43177e-05	4.88182e-07
16.6496	-1.25849e-10	-1.33657e-06	-6.12396e-15	9.6339e-07	0.000309331	4.72209e-07
16.6496	-6.6937e-10	-1.33658e-06	-3.20518e-14	4.98568e-07	0.000608934	4.56557e-07
16.6496	-5.11493e-10	-1.33659e-06	-2.45205e-14	-1.3393e-06	0.000604617	4.41204e-07
16.6496	2.96498e-10	-1.3366e-06	1.40235e-14	-3.93127e-06	0.000713435	4.26314e-07
16.6496	1.82456e-09	-1.33661e-06	8.69173e-14	-3.54383e-06	0.000424178	4.11976e-07
16.6496	3.73082e-09	-1.33662e-06	1.77852e-13	-3.35217e-06	0.000327548	3.9815e-07
16.6496	5.89349e-09	-1.33663e-06	2.81019e-13	2.02732e-06	-0.000191731	3.84849e-07
16.6496	7.803e-09	-1.33664e-06	3.72109e-13	2.88502e-06	-0.000309539	3.72374e-07
16.6496	9.36863e-09	-1.33664e-06	4.46795e-13	3.2342e-06	-0.000433371	3.6085e-07
16.6496	1.05019e-08	-1.33665e-06	5.00857e-13	3.40521e-06	-0.000760359	3.50102e-07
16.6496	1.09464e-08	-1.33666e-06	5.22061e-13	4.96099e-07	-0.000774907	3.40003e-07
16.6496	1.07291e-08	-1.33666e-06	5.11693e-13	-2.76779e-06	-0.000824286	3.30511e-07
16.6496	9.84608e-09	-1.33667e-06	4.69572e-13	-5.2271e-06	-0.000723284	3.21711e-07
16.6496	8.41178e-09	-1.33668e-06	4.0115e-13	-1.72519e-07	-1.89941e-05	3.14379e-07
16.6496	6.99092e-09	-1.33668e-06	3.3337e-13	-4.35108e-07	-4.70494e-05	3.09172e-07
16.6496	5.55295e-09	-1.33669e-06	2.64774e-13	1.29489e-06	0.00014378	3.05745e-07
16.6496	4.23699e-09	-1.3367e-06	2.01999e-13	2.15336e-06	0.000270145	3.03573e-07
16.6496	3.13265e-09	-1.3367e-06	1.49318e-13	-2.42264e-06	-0.000301013	3.02401e-07
16.6496	1.80352e-09	-1.33671e-06	8.59134e-14	3.41566e-06	0.000444143	3.02192e-07
16.6496	8.08882e-10	-1.33672e-06	3.84659e-14	2.33888e-06	0.000423646	3.02928e-07
16.6496	1.31765e-10	-1.33672e-06	6.16515e-15	1.98041e-06	0.000828426	3.04665e-07
16.6496	8.29146e-11	-1.33673e-06	3.8348e-15	-3.97123e-08	0.000205207	3.07584e-07
16.6496	1.92205e-10	-1.33674e-06	9.04832e-15	-2.35934e-07	0.000196836	3.12044e-07
16.6496	4.58257e-10	-1.33674e-06	2.17399e-14	-1.49527e-08	8.73127e-06	3.18387e-07
16.6496	7.37537e-10	-1.33675e-06	3.50626e-14	-4.39173e-07	0.000197176	3.26625e-07
16.6496	1.18801e-09	-1.33676e-06	5.65516e-14	3.84505e-07	-0.00016697	3.36684e-07
16.6497	1.51057e-09	-1.33676e-06	7.1939e-14	-5.07819e-08	2.60354e-05	3.48657e-07
16.6497	1.86848e-09	-1.33677e-06	8.90126e-14	3.78585e-07	-0.000297908	3.62605e-07
16.6497	1.96582e-09	-1.33678e-06	9.36558e-14	1.28929e-08	-2.83214e-05	3.78664e-07
16.6497	2.04026e-09	-1.33679e-06	9.72068e-14	-2.33237e-08	-0.000200341	3.97076e-07
16.6497	1.91468e-09	-1.3368e-06	9.12161e-14	-1.97365e-08	-2.86495e-05	4.18225e-07
16.6497	1.75133e-09	-1.3368e-06	8.3424e-14	-4.61639e-08	-5.18597e-05	4.42574e-07
16.6497	1.51902e-09	-1.33681e-06	7.23421e-14	5.5444e-09	5.51109e-06	4.70592e-07
16.6497	1.2781e-09	-1.33682e-06	6.08494e-14	-7.13644e-08	-6.21797e-05	5.03017e-07
16.6497	9.38996e-10	-1.33684e-06	4.46728e-14	3.39457e-09	2.618e-06	5.40836e-07
16.6497	5.7698e-10	-1.33685e-06	2.74034e-14	-3.20643e-08	-2.37606e-05	5.85219e-07
16.6497	1.47833e-10	-1.33686e-06	6.93166e-15	-2.92044e-08	-2.00178e-05	6.37852e-07
16.6497	-3.55029e-10	-1.33687e-06	-1.70566e-14	2.5581e-08	1.74576e-05	7.011e-07
16.6497	-8.77992e-10	-1.33689e-06	-4.20037e-14	1.2347e-07	0.000106969	7.78797e-07
16.6497	-1.24243e-09	-1.33691e-06	-5.93888e-14	7.2906e-08	0.000129447	8.76879e-07
16.6497	-1.35407e-09	-1.33693e-06	-6.47141e-14	5.73983e-09	4.84762e-05	1.00633e-06
16.6497	-1.35256e-09	-1.33695e-06	-6.46423e-14	-8.19233e-10	-1.86687e-05	1.19002e-06
16.6497	-1.41139e-09	-1.33698e-06	-6.74486e-14	-1.05685e-08	-4.93826e-05	1.48173e-06
16.6497	-1.6922e-09	-1.33701e-06	-8.08442e-14	2.7286e-09	8.63792e-06	2.04381e-06
16.6497	-2.04878e-09	-1.33706e-06	-9.78543e-14	8.33861e-09	7.01992e-05	3.51281e-06
16.6497	-1.91827e-09	-1.33716e-06	-9.16285e-14	-2.93004e-09	2.47265e-05	1.29719e-05
16.6497	6.19177e-12	-1.33761e-06	1.74971e-16	-0.4	-3.60696e-05	0.0112613
16.6384	5.82438e-12	-8.64358e-07	9.9465e-17	0.4	-7.79525e-10	0.0223407
