16.6136	-4.2826e-09	-2.41728e-07	-2.73322e-13	-3.51432e-05	-0.00374916	0.00286761
16.6136	-4.82277e-08	-2.41753e-07	-8.13517e-13	-0.00215514	0.0332672	2.50368e-06
16.6136	-2.47012e-08	-2.41755e-07	-5.24307e-13	-0.00840249	0.0347073	2.48668e-07
16.6136	3.96401e-09	-2.41756e-07	-1.71928e-13	0.0021392	-0.00669311	1.56042e-07
16.6136	2.31733e-08	-2.41757e-07	6.42102e-14	0.00610465	-0.0269701	1.24451e-07
16.6136	3.19864e-08	-2.41757e-07	1.7255e-13	0.00210356	-0.0206586	1.12191e-07
16.6136	3.4686e-08	-2.41758e-07	2.05736e-13	0.000157645	-0.00398109	1.08301e-07
16.6136	3.62787e-08	-2.41758e-07	2.25315e-13	-9.13473e-05	0.00253861	1.07806e-07
16.6136	3.85642e-08	-2.41759e-07	2.5341e-13	-0.000269894	0.00493209	1.08792e-07
16.6136	4.22319e-08	-2.4176e-07	2.98498e-13	1.65096e-05	-0.000248294	1.10485e-07
16.6136	4.58937e-08	-2.4176e-07	3.43513e-13	0.000224111	-0.00401868	1.12455e-07
16.6136	4.84828e-08	-2.41761e-07	3.75341e-13	0.000148542	-0.00423628	1.14636e-07
16.6136	4.98984e-08	-2.41761e-07	3.92743e-13	3.9443e-05	-0.00203728	1.17033e-07
16.6136	5.07419e-08	-2.41762e-07	4.03112e-13	1.87851e-05	-0.00206258	1.19583e-07
16.6136	5.09807e-08	-2.41763e-07	4.06048e-13	1.14056e-06	-0.0012001	1.22243e-07
16.6136	5.0854e-08	-2.41763e-07	4.04492e-13	-3.3773e-06	-0.000822496	1.24995e-07
16.6136	5.04646e-08	-2.41764e-07	3.99705e-13	-2.1969e-05	-0.00197781	1.27839e-07
16.6136	4.9427e-08	-2.41765e-07	3.8695e-13	-7.69205e-06	-0.000447897	1.30768e-07
16.6136	4.82175e-08	-2.41766e-07	3.72082e-13	-9.1178e-05	-0.0034015	1.33811e-07
16.6136	4.58283e-08	-2.41766e-07	3.42713e-13	-0.000121854	-0.00286682	1.36988e-07
16.6136	4.23886e-08	-2.41767e-07	3.0043e-13	-0.000119126	-0.00216121	1.40265e-07
16.6136	3.80998e-08	-2.41768e-07	2.47709e-13	-0.000108866	-0.00168064	1.43635e-07
16.6136	3.30969e-08	-2.41769e-07	1.86208e-13	-0.000169683	-0.00227069	1.47129e-07
16.6136	2.71258e-08	-2.41769e-07	1.12808e-13	-8.16099e-05	-0.000983973	1.50714e-07
16.6136	2.06352e-08	-2.4177e-07	3.30192e-14	-0.000105233	-0.00118996	1.54377e-07
16.6136	1.35213e-08	-2.41771e-07	-5.44309e-14	4.45077e-05	0.000493456	1.58095e-07
16.6136	6.43564e-09	-2.41772e-07	-1.41533e-13	0.000224663	0.0027389	1.61787e-07
16.6136	3.07728e-10	-2.41773e-07	-2.16862e-13	0.000144065	0.00206032	1.65537e-07
16.6136	-5.10107e-09	-2.41774e-07	-2.83352e-13	6.2828e-05	0.00101016	1.69454e-07
16.6136	-1.02063e-08	-2.41775e-07	-3.46109e-13	0.000163133	0.00315301	1.73469e-07
16.6136	-1.4048e-08	-2.41776e-07	-3.93335e-13	3.15486e-05	0.000752194	1.77602e-07
16.6136	-1.76447e-08	-2.41777e-07	-4.37548e-13	9.72612e-05	0.00298534	1.81862e-07
16.6136	-1.99538e-08	-2.41778e-07	-4.65932e-13	6.19427e-05	0.00567025	1.8621e-07
16.6136	-1.96473e-08	-2.41779e-07	-4.62163e-13	-0.000101513	0.00575388	1.90756e-07
16.6136	-1.65556e-08	-2.4178e-07	-4.24157e-13	-0.000412971	0.00794647	1.95637e-07
16.6136	-9.44542e-09	-2.41781e-07	-3.36751e-13	-1.82408e-05	0.000251341	2.00585e-07
16.6136	-2.03507e-09	-2.41782e-07	-2.45656e-13	0.000122925	-0.00178929	2.05371e-07
16.6136	4.61973e-09	-2.41783e-07	-1.63848e-13	0.000125046	-0.0021246	2.10177e-07
16.6136	1.03007e-08	-2.41784e-07	-9.40116e-14	0.000158609	-0.00355648	2.15055e-07
16.6136	1.41789e-08	-2.41785e-07	-4.63374e-14	0.000100555	-0.00386726	2.20032e-07
16.6136	1.59953e-08	-2.41786e-07	-2.40068e-14	2.56073e-05	-0.00390987	2.25166e-07
16.6136	1.5628e-08	-2.41788e-07	-2.8522e-14	-7.67249e-06	-0.00122171	2.30445e-07
16.6136	1.454e-08	-2.41789e-07	-4.18955e-14	-2.93051e-05	-0.00203261	2.35839e-07
16.6136	1.22143e-08	-2.4179e-07	-7.04837e-14	-5.04539e-05	-0.00204873	2.41338e-07
16.6136	8.58421e-09	-2.41791e-07	-1.15107e-13	-7.20205e-06	-0.000237314	2.46903e-07
16.6136	4.72306e-09	-2.41793e-07	-1.62571e-13	4.96554e-05	0.00189536	2.52465e-07
16.6136	1.98552e-09	-2.41794e-07	-1.96222e-13	3.80419e-05	0.00250391	2.58054e-07
16.6136	8.20595e-10	-2.41796e-07	-2.10542e-13	7.57862e-06	0.00138719	2.63725e-07
16.6136	5.54648e-10	-2.41797e-07	-2.1381e-13	-9.31132e-07	0.00112822	2.69467e-07
16.6136	1.05112e-09	-2.41799e-07	-2.07706e-13	-6.27934e-06	0.00101536	2.75257e-07
16.6136	2.26428e-09	-2.418e-07	-1.92792e-13	-1.25791e-05	0.00109707	2.81096e-07
16.6136	4.28201e-09	-2.41802e-07	-1.67987e-13	8.65243e-06	-0.000693581	2.86975e-07
16.6136	5.83891e-09	-2.41803e-07	-1.48847e-13	1.09812e-05	-0.00167726	2.92896e-07
16.6136	6.18711e-09	-2.41805e-07	-1.44565e-13	-1.21789e-06	-0.00131263	2.98881e-07
16.6136	5.55172e-09	-2.41806e-07	-1.52375e-13	-8.17631e-07	-0.000175868	3.04933e-07
16.6136	4.76812e-09	-2.41808e-07	-1.62007e-13	7.28371e-07	0.000154924	3.11059e-07
16.6136	4.09049e-09	-2.4181e-07	-1.70335e-13	-1.26009e-07	-2.87299e-05	3.17265e-07
16.6136	3.37639e-09	-2.41811e-07	-1.79113e-13	1.94078e-06	0.000755318	3.23532e-07
16.6136	3.26513e-09	-2.41813e-07	-1.80479e-13	-4.1295e-07	0.000564884	3.29863e-07
16.6136	3.62203e-09	-2.41815e-07	-1.7609e-13	3.63647e-07	-0.000232993	3.36294e-07
16.6136	3.78811e-09	-2.41817e-07	-1.74047e-13	4.20507e-08	-0.000342151	3.42832e-07
16.6136	3.66135e-09	-2.41819e-07	-1.75604e-13	-5.16497e-08	-5.87381e-05	3.49425e-07
16.6136	3.48037e-09	-2.41821e-07	-1.77828e-13	-3.85095e-07	-0.000237665	3.55994e-07
16.6136	3.08258e-09	-2.41823e-07	-1.82716e-13	1.68469e-07	8.40509e-05	3.62472e-07
16.6136	2.75452e-09	-2.41825e-07	-1.86748e-13	2.1838e-07	0.000562365	3.68829e-07
16.6136	2.94378e-09	-2.41827e-07	-1.8442e-13	-1.47243e-07	0.00011321	3.7506e-07
16.6136	3.2432e-09	-2.41829e-07	-1.80738e-13	2.41646e-07	-0.00037721	3.8119e-07
16.6136	3.1851e-09	-2.41831e-07	-1.8145e-13	-4.99957e-08	-9.33243e-05	3.87306e-07
16.6136	3.03499e-09	-2.41833e-07	-1.83294e-13	5.84114e-08	0.000170889	3.93497e-07
16.6136	3.05193e-09	-2.41835e-07	-1.83084e-13	-1.37077e-08	-9.30754e-05	3.99801e-07
16.6136	2.97537e-09	-2.41837e-07	-1.84024e-13	-3.07358e-08	-5.8429e-05	4.0622e-07
16.6136	2.83777e-09	-2.41839e-07	-1.85714e-13	4.35677e-08	0.000159762	4.12744e-07
16.6136	2.86413e-09	-2.41842e-07	-1.85388e-13	1.00606e-09	-9.85768e-06	4.19361e-07
16.6136	2.88049e-09	-2.41844e-07	-1.85186e-13	-7.50715e-08	0.000158495	4.26095e-07
16.6136	3.0673e-09	-2.41846e-07	-1.82888e-13	7.00843e-08	-0.000221249	4.33029e-07
16.6136	3.01571e-09	-2.41849e-07	-1.8352e-13	-7.58705e-08	-0.000133236	4.40285e-07
16.6136	2.81534e-09	-2.41851e-07	-1.85982e-13	4.9759e-08	6.79052e-05	4.4802e-07
16.6136	2.68809e-09	-2.41853e-07	-1.87544e-13	2.70609e-08	6.95341e-05	4.5643e-07
16.6136	2.63847e-09	-2.41856e-07	-1.88152e-13	-2.21934e-09	9.54372e-05	4.65656e-07
16.6136	2.70007e-09	-2.41858e-07	-1.87393e-13	-1.18549e-08	3.41436e-05	4.7561e-07
16.6136	2.80404e-09	-2.41861e-07	-1.86113e-13	1.74395e-08	-6.39577e-05	4.85992e-07
16.6136	2.83175e-09	-2.41864e-07	-1.85771e-13	-1.13695e-07	-0.000237001	4.96373e-07
16.6136	2.56288e-09	-2.41866e-07	-1.89074e-13	-1.42303e-08	-1.28847e-05	5.06253e-07
16.6136	2.27247e-09	-2.41869e-07	-1.92642e-13	-4.31866e-08	-3.52601e-05	5.15269e-07
16.6136	1.93141e-09	-2.41872e-07	-1.96833e-13	1.71808e-07	0.000247416	5.23341e-07
16.6136	1.91141e-09	-2.41875e-07	-1.97077e-13	-1.58591e-07	0.000267497	5.30744e-07
16.6136	2.24847e-09	-2.41878e-07	-1.92931e-13	9.29047e-08	-8.95193e-05	5.38198e-07
16.6136	2.4691e-09	-2.41881e-07	-1.90217e-13	6.55274e-08	-0.000179951	5.46637e-07
16.6137	2.44547e-09	-2.41884e-07	-1.90506e-13	-5.02528e-08	-0.000125664	5.54899e-07
16.6137	2.24604e-09	-2.41887e-07	-1.92955e-13	4.5181e-08	0.000191007	5.61291e-07
16.6137	2.31399e-09	-2.4189e-07	-1.92117e-13	-5.2696e-09	1.83678e-05	5.66301e-07
16.6137	2.40861e-09	-2.41893e-07	-1.90952e-13	-1.52402e-08	3.60369e-05	5.70994e-07
16.6137	2.55568e-09	-2.41896e-07	-1.89142e-13	2.56983e-08	-0.000118329	5.75284e-07
16.6137	2.53299e-09	-2.41899e-07	-1.89419e-13	-2.33578e-08	-8.22024e-05	5.78714e-07
16.6137	2.39093e-09	-2.41902e-07	-1.91163e-13	-1.74756e-07	-0.000184014	5.81744e-07
16.6137	1.97982e-09	-2.41905e-07	-1.96214e-13	1.44162e-07	0.000134202	5.84477e-07
16.6137	1.76348e-09	-2.41908e-07	-1.98872e-13	5.45433e-08	0.00014446	5.86674e-07
16.6137	1.75866e-09	-2.41912e-07	-1.98929e-13	-1.21351e-08	7.30311e-05	5.88541e-07
16.6137	1.86144e-09	-2.41915e-07	-1.97663e-13	1.03784e-08	-9.64594e-05	5.9012e-07
16.6137	1.82199e-09	-2.41918e-07	-1.98146e-13	-6.09451e-09	8.28475e-05	5.91297e-07
16.6137	1.90504e-09	-2.41921e-07	-1.97122e-13	-6.63205e-09	2.00484e-05	5.92189e-07
16.6137	2.01791e-09	-2.41924e-07	-1.95733e-13	9.08395e-09	-2.95956e-05	5.9277e-07
16.6137	2.08697e-09	-2.41928e-07	-1.94882e-13	4.81545e-09	-3.09563e-05	5.93007e-07
16.6137	2.11015e-09	-2.41931e-07	-1.94594e-13	-4.04828e-09	2.75378e-05	5.92951e-07
16.6137	2.17413e-09	-2.41934e-07	-1.93806e-13	-4.44201e-08	-0.000183284	5.92557e-07
16.6137	1.96667e-09	-2.41937e-07	-1.96354e-13	-1.0289e-08	-1.39884e-05	5.91851e-07
16.6137	1.73882e-09	-2.4194e-07	-1.99152e-13	3.35994e-08	5.25753e-05	5.90826e-07
16.6137	1.58901e-09	-2.41944e-07	-2.00992e-13	-8.49665e-09	0.0002186	5.89442e-07
16.6137	1.76131e-09	-2.41947e-07	-1.98871e-13	1.89973e-09	-3.29159e-06	5.87732e-07
16.6137	1.92822e-09	-2.4195e-07	-1.96817e-13	2.99885e-08	-8.29434e-05	5.85688e-07
16.6137	1.97329e-09	-2.41953e-07	-1.96261e-13	-1.91791e-09	1.06124e-05	5.83317e-07
16.6137	2.03361e-09	-2.41956e-07	-1.95517e-13	3.51704e-09	-5.9098e-05	5.80656e-07
16.6137	2.00806e-09	-2.41959e-07	-1.95829e-13	-5.06862e-10	4.03217e-05	5.77686e-07
16.6137	2.04071e-09	-2.41962e-07	-1.95426e-13	-2.4339e-10	2.05394e-06	5.74433e-07
16.6137	2.07612e-09	-2.41966e-07	-1.94988e-13	-9.20377e-09	4.07923e-05	5.7088e-07
16.6137	2.16933e-09	-2.41969e-07	-1.9384e-13	-8.65623e-09	2.25443e-05	5.67051e-07
16.6137	2.29374e-09	-2.41972e-07	-1.92309e-13	1.01606e-08	-2.73094e-05	5.62968e-07
16.6137	2.37893e-09	-2.41975e-07	-1.91259e-13	9.22155e-09	-5.91138e-05	5.5861e-07
16.6137	2.38121e-09	-2.41978e-07	-1.91229e-13	-1.97377e-08	-9.05118e-05	5.54037e-07
16.6137	2.25864e-09	-2.41981e-07	-1.92734e-13	1.95877e-08	9.67897e-05	5.49229e-07
16.6137	2.26947e-09	-2.41984e-07	-1.92599e-13	-2.7975e-08	9.81586e-05	5.44196e-07
16.6137	2.41311e-09	-2.41987e-07	-1.90831e-13	-2.61678e-08	4.12978e-05	5.38965e-07
16.6137	2.6107e-09	-2.41989e-07	-1.884e-13	5.27339e-08	-0.000172403	5.33525e-07
16.6137	2.57749e-09	-2.41992e-07	-1.88806e-13	-4.50207e-09	-2.42399e-05	5.27862e-07
16.6137	2.51284e-09	-2.41995e-07	-1.89599e-13	-2.10844e-08	-5.49495e-05	5.22044e-07
16.6137	2.37759e-09	-2.41998e-07	-1.9126e-13	2.69077e-08	0.000114106	5.16082e-07
16.6137	2.39027e-09	-2.42001e-07	-1.91102e-13	-1.81388e-08	7.5861e-05	5.09937e-07
16.6137	2.49892e-09	-2.42003e-07	-1.89764e-13	-2.89893e-07	0.000265404	5.0364e-07
16.6137	2.93827e-09	-2.42006e-07	-1.84361e-13	2.90754e-07	-0.000267436	4.97235e-07
16.6137	3.04167e-09	-2.42009e-07	-1.83088e-13	-3.29746e-09	-0.000174978	4.90731e-07
16.6137	2.93046e-09	-2.42011e-07	-1.84454e-13	-3.04499e-10	-6.64955e-07	4.8411e-07
16.6137	2.81997e-09	-2.42014e-07	-1.8581e-13	-4.34066e-09	0.000192849	4.77382e-07
16.6137	2.93957e-09	-2.42017e-07	-1.84338e-13	-4.74312e-08	6.98326e-05	4.70558e-07
16.6137	3.13898e-09	-2.42019e-07	-1.81885e-13	-4.70306e-08	4.82636e-05	4.63688e-07
16.6137	3.39099e-09	-2.42022e-07	-1.78785e-13	1.03106e-08	-9.62667e-06	4.56776e-07
16.6137	3.62829e-09	-2.42024e-07	-1.75866e-13	2.86944e-08	-0.000389309	4.49792e-07
16.6137	3.42756e-09	-2.42027e-07	-1.78332e-13	7.72926e-08	0.00014181	4.42751e-07
16.6137	3.38572e-09	-2.42029e-07	-1.78845e-13	-3.31936e-08	0.000159467	4.35687e-07
16.6137	3.51684e-09	-2.42031e-07	-1.77231e-13	-1.17662e-07	0.00012722	4.28603e-07
16.6137	3.781e-09	-2.42034e-07	-1.73983e-13	3.24637e-08	-2.76574e-05	4.21518e-07
16.6137	4.01186e-09	-2.42036e-07	-1.71143e-13	1.21934e-07	-0.000214984	4.14456e-07
16.6137	4.01796e-09	-2.42038e-07	-1.71066e-13	-1.80483e-08	7.92313e-05	4.07389e-07
16.6137	4.10396e-09	-2.4204e-07	-1.70008e-13	-2.22118e-08	4.18667e-05	4.00317e-07
16.6137	4.22998e-09	-2.42042e-07	-1.68457e-13	-1.10043e-08	1.62809e-05	3.93254e-07
16.6137	4.36961e-09	-2.42044e-07	-1.66739e-13	2.28316e-08	-0.000250132	3.86217e-07
16.6137	4.26742e-09	-2.42046e-07	-1.67994e-13	1.7294e-08	3.97965e-05	3.79222e-07
16.6137	4.20447e-09	-2.42049e-07	-1.68766e-13	2.12596e-09	0.000127351	3.72273e-07
16.6137	4.2601e-09	-2.42051e-07	-1.68081e-13	4.91248e-09	-1.94035e-05	3.65357e-07
16.6137	4.29714e-09	-2.42052e-07	-1.67624e-13	-6.16503e-07	0.00045734	3.58508e-07
16.6137	4.7395e-09	-2.42054e-07	-1.62185e-13	-1.68433e-07	6.35534e-05	3.51735e-07
16.6137	5.22879e-09	-2.42056e-07	-1.56169e-13	7.44457e-07	-0.000428159	3.4499e-07
16.6137	5.34295e-09	-2.42058e-07	-1.54764e-13	2.50038e-08	-0.000222356	3.38292e-07
16.6137	5.26868e-09	-2.4206e-07	-1.55676e-13	-1.91e-07	-0.000201597	3.31662e-07
16.6137	5.03038e-09	-2.42062e-07	-1.58604e-13	1.90929e-07	0.000379136	3.25113e-07
16.6137	5.10187e-09	-2.42063e-07	-1.57724e-13	-6.24119e-07	0.000418635	3.18624e-07
16.6137	5.50201e-09	-2.42065e-07	-1.52804e-13	-9.81508e-07	0.000298829	3.122e-07
16.6137	6.12491e-09	-2.42067e-07	-1.45146e-13	1.51539e-06	-0.000596576	3.05869e-07
16.6137	6.28364e-09	-2.42068e-07	-1.43193e-13	-4.70249e-07	-0.000691494	2.9961e-07
16.6137	5.92655e-09	-2.4207e-07	-1.47582e-13	2.24218e-07	0.000104394	2.93422e-07
16.6137	5.65263e-09	-2.42072e-07	-1.50948e-13	-2.13451e-07	0.000854628	2.87326e-07
16.6137	5.99185e-09	-2.42073e-07	-1.46777e-13	2.03227e-07	-9.45229e-05	2.81296e-07
16.6137	6.25813e-09	-2.42075e-07	-1.43502e-13	3.96801e-08	-2.13289e-05	2.75337e-07
16.6137	6.50424e-09	-2.42076e-07	-1.40476e-13	2.87856e-07	-0.000237004	2.69484e-07
16.6137	6.58715e-09	-2.42078e-07	-1.39456e-13	2.27435e-08	-0.000204288	2.63695e-07
16.6137	6.53507e-09	-2.42079e-07	-1.40095e-13	-4.87185e-08	-8.0957e-05	2.57969e-07
16.6137	6.43249e-09	-2.4208e-07	-1.41355e-13	-7.70214e-07	0.000738721	2.52337e-07
16.6137	6.793e-09	-2.42082e-07	-1.36922e-13	-2.17715e-06	0.00051975	2.46763e-07
16.6137	7.46252e-09	-2.42083e-07	-1.28691e-13	-2.79862e-06	0.000426906	2.41251e-07
16.6137	8.37159e-09	-2.42084e-07	-1.17515e-13	5.37179e-06	-0.00110556	2.35821e-07
16.6137	8.61578e-09	-2.42086e-07	-1.14513e-13	-1.82774e-06	-0.00137116	2.30461e-07
16.6137	8.07353e-09	-2.42087e-07	-1.21178e-13	6.23182e-07	0.000141393	2.25165e-07
16.6137	7.62246e-09	-2.42088e-07	-1.26722e-13	1.40631e-06	0.00111875	2.19948e-07
16.6137	7.78981e-09	-2.42089e-07	-1.24663e-13	-1.76334e-06	0.000586555	2.14786e-07
16.6137	8.26438e-09	-2.4209e-07	-1.18829e-13	-9.27478e-07	0.000187677	2.09677e-07
16.6137	8.82481e-09	-2.42091e-07	-1.11939e-13	2.66273e-06	-0.000756501	2.04653e-07
16.6137	8.98942e-09	-2.42093e-07	-1.09914e-13	-1.52185e-06	-0.00117117	1.99656e-07
16.6137	8.57271e-09	-2.42094e-07	-1.15036e-13	5.36137e-07	0.000138105	1.94693e-07
16.6137	8.23276e-09	-2.42095e-07	-1.19215e-13	1.24822e-06	0.000674521	1.89835e-07
16.6137	8.21737e-09	-2.42096e-07	-1.19403e-13	-2.73884e-09	-1.37856e-05	1.8502e-07
16.6137	8.19608e-09	-2.42097e-07	-1.19664e-13	-5.93175e-08	-0.000114311	1.80203e-07
16.6137	8.12455e-09	-2.42098e-07	-1.20543e-13	-7.47137e-07	0.000730811	1.75458e-07
16.6137	8.37118e-09	-2.42099e-07	-1.1751e-13	-2.67919e-06	0.000611829	1.70777e-07
16.6137	8.86879e-09	-2.42099e-07	-1.11392e-13	-1.90478e-06	0.000287418	1.66094e-07
16.6137	9.47021e-09	-2.421e-07	-1.03999e-13	-3.2293e-05	0.00241342	1.61459e-07
16.6137	1.10152e-08	-2.42101e-07	-8.5006e-14	-3.74105e-05	0.0015978	1.56929e-07
16.6137	1.31345e-08	-2.42102e-07	-5.89526e-14	3.3491e-05	-0.00140092	1.52403e-07
16.6137	1.46655e-08	-2.42103e-07	-4.01317e-14	2.96437e-05	-0.00626704	1.47845e-07
16.6137	1.38694e-08	-2.42104e-07	-4.9918e-14	-0.000100863	-0.00452939	1.434e-07
16.6137	1.14978e-08	-2.42104e-07	-7.90713e-14	-8.44515e-05	-0.00216401	1.39089e-07
16.6137	8.45717e-09	-2.42105e-07	-1.16448e-13	-0.00019828	-0.00369145	1.34842e-07
16.6137	4.28512e-09	-2.42106e-07	-1.67735e-13	-0.000124215	-0.00183723	1.3062e-07
16.6137	-3.44122e-10	-2.42107e-07	-2.24641e-13	3.09147e-05	0.000434552	1.26396e-07
16.6137	-4.68651e-09	-2.42107e-07	-2.78021e-13	0.000311181	0.00554662	1.22156e-07
16.6137	-7.21556e-09	-2.42108e-07	-3.0911e-13	0.000161612	0.0109637	1.17967e-07
16.6137	-6.48094e-09	-2.42108e-07	-3.00079e-13	-0.000433249	0.0108636	1.14076e-07
16.6137	-2.72125e-09	-2.42109e-07	-2.53861e-13	-0.0012557	0.0126608	1.1069e-07
16.6137	4.389e-09	-2.4211e-07	-1.66455e-13	-0.00111189	0.00738935	1.07606e-07
16.6137	1.3259e-08	-2.4211e-07	-5.74163e-14	-0.00103493	0.00561389	1.0456e-07
16.6137	2.33222e-08	-2.42111e-07	6.62898e-14	0.000624123	-0.00327633	1.0118e-07
16.6137	3.22073e-08	-2.42111e-07	1.75514e-13	0.000897908	-0.00534805	9.75242e-08
16.6137	3.94924e-08	-2.42112e-07	2.65069e-13	0.00102164	-0.00760079	9.40487e-08
16.6137	4.47657e-08	-2.42112e-07	3.29894e-13	0.00109286	-0.0135599	9.07667e-08
16.6137	4.6834e-08	-2.42113e-07	3.55319e-13	0.000160713	-0.0139503	8.78691e-08
16.6137	4.58228e-08	-2.42113e-07	3.42888e-13	-0.00089178	-0.0147607	8.55681e-08
16.6137	4.17141e-08	-2.42114e-07	2.92381e-13	-0.00165207	-0.0127012	8.38226e-08
16.6137	3.50401e-08	-2.42114e-07	2.10339e-13	-5.38377e-05	-0.000328995	8.22693e-08
16.6137	2.84287e-08	-2.42115e-07	1.29066e-13	-0.00013582	-0.000815144	8.09435e-08
16.6137	2.17377e-08	-2.42115e-07	4.68143e-14	0.000404459	0.00249267	7.9992e-08
16.6137	1.56144e-08	-2.42115e-07	-2.84582e-14	0.000677955	0.00472133	7.92097e-08
16.6137	1.04758e-08	-2.42116e-07	-9.16264e-14	-0.000762357	-0.00525831	7.89192e-08
16.6137	4.29119e-09	-2.42116e-07	-1.67653e-13	0.00107716	0.00777683	7.88007e-08
16.6137	-3.36955e-10	-2.42117e-07	-2.24546e-13	0.000747814	0.00752069	7.86327e-08
16.6137	-3.48765e-09	-2.42117e-07	-2.63276e-13	0.000639752	0.0148741	7.88092e-08
16.6137	-3.71495e-09	-2.42118e-07	-2.6607e-13	-1.28893e-05	0.00369699	7.94406e-08
16.6137	-3.2064e-09	-2.42118e-07	-2.59818e-13	-7.65237e-05	0.00354375	8.06121e-08
16.6137	-1.96842e-09	-2.42118e-07	-2.446e-13	-4.85375e-06	0.000157306	8.22657e-08
16.6137	-6.68894e-10	-2.42119e-07	-2.28625e-13	-0.000142203	0.0035438	8.44248e-08
16.6137	1.42721e-09	-2.42119e-07	-2.02857e-13	0.000124489	-0.00300058	8.70287e-08
16.6137	2.92814e-09	-2.4212e-07	-1.84406e-13	-1.64583e-05	0.00046833	9.00994e-08
16.6137	4.59355e-09	-2.4212e-07	-1.63933e-13	0.00012277	-0.00536286	9.36783e-08
16.6137	5.04647e-09	-2.42121e-07	-1.58365e-13	4.18471e-06	-0.00051019	9.77966e-08
16.6137	5.39284e-09	-2.42121e-07	-1.54107e-13	-7.56903e-06	-0.00360938	1.02554e-07
16.6137	4.80851e-09	-2.42122e-07	-1.61289e-13	-6.40645e-06	-0.000516159	1.08019e-07
16.6137	4.04846e-09	-2.42123e-07	-1.70632e-13	-1.49782e-05	-0.000933917	1.14314e-07
16.6137	2.96751e-09	-2.42123e-07	-1.8392e-13	1.79703e-06	9.91414e-05	1.21554e-07
16.6137	1.8465e-09	-2.42124e-07	-1.977e-13	-2.31487e-05	-0.00111947	1.29937e-07
16.6137	2.68604e-10	-2.42125e-07	-2.17096e-13	1.09944e-06	4.70628e-05	1.39715e-07
16.6137	-1.41588e-09	-2.42125e-07	-2.37803e-13	-1.0399e-05	-0.000427702	1.51183e-07
16.6137	-3.41274e-09	-2.42126e-07	-2.62349e-13	-9.47136e-06	-0.000360326	1.64788e-07
16.6137	-5.75259e-09	-2.42127e-07	-2.91112e-13	8.29645e-06	0.000314249	1.81128e-07
16.6137	-8.18599e-09	-2.42128e-07	-3.21025e-13	4.00527e-05	0.00192601	2.01176e-07
16.6137	-9.88175e-09	-2.42129e-07	-3.4187e-13	2.36615e-05	0.00233188	2.26478e-07
16.6137	-1.04012e-08	-2.42131e-07	-3.48254e-13	1.86304e-06	0.00087339	2.59896e-07
16.6137	-1.03941e-08	-2.42132e-07	-3.48167e-13	-2.65902e-07	-0.00033636	3.07332e-07
16.6137	-1.06678e-08	-2.42134e-07	-3.5153e-13	-3.43049e-06	-0.00088971	3.82673e-07
16.6137	-1.19745e-08	-2.42136e-07	-3.6759e-13	8.85664e-07	0.000155625	5.27842e-07
16.6137	-1.36336e-08	-2.4214e-07	-3.87984e-13	2.70653e-06	0.00126478	9.07223e-07
16.6137	-1.30262e-08	-2.42146e-07	-3.80513e-13	-9.51488e-07	0.000445499	3.35014e-06
16.6137	-4.07103e-09	-2.42176e-07	-2.70407e-13	-0.399999	-0.000649938	0.00290946
16.6108	-4.56718e-09	-2.1077e-07	-2.98627e-13	0.4	5.4002e-08	0.00577197
