16.6671	-2.12629e-11	-2.63009e-06	-1.61278e-15	-1.22259e-08	-6.99341e-05	0.0185033
16.6671	-5.31383e-09	-2.63116e-06	-4.23057e-13	-7.62287e-07	0.000626536	1.61539e-05
16.6671	-2.48043e-09	-2.63123e-06	-1.97434e-13	-3.22471e-06	0.000708181	1.56402e-06
16.6671	9.71864e-10	-2.63127e-06	7.74693e-14	8.61526e-07	-0.000144483	9.58919e-07
16.6671	3.28533e-09	-2.6313e-06	2.61689e-13	2.30607e-06	-0.000543539	7.81069e-07
16.6671	4.34674e-09	-2.63132e-06	3.46209e-13	7.46136e-07	-0.000391832	7.19685e-07
16.6671	4.67187e-09	-2.63135e-06	3.72098e-13	5.49674e-08	-7.44228e-05	6.98783e-07
16.6671	4.86368e-09	-2.63137e-06	3.87372e-13	-3.18338e-08	4.74344e-05	6.95703e-07
16.6671	5.13893e-09	-2.6314e-06	4.0929e-13	-9.43192e-08	9.24054e-05	7.01435e-07
16.6671	5.58065e-09	-2.63142e-06	4.44464e-13	5.77613e-09	-4.65784e-06	7.11894e-07
16.6671	6.02166e-09	-2.63145e-06	4.79582e-13	7.83331e-08	-7.53082e-05	7.25035e-07
16.6671	6.33348e-09	-2.63147e-06	5.04412e-13	5.17673e-08	-7.91536e-05	7.39789e-07
16.6671	6.50396e-09	-2.6315e-06	5.17987e-13	1.37276e-08	-3.80179e-05	7.55609e-07
16.6671	6.60555e-09	-2.63153e-06	5.26076e-13	6.53478e-09	-3.84721e-05	7.72186e-07
16.6671	6.63431e-09	-2.63155e-06	5.28366e-13	3.96677e-10	-2.2382e-05	7.89396e-07
16.6671	6.61905e-09	-2.63158e-06	5.27151e-13	-1.17474e-09	-1.53399e-05	8.07165e-07
16.6671	6.57215e-09	-2.63161e-06	5.23416e-13	-7.6432e-09	-3.68939e-05	8.25475e-07
16.6671	6.44718e-09	-2.63164e-06	5.13466e-13	-2.67644e-09	-8.35632e-06	8.44326e-07
16.6671	6.30151e-09	-2.63167e-06	5.01866e-13	-3.17517e-08	-6.3509e-05	8.63764e-07
16.6671	6.01378e-09	-2.6317e-06	4.78954e-13	-4.25042e-08	-5.36151e-05	8.83786e-07
16.6671	5.59951e-09	-2.63173e-06	4.45966e-13	-4.16192e-08	-4.0485e-05	9.04392e-07
16.6671	5.08299e-09	-2.63176e-06	4.04836e-13	-3.81065e-08	-3.15428e-05	9.25601e-07
16.6671	4.48046e-09	-2.6318e-06	3.56856e-13	-5.95217e-08	-4.27073e-05	9.47451e-07
16.6671	3.76134e-09	-2.63183e-06	2.99593e-13	-2.86744e-08	-1.85376e-05	9.69922e-07
16.6671	2.97963e-09	-2.63187e-06	2.37347e-13	-3.70383e-08	-2.24568e-05	9.93029e-07
16.6671	2.12286e-09	-2.6319e-06	1.69123e-13	1.5673e-08	9.31718e-06	1.01679e-06
16.6671	1.2695e-09	-2.63194e-06	1.0117e-13	7.89279e-08	5.15905e-05	1.04123e-06
16.6671	5.31488e-10	-2.63197e-06	4.24025e-14	5.04946e-08	3.87194e-05	1.06636e-06
16.6671	-1.19923e-10	-2.63201e-06	-9.46898e-15	2.1974e-08	1.89437e-05	1.09217e-06
16.6671	-7.34769e-10	-2.63205e-06	-5.84288e-14	5.69766e-08	5.90437e-05	1.11868e-06
16.6671	-1.19745e-09	-2.63209e-06	-9.52721e-14	1.09982e-08	1.406e-05	1.14588e-06
16.6671	-1.63063e-09	-2.63213e-06	-1.29765e-13	3.38894e-08	5.5771e-05	1.17374e-06
16.6671	-1.90872e-09	-2.63217e-06	-1.51909e-13	2.15554e-08	0.000105779	1.20229e-06
16.6671	-1.87181e-09	-2.63222e-06	-1.4897e-13	-3.53358e-08	0.000107372	1.23151e-06
16.6671	-1.49946e-09	-2.63226e-06	-1.19321e-13	-1.44308e-07	0.000148831	1.26138e-06
16.6671	-6.43148e-10	-2.63231e-06	-5.1133e-14	-6.39552e-09	4.72521e-06	1.29191e-06
16.6671	2.49316e-10	-2.63235e-06	1.99333e-14	4.30598e-08	-3.36064e-05	1.32308e-06
16.6671	1.05079e-09	-2.6324e-06	8.37537e-14	4.37231e-08	-3.98315e-05	1.35489e-06
16.6671	1.73497e-09	-2.63245e-06	1.38235e-13	5.53392e-08	-6.65296e-05	1.38732e-06
16.6671	2.20203e-09	-2.6325e-06	1.75427e-13	3.50151e-08	-7.22002e-05	1.42035e-06
16.6671	2.4208e-09	-2.63255e-06	1.92847e-13	8.90836e-09	-7.29267e-05	1.45395e-06
16.6671	2.37655e-09	-2.6326e-06	1.89324e-13	-2.66893e-09	-2.27867e-05	1.48809e-06
16.6671	2.24552e-09	-2.63265e-06	1.7889e-13	-1.01964e-08	-3.79197e-05	1.52278e-06
16.6671	1.96543e-09	-2.63271e-06	1.56586e-13	-1.75653e-08	-3.82434e-05	1.558e-06
16.6671	1.52823e-09	-2.63276e-06	1.21772e-13	-2.50994e-09	-4.43464e-06	1.59367e-06
16.6671	1.06321e-09	-2.63282e-06	8.47432e-14	1.7291e-08	3.53877e-05	1.62975e-06
16.6671	7.33512e-10	-2.63288e-06	5.84895e-14	1.3237e-08	4.6714e-05	1.6662e-06
16.6671	5.93212e-10	-2.63294e-06	4.73175e-14	2.63637e-09	2.58726e-05	1.703e-06
16.6671	5.6118e-10	-2.633e-06	4.47668e-14	-3.2373e-10	2.10412e-05	1.74012e-06
16.6671	6.2097e-10	-2.63306e-06	4.95278e-14	-2.18411e-09	1.89376e-05	1.77748e-06
16.6671	7.67074e-10	-2.63312e-06	6.1162e-14	-4.37609e-09	2.04645e-05	1.81509e-06
16.6671	1.01008e-09	-2.63319e-06	8.05121e-14	3.01029e-09	-1.29385e-05	1.85304e-06
16.6671	1.19758e-09	-2.63325e-06	9.54428e-14	3.81981e-09	-3.12831e-05	1.89137e-06
16.6671	1.23951e-09	-2.63332e-06	9.87818e-14	-4.23619e-10	-2.44807e-05	1.93006e-06
16.6671	1.16299e-09	-2.63339e-06	9.26881e-14	-2.84326e-10	-3.27998e-06	1.96913e-06
16.6671	1.06861e-09	-2.63346e-06	8.5173e-14	2.53438e-10	2.8894e-06	2.00869e-06
16.6671	9.86996e-10	-2.63353e-06	7.86742e-14	-4.37544e-11	-5.35877e-07	2.04877e-06
16.6671	9.0099e-10	-2.6336e-06	7.18255e-14	6.75184e-10	1.40869e-05	2.08925e-06
16.6671	8.87587e-10	-2.63368e-06	7.07582e-14	-1.43516e-10	1.05351e-05	2.13015e-06
16.6671	9.30567e-10	-2.63375e-06	7.41807e-14	1.26557e-10	-4.3453e-06	2.17166e-06
16.6671	9.50565e-10	-2.63383e-06	7.57732e-14	1.46944e-11	-6.38113e-06	2.21388e-06
16.6671	9.35295e-10	-2.63391e-06	7.45572e-14	-1.78789e-11	-1.09546e-06	2.25647e-06
16.6671	9.13495e-10	-2.63399e-06	7.28214e-14	-1.33866e-10	-4.4324e-06	2.29889e-06
16.6671	8.65584e-10	-2.63407e-06	6.90062e-14	5.86927e-11	1.5675e-06	2.34072e-06
16.6671	8.2607e-10	-2.63415e-06	6.58597e-14	7.60842e-11	1.04881e-05	2.38177e-06
16.6671	8.4886e-10	-2.63424e-06	6.76745e-14	-5.1111e-11	2.11133e-06	2.422e-06
16.6671	8.84917e-10	-2.63432e-06	7.05456e-14	8.41248e-11	-7.03495e-06	2.4616e-06
16.6671	8.77916e-10	-2.63441e-06	6.99881e-14	-1.7296e-11	-1.74048e-06	2.50109e-06
16.6671	8.59834e-10	-2.6345e-06	6.85483e-14	2.04271e-11	3.18706e-06	2.54107e-06
16.6671	8.6187e-10	-2.63459e-06	6.87104e-14	-4.67115e-12	-1.73585e-06	2.58178e-06
16.6671	8.52645e-10	-2.63468e-06	6.79759e-14	-1.05903e-11	-1.08971e-06	2.62323e-06
16.6671	8.36069e-10	-2.63477e-06	6.66559e-14	1.52687e-11	2.97956e-06	2.66536e-06
16.6671	8.39239e-10	-2.63487e-06	6.69083e-14	4.56413e-13	-1.83844e-07	2.7081e-06
16.6671	8.41205e-10	-2.63497e-06	6.70649e-14	-2.59931e-11	2.95593e-06	2.75158e-06
16.6671	8.63699e-10	-2.63506e-06	6.88561e-14	2.44743e-11	-4.12629e-06	2.79635e-06
16.6671	8.57481e-10	-2.63516e-06	6.83609e-14	-2.62845e-11	-2.48482e-06	2.84321e-06
16.6671	8.33346e-10	-2.63526e-06	6.6439e-14	1.74257e-11	1.26642e-06	2.89317e-06
16.6671	8.18016e-10	-2.63537e-06	6.52183e-14	9.53316e-12	1.29681e-06	2.94749e-06
16.6671	8.12035e-10	-2.63547e-06	6.47421e-14	-6.4711e-13	1.7799e-06	3.00705e-06
16.6671	8.19449e-10	-2.63558e-06	6.53324e-14	-3.99949e-12	6.36768e-07	3.07133e-06
16.6671	8.31967e-10	-2.63569e-06	6.63292e-14	6.18652e-12	-1.1928e-06	3.13838e-06
16.6671	8.35298e-10	-2.6358e-06	6.65944e-14	-3.94325e-11	-4.42006e-06	3.20541e-06
16.6672	8.02912e-10	-2.63591e-06	6.40156e-14	-4.82063e-12	-2.40288e-07	3.26921e-06
16.6672	7.67931e-10	-2.63603e-06	6.123e-14	-1.48919e-11	-6.57613e-07	3.32743e-06
16.6672	7.2685e-10	-2.63615e-06	5.79588e-14	5.99069e-11	4.61431e-06	3.37957e-06
16.6672	7.24436e-10	-2.63627e-06	5.77666e-14	-5.50105e-11	4.98881e-06	3.42737e-06
16.6672	7.65025e-10	-2.63639e-06	6.09986e-14	3.24467e-11	-1.66956e-06	3.47551e-06
16.6672	7.9159e-10	-2.63651e-06	6.3114e-14	2.29207e-11	-3.35606e-06	3.53002e-06
16.6672	7.88739e-10	-2.63664e-06	6.28869e-14	-1.73447e-11	-2.34363e-06	3.58337e-06
16.6672	7.64715e-10	-2.63676e-06	6.09739e-14	1.5869e-11	3.56226e-06	3.62464e-06
16.6672	7.72893e-10	-2.63689e-06	6.16252e-14	-1.68772e-12	3.42566e-07	3.65699e-06
16.6672	7.84283e-10	-2.63702e-06	6.25321e-14	-5.15335e-12	6.72076e-07	3.6873e-06
16.6672	8.0199e-10	-2.63715e-06	6.39421e-14	9.07768e-12	-2.20682e-06	3.71501e-06
16.6672	7.9925e-10	-2.63728e-06	6.3724e-14	-7.98204e-12	-1.53307e-06	3.73715e-06
16.6672	7.82135e-10	-2.63741e-06	6.23611e-14	-6.06459e-11	-3.43182e-06	3.75673e-06
16.6672	7.32618e-10	-2.63755e-06	5.84181e-14	5.02979e-11	2.50281e-06	3.77437e-06
16.6672	7.06557e-10	-2.63768e-06	5.63429e-14	1.91289e-11	2.69419e-06	3.78856e-06
16.6672	7.0597e-10	-2.63781e-06	5.62961e-14	-4.06714e-12	1.36202e-06	3.80062e-06
16.6672	7.18343e-10	-2.63795e-06	5.72814e-14	3.75386e-12	-1.79896e-06	3.81081e-06
16.6672	7.13585e-10	-2.63808e-06	5.69025e-14	-1.96492e-12	1.5451e-06	3.81841e-06
16.6672	7.23582e-10	-2.63822e-06	5.76985e-14	-2.15543e-12	3.73909e-07	3.82417e-06
16.6672	7.37169e-10	-2.63835e-06	5.87804e-14	3.30818e-12	-5.51964e-07	3.82793e-06
16.6672	7.45481e-10	-2.63849e-06	5.94423e-14	1.82337e-12	-5.77328e-07	3.82947e-06
16.6672	7.48266e-10	-2.63862e-06	5.96641e-14	-1.25617e-12	5.13576e-07	3.82909e-06
16.6672	7.55966e-10	-2.63876e-06	6.02772e-14	-1.53107e-11	-3.41822e-06	3.82656e-06
16.6672	7.30974e-10	-2.63889e-06	5.82871e-14	-3.42984e-12	-2.60902e-07	3.822e-06
16.6672	7.03527e-10	-2.63903e-06	5.61015e-14	1.18393e-11	9.80534e-07	3.81537e-06
16.6672	6.85478e-10	-2.63916e-06	5.46643e-14	-2.79319e-12	4.07687e-06	3.80644e-06
16.6672	7.06223e-10	-2.63929e-06	5.63162e-14	8.0926e-13	-6.13853e-08	3.7954e-06
16.6672	7.2632e-10	-2.63943e-06	5.79165e-14	1.05738e-11	-1.54689e-06	3.7822e-06
16.6672	7.31742e-10	-2.63956e-06	5.83482e-14	-5.18936e-13	1.97919e-07	3.76689e-06
16.6672	7.39e-10	-2.63969e-06	5.89262e-14	1.36662e-12	-1.10217e-06	3.74971e-06
16.6672	7.35917e-10	-2.63982e-06	5.86807e-14	-2.78912e-14	7.51996e-07	3.73053e-06
16.6672	7.39844e-10	-2.63995e-06	5.89934e-14	6.06277e-14	3.83069e-08	3.70952e-06
16.6672	7.44103e-10	-2.64009e-06	5.93325e-14	-3.05463e-12	7.60769e-07	3.68658e-06
16.6672	7.55322e-10	-2.64021e-06	6.02259e-14	-2.8662e-12	4.20444e-07	3.66186e-06
16.6672	7.703e-10	-2.64034e-06	6.14185e-14	3.67452e-12	-5.09308e-07	3.63548e-06
16.6672	7.80554e-10	-2.64047e-06	6.22351e-14	3.34496e-12	-1.10247e-06	3.60734e-06
16.6672	7.80823e-10	-2.6406e-06	6.22565e-14	-6.73061e-12	-1.68804e-06	3.57781e-06
16.6672	7.66056e-10	-2.64072e-06	6.10806e-14	6.95724e-12	1.80512e-06	3.54677e-06
16.6672	7.67354e-10	-2.64085e-06	6.11839e-14	-9.58721e-12	1.83065e-06	3.51426e-06
16.6672	7.84648e-10	-2.64097e-06	6.2561e-14	-8.96315e-12	7.70189e-07	3.48049e-06
16.6672	8.0844e-10	-2.64109e-06	6.44556e-14	1.84661e-11	-3.21529e-06	3.44536e-06
16.6672	8.04435e-10	-2.64121e-06	6.41367e-14	-1.43424e-12	-4.52071e-07	3.40879e-06
16.6672	7.96643e-10	-2.64133e-06	6.35161e-14	-7.20519e-12	-1.0248e-06	3.37121e-06
16.6672	7.80348e-10	-2.64145e-06	6.22187e-14	9.49571e-12	2.12807e-06	3.33271e-06
16.6672	7.81871e-10	-2.64157e-06	6.23399e-14	-6.17611e-12	1.4148e-06	3.29303e-06
16.6672	7.94952e-10	-2.64168e-06	6.33815e-14	-1.00687e-10	4.94975e-06	3.25237e-06
16.6672	8.47859e-10	-2.6418e-06	6.75945e-14	1.01239e-10	-4.98764e-06	3.211e-06
16.6672	8.60307e-10	-2.64191e-06	6.85856e-14	-1.03358e-12	-3.26332e-06	3.169e-06
16.6672	8.46909e-10	-2.64202e-06	6.75187e-14	1.59447e-14	-1.23955e-08	3.12626e-06
16.6672	8.33597e-10	-2.64213e-06	6.64588e-14	-1.37844e-12	3.59661e-06	3.0828e-06
16.6672	8.47996e-10	-2.64224e-06	6.76053e-14	-1.63753e-11	1.30239e-06	3.03872e-06
16.6672	8.72008e-10	-2.64234e-06	6.95173e-14	-1.62375e-11	9.00054e-07	2.99437e-06
16.6672	9.02354e-10	-2.64245e-06	7.19338e-14	3.69981e-12	-1.795e-07	2.94974e-06
16.6672	9.30929e-10	-2.64255e-06	7.42092e-14	1.00708e-11	-7.26057e-06	2.90464e-06
16.6672	9.0675e-10	-2.64265e-06	7.22838e-14	2.70033e-11	2.64475e-06	2.85917e-06
16.6672	9.01706e-10	-2.64275e-06	7.18822e-14	-1.14264e-11	2.97404e-06	2.81356e-06
16.6672	9.17493e-10	-2.64285e-06	7.31393e-14	-4.08096e-11	2.37263e-06	2.76781e-06
16.6673	9.49303e-10	-2.64295e-06	7.56722e-14	1.13952e-11	-5.15783e-07	2.72205e-06
16.6673	9.77102e-10	-2.64304e-06	7.78859e-14	4.25025e-11	-4.00944e-06	2.67644e-06
16.6673	9.77833e-10	-2.64313e-06	7.79441e-14	-6.17051e-12	1.47766e-06	2.63081e-06
16.6673	9.88186e-10	-2.64323e-06	7.87684e-14	-7.62258e-12	7.808e-07	2.58514e-06
16.6673	1.00336e-09	-2.64332e-06	7.99766e-14	-3.72794e-12	3.03648e-07	2.53953e-06
16.6673	1.02017e-09	-2.64341e-06	8.13155e-14	8.02369e-12	-4.66494e-06	2.49409e-06
16.6673	1.00786e-09	-2.64349e-06	8.03351e-14	6.11273e-12	7.42195e-07	2.44891e-06
16.6673	1.00028e-09	-2.64358e-06	7.97311e-14	8.40357e-13	2.37507e-06	2.40404e-06
16.6673	1.00697e-09	-2.64366e-06	8.02644e-14	1.79925e-12	-3.61874e-07	2.35938e-06
16.6673	1.01143e-09	-2.64374e-06	8.06192e-14	-2.14313e-10	8.52932e-06	2.31516e-06
16.6673	1.0647e-09	-2.64382e-06	8.48612e-14	-5.84947e-11	1.18532e-06	2.27141e-06
16.6673	1.12363e-09	-2.6439e-06	8.95533e-14	2.58998e-10	-7.98515e-06	2.22785e-06
16.6673	1.13737e-09	-2.64398e-06	9.06478e-14	8.76868e-12	-4.14691e-06	2.1846e-06
16.6673	1.12842e-09	-2.64406e-06	8.99353e-14	-6.6362e-11	-3.75977e-06	2.14179e-06
16.6673	1.09972e-09	-2.64413e-06	8.76497e-14	6.65121e-11	7.07084e-06	2.09949e-06
16.6673	1.10833e-09	-2.64421e-06	8.83351e-14	-2.16975e-10	7.80749e-06	2.05759e-06
16.6673	1.15652e-09	-2.64428e-06	9.21722e-14	-3.41298e-10	5.57325e-06	2.01609e-06
16.6673	1.23153e-09	-2.64435e-06	9.81456e-14	5.27128e-10	-1.11262e-05	1.97521e-06
16.6673	1.25065e-09	-2.64442e-06	9.96677e-14	-1.63529e-10	-1.28964e-05	1.9348e-06
16.6673	1.20764e-09	-2.64448e-06	9.62429e-14	7.8072e-11	1.94707e-06	1.89484e-06
16.6673	1.17464e-09	-2.64455e-06	9.36157e-14	-7.41208e-11	1.59386e-05	1.85549e-06
16.6673	1.21549e-09	-2.64461e-06	9.68686e-14	7.07478e-11	-1.76277e-06	1.81653e-06
16.6673	1.24756e-09	-2.64468e-06	9.94221e-14	1.38719e-11	-3.97856e-07	1.77805e-06
16.6673	1.2772e-09	-2.64474e-06	1.01782e-13	1.00174e-10	-4.42004e-06	1.74025e-06
16.6673	1.28718e-09	-2.6448e-06	1.02577e-13	7.96501e-12	-3.80995e-06	1.70287e-06
16.6673	1.28091e-09	-2.64486e-06	1.02077e-13	-1.6885e-11	-1.50983e-06	1.6659e-06
16.6673	1.26855e-09	-2.64492e-06	1.01093e-13	-2.6779e-10	1.37771e-05	1.62953e-06
16.6673	1.31197e-09	-2.64497e-06	1.04551e-13	-7.57178e-10	9.69348e-06	1.59352e-06
16.6673	1.3926e-09	-2.64503e-06	1.10971e-13	-9.7339e-10	7.96227e-06	1.5579e-06
16.6673	1.50208e-09	-2.64508e-06	1.19689e-13	1.86849e-09	-2.06194e-05	1.52286e-06
16.6673	1.53149e-09	-2.64514e-06	1.22031e-13	-6.35759e-10	-2.5572e-05	1.48826e-06
16.6673	1.46618e-09	-2.64519e-06	1.1683e-13	2.16821e-10	2.637e-06	1.45404e-06
16.6673	1.41185e-09	-2.64524e-06	1.12504e-13	4.8927e-10	2.08647e-05	1.42036e-06
16.6673	1.432e-09	-2.64529e-06	1.14109e-13	-6.13245e-10	1.09394e-05	1.38703e-06
16.6673	1.48916e-09	-2.64534e-06	1.1866e-13	-3.22527e-10	3.50013e-06	1.35403e-06
16.6673	1.55665e-09	-2.64538e-06	1.24034e-13	9.26158e-10	-1.41087e-05	1.32158e-06
16.6673	1.57647e-09	-2.64543e-06	1.25613e-13	-5.29315e-10	-2.18419e-05	1.28933e-06
16.6673	1.52628e-09	-2.64547e-06	1.21616e-13	1.86488e-10	2.575e-06	1.25727e-06
16.6673	1.48534e-09	-2.64552e-06	1.18356e-13	4.34259e-10	1.25801e-05	1.22589e-06
16.6673	1.48349e-09	-2.64556e-06	1.18208e-13	-9.0712e-13	-2.57102e-07	1.19482e-06
16.6673	1.48092e-09	-2.6456e-06	1.18004e-13	-2.05936e-11	-2.1319e-06	1.1637e-06
16.6673	1.4723e-09	-2.64564e-06	1.17318e-13	-2.59779e-10	1.36295e-05	1.13306e-06
16.6673	1.502e-09	-2.64568e-06	1.19683e-13	-9.31821e-10	1.14109e-05	1.10283e-06
16.6673	1.56193e-09	-2.64572e-06	1.24455e-13	-6.62459e-10	5.36036e-06	1.07258e-06
16.6673	1.63436e-09	-2.64576e-06	1.30222e-13	-1.12355e-08	4.5023e-05	1.04256e-06
16.6673	1.82043e-09	-2.64579e-06	1.45039e-13	-1.30227e-08	2.9823e-05	1.01313e-06
16.6673	2.07567e-09	-2.64583e-06	1.65363e-13	1.16584e-08	-2.61484e-05	9.83891e-07
16.6673	2.26006e-09	-2.64586e-06	1.80046e-13	1.03147e-08	-0.000116898	9.54614e-07
16.6673	2.16418e-09	-2.6459e-06	1.72411e-13	-3.51158e-08	-8.45422e-05	9.25754e-07
16.6673	1.87855e-09	-2.64593e-06	1.49666e-13	-2.94399e-08	-4.04483e-05	8.97507e-07
16.6673	1.51235e-09	-2.64596e-06	1.20507e-13	-6.92734e-08	-6.91469e-05	8.69497e-07
16.6673	1.00988e-09	-2.64599e-06	8.04959e-14	-4.35078e-08	-3.45038e-05	8.4158e-07
16.6673	4.52353e-10	-2.64602e-06	3.61007e-14	1.08427e-08	8.17215e-06	8.14174e-07
16.6673	-7.06284e-11	-2.64605e-06	-5.54362e-15	1.08775e-07	0.000103941	7.87536e-07
16.6673	-3.75219e-10	-2.64607e-06	-2.97977e-14	5.62925e-08	0.000204613	7.61434e-07
16.6673	-2.86744e-10	-2.6461e-06	-2.27526e-14	-1.51218e-07	0.000203163	7.35829e-07
16.6673	1.66056e-10	-2.64613e-06	1.33032e-14	-4.4389e-07	0.000239737	7.10988e-07
16.6673	1.02239e-09	-2.64615e-06	8.14915e-14	-4.00165e-07	0.000142545	6.87063e-07
16.6673	2.09066e-09	-2.64617e-06	1.66556e-13	-3.78536e-07	0.000110076	6.63994e-07
16.6673	3.30263e-09	-2.6462e-06	2.63064e-13	2.28933e-07	-6.44346e-05	6.41811e-07
16.6673	4.37271e-09	-2.64622e-06	3.48273e-13	3.25781e-07	-0.000104023	6.21013e-07
16.6673	5.2501e-09	-2.64624e-06	4.18138e-13	3.65189e-07	-0.000145629	6.01802e-07
16.6673	5.8852e-09	-2.64626e-06	4.6871e-13	3.84488e-07	-0.000255502	5.83887e-07
16.6673	6.13429e-09	-2.64628e-06	4.88545e-13	5.60137e-08	-0.000260382	5.6705e-07
16.6673	6.0125e-09	-2.6463e-06	4.78847e-13	-3.1251e-07	-0.000276979	5.51217e-07
16.6673	5.51767e-09	-2.64632e-06	4.39444e-13	-5.90229e-07	-0.000243055	5.36529e-07
16.6673	4.71388e-09	-2.64634e-06	3.7544e-13	-1.94725e-08	-6.38031e-06	5.24295e-07
16.6673	3.91762e-09	-2.64636e-06	3.12035e-13	-4.91335e-08	-1.58115e-05	5.15612e-07
16.6673	3.11178e-09	-2.64638e-06	2.47867e-13	1.46216e-07	4.83171e-05	5.09897e-07
16.6673	2.37432e-09	-2.64639e-06	1.89144e-13	2.43154e-07	9.07822e-05	5.06279e-07
16.6673	1.75544e-09	-2.64641e-06	1.39864e-13	-2.73564e-07	-0.000101156	5.04323e-07
16.6673	1.01059e-09	-2.64643e-06	8.05525e-14	3.85687e-07	0.000149252	5.03975e-07
16.6673	4.53197e-10	-2.64645e-06	3.61679e-14	2.64088e-07	0.000142358	5.05211e-07
16.6673	7.37391e-11	-2.64646e-06	5.95217e-15	2.23606e-07	0.000278368	5.08112e-07
16.6673	4.63631e-11	-2.64648e-06	3.77227e-15	-4.4838e-09	6.8953e-05	5.12982e-07
16.6673	1.0761e-10	-2.6465e-06	8.64921e-15	-2.66387e-08	6.61404e-05	5.2042e-07
16.6673	2.56706e-10	-2.64652e-06	2.05216e-14	-1.68806e-09	2.93351e-06	5.30999e-07
16.6673	4.13215e-10	-2.64654e-06	3.29842e-14	-4.95865e-08	6.62552e-05	5.44738e-07
16.6673	6.65661e-10	-2.64656e-06	5.3086e-14	4.34139e-08	-5.61054e-05	5.61514e-07
16.6673	8.46427e-10	-2.64658e-06	6.74801e-14	-5.73368e-09	8.74842e-06	5.81483e-07
16.6673	1.047e-09	-2.6466e-06	8.34516e-14	4.27452e-08	-0.000100102	6.04744e-07
16.6673	1.10155e-09	-2.64662e-06	8.7795e-14	1.45574e-09	-9.51648e-06	6.31527e-07
16.6673	1.14326e-09	-2.64664e-06	9.11168e-14	-2.63339e-09	-6.73181e-05	6.62235e-07
16.6673	1.07289e-09	-2.64667e-06	8.55128e-14	-2.22837e-09	-9.62668e-06	6.97507e-07
16.6673	9.81348e-10	-2.64669e-06	7.82237e-14	-5.21226e-09	-1.74258e-05	7.38115e-07
16.6673	8.51161e-10	-2.64672e-06	6.78572e-14	6.26077e-10	1.85195e-06	7.84843e-07
16.6673	7.1615e-10	-2.64675e-06	5.71064e-14	-8.0576e-09	-2.08936e-05	8.38921e-07
16.6673	5.26113e-10	-2.64678e-06	4.1974e-14	3.83345e-10	8.79782e-07	9.01995e-07
16.6673	3.23238e-10	-2.64681e-06	2.58194e-14	-3.62031e-09	-7.98406e-06	9.76016e-07
16.6673	8.27437e-11	-2.64685e-06	6.66921e-15	-3.29736e-09	-6.72633e-06	1.0638e-06
16.6673	-1.99061e-10	-2.64689e-06	-1.57705e-14	2.88834e-09	5.86606e-06	1.16928e-06
16.6673	-4.92132e-10	-2.64693e-06	-3.91073e-14	1.39408e-08	3.59436e-05	1.29886e-06
16.6673	-6.96365e-10	-2.64698e-06	-5.537e-14	8.23169e-09	4.34963e-05	1.46244e-06
16.6673	-7.58925e-10	-2.64703e-06	-6.03516e-14	6.48136e-10	1.62888e-05	1.67833e-06
16.6673	-7.58081e-10	-2.6471e-06	-6.02844e-14	-9.24183e-11	-6.273e-06	1.98468e-06
16.6673	-7.91048e-10	-2.64717e-06	-6.29096e-14	-1.19316e-09	-1.65934e-05	2.4712e-06
16.6673	-9.48416e-10	-2.64727e-06	-7.54405e-14	3.08228e-10	2.9025e-06	3.40862e-06
16.6673	-1.14824e-09	-2.64741e-06	-9.13525e-14	9.41772e-10	2.35881e-05	5.8586e-06
16.6673	-1.07511e-09	-2.64768e-06	-8.55287e-14	-3.29521e-10	8.30853e-06	2.16343e-05
16.6673	3.36717e-12	-2.64894e-06	3.48563e-16	-0.4	-1.212e-05	0.0187736
16.6486	3.31254e-12	-1.32966e-06	3.4007e-16	0.4	-2.65268e-10	0.0372439
