16.6344	-8.66992e-11	-6.87178e-07	-5.23694e-15	-9.72831e-07	-0.000623802	0.00663802
16.6344	-1.70122e-08	-6.87314e-07	-4.87576e-13	-6.06227e-05	0.00558711	5.79167e-06
16.6344	-7.95104e-09	-6.87323e-07	-2.29353e-13	-0.000255854	0.00630075	5.61154e-07
16.6344	3.0893e-09	-6.87328e-07	8.52725e-14	6.82603e-05	-0.0012834	3.44283e-07
16.6344	1.04877e-08	-6.87332e-07	2.96111e-13	0.000183054	-0.00483773	2.80256e-07
16.6344	1.38821e-08	-6.87335e-07	3.92843e-13	5.93333e-05	-0.00349345	2.5807e-07
16.6344	1.49218e-08	-6.87338e-07	4.22473e-13	4.37321e-06	-0.000663808	2.50535e-07
16.6344	1.55352e-08	-6.87342e-07	4.39954e-13	-2.53272e-06	0.000423091	2.4943e-07
16.6344	1.64155e-08	-6.87345e-07	4.65039e-13	-7.50347e-06	0.000824141	2.5149e-07
16.6344	1.78281e-08	-6.87348e-07	5.05295e-13	4.59417e-07	-4.15334e-05	2.55245e-07
16.6344	1.92384e-08	-6.87351e-07	5.45487e-13	6.23174e-06	-0.000671657	2.59951e-07
16.6344	2.02356e-08	-6.87354e-07	5.73905e-13	4.11863e-06	-0.000706008	2.65235e-07
16.6344	2.07808e-08	-6.87358e-07	5.89441e-13	1.09221e-06	-0.00033911	2.70904e-07
16.6344	2.11057e-08	-6.87361e-07	5.987e-13	5.19931e-07	-0.000343165	2.76845e-07
16.6344	2.11977e-08	-6.87365e-07	6.01321e-13	3.15592e-08	-0.000199646	2.83016e-07
16.6344	2.11489e-08	-6.87368e-07	5.9993e-13	-9.34705e-08	-0.00013683	2.89387e-07
16.6344	2.09989e-08	-6.87372e-07	5.95655e-13	-6.08131e-07	-0.00032909	2.95951e-07
16.6344	2.05992e-08	-6.87376e-07	5.84267e-13	-2.12938e-07	-7.45327e-05	3.0271e-07
16.6344	2.01334e-08	-6.8738e-07	5.70991e-13	-2.52623e-06	-0.000566477	3.09682e-07
16.6344	1.92132e-08	-6.87383e-07	5.44768e-13	-3.38157e-06	-0.000478205	3.16865e-07
16.6344	1.78884e-08	-6.87387e-07	5.07014e-13	-3.31102e-06	-0.000361079	3.24258e-07
16.6344	1.62366e-08	-6.87392e-07	4.59941e-13	-3.03141e-06	-0.000281311	3.31867e-07
16.6344	1.43097e-08	-6.87396e-07	4.05029e-13	-4.73479e-06	-0.000380862	3.39707e-07
16.6344	1.201e-08	-6.874e-07	3.39492e-13	-2.28073e-06	-0.0001653	3.4777e-07
16.6344	9.51009e-09	-6.87405e-07	2.68251e-13	-2.94612e-06	-0.000200257	3.5606e-07
16.6344	6.77017e-09	-6.87409e-07	1.90169e-13	1.24658e-06	8.30792e-05	3.64582e-07
16.6344	4.04115e-09	-6.87414e-07	1.12398e-13	6.2783e-06	0.000460068	3.73339e-07
16.6344	1.68099e-09	-6.87418e-07	4.51391e-14	4.01664e-06	0.000345292	3.8234e-07
16.6344	-4.02203e-10	-6.87423e-07	-1.42273e-14	1.74816e-06	0.000168958	3.91589e-07
16.6344	-2.36847e-09	-6.87428e-07	-7.02614e-14	4.53276e-06	0.0005266	4.01086e-07
16.6344	-3.84812e-09	-6.87433e-07	-1.12428e-13	8.75013e-07	0.000125406	4.10831e-07
16.6344	-5.23339e-09	-6.87439e-07	-1.51905e-13	2.69628e-06	0.000497451	4.20819e-07
16.6344	-6.12272e-09	-6.87444e-07	-1.77249e-13	1.71502e-06	0.000943528	4.3105e-07
16.6344	-6.00468e-09	-6.87449e-07	-1.73885e-13	-2.81142e-06	0.000957728	4.41527e-07
16.6344	-4.81393e-09	-6.87455e-07	-1.39952e-13	-1.14804e-05	0.00132741	4.52252e-07
16.6344	-2.07546e-09	-6.87461e-07	-6.19113e-14	-5.08751e-07	4.21393e-05	4.6321e-07
16.6344	7.78614e-10	-6.87467e-07	1.94236e-14	3.42541e-06	-0.000299712	4.74384e-07
16.6344	3.34169e-09	-6.87473e-07	9.24656e-14	3.47829e-06	-0.000355241	4.8578e-07
16.6344	5.52971e-09	-6.87479e-07	1.54819e-13	4.40265e-06	-0.000593388	4.974e-07
16.6344	7.02336e-09	-6.87485e-07	1.97385e-13	2.78587e-06	-0.000644	5.09233e-07
16.6344	7.72296e-09	-6.87492e-07	2.17322e-13	7.08781e-07	-0.000650497	5.21272e-07
16.6344	7.58146e-09	-6.87498e-07	2.1329e-13	-2.12357e-07	-0.000203254	5.33512e-07
16.6344	7.16242e-09	-6.87505e-07	2.01348e-13	-8.1127e-07	-0.000338238	5.45951e-07
16.6344	6.26669e-09	-6.87512e-07	1.75822e-13	-1.39755e-06	-0.00034112	5.58579e-07
16.6344	4.86855e-09	-6.87519e-07	1.35978e-13	-1.9968e-07	-3.95511e-05	5.71373e-07
16.6344	3.38143e-09	-6.87526e-07	9.35982e-14	1.3757e-06	0.000315642	5.84307e-07
16.6344	2.32706e-09	-6.87534e-07	6.35511e-14	1.05319e-06	0.000416681	5.97369e-07
16.6344	1.87839e-09	-6.87541e-07	5.07649e-14	2.09756e-07	0.00023078	6.10564e-07
16.6344	1.77595e-09	-6.87549e-07	4.78457e-14	-2.57631e-08	0.000187685	6.23871e-07
16.6344	1.96716e-09	-6.87557e-07	5.32947e-14	-1.73784e-07	0.000168922	6.37264e-07
16.6344	2.43439e-09	-6.87565e-07	6.66099e-14	-3.48182e-07	0.000182539	6.5075e-07
16.6344	3.21151e-09	-6.87573e-07	8.8756e-14	2.39503e-07	-0.000115408	6.64357e-07
16.6344	3.81114e-09	-6.87582e-07	1.05844e-13	3.03916e-07	-0.000279042	6.78096e-07
16.6344	3.94524e-09	-6.8759e-07	1.09666e-13	-3.3711e-08	-0.000218365	6.91967e-07
16.6344	3.70051e-09	-6.87599e-07	1.02691e-13	-2.26286e-08	-2.92573e-05	7.05976e-07
16.6344	3.3987e-09	-6.87608e-07	9.40905e-14	2.01585e-08	2.57733e-05	7.20157e-07
16.6344	3.1377e-09	-6.87617e-07	8.66527e-14	-3.48761e-09	-4.7798e-06	7.34526e-07
16.6344	2.86265e-09	-6.87626e-07	7.88146e-14	5.37141e-08	0.000125653	7.49041e-07
16.6344	2.81979e-09	-6.87636e-07	7.75931e-14	-1.14255e-08	9.39719e-05	7.63701e-07
16.6344	2.95724e-09	-6.87646e-07	8.15101e-14	1.00627e-08	-3.87597e-05	7.78587e-07
16.6344	3.0212e-09	-6.87655e-07	8.33327e-14	1.16223e-09	-5.6919e-05	7.93724e-07
16.6344	2.97236e-09	-6.87666e-07	8.19411e-14	-1.42961e-09	-9.77145e-06	8.08991e-07
16.6344	2.90265e-09	-6.87676e-07	7.99544e-14	-1.06582e-08	-3.95368e-05	8.242e-07
16.6344	2.74943e-09	-6.87686e-07	7.55881e-14	4.6626e-09	1.39822e-05	8.39197e-07
16.6344	2.62306e-09	-6.87697e-07	7.1987e-14	6.04609e-09	9.3553e-05	8.53913e-07
16.6344	2.69595e-09	-6.87708e-07	7.4064e-14	-4.07426e-09	1.8833e-05	8.68337e-07
16.6344	2.81125e-09	-6.87719e-07	7.73501e-14	6.68571e-09	-6.27511e-05	8.82533e-07
16.6344	2.78887e-09	-6.8773e-07	7.67121e-14	-1.38398e-09	-1.5525e-05	8.96694e-07
16.6344	2.73104e-09	-6.87741e-07	7.50643e-14	1.6173e-09	2.84283e-05	9.11025e-07
16.6344	2.73755e-09	-6.87753e-07	7.52498e-14	-3.79738e-10	-1.54836e-05	9.2562e-07
16.6344	2.70805e-09	-6.87764e-07	7.44092e-14	-8.50828e-10	-9.72009e-06	9.40483e-07
16.6344	2.65504e-09	-6.87776e-07	7.28986e-14	1.20648e-09	2.65774e-05	9.55588e-07
16.6344	2.66518e-09	-6.87788e-07	7.31875e-14	2.78345e-11	-1.63987e-06	9.70909e-07
16.6344	2.67147e-09	-6.87801e-07	7.33668e-14	-2.07677e-09	2.63666e-05	9.86499e-07
16.6344	2.7434e-09	-6.87813e-07	7.54168e-14	1.93855e-09	-3.68061e-05	1.00255e-06
16.6344	2.72352e-09	-6.87826e-07	7.48502e-14	-2.10022e-09	-2.21644e-05	1.01935e-06
16.6344	2.64633e-09	-6.87839e-07	7.26506e-14	1.37739e-09	1.12964e-05	1.03726e-06
16.6344	2.59731e-09	-6.87852e-07	7.12536e-14	7.4925e-10	1.15674e-05	1.05673e-06
16.6344	2.57818e-09	-6.87865e-07	7.07086e-14	-6.09421e-11	1.58765e-05	1.07809e-06
16.6344	2.60189e-09	-6.87879e-07	7.13843e-14	-3.27874e-10	5.67996e-06	1.10113e-06
16.6344	2.64192e-09	-6.87893e-07	7.25252e-14	4.82376e-10	-1.06397e-05	1.12517e-06
16.6344	2.65258e-09	-6.87907e-07	7.28288e-14	-3.14749e-09	-3.94266e-05	1.14921e-06
16.6344	2.54901e-09	-6.87922e-07	6.98774e-14	-3.93814e-10	-2.14337e-06	1.17208e-06
16.6344	2.43714e-09	-6.87937e-07	6.66894e-14	-1.1953e-09	-5.86584e-06	1.19295e-06
16.6344	2.30577e-09	-6.87952e-07	6.29456e-14	4.75588e-09	4.11593e-05	1.21164e-06
16.6344	2.29805e-09	-6.87967e-07	6.27257e-14	-4.38766e-09	4.44998e-05	1.22878e-06
16.6344	2.42785e-09	-6.87983e-07	6.64248e-14	2.57075e-09	-1.48923e-05	1.24604e-06
16.6344	2.5128e-09	-6.87998e-07	6.88459e-14	1.81264e-09	-2.99358e-05	1.26558e-06
16.6344	2.50369e-09	-6.88014e-07	6.85861e-14	-1.39123e-09	-2.09049e-05	1.28471e-06
16.6344	2.42686e-09	-6.8803e-07	6.63967e-14	1.25127e-09	3.1775e-05	1.29951e-06
16.6344	2.45301e-09	-6.88047e-07	6.71421e-14	-1.457e-10	3.05565e-06	1.3111e-06
16.6344	2.48944e-09	-6.88063e-07	6.81802e-14	-4.21541e-10	5.99488e-06	1.32197e-06
16.6344	2.54606e-09	-6.8808e-07	6.9794e-14	7.1069e-10	-1.96846e-05	1.3319e-06
16.6344	2.5373e-09	-6.88097e-07	6.95444e-14	-6.46732e-10	-1.36748e-05	1.33984e-06
16.6344	2.48257e-09	-6.88114e-07	6.79847e-14	-4.83699e-09	-3.06116e-05	1.34686e-06
16.6344	2.32422e-09	-6.88131e-07	6.34719e-14	3.99018e-09	2.23249e-05	1.35318e-06
16.6344	2.24087e-09	-6.88148e-07	6.1097e-14	1.51018e-09	2.4032e-05	1.35827e-06
16.6344	2.239e-09	-6.88165e-07	6.10436e-14	-3.35443e-10	1.21492e-05	1.3626e-06
16.6344	2.27857e-09	-6.88182e-07	6.21712e-14	2.86826e-10	-1.60466e-05	1.36625e-06
16.6344	2.26335e-09	-6.88199e-07	6.17377e-14	-1.68229e-10	1.37822e-05	1.36897e-06
16.6344	2.29532e-09	-6.88216e-07	6.26488e-14	-1.83395e-10	3.33522e-06	1.37104e-06
16.6344	2.33877e-09	-6.88233e-07	6.38871e-14	2.51313e-10	-4.92347e-06	1.37239e-06
16.6344	2.36535e-09	-6.88251e-07	6.46447e-14	1.33174e-10	-5.14972e-06	1.37294e-06
16.6344	2.37426e-09	-6.88268e-07	6.48986e-14	-1.11854e-10	4.58105e-06	1.3728e-06
16.6344	2.39889e-09	-6.88285e-07	6.56004e-14	-1.23007e-09	-3.04903e-05	1.3719e-06
16.6344	2.31896e-09	-6.88302e-07	6.33228e-14	-2.84772e-10	-2.32723e-06	1.37026e-06
16.6344	2.23119e-09	-6.8832e-07	6.08215e-14	9.30141e-10	8.74628e-06	1.36788e-06
16.6344	2.17347e-09	-6.88337e-07	5.91767e-14	-2.34081e-10	3.63654e-05	1.36468e-06
16.6344	2.23981e-09	-6.88354e-07	6.10673e-14	5.26085e-11	-5.47546e-07	1.36072e-06
16.6344	2.30408e-09	-6.88371e-07	6.28989e-14	8.29582e-10	-1.37981e-05	1.35599e-06
16.6344	2.32142e-09	-6.88388e-07	6.33931e-14	-5.29754e-11	1.76542e-06	1.3505e-06
16.6344	2.34463e-09	-6.88405e-07	6.40547e-14	9.71127e-11	-9.83129e-06	1.34434e-06
16.6344	2.33477e-09	-6.88422e-07	6.37737e-14	-1.37907e-11	6.70775e-06	1.33746e-06
16.6344	2.34733e-09	-6.88438e-07	6.41317e-14	-6.6751e-12	3.417e-07	1.32993e-06
16.6344	2.36095e-09	-6.88455e-07	6.45199e-14	-2.54468e-10	6.786e-06	1.32171e-06
16.6344	2.39683e-09	-6.88471e-07	6.55425e-14	-2.39399e-10	3.75034e-06	1.31285e-06
16.6344	2.44473e-09	-6.88488e-07	6.69075e-14	2.81107e-10	-4.54298e-06	1.30339e-06
16.6344	2.47752e-09	-6.88504e-07	6.78421e-14	2.54981e-10	-9.83396e-06	1.2933e-06
16.6344	2.47838e-09	-6.8852e-07	6.78667e-14	-5.46592e-10	-1.50572e-05	1.28271e-06
16.6344	2.43116e-09	-6.88536e-07	6.65209e-14	5.42567e-10	1.61016e-05	1.27158e-06
16.6344	2.43531e-09	-6.88552e-07	6.66393e-14	-7.73691e-10	1.63293e-05	1.25993e-06
16.6344	2.49062e-09	-6.88568e-07	6.82154e-14	-7.2393e-10	6.87005e-06	1.24782e-06
16.6344	2.5667e-09	-6.88584e-07	7.03838e-14	1.45863e-09	-2.86802e-05	1.23522e-06
16.6344	2.5539e-09	-6.88599e-07	7.00189e-14	-1.24655e-10	-4.03245e-06	1.22211e-06
16.6344	2.52898e-09	-6.88614e-07	6.93087e-14	-5.83699e-10	-9.14118e-06	1.20864e-06
16.6344	2.47687e-09	-6.88629e-07	6.78238e-14	7.45219e-10	1.89823e-05	1.19484e-06
16.6344	2.48174e-09	-6.88644e-07	6.79627e-14	-5.01585e-10	1.26199e-05	1.18061e-06
16.6344	2.52357e-09	-6.88659e-07	6.91548e-14	-8.02132e-09	4.41516e-05	1.16603e-06
16.6344	2.69277e-09	-6.88674e-07	7.39766e-14	8.04522e-09	-4.44895e-05	1.1512e-06
16.6345	2.73257e-09	-6.88688e-07	7.5111e-14	-9.20074e-11	-2.91086e-05	1.13614e-06
16.6345	2.68973e-09	-6.88702e-07	7.389e-14	-8.38432e-12	-1.10588e-07	1.12082e-06
16.6345	2.64716e-09	-6.88716e-07	7.2677e-14	-1.19209e-10	3.20816e-05	1.10524e-06
16.6345	2.6932e-09	-6.8873e-07	7.39893e-14	-1.31229e-09	1.16172e-05	1.08944e-06
16.6345	2.76999e-09	-6.88743e-07	7.61776e-14	-1.30119e-09	8.02842e-06	1.07354e-06
16.6345	2.86704e-09	-6.88757e-07	7.89433e-14	2.85271e-10	-1.6011e-06	1.05754e-06
16.6345	2.95842e-09	-6.8877e-07	8.15475e-14	7.92361e-10	-6.47639e-05	1.04136e-06
16.6345	2.8811e-09	-6.88783e-07	7.9344e-14	2.13971e-09	2.3591e-05	1.02506e-06
16.6345	2.86497e-09	-6.88796e-07	7.88844e-14	-9.1784e-10	2.65283e-05	1.00871e-06
16.6345	2.91546e-09	-6.88808e-07	8.03232e-14	-3.25558e-09	2.11637e-05	9.92308e-07
16.6345	3.01718e-09	-6.88821e-07	8.32222e-14	8.98283e-10	-4.60078e-06	9.75903e-07
16.6345	3.10608e-09	-6.88833e-07	8.57557e-14	3.37349e-09	-3.5764e-05	9.59552e-07
16.6345	3.10842e-09	-6.88845e-07	8.58224e-14	-4.99077e-10	1.31806e-05	9.43191e-07
16.6345	3.14153e-09	-6.88856e-07	8.67659e-14	-6.14463e-10	6.96469e-06	9.26818e-07
16.6345	3.19005e-09	-6.88868e-07	8.81488e-14	-3.04444e-10	2.70856e-06	9.10465e-07
16.6345	3.24382e-09	-6.88879e-07	8.96811e-14	6.30759e-10	-4.1611e-05	8.94174e-07
16.6345	3.20445e-09	-6.8889e-07	8.85591e-14	4.78806e-10	6.62026e-06	8.77979e-07
16.6345	3.18019e-09	-6.88901e-07	8.78679e-14	5.94512e-11	2.11855e-05	8.6189e-07
16.6345	3.20161e-09	-6.88912e-07	8.84782e-14	1.35894e-10	-3.2279e-06	8.4588e-07
16.6345	3.21586e-09	-6.88922e-07	8.88844e-14	-1.70591e-08	7.60812e-05	8.30023e-07
16.6345	3.38622e-09	-6.88933e-07	9.37394e-14	-4.66113e-09	1.05729e-05	8.14338e-07
16.6345	3.57466e-09	-6.88943e-07	9.91095e-14	2.06005e-08	-7.12272e-05	7.98725e-07
16.6345	3.61862e-09	-6.88953e-07	1.00362e-13	6.90969e-10	-3.69902e-05	7.83218e-07
16.6345	3.59001e-09	-6.88963e-07	9.95468e-14	-5.28671e-09	-3.3537e-05	7.67867e-07
16.6345	3.49821e-09	-6.88972e-07	9.6931e-14	5.28559e-09	6.30716e-05	7.52703e-07
16.6345	3.52574e-09	-6.88981e-07	9.77154e-14	-1.72701e-08	6.96426e-05	7.37681e-07
16.6345	3.67984e-09	-6.88991e-07	1.02107e-13	-2.71616e-08	4.97128e-05	7.22804e-07
16.6345	3.91974e-09	-6.89e-07	1.08944e-13	4.19351e-08	-9.9245e-05	7.08146e-07
16.6345	3.98087e-09	-6.89008e-07	1.10686e-13	-1.30171e-08	-0.000115035	6.93658e-07
16.6345	3.84332e-09	-6.89017e-07	1.06766e-13	6.20595e-09	1.73677e-05	6.79334e-07
16.6345	3.73781e-09	-6.89025e-07	1.03759e-13	-5.90329e-09	0.000142172	6.65224e-07
16.6345	3.86845e-09	-6.89034e-07	1.07482e-13	5.62355e-09	-1.57239e-05	6.51258e-07
16.6345	3.971e-09	-6.89042e-07	1.10405e-13	1.09824e-09	-3.54879e-06	6.37462e-07
16.6345	4.06578e-09	-6.8905e-07	1.13106e-13	7.96507e-09	-3.94267e-05	6.23911e-07
16.6345	4.09771e-09	-6.89057e-07	1.14016e-13	6.28523e-10	-3.39846e-05	6.10509e-07
16.6345	4.07764e-09	-6.89065e-07	1.13444e-13	-1.34859e-09	-1.34677e-05	5.97255e-07
16.6345	4.03812e-09	-6.89072e-07	1.12317e-13	-2.1312e-08	0.000122891	5.84212e-07
16.6345	4.17697e-09	-6.8908e-07	1.16274e-13	-6.02498e-08	8.6465e-05	5.71303e-07
16.6345	4.43482e-09	-6.89087e-07	1.23623e-13	-7.74544e-08	7.10242e-05	5.58535e-07
16.6345	4.78494e-09	-6.89094e-07	1.336e-13	1.48664e-07	-0.000183925	5.45969e-07
16.6345	4.87899e-09	-6.89101e-07	1.3628e-13	-5.05891e-08	-0.000228101	5.33565e-07
16.6345	4.67013e-09	-6.89107e-07	1.30328e-13	1.72473e-08	2.35222e-05	5.21298e-07
16.6345	4.4964e-09	-6.89114e-07	1.25377e-13	3.89244e-08	0.000186112	5.09224e-07
16.6345	4.56084e-09	-6.8912e-07	1.27214e-13	-4.87975e-08	9.75788e-05	4.97272e-07
16.6345	4.74362e-09	-6.89126e-07	1.32423e-13	-2.56665e-08	3.12213e-05	4.85441e-07
16.6345	4.95946e-09	-6.89132e-07	1.38574e-13	7.36866e-08	-0.00012585	4.7381e-07
16.6345	5.02285e-09	-6.89138e-07	1.4038e-13	-4.21195e-08	-0.000194829	4.62248e-07
16.6345	4.86235e-09	-6.89144e-07	1.35806e-13	1.48348e-08	2.29699e-05	4.50754e-07
16.6345	4.73141e-09	-6.89149e-07	1.32075e-13	3.4548e-08	0.000112213	4.39503e-07
16.6345	4.72548e-09	-6.89155e-07	1.31906e-13	-7.58422e-11	-2.29332e-06	4.28362e-07
16.6345	4.71728e-09	-6.8916e-07	1.31672e-13	-1.64211e-09	-1.90165e-05	4.17207e-07
16.6345	4.68972e-09	-6.89165e-07	1.30887e-13	-2.0673e-08	0.000121575	4.0622e-07
16.6345	4.7847e-09	-6.8917e-07	1.33594e-13	-7.41437e-08	0.000101784	3.95383e-07
16.6345	4.97635e-09	-6.89175e-07	1.39055e-13	-5.27136e-08	4.78154e-05	3.84537e-07
16.6345	5.20798e-09	-6.8918e-07	1.45656e-13	-8.93953e-07	0.000401599	3.73776e-07
16.6345	5.80302e-09	-6.89185e-07	1.62613e-13	-1.03615e-06	0.000266017	3.63225e-07
16.6345	6.61927e-09	-6.89189e-07	1.85875e-13	9.27597e-07	-0.000233241	3.52744e-07
16.6345	7.20893e-09	-6.89193e-07	2.02679e-13	8.20675e-07	-0.00104272	3.42246e-07
16.6345	6.9023e-09	-6.89198e-07	1.9394e-13	-2.79392e-06	-0.000754091	3.31901e-07
16.6345	5.98887e-09	-6.89202e-07	1.6791e-13	-2.3423e-06	-0.000360781	3.21778e-07
16.6345	4.81778e-09	-6.89206e-07	1.34536e-13	-5.51105e-06	-0.000616707	3.11742e-07
16.6345	3.21092e-09	-6.8921e-07	8.87445e-14	-3.46114e-06	-0.00030772	3.0174e-07
16.6345	1.42797e-09	-6.89213e-07	3.79345e-14	8.62438e-07	7.28724e-05	2.91915e-07
16.6345	-2.44504e-10	-6.89217e-07	-9.72705e-15	8.65369e-06	0.000927044	2.82358e-07
16.6345	-1.21857e-09	-6.8922e-07	-3.74857e-14	4.47872e-06	0.0018251	2.72991e-07
16.6345	-9.35633e-10	-6.89224e-07	-2.94226e-14	-1.20308e-05	0.00181208	2.63815e-07
16.6345	5.12401e-10	-6.89227e-07	1.18431e-14	-3.53024e-05	0.00213753	2.54938e-07
16.6345	3.2509e-09	-6.8923e-07	8.98841e-14	-3.18096e-05	0.00127032	2.46401e-07
16.6345	6.66718e-09	-6.89233e-07	1.8724e-13	-3.00757e-05	0.00098049	2.38164e-07
16.6345	1.0543e-08	-6.89236e-07	2.97692e-13	1.81871e-05	-0.000573869	2.30214e-07
16.6345	1.39651e-08	-6.89239e-07	3.95214e-13	2.58914e-05	-0.000926829	2.2273e-07
16.6345	1.67709e-08	-6.89242e-07	4.75174e-13	2.90344e-05	-0.00129803	2.15811e-07
16.6345	1.88019e-08	-6.89244e-07	5.33053e-13	3.05826e-05	-0.00227844	2.09356e-07
16.6345	1.95985e-08	-6.89247e-07	5.55754e-13	4.45642e-06	-0.00232255	2.03301e-07
16.6345	1.9209e-08	-6.89249e-07	5.44654e-13	-2.48598e-05	-0.00247021	1.97633e-07
16.6345	1.76266e-08	-6.89252e-07	4.99558e-13	-4.69273e-05	-0.00216651	1.92402e-07
16.6345	1.50561e-08	-6.89254e-07	4.26306e-13	-1.54819e-06	-5.68696e-05	1.88037e-07
16.6345	1.25097e-08	-6.89257e-07	3.5374e-13	-3.90468e-06	-0.00014087	1.84925e-07
16.6345	9.9327e-09	-6.89259e-07	2.803e-13	1.16221e-05	0.000430554	1.82873e-07
16.6345	7.57432e-09	-6.89261e-07	2.13092e-13	1.93294e-05	0.000809052	1.81561e-07
16.6345	5.59518e-09	-6.89263e-07	1.56691e-13	-2.17471e-05	-0.00090152	1.8086e-07
16.6345	3.21319e-09	-6.89266e-07	8.88095e-14	3.06627e-05	0.00133027	1.80732e-07
16.6345	1.43067e-09	-6.89268e-07	3.80116e-14	2.10037e-05	0.00126932	1.81152e-07
16.6345	2.17178e-10	-6.8927e-07	3.43002e-15	1.77889e-05	0.00248279	1.82174e-07
16.6345	1.29631e-10	-6.89273e-07	9.3513e-16	-3.56751e-07	0.000615055	1.83913e-07
16.6345	3.25494e-10	-6.89275e-07	6.51679e-15	-2.1195e-06	0.000589962	1.86581e-07
16.6345	8.02298e-10	-6.89277e-07	2.01046e-14	-1.34311e-07	2.61663e-05	1.90374e-07
16.6345	1.30281e-09	-6.8928e-07	3.4368e-14	-3.94515e-06	0.000590958	1.95302e-07
16.6345	2.11012e-09	-6.89282e-07	5.73744e-14	3.45407e-06	-0.000500432	2.01317e-07
16.6345	2.6882e-09	-6.89285e-07	7.38484e-14	-4.56219e-07	7.80377e-05	2.08475e-07
16.6345	3.32962e-09	-6.89287e-07	9.21276e-14	3.40096e-06	-0.000892889	2.16812e-07
16.6345	3.50406e-09	-6.8929e-07	9.70986e-14	1.15826e-07	-8.48878e-05	2.26413e-07
16.6345	3.63746e-09	-6.89293e-07	1.009e-13	-2.09528e-07	-0.000600473	2.37423e-07
16.6345	3.4124e-09	-6.89296e-07	9.44867e-14	-1.77304e-07	-8.58698e-05	2.50068e-07
16.6345	3.11967e-09	-6.89299e-07	8.61444e-14	-4.14716e-07	-0.000155437	2.64627e-07
16.6345	2.70334e-09	-6.89303e-07	7.428e-14	4.9807e-08	1.65177e-05	2.8138e-07
16.6345	2.27158e-09	-6.89306e-07	6.19758e-14	-6.41092e-07	-0.000186364	3.00768e-07
16.6345	1.66385e-09	-6.8931e-07	4.4657e-14	3.04874e-08	7.84483e-06	3.23382e-07
16.6345	1.01507e-09	-6.89315e-07	2.61681e-14	-2.88029e-07	-7.1211e-05	3.49921e-07
16.6345	2.45976e-10	-6.89319e-07	4.25086e-15	-2.62369e-07	-6.00008e-05	3.81392e-07
16.6345	-6.55223e-10	-6.89324e-07	-2.14312e-14	2.29805e-07	5.23242e-05	4.19209e-07
16.6345	-1.59245e-09	-6.8933e-07	-4.81399e-14	1.10918e-06	0.000320609	4.65666e-07
16.6345	-2.24557e-09	-6.89336e-07	-6.67525e-14	6.54955e-07	0.000387985	5.2431e-07
16.6345	-2.44564e-09	-6.89343e-07	-7.24539e-14	5.15635e-08	0.000145296	6.01711e-07
16.6345	-2.44294e-09	-6.89351e-07	-7.2377e-14	-7.36001e-09	-5.5955e-05	7.11542e-07
16.6345	-2.54837e-09	-6.89361e-07	-7.53813e-14	-9.49429e-08	-0.000148012	8.85964e-07
16.6345	-3.05162e-09	-6.89373e-07	-8.97229e-14	2.45116e-08	2.58899e-05	1.22205e-06
16.6345	-3.69066e-09	-6.89391e-07	-1.07934e-13	7.49088e-08	0.000210405	2.1004e-06
16.6345	-3.45677e-09	-6.89426e-07	-1.01268e-13	-2.63293e-08	7.41118e-05	7.75625e-06
16.6345	-7.85836e-12	-6.89586e-07	-2.98192e-15	-0.4	-0.00010811	0.00673491
16.6278	-1.32752e-11	-5.20747e-07	-3.71495e-15	0.4	-2.05303e-09	0.0133611
