16.6353	-8.0498e-11	-7.15518e-07	-4.69673e-15	-8.49002e-07	-0.00058275	0.00685298
16.6353	-1.64044e-08	-7.15663e-07	-4.84986e-13	-5.29093e-05	0.00521961	5.97927e-06
16.6353	-7.66528e-09	-7.15673e-07	-2.2786e-13	-0.000223367	0.00588804	5.79277e-07
16.6353	2.9826e-09	-7.15678e-07	8.5428e-14	5.9603e-05	-0.00119957	3.5537e-07
16.6353	1.0118e-08	-7.15682e-07	2.9537e-13	0.000159802	-0.00452065	2.89305e-07
16.6353	1.33917e-08	-7.15686e-07	3.91691e-13	5.17844e-05	-0.00326374	2.66424e-07
16.6353	1.43945e-08	-7.15689e-07	4.21196e-13	3.81661e-06	-0.000620131	2.5865e-07
16.6353	1.49861e-08	-7.15692e-07	4.38602e-13	-2.21034e-06	0.00039525	2.5751e-07
16.6353	1.58351e-08	-7.15696e-07	4.6358e-13	-6.5485e-06	0.000769919	2.59636e-07
16.6353	1.71975e-08	-7.15699e-07	5.03665e-13	4.0092e-07	-3.87982e-05	2.63511e-07
16.6353	1.85577e-08	-7.15703e-07	5.43687e-13	5.43866e-06	-0.000627472	2.68371e-07
16.6353	1.95194e-08	-7.15706e-07	5.71983e-13	3.59438e-06	-0.000659547	2.73827e-07
16.6353	2.00452e-08	-7.1571e-07	5.87454e-13	9.53186e-07	-0.000316794	2.79679e-07
16.6353	2.03586e-08	-7.15713e-07	5.96673e-13	4.5375e-07	-0.000320581	2.85814e-07
16.6353	2.04473e-08	-7.15717e-07	5.99283e-13	2.75421e-08	-0.000186507	2.92184e-07
16.6353	2.04002e-08	-7.15721e-07	5.97898e-13	-8.15725e-08	-0.000127825	2.98762e-07
16.6353	2.02555e-08	-7.15725e-07	5.93642e-13	-5.30723e-07	-0.000307433	3.05538e-07
16.6353	1.98701e-08	-7.15729e-07	5.82302e-13	-1.85834e-07	-6.96277e-05	3.12517e-07
16.6353	1.94208e-08	-7.15733e-07	5.69082e-13	-2.20469e-06	-0.000529202	3.19713e-07
16.6353	1.85334e-08	-7.15737e-07	5.42971e-13	-2.95116e-06	-0.000446737	3.27128e-07
16.6353	1.72557e-08	-7.15741e-07	5.05378e-13	-2.8896e-06	-0.00033732	3.3476e-07
16.6353	1.56625e-08	-7.15746e-07	4.58504e-13	-2.64563e-06	-0.000262806	3.42615e-07
16.6353	1.38042e-08	-7.1575e-07	4.03826e-13	-4.1322e-06	-0.000355805	3.50708e-07
16.6353	1.15862e-08	-7.15755e-07	3.38567e-13	-1.99051e-06	-0.000154429	3.59032e-07
16.6353	9.17516e-09	-7.1576e-07	2.67629e-13	-2.57121e-06	-0.000187085	3.6759e-07
16.6353	6.53263e-09	-7.15764e-07	1.89879e-13	1.08795e-06	7.76152e-05	3.76387e-07
16.6353	3.90062e-09	-7.15769e-07	1.12439e-13	5.47933e-06	0.000429805	3.85429e-07
16.6353	1.62436e-09	-7.15774e-07	4.54651e-14	3.50549e-06	0.00032258	3.94722e-07
16.6353	-3.84788e-10	-7.1578e-07	-1.3649e-14	1.52565e-06	0.00015784	4.04271e-07
16.6353	-2.28116e-09	-7.15785e-07	-6.94449e-14	3.95586e-06	0.000491953	4.14077e-07
16.6353	-3.70822e-09	-7.1579e-07	-1.11433e-13	7.63643e-07	0.000117155	4.24139e-07
16.6353	-5.04424e-09	-7.15796e-07	-1.50742e-13	2.35308e-06	0.000464715	4.3445e-07
16.6353	-5.90196e-09	-7.15802e-07	-1.75978e-13	1.49672e-06	0.000881436	4.45014e-07
16.6353	-5.78812e-09	-7.15807e-07	-1.72629e-13	-2.45356e-06	0.000894702	4.5583e-07
16.6353	-4.63969e-09	-7.15813e-07	-1.38839e-13	-1.00192e-05	0.00124007	4.669e-07
16.6353	-1.99857e-09	-7.1582e-07	-6.11304e-14	-4.44034e-07	3.93698e-05	4.78211e-07
16.6353	7.54055e-10	-7.15826e-07	1.98588e-14	2.98948e-06	-0.000279996	4.89747e-07
16.6353	3.22603e-09	-7.15832e-07	9.25905e-14	3.03561e-06	-0.000331869	5.01513e-07
16.6353	5.33627e-09	-7.15839e-07	1.54679e-13	3.84229e-06	-0.000554343	5.13511e-07
16.6353	6.77682e-09	-7.15846e-07	1.97064e-13	2.43127e-06	-0.000601621	5.25728e-07
16.6353	7.45155e-09	-7.15852e-07	2.16916e-13	6.18562e-07	-0.000607689	5.38159e-07
16.6353	7.31508e-09	-7.1586e-07	2.12901e-13	-1.85326e-07	-0.000189879	5.50795e-07
16.6353	6.91094e-09	-7.15867e-07	2.0101e-13	-7.08006e-07	-0.000315979	5.63637e-07
16.6353	6.04705e-09	-7.15874e-07	1.75592e-13	-1.21966e-06	-0.000318672	5.76673e-07
16.6353	4.69861e-09	-7.15882e-07	1.35918e-13	-1.74269e-07	-3.69497e-05	5.89881e-07
16.6353	3.26435e-09	-7.15889e-07	9.37182e-14	1.20059e-06	0.000294872	6.03235e-07
16.6353	2.24746e-09	-7.15897e-07	6.37988e-14	9.19129e-07	0.00038926	6.16721e-07
16.6353	1.81473e-09	-7.15905e-07	5.10669e-14	1.83056e-07	0.000215593	6.30343e-07
16.6353	1.71594e-09	-7.15914e-07	4.81601e-14	-2.24837e-08	0.000175334	6.4408e-07
16.6353	1.90035e-09	-7.15922e-07	5.35859e-14	-1.51663e-07	0.000157805	6.57908e-07
16.6353	2.35098e-09	-7.15931e-07	6.68446e-14	-3.03863e-07	0.000170527	6.71831e-07
16.6353	3.10047e-09	-7.1594e-07	8.88966e-14	2.09018e-07	-0.000107813	6.85878e-07
16.6353	3.67878e-09	-7.15948e-07	1.05912e-13	2.65231e-07	-0.000260678	7.00063e-07
16.6353	3.80811e-09	-7.15958e-07	1.09717e-13	-2.94201e-08	-0.000203995	7.14383e-07
16.6353	3.57208e-09	-7.15967e-07	1.02773e-13	-1.97482e-08	-2.73318e-05	7.28845e-07
16.6353	3.281e-09	-7.15977e-07	9.42083e-14	1.75926e-08	2.40772e-05	7.43486e-07
16.6353	3.02928e-09	-7.15986e-07	8.68022e-14	-3.04375e-09	-4.46535e-06	7.5832e-07
16.6353	2.76401e-09	-7.15996e-07	7.89973e-14	4.6877e-08	0.000117384	7.73306e-07
16.6353	2.72267e-09	-7.16006e-07	7.7781e-14	-9.97119e-09	8.77876e-05	7.88441e-07
16.6353	2.85524e-09	-7.16017e-07	8.16814e-14	8.78179e-09	-3.62089e-05	8.03809e-07
16.6353	2.91692e-09	-7.16027e-07	8.34963e-14	1.01429e-09	-5.31732e-05	8.19437e-07
16.6353	2.86982e-09	-7.16038e-07	8.21106e-14	-1.24763e-09	-9.12841e-06	8.35198e-07
16.6353	2.80258e-09	-7.16049e-07	8.01323e-14	-9.30156e-09	-3.69349e-05	8.509e-07
16.6353	2.65481e-09	-7.1606e-07	7.57845e-14	4.0691e-09	1.3062e-05	8.66383e-07
16.6353	2.53294e-09	-7.16071e-07	7.21987e-14	5.27651e-09	8.73963e-05	8.81575e-07
16.6353	2.60323e-09	-7.16083e-07	7.42669e-14	-3.55565e-09	1.75936e-05	8.96467e-07
16.6353	2.71444e-09	-7.16094e-07	7.7539e-14	5.8347e-09	-5.86215e-05	9.11123e-07
16.6353	2.69285e-09	-7.16106e-07	7.69037e-14	-1.20781e-09	-1.45033e-05	9.25743e-07
16.6353	2.63708e-09	-7.16118e-07	7.52629e-14	1.41145e-09	2.65575e-05	9.40538e-07
16.6353	2.64336e-09	-7.16131e-07	7.54477e-14	-3.31398e-10	-1.44647e-05	9.55605e-07
16.6353	2.61491e-09	-7.16143e-07	7.46106e-14	-7.42522e-10	-9.08041e-06	9.70949e-07
16.6353	2.56378e-09	-7.16156e-07	7.31064e-14	1.05292e-09	2.48283e-05	9.86544e-07
16.6353	2.57356e-09	-7.16169e-07	7.33941e-14	2.42975e-11	-1.53195e-06	1.00236e-06
16.6353	2.57962e-09	-7.16182e-07	7.35726e-14	-1.81242e-09	2.46314e-05	1.01846e-06
16.6353	2.649e-09	-7.16195e-07	7.56139e-14	1.6918e-09	-3.43839e-05	1.03503e-06
16.6353	2.62982e-09	-7.16209e-07	7.50497e-14	-1.83288e-09	-2.07058e-05	1.05237e-06
16.6353	2.55538e-09	-7.16222e-07	7.28594e-14	1.20207e-09	1.0553e-05	1.07086e-06
16.6353	2.5081e-09	-7.16236e-07	7.14683e-14	6.53887e-10	1.08062e-05	1.09097e-06
16.6353	2.48966e-09	-7.16251e-07	7.09257e-14	-5.31767e-11	1.48317e-05	1.11301e-06
16.6353	2.51252e-09	-7.16265e-07	7.15985e-14	-2.86132e-10	5.30616e-06	1.1368e-06
16.6353	2.55113e-09	-7.1628e-07	7.27345e-14	4.20981e-10	-9.93954e-06	1.16162e-06
16.6353	2.5614e-09	-7.16295e-07	7.30368e-14	-2.74684e-09	-3.68319e-05	1.18643e-06
16.6353	2.46152e-09	-7.16311e-07	7.0098e-14	-3.43674e-10	-2.00229e-06	1.21005e-06
16.6353	2.35362e-09	-7.16327e-07	6.69235e-14	-1.04315e-09	-5.47985e-06	1.2316e-06
16.6353	2.22692e-09	-7.16343e-07	6.31956e-14	4.15053e-09	3.84506e-05	1.25089e-06
16.6353	2.21947e-09	-7.16359e-07	6.29766e-14	-3.82915e-09	4.15713e-05	1.26859e-06
16.6353	2.34466e-09	-7.16376e-07	6.666e-14	2.24353e-09	-1.39122e-05	1.28641e-06
16.6353	2.4266e-09	-7.16393e-07	6.90708e-14	1.58192e-09	-2.79658e-05	1.30658e-06
16.6353	2.4178e-09	-7.1641e-07	6.88121e-14	-1.21414e-09	-1.95292e-05	1.32633e-06
16.6353	2.34371e-09	-7.16427e-07	6.6632e-14	1.09201e-09	2.96839e-05	1.3416e-06
16.6353	2.36893e-09	-7.16444e-07	6.73742e-14	-1.27146e-10	2.85456e-06	1.35357e-06
16.6353	2.40406e-09	-7.16462e-07	6.84079e-14	-3.67874e-10	5.60035e-06	1.36479e-06
16.6353	2.45867e-09	-7.1648e-07	7.00148e-14	6.20234e-10	-1.83892e-05	1.37505e-06
16.6353	2.45023e-09	-7.16498e-07	6.97663e-14	-5.64403e-10	-1.27749e-05	1.38325e-06
16.6353	2.39744e-09	-7.16516e-07	6.82132e-14	-4.22129e-09	-2.85971e-05	1.39049e-06
16.6353	2.24471e-09	-7.16534e-07	6.37196e-14	3.48229e-09	2.08557e-05	1.39702e-06
16.6353	2.16433e-09	-7.16552e-07	6.13547e-14	1.31796e-09	2.24505e-05	1.40227e-06
16.6353	2.16252e-09	-7.1657e-07	6.13016e-14	-2.92736e-10	1.13496e-05	1.40674e-06
16.6353	2.20069e-09	-7.16588e-07	6.24244e-14	2.50323e-10	-1.49906e-05	1.41051e-06
16.6353	2.18601e-09	-7.16607e-07	6.19927e-14	-1.46806e-10	1.28752e-05	1.41332e-06
16.6353	2.21685e-09	-7.16625e-07	6.28999e-14	-1.60042e-10	3.11573e-06	1.41545e-06
16.6353	2.25875e-09	-7.16643e-07	6.4133e-14	2.19333e-10	-4.59946e-06	1.41684e-06
16.6353	2.28439e-09	-7.16662e-07	6.48873e-14	1.16231e-10	-4.81082e-06	1.41741e-06
16.6353	2.29298e-09	-7.1668e-07	6.51401e-14	-9.7607e-11	4.27957e-06	1.41728e-06
16.6353	2.31673e-09	-7.16698e-07	6.58389e-14	-1.07349e-09	-2.84837e-05	1.41634e-06
16.6353	2.23965e-09	-7.16717e-07	6.3571e-14	-2.48516e-10	-2.17407e-06	1.41465e-06
16.6353	2.15499e-09	-7.16735e-07	6.10803e-14	8.11754e-10	8.17069e-06	1.41219e-06
16.6353	2.09933e-09	-7.16753e-07	5.94425e-14	-2.04273e-10	3.39722e-05	1.40889e-06
16.6353	2.16331e-09	-7.16772e-07	6.13251e-14	4.59197e-11	-5.11504e-07	1.4048e-06
16.6353	2.22529e-09	-7.1679e-07	6.31489e-14	7.23993e-10	-1.28901e-05	1.39992e-06
16.6353	2.24202e-09	-7.16808e-07	6.3641e-14	-4.62237e-11	1.64924e-06	1.39425e-06
16.6353	2.2644e-09	-7.16826e-07	6.42997e-14	8.47589e-11	-9.18429e-06	1.38789e-06
16.6353	2.25489e-09	-7.16844e-07	6.402e-14	-1.20264e-11	6.26632e-06	1.38079e-06
16.6353	2.26701e-09	-7.16862e-07	6.43764e-14	-5.8171e-12	3.19213e-07	1.37302e-06
16.6353	2.28014e-09	-7.16879e-07	6.47629e-14	-2.22069e-10	6.33942e-06	1.36452e-06
16.6353	2.31475e-09	-7.16897e-07	6.57811e-14	-2.08917e-10	3.50353e-06	1.35537e-06
16.6353	2.36094e-09	-7.16915e-07	6.71404e-14	2.45333e-10	-4.24402e-06	1.34561e-06
16.6353	2.39257e-09	-7.16932e-07	6.8071e-14	2.22532e-10	-9.18679e-06	1.33519e-06
16.6353	2.3934e-09	-7.16949e-07	6.80955e-14	-4.7701e-10	-1.40663e-05	1.32426e-06
16.6353	2.34785e-09	-7.16966e-07	6.67554e-14	4.73513e-10	1.50419e-05	1.31277e-06
16.6353	2.35186e-09	-7.16983e-07	6.68733e-14	-6.752e-10	1.52547e-05	1.30074e-06
16.6353	2.4052e-09	-7.17e-07	6.84427e-14	-6.31774e-10	6.41794e-06	1.28824e-06
16.6353	2.47858e-09	-7.17017e-07	7.06018e-14	1.27296e-09	-2.67927e-05	1.27524e-06
16.6353	2.46623e-09	-7.17033e-07	7.02384e-14	-1.08781e-10	-3.76707e-06	1.2617e-06
16.6353	2.44219e-09	-7.17049e-07	6.95313e-14	-5.09394e-10	-8.5396e-06	1.2478e-06
16.6353	2.39194e-09	-7.17065e-07	6.80527e-14	6.5037e-10	1.7733e-05	1.23354e-06
16.6353	2.39663e-09	-7.17081e-07	6.8191e-14	-4.3773e-10	1.17894e-05	1.21886e-06
16.6353	2.43698e-09	-7.17097e-07	6.9378e-14	-7.00029e-09	4.1246e-05	1.20381e-06
16.6353	2.60016e-09	-7.17112e-07	7.41793e-14	7.02116e-09	-4.15617e-05	1.18849e-06
16.6353	2.63855e-09	-7.17128e-07	7.5309e-14	-8.02918e-11	-2.7193e-05	1.17295e-06
16.6353	2.59723e-09	-7.17143e-07	7.40931e-14	-7.30973e-12	-1.03306e-07	1.15713e-06
16.6353	2.55617e-09	-7.17158e-07	7.28852e-14	-1.04026e-10	2.99703e-05	1.14104e-06
16.6353	2.60058e-09	-7.17172e-07	7.41919e-14	-1.14524e-09	1.08527e-05	1.12473e-06
16.6353	2.67464e-09	-7.17187e-07	7.6371e-14	-1.13556e-09	7.50009e-06	1.10831e-06
16.6353	2.76824e-09	-7.17201e-07	7.91249e-14	2.4897e-10	-1.49575e-06	1.09179e-06
16.6353	2.85637e-09	-7.17215e-07	8.1718e-14	6.91501e-10	-6.05018e-05	1.0751e-06
16.6353	2.7818e-09	-7.17229e-07	7.95238e-14	1.86735e-09	2.20385e-05	1.05827e-06
16.6353	2.76624e-09	-7.17243e-07	7.90662e-14	-8.01001e-10	2.47825e-05	1.04139e-06
16.6353	2.81493e-09	-7.17256e-07	8.04989e-14	-2.84117e-09	1.9771e-05	1.02445e-06
16.6353	2.91304e-09	-7.17269e-07	8.33855e-14	7.83945e-10	-4.29799e-06	1.00752e-06
16.6353	2.99878e-09	-7.17282e-07	8.59083e-14	2.94409e-09	-3.34104e-05	9.90637e-07
16.6353	3.00104e-09	-7.17295e-07	8.59747e-14	-4.35543e-10	1.23132e-05	9.73746e-07
16.6353	3.03297e-09	-7.17307e-07	8.69142e-14	-5.36242e-10	6.50635e-06	9.56842e-07
16.6353	3.07977e-09	-7.1732e-07	8.82911e-14	-2.65686e-10	2.53031e-06	9.39959e-07
16.6353	3.13163e-09	-7.17332e-07	8.9817e-14	5.50472e-10	-3.88726e-05	9.2314e-07
16.6353	3.09365e-09	-7.17344e-07	8.86998e-14	4.17866e-10	6.18459e-06	9.06421e-07
16.6353	3.07026e-09	-7.17355e-07	8.80115e-14	5.18904e-11	1.97913e-05	8.89811e-07
16.6353	3.09091e-09	-7.17367e-07	8.86192e-14	1.18601e-10	-3.01549e-06	8.73282e-07
16.6353	3.10466e-09	-7.17378e-07	8.90236e-14	-1.48877e-08	7.10744e-05	8.56912e-07
16.6353	3.26897e-09	-7.17389e-07	9.3858e-14	-4.06779e-09	9.87706e-06	8.40719e-07
16.6353	3.45071e-09	-7.174e-07	9.92052e-14	1.79783e-08	-6.65397e-05	8.24599e-07
16.6353	3.4931e-09	-7.1741e-07	1.00453e-13	6.0302e-10	-3.45559e-05	8.0859e-07
16.6353	3.4655e-09	-7.17421e-07	9.96407e-14	-4.61377e-09	-3.133e-05	7.92742e-07
16.6353	3.37698e-09	-7.17431e-07	9.7036e-14	4.61281e-09	5.89209e-05	7.77087e-07
16.6353	3.40352e-09	-7.17441e-07	9.78171e-14	-1.50718e-08	6.50594e-05	7.61578e-07
16.6353	3.55215e-09	-7.1745e-07	1.0219e-13	-2.37042e-08	4.64412e-05	7.4622e-07
16.6353	3.78352e-09	-7.1746e-07	1.08998e-13	3.65972e-08	-9.27136e-05	7.31087e-07
16.6353	3.84247e-09	-7.17469e-07	1.10732e-13	-1.13602e-08	-0.000107464	7.16129e-07
16.6353	3.70982e-09	-7.17479e-07	1.06829e-13	5.41602e-09	1.62247e-05	7.01341e-07
16.6353	3.60806e-09	-7.17488e-07	1.03835e-13	-5.15187e-09	0.000132815	6.86773e-07
16.6353	3.73405e-09	-7.17496e-07	1.07542e-13	4.90776e-09	-1.46892e-05	6.72356e-07
16.6353	3.83296e-09	-7.17505e-07	1.10452e-13	9.58454e-10	-3.31528e-06	6.58113e-07
16.6353	3.92437e-09	-7.17513e-07	1.13142e-13	6.95119e-09	-3.68319e-05	6.44122e-07
16.6353	3.95516e-09	-7.17522e-07	1.14048e-13	5.48522e-10	-3.17481e-05	6.30285e-07
16.6353	3.93581e-09	-7.1753e-07	1.13478e-13	-1.17693e-09	-1.25814e-05	6.16603e-07
16.6353	3.89769e-09	-7.17538e-07	1.12357e-13	-1.85992e-08	0.000114804	6.03138e-07
16.6353	4.0316e-09	-7.17545e-07	1.16297e-13	-5.25808e-08	8.07749e-05	5.8981e-07
16.6353	4.28029e-09	-7.17553e-07	1.23614e-13	-6.7595e-08	6.63498e-05	5.76628e-07
16.6353	4.61797e-09	-7.1756e-07	1.33549e-13	1.2974e-07	-0.000171821	5.63656e-07
16.6353	4.70866e-09	-7.17568e-07	1.36218e-13	-4.41497e-08	-0.00021309	5.50849e-07
16.6353	4.50723e-09	-7.17575e-07	1.30291e-13	1.50519e-08	2.19743e-05	5.38185e-07
16.6353	4.33967e-09	-7.17582e-07	1.25361e-13	3.39698e-08	0.000173864	5.25721e-07
16.6353	4.40183e-09	-7.17588e-07	1.2719e-13	-4.25861e-08	9.11572e-05	5.13381e-07
16.6353	4.57811e-09	-7.17595e-07	1.32377e-13	-2.23994e-08	2.91666e-05	5.01167e-07
16.6353	4.78628e-09	-7.17601e-07	1.38502e-13	6.43071e-08	-0.000117568	4.89159e-07
16.6353	4.84742e-09	-7.17608e-07	1.403e-13	-3.67582e-08	-0.000182008	4.77222e-07
16.6353	4.69262e-09	-7.17614e-07	1.35746e-13	1.29465e-08	2.14582e-05	4.65356e-07
16.6353	4.56634e-09	-7.1762e-07	1.3203e-13	3.01505e-08	0.000104829	4.53741e-07
16.6353	4.56062e-09	-7.17625e-07	1.31862e-13	-6.61862e-11	-2.14241e-06	4.42238e-07
16.6353	4.5527e-09	-7.17631e-07	1.31629e-13	-1.43308e-09	-1.7765e-05	4.30723e-07
16.6353	4.52612e-09	-7.17637e-07	1.30847e-13	-1.80415e-08	0.000113574	4.1938e-07
16.6353	4.61773e-09	-7.17642e-07	1.33543e-13	-6.47061e-08	9.50858e-05	4.08191e-07
16.6353	4.80257e-09	-7.17647e-07	1.38981e-13	-4.60036e-08	4.46685e-05	3.96994e-07
16.6353	5.02597e-09	-7.17652e-07	1.45554e-13	-7.80164e-07	0.000375171	3.85884e-07
16.6353	5.59985e-09	-7.17657e-07	1.62439e-13	-9.04258e-07	0.00024851	3.74991e-07
16.6353	6.38709e-09	-7.17662e-07	1.85602e-13	8.09525e-07	-0.000217892	3.64171e-07
16.6353	6.95579e-09	-7.17667e-07	2.02334e-13	7.16214e-07	-0.000974101	3.53333e-07
16.6353	6.66005e-09	-7.17671e-07	1.93633e-13	-2.4383e-06	-0.000704467	3.42653e-07
16.6353	5.7791e-09	-7.17675e-07	1.67713e-13	-2.04417e-06	-0.000337041	3.32201e-07
16.6354	4.64964e-09	-7.1768e-07	1.34482e-13	-4.80964e-06	-0.000576131	3.21839e-07
16.6354	3.09989e-09	-7.17684e-07	8.88842e-14	-3.02063e-06	-0.000287475	3.11512e-07
16.6354	1.38032e-09	-7.17688e-07	3.82901e-14	7.52673e-07	6.80779e-05	3.01369e-07
16.6354	-2.32701e-10	-7.17692e-07	-9.16888e-15	7.55231e-06	0.000866051	2.91503e-07
16.6354	-1.17214e-09	-7.17695e-07	-3.68095e-14	3.90865e-06	0.00170499	2.81834e-07
16.6354	-8.99263e-10	-7.17699e-07	-2.87807e-14	-1.04995e-05	0.00169284	2.7236e-07
16.6354	4.97298e-10	-7.17702e-07	1.23095e-14	-3.08106e-05	0.00199697	2.63192e-07
16.6354	3.13846e-09	-7.17706e-07	9.00189e-14	-2.7764e-05	0.00118687	2.54373e-07
16.6354	6.4333e-09	-7.17709e-07	1.86961e-13	-2.6252e-05	0.000916124	2.45865e-07
16.6354	1.01713e-08	-7.17712e-07	2.96944e-13	1.5875e-05	-0.000536199	2.37657e-07
16.6354	1.34718e-08	-7.17715e-07	3.94051e-13	2.25991e-05	-0.000865964	2.29934e-07
16.6354	1.61779e-08	-7.17718e-07	4.73671e-13	2.53412e-05	-0.00121273	2.22794e-07
16.6354	1.81367e-08	-7.17721e-07	5.31304e-13	2.66908e-05	-0.00212857	2.16135e-07
16.6354	1.8905e-08	-7.17724e-07	5.53909e-13	3.88919e-06	-0.0021697	2.09886e-07
16.6354	1.85293e-08	-7.17726e-07	5.42857e-13	-2.1696e-05	-0.00230769	2.04034e-07
16.6354	1.70031e-08	-7.17729e-07	4.97952e-13	-4.09581e-05	-0.00202413	1.98628e-07
16.6354	1.4524e-08	-7.17731e-07	4.25011e-13	-1.35093e-06	-5.31193e-05	1.94119e-07
16.6354	1.20682e-08	-7.17734e-07	3.52753e-13	-3.40876e-06	-0.000131642	1.90906e-07
16.6354	9.58273e-09	-7.17736e-07	2.79625e-13	1.01445e-05	0.000402288	1.88788e-07
16.6354	7.30819e-09	-7.17739e-07	2.12703e-13	1.6871e-05	0.000755901	1.87436e-07
16.6354	5.39941e-09	-7.17741e-07	1.56542e-13	-1.89814e-05	-0.000842298	1.86713e-07
16.6354	3.10208e-09	-7.17744e-07	8.89489e-14	2.67626e-05	0.00124285	1.8658e-07
16.6354	1.38292e-09	-7.17746e-07	3.83669e-14	1.83312e-05	0.00118585	1.87017e-07
16.6354	2.12569e-10	-7.17749e-07	3.93224e-15	1.55249e-05	0.00231943	1.88075e-07
16.6354	1.28134e-10	-7.17751e-07	1.44795e-15	-3.11343e-07	0.000574579	1.89871e-07
16.6354	3.17035e-10	-7.17753e-07	7.00589e-15	-1.8497e-06	0.000551136	1.92625e-07
16.6354	7.7689e-10	-7.17756e-07	2.0536e-14	-1.17218e-07	2.4445e-05	1.96541e-07
16.6354	1.25961e-09	-7.17759e-07	3.47387e-14	-3.44302e-06	0.000552073	2.01628e-07
16.6354	2.03822e-09	-7.17761e-07	5.76474e-14	3.01443e-06	-0.000467502	2.07838e-07
16.6354	2.59575e-09	-7.17764e-07	7.40513e-14	-3.98146e-07	7.29018e-05	2.15228e-07
16.6354	3.21438e-09	-7.17767e-07	9.22528e-14	2.96807e-06	-0.000834131	2.23836e-07
16.6354	3.38261e-09	-7.1777e-07	9.72028e-14	1.01082e-07	-7.93009e-05	2.33748e-07
16.6354	3.51128e-09	-7.17773e-07	1.00988e-13	-1.82858e-07	-0.000560956	2.45114e-07
16.6354	3.29422e-09	-7.17776e-07	9.46019e-14	-1.54735e-07	-8.02185e-05	2.58169e-07
16.6354	3.01189e-09	-7.1778e-07	8.62951e-14	-3.61929e-07	-0.000145208	2.732e-07
16.6354	2.61036e-09	-7.17783e-07	7.44811e-14	4.347e-08	1.54317e-05	2.90495e-07
16.6354	2.19394e-09	-7.17787e-07	6.22292e-14	-5.59494e-07	-0.000174101	3.10511e-07
16.6354	1.60782e-09	-7.17791e-07	4.49839e-14	2.661e-08	7.32948e-06	3.33858e-07
16.6354	9.82095e-10	-7.17796e-07	2.65737e-14	-2.51369e-07	-6.65254e-05	3.61256e-07
16.6354	2.40343e-10	-7.17801e-07	4.74956e-15	-2.28973e-07	-5.60522e-05	3.93747e-07
16.6354	-6.28821e-10	-7.17806e-07	-2.08234e-14	2.00555e-07	4.8881e-05	4.32789e-07
16.6354	-1.53273e-09	-7.17812e-07	-4.74186e-14	9.67996e-07	0.000299511	4.8075e-07
16.6354	-2.16264e-09	-7.17818e-07	-6.59521e-14	5.71587e-07	0.000362452	5.41295e-07
16.6354	-2.35559e-09	-7.17826e-07	-7.16292e-14	4.50001e-08	0.000135734	6.21203e-07
16.6354	-2.35299e-09	-7.17834e-07	-7.15526e-14	-6.42316e-09	-5.22726e-05	7.34592e-07
16.6354	-2.45467e-09	-7.17845e-07	-7.45442e-14	-8.28578e-08	-0.000138272	9.14665e-07
16.6354	-2.94004e-09	-7.17858e-07	-8.88248e-14	2.13917e-08	2.41862e-05	1.26164e-06
16.6354	-3.55636e-09	-7.17878e-07	-1.06959e-13	6.53738e-08	0.000196559	2.16844e-06
16.6354	-3.33078e-09	-7.17914e-07	-1.00321e-13	-2.29778e-08	6.92345e-05	8.00752e-06
16.6354	-4.46913e-12	-7.18085e-07	-2.45262e-15	-0.4	-0.000100996	0.00695301
16.6284	-9.03109e-12	-5.38108e-07	-3.08921e-15	0.4	-1.95608e-09	0.0137938
