16.6228	-4.68395e-10	-3.92184e-07	-3.81935e-14	-6.57685e-06	-0.00162194	0.00424422
16.6228	-2.86039e-08	-3.9224e-07	-5.50419e-13	-0.000408759	0.0145046	3.7032e-06
16.6228	-1.35414e-08	-3.92243e-07	-2.76194e-13	-0.00170189	0.0161416	3.60306e-07
16.6228	4.81117e-09	-3.92245e-07	5.79288e-14	0.000450398	-0.00325698	2.21922e-07
16.6228	1.71097e-08	-3.92247e-07	2.81833e-13	0.00122097	-0.0124203	1.80009e-07
16.6228	2.27522e-08	-3.92248e-07	3.84559e-13	0.000399877	-0.00905887	1.65164e-07
16.6228	2.44806e-08	-3.92249e-07	4.16026e-13	2.9556e-05	-0.00172542	1.60192e-07
16.6228	2.55002e-08	-3.92251e-07	4.3459e-13	-1.7119e-05	0.00109983	1.59481e-07
16.6228	2.69635e-08	-3.92252e-07	4.61229e-13	-5.06904e-05	0.00214128	1.60821e-07
16.6228	2.93117e-08	-3.92253e-07	5.0398e-13	3.10217e-06	-0.000107859	1.63239e-07
16.6228	3.16561e-08	-3.92255e-07	5.46663e-13	4.21001e-05	-0.00174514	1.66233e-07
16.6228	3.33138e-08	-3.92256e-07	5.76842e-13	2.78359e-05	-0.00183515	1.69587e-07
16.6228	3.42201e-08	-3.92257e-07	5.93342e-13	7.38356e-06	-0.000881661	1.73198e-07
16.6228	3.47601e-08	-3.92259e-07	6.03174e-13	3.51508e-06	-0.000892262	1.76991e-07
16.6228	3.4913e-08	-3.9226e-07	6.05957e-13	2.13378e-07	-0.000519113	1.80935e-07
16.6228	3.48319e-08	-3.92262e-07	6.0448e-13	-6.31925e-07	-0.000355777	1.8501e-07
16.6228	3.45825e-08	-3.92263e-07	5.99941e-13	-4.11133e-06	-0.000855663	1.89208e-07
16.6228	3.39182e-08	-3.92265e-07	5.87847e-13	-1.43946e-06	-0.000193773	1.93532e-07
16.6228	3.31438e-08	-3.92266e-07	5.73749e-13	-1.70764e-05	-0.00147269	1.97996e-07
16.6228	3.16142e-08	-3.92268e-07	5.45901e-13	-2.28519e-05	-0.00124286	2.02605e-07
16.6228	2.9412e-08	-3.9227e-07	5.05807e-13	-2.23686e-05	-0.00093817	2.07353e-07
16.6228	2.66661e-08	-3.92271e-07	4.55817e-13	-2.04744e-05	-0.000730725	2.12238e-07
16.6228	2.3463e-08	-3.92273e-07	3.97502e-13	-3.19688e-05	-0.000988996	2.17276e-07
16.6228	1.96401e-08	-3.92275e-07	3.27904e-13	-1.53946e-05	-0.000429108	2.22455e-07
16.6228	1.54846e-08	-3.92276e-07	2.52248e-13	-1.9881e-05	-0.000519727	2.27775e-07
16.6228	1.093e-08	-3.92278e-07	1.69328e-13	8.4137e-06	0.000215655	2.33233e-07
16.6228	6.39347e-09	-3.9228e-07	8.67379e-14	4.23791e-05	0.00119437	2.38811e-07
16.6228	2.47014e-09	-3.92282e-07	1.53108e-14	2.712e-05	0.000896636	2.4453e-07
16.6228	-9.92787e-10	-3.92284e-07	-4.77344e-14	1.18101e-05	0.000438986	2.50424e-07
16.6228	-4.26133e-09	-3.92286e-07	-1.07241e-13	3.06245e-05	0.00136834	2.56476e-07
16.6228	-6.72099e-09	-3.92288e-07	-1.52021e-13	5.91366e-06	0.000325958	2.62687e-07
16.6228	-9.02374e-09	-3.9229e-07	-1.93944e-13	1.82239e-05	0.00129309	2.69058e-07
16.6228	-1.05021e-08	-3.92293e-07	-2.20858e-13	1.15942e-05	0.00245323	2.75583e-07
16.6228	-1.03059e-08	-3.92295e-07	-2.17286e-13	-1.90051e-05	0.00249001	2.82287e-07
16.6228	-8.32646e-09	-3.92297e-07	-1.81249e-13	-7.75598e-05	0.00344916	2.89202e-07
16.6228	-3.77426e-09	-3.92299e-07	-9.83724e-14	-3.4351e-06	0.000109426	2.9626e-07
16.6228	9.70117e-10	-3.92302e-07	-1.19971e-14	2.3133e-05	-0.000778437	3.03394e-07
16.6228	5.23077e-09	-3.92304e-07	6.55715e-14	2.34963e-05	-0.000922907	3.10652e-07
16.6228	8.86794e-09	-3.92307e-07	1.31789e-13	2.97509e-05	-0.00154216	3.18046e-07
16.6228	1.13509e-08	-3.92309e-07	1.76993e-13	1.88313e-05	-0.00167422	3.25579e-07
16.6228	1.25138e-08	-3.92312e-07	1.98166e-13	4.79183e-06	-0.00169137	3.33259e-07
16.6228	1.22786e-08	-3.92315e-07	1.93884e-13	-1.43568e-06	-0.000528488	3.41082e-07
16.6228	1.1582e-08	-3.92317e-07	1.81202e-13	-5.48456e-06	-0.000879428	3.4904e-07
16.6228	1.0093e-08	-3.9232e-07	1.54094e-13	-9.44731e-06	-0.000886848	3.57124e-07
16.6228	7.7689e-09	-3.92323e-07	1.11781e-13	-1.34928e-06	-0.000102785	3.65313e-07
16.6228	5.29684e-09	-3.92326e-07	6.67757e-14	9.29897e-06	0.000820561	3.73577e-07
16.6228	3.54415e-09	-3.92329e-07	3.48668e-14	7.11997e-06	0.00108338	3.81914e-07
16.6228	2.79831e-09	-3.92332e-07	2.12884e-14	1.4181e-06	0.000600061	3.90343e-07
16.6228	2.62803e-09	-3.92335e-07	1.81885e-14	-1.74186e-07	0.000488012	3.98849e-07
16.6228	2.94588e-09	-3.92339e-07	2.39754e-14	-1.17492e-06	0.00043922	4.07412e-07
16.6228	3.72258e-09	-3.92342e-07	3.8116e-14	-2.35392e-06	0.000474613	4.16037e-07
16.6228	5.01439e-09	-3.92345e-07	6.16347e-14	1.61917e-06	-0.000300065	4.24737e-07
16.6228	6.01116e-09	-3.92349e-07	7.97819e-14	2.05471e-06	-0.000725547	4.33517e-07
16.6228	6.23408e-09	-3.92352e-07	8.38405e-14	-2.27908e-07	-0.000567784	4.42384e-07
16.6228	5.82726e-09	-3.92356e-07	7.64343e-14	-1.52986e-07	-7.6073e-05	4.5134e-07
16.6228	5.32556e-09	-3.92359e-07	6.73006e-14	1.36287e-07	6.70147e-05	4.60407e-07
16.6228	4.89171e-09	-3.92363e-07	5.94022e-14	-2.35792e-08	-1.24283e-05	4.69593e-07
16.6228	4.4345e-09	-3.92367e-07	5.10785e-14	3.63146e-07	0.000326718	4.78871e-07
16.6228	4.36325e-09	-3.92371e-07	4.97816e-14	-7.72491e-08	0.000244342	4.88244e-07
16.6228	4.59173e-09	-3.92375e-07	5.39417e-14	6.80328e-08	-0.000100781	4.9776e-07
16.6228	4.69805e-09	-3.92379e-07	5.58775e-14	7.8593e-09	-0.000147999	5.07438e-07
16.6228	4.61688e-09	-3.92383e-07	5.43999e-14	-9.66538e-09	-2.54077e-05	5.17198e-07
16.6228	4.50099e-09	-3.92387e-07	5.22904e-14	-7.20575e-08	-0.000102802	5.26921e-07
16.6228	4.2463e-09	-3.92391e-07	4.76537e-14	3.15229e-08	3.63565e-05	5.3651e-07
16.6228	4.03624e-09	-3.92396e-07	4.38298e-14	4.0873e-08	0.000243252	5.45918e-07
16.6228	4.1574e-09	-3.924e-07	4.60358e-14	-2.75461e-08	4.89687e-05	5.55139e-07
16.6228	4.34908e-09	-3.92405e-07	4.95258e-14	4.52027e-08	-0.000163163	5.64215e-07
16.6228	4.31187e-09	-3.92409e-07	4.88485e-14	-9.35665e-09	-4.03677e-05	5.73268e-07
16.6228	4.21575e-09	-3.92414e-07	4.70989e-14	1.09333e-08	7.39184e-05	5.8243e-07
16.6228	4.22658e-09	-3.92418e-07	4.72963e-14	-2.5671e-09	-4.026e-05	5.91761e-07
16.6228	4.17754e-09	-3.92423e-07	4.64039e-14	-5.75222e-09	-2.52737e-05	6.01262e-07
16.6228	4.08943e-09	-3.92428e-07	4.48e-14	8.15574e-09	6.91054e-05	6.10919e-07
16.6228	4.10628e-09	-3.92433e-07	4.51071e-14	1.88002e-10	-4.26396e-06	6.20714e-07
16.6228	4.11674e-09	-3.92438e-07	4.52978e-14	-1.40419e-08	6.85576e-05	6.30681e-07
16.6228	4.23632e-09	-3.92443e-07	4.74752e-14	1.31072e-08	-9.5702e-05	6.40943e-07
16.6228	4.20327e-09	-3.92448e-07	4.68738e-14	-1.41988e-08	-5.76311e-05	6.51683e-07
16.6228	4.07497e-09	-3.92454e-07	4.45383e-14	9.31171e-09	2.93724e-05	6.63133e-07
16.6228	3.99348e-09	-3.92459e-07	4.3055e-14	5.06495e-09	3.00772e-05	6.75582e-07
16.6228	3.96169e-09	-3.92464e-07	4.24766e-14	-4.12768e-10	4.12815e-05	6.89237e-07
16.6228	4.00111e-09	-3.9247e-07	4.31946e-14	-2.21716e-09	1.47689e-05	7.03969e-07
16.6228	4.06766e-09	-3.92476e-07	4.44065e-14	3.26132e-09	-2.76651e-05	7.19337e-07
16.6228	4.08537e-09	-3.92481e-07	4.47293e-14	-2.12787e-08	-0.000102515	7.34701e-07
16.6228	3.91321e-09	-3.92487e-07	4.15954e-14	-2.66272e-09	-5.57308e-06	7.49325e-07
16.6228	3.72725e-09	-3.92494e-07	3.82102e-14	-8.08138e-09	-1.52522e-05	7.62669e-07
16.6228	3.50887e-09	-3.925e-07	3.42348e-14	3.21522e-08	0.000107021	7.74619e-07
16.6228	3.49605e-09	-3.92506e-07	3.40016e-14	-2.9666e-08	0.000115707	7.85576e-07
16.6228	3.71182e-09	-3.92512e-07	3.79304e-14	1.73806e-08	-3.87223e-05	7.96609e-07
16.6228	3.85305e-09	-3.92519e-07	4.0502e-14	1.22556e-08	-7.7838e-05	8.09101e-07
16.6228	3.8379e-09	-3.92525e-07	4.02265e-14	-9.40555e-09	-5.43562e-05	8.21329e-07
16.6228	3.71019e-09	-3.92532e-07	3.79019e-14	8.45837e-09	8.26202e-05	8.3079e-07
16.6228	3.75367e-09	-3.92539e-07	3.86939e-14	-9.85467e-10	7.94519e-06	8.38205e-07
16.6228	3.81423e-09	-3.92545e-07	3.97967e-14	-2.8505e-09	1.55878e-05	8.4515e-07
16.6228	3.90836e-09	-3.92552e-07	4.1511e-14	4.80517e-09	-5.11833e-05	8.51502e-07
16.6228	3.89381e-09	-3.92559e-07	4.12464e-14	-4.37236e-09	-3.55568e-05	8.56578e-07
16.6228	3.80283e-09	-3.92566e-07	3.95905e-14	-3.27015e-08	-7.9595e-05	8.61065e-07
16.6228	3.5396e-09	-3.92573e-07	3.47985e-14	2.6976e-08	5.80483e-05	8.65108e-07
16.6228	3.40106e-09	-3.9258e-07	3.22768e-14	1.0209e-08	6.2487e-05	8.68359e-07
16.6228	3.39795e-09	-3.92587e-07	3.22206e-14	-2.26858e-09	3.15897e-05	8.71124e-07
16.6228	3.46373e-09	-3.92594e-07	3.34186e-14	1.93935e-09	-4.17237e-05	8.73461e-07
16.6228	3.43844e-09	-3.92601e-07	3.29586e-14	-1.13812e-09	3.58359e-05	8.75202e-07
16.6228	3.49159e-09	-3.92608e-07	3.39267e-14	-1.24033e-09	8.67208e-06	8.76523e-07
16.6228	3.56382e-09	-3.92615e-07	3.52422e-14	1.6989e-09	-1.28018e-05	8.77383e-07
16.6228	3.60802e-09	-3.92622e-07	3.60471e-14	9.00205e-10	-1.33902e-05	8.77734e-07
16.6228	3.62283e-09	-3.92629e-07	3.63172e-14	-7.56696e-10	1.19115e-05	8.77651e-07
16.6228	3.66377e-09	-3.92636e-07	3.7063e-14	-8.31568e-09	-7.92796e-05	8.7707e-07
16.6228	3.53092e-09	-3.92643e-07	3.46447e-14	-1.92557e-09	-6.05122e-06	8.76023e-07
16.6228	3.38501e-09	-3.9265e-07	3.19888e-14	6.28794e-09	2.27418e-05	8.74503e-07
16.6228	3.28907e-09	-3.92657e-07	3.02426e-14	-1.58406e-09	9.45561e-05	8.72457e-07
16.6228	3.39936e-09	-3.92664e-07	3.22508e-14	3.55391e-10	-1.4238e-06	8.69927e-07
16.6228	3.5062e-09	-3.92671e-07	3.41964e-14	5.60876e-09	-3.58773e-05	8.669e-07
16.6228	3.53503e-09	-3.92678e-07	3.47216e-14	-3.58537e-10	4.59037e-06	8.63392e-07
16.6228	3.57362e-09	-3.92684e-07	3.54247e-14	6.56546e-10	-2.55629e-05	8.59453e-07
16.6228	3.55723e-09	-3.92691e-07	3.51267e-14	-9.37657e-11	1.74412e-05	8.55056e-07
16.6228	3.57812e-09	-3.92698e-07	3.55074e-14	-4.5458e-11	8.88461e-07	8.50242e-07
16.6228	3.60076e-09	-3.92705e-07	3.592e-14	-1.72095e-09	1.76447e-05	8.44983e-07
16.6228	3.66041e-09	-3.92712e-07	3.70064e-14	-1.61897e-09	9.75152e-06	8.39317e-07
16.6228	3.74004e-09	-3.92718e-07	3.84565e-14	1.90036e-09	-1.18125e-05	8.33271e-07
16.6228	3.79455e-09	-3.92725e-07	3.94494e-14	1.72388e-09	-2.55699e-05	8.26821e-07
16.6228	3.79599e-09	-3.92732e-07	3.9476e-14	-3.69527e-09	-3.91512e-05	8.20053e-07
16.6228	3.71749e-09	-3.92738e-07	3.80472e-14	3.66741e-09	4.18667e-05	8.12937e-07
16.6228	3.7244e-09	-3.92745e-07	3.81733e-14	-5.23159e-09	4.24587e-05	8.05488e-07
16.6228	3.81634e-09	-3.92751e-07	3.98476e-14	-4.89496e-09	1.78635e-05	7.97745e-07
16.6228	3.94282e-09	-3.92757e-07	4.21507e-14	9.86218e-09	-7.45732e-05	7.89692e-07
16.6228	3.92154e-09	-3.92764e-07	4.17636e-14	-8.4294e-10	-1.0485e-05	7.81311e-07
16.6228	3.88012e-09	-3.9277e-07	4.10099e-14	-3.94632e-09	-2.37686e-05	7.72699e-07
16.6228	3.7935e-09	-3.92776e-07	3.94333e-14	5.03745e-09	4.9357e-05	7.63874e-07
16.6228	3.8016e-09	-3.92782e-07	3.95812e-14	-3.39183e-09	3.28139e-05	7.54779e-07
16.6228	3.87114e-09	-3.92788e-07	4.08476e-14	-5.42323e-08	0.000114801	7.45458e-07
16.6228	4.15241e-09	-3.92794e-07	4.59685e-14	5.43934e-08	-0.00011568	7.35977e-07
16.6229	4.21858e-09	-3.928e-07	4.71737e-14	-6.21419e-10	-7.56871e-05	7.26351e-07
16.6229	4.14736e-09	-3.92806e-07	4.58774e-14	-5.69549e-11	-2.87578e-07	7.16553e-07
16.6229	4.0766e-09	-3.92811e-07	4.45895e-14	-8.07192e-10	8.34173e-05	7.06592e-07
16.6229	4.15315e-09	-3.92817e-07	4.59835e-14	-8.87273e-09	3.02065e-05	6.9649e-07
16.6229	4.28081e-09	-3.92823e-07	4.83078e-14	-8.7978e-09	2.08756e-05	6.86324e-07
16.6229	4.44213e-09	-3.92828e-07	5.12452e-14	1.92852e-09	-4.1632e-06	6.76094e-07
16.6229	4.59404e-09	-3.92833e-07	5.40112e-14	5.35891e-09	-0.000168397	6.65756e-07
16.6229	4.46551e-09	-3.92839e-07	5.16714e-14	1.44652e-08	6.13403e-05	6.55335e-07
16.6229	4.4387e-09	-3.92844e-07	5.11837e-14	-6.20644e-09	6.89779e-05	6.44878e-07
16.6229	4.52263e-09	-3.92849e-07	5.2712e-14	-2.20112e-08	5.50288e-05	6.34395e-07
16.6229	4.69173e-09	-3.92854e-07	5.57909e-14	6.07281e-09	-1.19623e-05	6.23906e-07
16.6229	4.83952e-09	-3.92859e-07	5.84818e-14	2.28086e-08	-9.29923e-05	6.13453e-07
16.6229	4.84341e-09	-3.92864e-07	5.85529e-14	-3.37483e-09	3.42718e-05	6.02993e-07
16.6229	4.89845e-09	-3.92869e-07	5.95553e-14	-4.15469e-09	1.81092e-05	5.92525e-07
16.6229	4.97911e-09	-3.92873e-07	6.10241e-14	-2.05864e-09	7.04285e-06	5.82071e-07
16.6229	5.0685e-09	-3.92878e-07	6.26517e-14	4.26558e-09	-0.000108195	5.71656e-07
16.6229	5.00305e-09	-3.92883e-07	6.14605e-14	3.2367e-09	1.72137e-05	5.61303e-07
16.6229	4.96273e-09	-3.92887e-07	6.07267e-14	4.01073e-10	5.50859e-05	5.51016e-07
16.6229	4.99834e-09	-3.92891e-07	6.13752e-14	9.18663e-10	-8.39315e-06	5.40781e-07
16.6229	5.02203e-09	-3.92896e-07	6.18068e-14	-1.15337e-07	0.000197824	5.30644e-07
16.6229	5.30523e-09	-3.929e-07	6.6963e-14	-3.15132e-08	2.74909e-05	5.20616e-07
16.6229	5.61848e-09	-3.92904e-07	7.2666e-14	1.39279e-07	-0.000185202	5.10634e-07
16.6229	5.69155e-09	-3.92908e-07	7.39967e-14	4.67253e-09	-9.61805e-05	5.0072e-07
16.6229	5.64399e-09	-3.92912e-07	7.3131e-14	-3.5742e-08	-8.7202e-05	4.90906e-07
16.6229	5.4914e-09	-3.92916e-07	7.03533e-14	3.57331e-08	0.000163997	4.81212e-07
16.6229	5.53716e-09	-3.9292e-07	7.11866e-14	-1.16763e-07	0.000181083	4.71608e-07
16.6229	5.79333e-09	-3.92924e-07	7.58506e-14	-1.83636e-07	0.00012926	4.62097e-07
16.6229	6.19212e-09	-3.92927e-07	8.31111e-14	2.83519e-07	-0.000258053	4.52727e-07
16.6229	6.29374e-09	-3.92931e-07	8.49613e-14	-8.80028e-08	-0.000299108	4.43465e-07
16.6229	6.0651e-09	-3.92934e-07	8.0799e-14	4.19555e-08	4.51574e-05	4.34306e-07
16.6229	5.88971e-09	-3.92938e-07	7.76061e-14	-3.99149e-08	0.00036967	4.25284e-07
16.6229	6.10688e-09	-3.92941e-07	8.156e-14	3.80205e-08	-4.0885e-05	4.16358e-07
16.6229	6.27735e-09	-3.92944e-07	8.46638e-14	7.4237e-09	-9.22586e-06	4.07537e-07
16.6229	6.43491e-09	-3.92948e-07	8.75324e-14	5.38524e-08	-0.000102517	3.98872e-07
16.6229	6.48798e-09	-3.92951e-07	8.84989e-14	4.25023e-09	-8.83653e-05	3.90306e-07
16.6229	6.45463e-09	-3.92954e-07	8.78918e-14	-9.1174e-09	-3.50184e-05	3.81832e-07
16.6229	6.38893e-09	-3.92957e-07	8.6696e-14	-1.44089e-07	0.000319536	3.73494e-07
16.6229	6.61974e-09	-3.9296e-07	9.08981e-14	-4.07343e-07	0.000224823	3.65242e-07
16.6229	7.04838e-09	-3.92963e-07	9.87021e-14	-5.2365e-07	0.000184671	3.57079e-07
16.6229	7.63039e-09	-3.92966e-07	1.09298e-13	1.00508e-06	-0.00047823	3.49045e-07
16.6229	7.78672e-09	-3.92968e-07	1.12144e-13	-3.42014e-07	-0.0005931	3.41114e-07
16.6229	7.43954e-09	-3.92971e-07	1.05824e-13	1.16603e-07	6.11604e-05	3.33272e-07
16.6229	7.15074e-09	-3.92974e-07	1.00566e-13	2.63156e-07	0.000483922	3.25553e-07
16.6229	7.25788e-09	-3.92976e-07	1.02517e-13	-3.29912e-07	0.000253719	3.17912e-07
16.6229	7.5617e-09	-3.92979e-07	1.08048e-13	-1.73537e-07	8.11843e-05	3.10348e-07
16.6229	7.9205e-09	-3.92981e-07	1.14581e-13	4.98194e-07	-0.000327233	3.02912e-07
16.6229	8.02588e-09	-3.92984e-07	1.16499e-13	-2.8476e-07	-0.000506588	2.95521e-07
16.6229	7.75908e-09	-3.92986e-07	1.11642e-13	1.00299e-07	5.97279e-05	2.88173e-07
16.6229	7.54142e-09	-3.92988e-07	1.0768e-13	2.33567e-07	0.000291771	2.8098e-07
16.6229	7.53156e-09	-3.9299e-07	1.075e-13	-5.12798e-10	-5.96311e-06	2.73856e-07
16.6229	7.51792e-09	-3.92993e-07	1.07252e-13	-1.11015e-08	-4.94457e-05	2.66725e-07
16.6229	7.47212e-09	-3.92995e-07	1.06418e-13	-1.3977e-07	0.000316113	2.59702e-07
16.6229	7.63001e-09	-3.92997e-07	1.09293e-13	-5.01281e-07	0.000264657	2.52773e-07
16.6229	7.9486e-09	-3.92999e-07	1.15093e-13	-3.56378e-07	0.000124324	2.45839e-07
16.6229	8.33364e-09	-3.93001e-07	1.22103e-13	-6.04361e-06	0.00104418	2.38963e-07
16.6229	9.32278e-09	-3.93003e-07	1.40112e-13	-7.00426e-06	0.000691591	2.32224e-07
16.6229	1.06797e-08	-3.93004e-07	1.64815e-13	6.27043e-06	-0.000606377	2.25524e-07
16.6229	1.16598e-08	-3.93006e-07	1.8266e-13	5.54819e-06	-0.00271118	2.18807e-07
16.6229	1.11501e-08	-3.93008e-07	1.7338e-13	-1.88865e-05	-0.00196051	2.12199e-07
16.6229	9.63172e-09	-3.9301e-07	1.45737e-13	-1.58298e-05	-0.00093773	2.05742e-07
16.6229	7.68501e-09	-3.93011e-07	1.10295e-13	-3.72346e-05	-0.00160249	1.99346e-07
16.6229	5.0139e-09	-3.93013e-07	6.16658e-14	-2.33715e-05	-0.000799143	1.92976e-07
16.6229	2.05008e-09	-3.93014e-07	7.70723e-15	5.82171e-06	0.000189185	1.867e-07
16.6229	-7.30092e-10	-3.93016e-07	-4.29078e-14	5.84604e-05	0.00240866	1.80564e-07
16.6229	-2.34929e-09	-3.93017e-07	-7.23865e-14	3.02723e-05	0.004745	1.7454e-07
16.6229	-1.87896e-09	-3.93019e-07	-6.38236e-14	-8.12919e-05	0.00470958	1.6869e-07
16.6229	5.28126e-10	-3.9302e-07	-2.00007e-14	-0.00023806	0.00554453	1.63125e-07
16.6229	5.08038e-09	-3.93021e-07	6.28766e-14	-0.000213873	0.00328499	1.57814e-07
16.6229	1.07593e-08	-3.93022e-07	1.66266e-13	-0.000201693	0.00252891	1.52674e-07
16.6229	1.72021e-08	-3.93024e-07	2.83563e-13	0.000121912	-0.00147945	1.47606e-07
16.6229	2.28907e-08	-3.93025e-07	3.87128e-13	0.000173851	-0.00239351	1.42717e-07
16.6229	2.75549e-08	-3.93026e-07	4.72043e-13	0.000195439	-0.00336053	1.38173e-07
16.6229	3.09311e-08	-3.93027e-07	5.33509e-13	0.000206385	-0.00591454	1.33926e-07
16.6229	3.22553e-08	-3.93028e-07	5.57616e-13	3.01196e-05	-0.00603824	1.29986e-07
16.6229	3.16078e-08	-3.93029e-07	5.45829e-13	-0.000167869	-0.00641655	1.26399e-07
16.6229	2.89773e-08	-3.9303e-07	4.97939e-13	-0.000315907	-0.00561008	1.23181e-07
16.6229	2.47044e-08	-3.93031e-07	4.20147e-13	-1.03974e-05	-0.000146886	1.20471e-07
16.6229	2.04715e-08	-3.93032e-07	3.43084e-13	-2.62478e-05	-0.000364185	1.18485e-07
16.6229	1.61876e-08	-3.93033e-07	2.65093e-13	7.81017e-05	0.00111276	1.17157e-07
16.6229	1.22673e-08	-3.93034e-07	1.9372e-13	0.000130045	0.00209346	1.16267e-07
16.6229	8.97732e-09	-3.93035e-07	1.33824e-13	-0.000146309	-0.00233268	1.15821e-07
16.6229	5.0177e-09	-3.93036e-07	6.17363e-14	0.000206353	0.0034432	1.15724e-07
16.6229	2.05458e-09	-3.93037e-07	7.79059e-15	0.000141653	0.00329252	1.15907e-07
16.6229	3.73855e-11	-3.93038e-07	-2.89339e-14	0.000120175	0.00645207	1.16496e-07
16.6229	-1.08145e-10	-3.93039e-07	-3.15834e-14	-2.41185e-06	0.00159922	1.17579e-07
16.6229	2.17442e-10	-3.93039e-07	-2.56558e-14	-1.43277e-05	0.00153382	1.19289e-07
16.6229	1.01004e-09	-3.9304e-07	-1.12258e-14	-9.08386e-07	6.80612e-05	1.21717e-07
16.6229	1.84204e-09	-3.93041e-07	3.92147e-15	-2.66607e-05	0.00153592	1.24875e-07
16.6229	3.18405e-09	-3.93042e-07	2.83537e-14	2.3342e-05	-0.00130064	1.28723e-07
16.6229	4.145e-09	-3.93043e-07	4.58486e-14	-3.0834e-06	0.000202844	1.33294e-07
16.6229	5.21125e-09	-3.93045e-07	6.52606e-14	2.29893e-05	-0.00232132	1.38618e-07
16.6229	5.50122e-09	-3.93046e-07	7.05398e-14	7.83085e-07	-0.000220721	1.44749e-07
16.6229	5.72298e-09	-3.93047e-07	7.45772e-14	-1.41656e-06	-0.00156132	1.51788e-07
16.6229	5.34886e-09	-3.93048e-07	6.77662e-14	-1.19869e-06	-0.000223268	1.59873e-07
16.6229	4.86224e-09	-3.93049e-07	5.8907e-14	-2.80354e-06	-0.00040412	1.69183e-07
16.6229	4.17017e-09	-3.93051e-07	4.63074e-14	3.36699e-07	4.29442e-05	1.79895e-07
16.6229	3.45245e-09	-3.93052e-07	3.32408e-14	-4.33413e-06	-0.000484555	1.92291e-07
16.6229	2.44222e-09	-3.93054e-07	1.48489e-14	2.06405e-07	2.0426e-05	2.0675e-07
16.6229	1.36374e-09	-3.93056e-07	-4.78557e-15	-1.94723e-06	-0.000185152	2.23719e-07
16.6229	8.52712e-11	-3.93058e-07	-2.80609e-14	-1.77338e-06	-0.000155972	2.43842e-07
16.6229	-1.4128e-09	-3.9306e-07	-5.53344e-14	1.55323e-06	0.000136012	2.6802e-07
16.6229	-2.97076e-09	-3.93062e-07	-8.36981e-14	7.49827e-06	0.000833558	2.97715e-07
16.6229	-4.05646e-09	-3.93064e-07	-1.03464e-13	4.42789e-06	0.0010088	3.35201e-07
16.6229	-4.38903e-09	-3.93067e-07	-1.09518e-13	3.48608e-07	0.000377792	3.84681e-07
16.6229	-4.38454e-09	-3.9307e-07	-1.09437e-13	-4.97584e-08	-0.000145492	4.54896e-07
16.6229	-4.55979e-09	-3.93074e-07	-1.12627e-13	-6.41889e-07	-0.000384855	5.66407e-07
16.6229	-5.39635e-09	-3.9308e-07	-1.27857e-13	1.6572e-07	6.73187e-05	7.8127e-07
16.6229	-6.45863e-09	-3.93087e-07	-1.47196e-13	5.06437e-07	0.000547087	1.34281e-06
16.6229	-6.06982e-09	-3.93101e-07	-1.40116e-13	-1.78014e-07	0.000192703	4.95866e-06
16.6229	-3.36599e-10	-3.93166e-07	-3.57349e-14	-0.4	-0.000281109	0.00430617
16.6186	-3.97462e-10	-3.24272e-07	-4.10002e-14	0.4	-5.15859e-10	0.00854284
