16.6061	-3.23443e-08	-1.57719e-07	-1.35917e-12	-0.000156534	-0.00791157	0.00202168
16.6061	-9.7758e-08	-1.57732e-07	-1.92572e-12	-0.0090886	0.0680161	1.77021e-06
16.6061	-6.2737e-08	-1.57733e-07	-1.62236e-12	-0.0281393	0.0563263	1.8983e-07
16.6061	-2.00667e-08	-1.57733e-07	-1.25275e-12	0.00628161	-0.00931543	1.26687e-07
16.6061	8.52771e-09	-1.57734e-07	-1.00507e-12	0.0212258	-0.045041	9.56585e-08
16.6061	2.16468e-08	-1.57734e-07	-8.91428e-13	0.00879001	-0.0412508	8.08649e-08
16.6061	2.56654e-08	-1.57734e-07	-8.56617e-13	0.000696866	-0.00833726	7.65709e-08
16.6061	2.80362e-08	-1.57735e-07	-8.36079e-13	-0.000404507	0.00532462	7.61764e-08
16.6061	3.14383e-08	-1.57735e-07	-8.06609e-13	-0.00118389	0.0102514	7.71125e-08
16.6061	3.6898e-08	-1.57735e-07	-7.59316e-13	7.18748e-05	-0.00051194	7.84814e-08
16.6061	4.2349e-08	-1.57735e-07	-7.12098e-13	0.000982745	-0.00834851	7.97132e-08
16.6061	4.62031e-08	-1.57736e-07	-6.78712e-13	0.000657783	-0.00888749	8.1001e-08
16.6061	4.83103e-08	-1.57736e-07	-6.60458e-13	0.000175488	-0.00429307	8.25636e-08
16.6061	4.9566e-08	-1.57736e-07	-6.4958e-13	8.37092e-05	-0.00435305	8.43192e-08
16.6061	4.99215e-08	-1.57737e-07	-6.46499e-13	5.0878e-06	-0.00253397	8.61811e-08
16.6061	4.9733e-08	-1.57737e-07	-6.4813e-13	-1.50542e-05	-0.00173656	8.81237e-08
16.6061	4.91533e-08	-1.57737e-07	-6.5315e-13	-9.78717e-05	-0.00417342	9.01465e-08
16.6061	4.76088e-08	-1.57738e-07	-6.66526e-13	-3.42397e-05	-0.000944244	9.22351e-08
16.6061	4.58084e-08	-1.57738e-07	-6.82119e-13	-0.000404828	-0.00715448	9.44645e-08
16.6061	4.22521e-08	-1.57738e-07	-7.12922e-13	-0.000538101	-0.00599677	9.68847e-08
16.6061	3.71319e-08	-1.57739e-07	-7.57271e-13	-0.00052283	-0.00449268	9.94064e-08
16.6061	3.07477e-08	-1.57739e-07	-8.12568e-13	-0.000474901	-0.00347238	1.01993e-07
16.6061	2.33005e-08	-1.5774e-07	-8.77074e-13	-0.00073523	-0.00466018	1.04723e-07
16.6061	1.44123e-08	-1.5774e-07	-9.54061e-13	-0.000351413	-0.00200664	1.07499e-07
16.6061	4.75052e-09	-1.5774e-07	-1.03775e-12	-0.000450688	-0.00241366	1.10285e-07
16.6061	-5.839e-09	-1.57741e-07	-1.12947e-12	0.000190349	0.000999486	1.12998e-07
16.6061	-1.63864e-08	-1.57741e-07	-1.22083e-12	0.00096766	0.00558786	1.15373e-07
16.6061	-2.55082e-08	-1.57742e-07	-1.29984e-12	0.000626406	0.00424311	1.17682e-07
16.6061	-3.35595e-08	-1.57742e-07	-1.36958e-12	0.000274508	0.00209031	1.20256e-07
16.6061	-4.11589e-08	-1.57743e-07	-1.4354e-12	0.0007172	0.00656639	1.22867e-07
16.6061	-4.68776e-08	-1.57743e-07	-1.48494e-12	0.000139315	0.00157312	1.25585e-07
16.6061	-5.22315e-08	-1.57744e-07	-1.53131e-12	0.00043119	0.00626928	1.28456e-07
16.6061	-5.56686e-08	-1.57744e-07	-1.56108e-12	0.000275681	0.0119609	1.31347e-07
16.6061	-5.52123e-08	-1.57745e-07	-1.55712e-12	-0.000451386	0.0121254	1.34601e-07
16.6061	-5.061e-08	-1.57745e-07	-1.51726e-12	-0.00181224	0.0165371	1.3866e-07
16.6061	-4.00259e-08	-1.57746e-07	-1.42557e-12	-7.91017e-05	0.00051619	1.42684e-07
16.6061	-2.8995e-08	-1.57746e-07	-1.33002e-12	0.000534856	-0.00368729	1.45956e-07
16.6061	-1.90888e-08	-1.57747e-07	-1.24421e-12	0.000547679	-0.00440736	1.49058e-07
16.6061	-1.06321e-08	-1.57747e-07	-1.17096e-12	0.000699619	-0.00743151	1.52147e-07
16.6061	-4.85916e-09	-1.57748e-07	-1.12095e-12	0.000446558	-0.00813603	1.55322e-07
16.6061	-2.15513e-09	-1.57748e-07	-1.09752e-12	0.000114095	-0.00825248	1.58776e-07
16.6061	-2.7019e-09	-1.57749e-07	-1.10226e-12	-3.4197e-05	-0.00257913	1.62473e-07
16.6061	-4.32134e-09	-1.5775e-07	-1.11628e-12	-0.000130492	-0.00428702	1.66329e-07
16.6061	-7.78317e-09	-1.5775e-07	-1.14626e-12	-0.000224209	-0.00431218	1.70325e-07
16.6061	-1.31867e-08	-1.57751e-07	-1.19307e-12	-3.19509e-05	-0.000498616	1.74339e-07
16.6061	-1.89343e-08	-1.57752e-07	-1.24285e-12	0.00022057	0.00398771	1.78201e-07
16.6061	-2.30092e-08	-1.57752e-07	-1.27814e-12	0.000169363	0.00528029	1.82007e-07
16.6061	-2.47432e-08	-1.57753e-07	-1.29316e-12	3.37787e-05	0.00292855	1.85934e-07
16.6061	-2.51389e-08	-1.57754e-07	-1.29658e-12	-4.15379e-06	0.0023822	1.89972e-07
16.6061	-2.43998e-08	-1.57754e-07	-1.29017e-12	-2.7992e-05	0.00214348	1.94066e-07
16.6061	-2.25938e-08	-1.57755e-07	-1.27453e-12	-5.60441e-05	0.00231481	1.98216e-07
16.6061	-1.95902e-08	-1.57756e-07	-1.24851e-12	3.85457e-05	-0.0014633	2.02369e-07
16.6061	-1.72725e-08	-1.57757e-07	-1.22843e-12	4.89469e-05	-0.00354061	2.06508e-07
16.6061	-1.67541e-08	-1.57758e-07	-1.22393e-12	-5.42668e-06	-0.00277158	2.10708e-07
16.6061	-1.76998e-08	-1.57758e-07	-1.23212e-12	-3.64433e-06	-0.000371282	2.14981e-07
16.6061	-1.88661e-08	-1.57759e-07	-1.24222e-12	3.24651e-06	0.000327069	2.19299e-07
16.6061	-1.98747e-08	-1.5776e-07	-1.25095e-12	-5.61844e-07	-6.06742e-05	2.23672e-07
16.6061	-2.09376e-08	-1.57761e-07	-1.26015e-12	8.6509e-06	0.00159481	2.28087e-07
16.6061	-2.11031e-08	-1.57762e-07	-1.26158e-12	-1.84238e-06	0.00119275	2.32548e-07
16.6061	-2.05717e-08	-1.57763e-07	-1.25697e-12	1.62181e-06	-0.000491962	2.37082e-07
16.6061	-2.03243e-08	-1.57764e-07	-1.25483e-12	1.88247e-07	-0.000722454	2.4169e-07
16.6061	-2.05129e-08	-1.57764e-07	-1.25645e-12	-2.30145e-07	-0.000124025	2.46337e-07
16.6061	-2.07822e-08	-1.57765e-07	-1.25878e-12	-1.71634e-06	-0.000501817	2.50971e-07
16.6061	-2.13742e-08	-1.57766e-07	-1.2639e-12	7.50879e-07	0.000177464	2.55538e-07
16.6061	-2.18624e-08	-1.57767e-07	-1.26813e-12	9.72364e-07	0.00118743	2.60018e-07
16.6061	-2.15805e-08	-1.57768e-07	-1.26568e-12	-6.56737e-07	0.000239045	2.6441e-07
16.6061	-2.11346e-08	-1.57769e-07	-1.26181e-12	1.07822e-06	-0.000796481	2.68732e-07
16.6061	-2.1221e-08	-1.5777e-07	-1.26256e-12	-2.22695e-07	-0.000197056	2.73044e-07
16.6061	-2.14443e-08	-1.57771e-07	-1.26448e-12	2.60041e-07	0.000360834	2.77407e-07
16.6061	-2.14189e-08	-1.57773e-07	-1.26426e-12	-6.0905e-08	-0.000196528	2.81853e-07
16.6061	-2.15327e-08	-1.57774e-07	-1.26524e-12	-1.36904e-07	-0.000123375	2.86378e-07
16.6061	-2.17374e-08	-1.57775e-07	-1.26701e-12	1.93886e-07	0.000337339	2.90976e-07
16.6061	-2.1698e-08	-1.57776e-07	-1.26666e-12	4.50759e-09	-2.08146e-05	2.95641e-07
16.6061	-2.16735e-08	-1.57777e-07	-1.26644e-12	-3.35061e-07	0.000334665	3.00388e-07
16.6061	-2.13953e-08	-1.57778e-07	-1.26403e-12	3.12967e-07	-0.00046717	3.05277e-07
16.6061	-2.14719e-08	-1.57779e-07	-1.26468e-12	-3.37964e-07	-0.000281326	3.10393e-07
16.6061	-2.177e-08	-1.5778e-07	-1.26726e-12	2.21694e-07	0.000143381	3.15846e-07
16.6061	-2.19592e-08	-1.57782e-07	-1.26889e-12	1.20493e-07	0.000146821	3.21774e-07
16.6061	-2.20329e-08	-1.57783e-07	-1.26952e-12	-1.01092e-08	0.000201516	3.28278e-07
16.6061	-2.19411e-08	-1.57784e-07	-1.26872e-12	-5.29316e-08	7.20949e-05	3.35296e-07
16.6061	-2.17861e-08	-1.57785e-07	-1.26737e-12	7.78971e-08	-0.000135047	3.42615e-07
16.6061	-2.17447e-08	-1.57787e-07	-1.26701e-12	-5.0637e-07	-0.000500427	3.49934e-07
16.6061	-2.21447e-08	-1.57788e-07	-1.27046e-12	-6.34163e-08	-2.7206e-05	3.569e-07
16.6061	-2.25768e-08	-1.5779e-07	-1.2742e-12	-1.92475e-07	-7.44549e-05	3.63255e-07
16.6061	-2.30843e-08	-1.57791e-07	-1.27859e-12	7.6545e-07	0.000522423	3.68946e-07
16.6061	-2.31139e-08	-1.57792e-07	-1.27884e-12	-7.07671e-07	0.000564819	3.74166e-07
16.6061	-2.2612e-08	-1.57794e-07	-1.27448e-12	4.14407e-07	-0.000189018	3.7942e-07
16.6061	-2.22833e-08	-1.57795e-07	-1.27163e-12	2.92557e-07	-0.000379968	3.85369e-07
16.6061	-2.23183e-08	-1.57797e-07	-1.27192e-12	-2.2377e-07	-0.000265342	3.91192e-07
16.6061	-2.2615e-08	-1.57798e-07	-1.27449e-12	2.01011e-07	0.000403313	3.95699e-07
16.6061	-2.25136e-08	-1.578e-07	-1.2736e-12	-2.35363e-08	3.87847e-05	3.99231e-07
16.6061	-2.23725e-08	-1.57801e-07	-1.27237e-12	-6.8028e-08	7.60911e-05	4.0254e-07
16.6061	-2.21534e-08	-1.57803e-07	-1.27046e-12	1.1484e-07	-0.000249851	4.05565e-07
16.6061	-2.2187e-08	-1.57804e-07	-1.27075e-12	-1.03955e-07	-0.000173571	4.07982e-07
16.6061	-2.23982e-08	-1.57806e-07	-1.27257e-12	-7.78723e-07	-0.000388543	4.10119e-07
16.6061	-2.301e-08	-1.57807e-07	-1.27786e-12	6.42435e-07	0.000283366	4.12047e-07
16.6061	-2.33318e-08	-1.57809e-07	-1.28064e-12	2.42853e-07	0.000305028	4.13595e-07
16.6061	-2.33387e-08	-1.57811e-07	-1.28069e-12	-5.42682e-08	0.000154206	4.1491e-07
16.6061	-2.31855e-08	-1.57812e-07	-1.27935e-12	4.64884e-08	-0.000203675	4.16023e-07
16.6061	-2.3244e-08	-1.57814e-07	-1.27985e-12	-2.73583e-08	0.000174933	4.16853e-07
16.6061	-2.31202e-08	-1.57815e-07	-1.27877e-12	-2.9614e-08	4.23325e-05	4.17483e-07
16.6061	-2.29519e-08	-1.57817e-07	-1.27731e-12	4.05666e-08	-6.24906e-05	4.17891e-07
16.6061	-2.28489e-08	-1.57819e-07	-1.27641e-12	2.15392e-08	-6.53649e-05	4.18058e-07
16.6061	-2.28142e-08	-1.5782e-07	-1.2761e-12	-1.81112e-08	5.81463e-05	4.18019e-07
16.6061	-2.27187e-08	-1.57822e-07	-1.27526e-12	-1.97633e-07	-0.000387006	4.17741e-07
16.6061	-2.30273e-08	-1.57823e-07	-1.27793e-12	-4.58404e-08	-2.95358e-05	4.17244e-07
16.6061	-2.33663e-08	-1.57825e-07	-1.28085e-12	1.49681e-07	0.000111012	4.16521e-07
16.6061	-2.3589e-08	-1.57826e-07	-1.28278e-12	-3.83722e-08	0.000461576	4.15545e-07
16.6061	-2.33323e-08	-1.57828e-07	-1.28054e-12	8.47512e-09	-6.9485e-06	4.1434e-07
16.6061	-2.30837e-08	-1.5783e-07	-1.27838e-12	1.3389e-07	-0.000175137	4.12898e-07
16.6061	-2.30163e-08	-1.57831e-07	-1.27779e-12	-8.57491e-09	2.24083e-05	4.11228e-07
16.6061	-2.29263e-08	-1.57833e-07	-1.277e-12	1.58133e-08	-0.000124786	4.0935e-07
16.6061	-2.29642e-08	-1.57834e-07	-1.27732e-12	-2.35049e-09	8.51397e-05	4.07257e-07
16.6061	-2.29153e-08	-1.57836e-07	-1.27689e-12	-1.08989e-09	4.33707e-06	4.04965e-07
16.6061	-2.28624e-08	-1.57837e-07	-1.27642e-12	-4.11264e-08	8.61331e-05	4.0246e-07
16.6061	-2.27235e-08	-1.57839e-07	-1.27521e-12	-3.86452e-08	4.76034e-05	3.99759e-07
16.6061	-2.2538e-08	-1.5784e-07	-1.2736e-12	4.53626e-08	-5.76645e-05	3.9688e-07
16.6061	-2.2411e-08	-1.57842e-07	-1.27249e-12	4.1247e-08	-0.00012482	3.93809e-07
16.6061	-2.24074e-08	-1.57843e-07	-1.27245e-12	-8.77961e-08	-0.000191116	3.90586e-07
16.6061	-2.25897e-08	-1.57845e-07	-1.27402e-12	8.71129e-08	0.000204372	3.87196e-07
16.6061	-2.25733e-08	-1.57846e-07	-1.27387e-12	-1.24944e-07	0.000207261	3.83649e-07
16.6061	-2.23593e-08	-1.57848e-07	-1.27201e-12	-1.16766e-07	8.72037e-05	3.7996e-07
16.6061	-2.2065e-08	-1.57849e-07	-1.26946e-12	2.35502e-07	-0.000364032	3.76123e-07
16.6061	-2.21142e-08	-1.57851e-07	-1.26987e-12	-2.00176e-08	-5.11821e-05	3.72133e-07
16.6061	-2.22103e-08	-1.57852e-07	-1.2707e-12	-9.38816e-08	-0.000116028	3.68031e-07
16.6061	-2.24114e-08	-1.57853e-07	-1.27243e-12	1.19711e-07	0.000240937	3.63827e-07
16.6061	-2.23923e-08	-1.57855e-07	-1.27226e-12	-8.10422e-08	0.000160182	3.59496e-07
16.6061	-2.22304e-08	-1.57856e-07	-1.27085e-12	-1.29306e-06	0.000560397	3.55057e-07
16.6061	-2.15762e-08	-1.57858e-07	-1.26518e-12	1.2969e-06	-0.000564687	3.50542e-07
16.6061	-2.14221e-08	-1.57859e-07	-1.26384e-12	-1.43078e-08	-0.000369468	3.45955e-07
16.6061	-2.15875e-08	-1.5786e-07	-1.26526e-12	-1.35483e-09	-1.40267e-06	3.4129e-07
16.6061	-2.17518e-08	-1.57861e-07	-1.26668e-12	-1.97897e-08	0.000407203	3.36544e-07
16.6061	-2.15736e-08	-1.57863e-07	-1.26513e-12	-2.11622e-07	0.000147448	3.31734e-07
16.6061	-2.12765e-08	-1.57864e-07	-1.26255e-12	-2.09792e-07	0.000101909	3.26892e-07
16.6061	-2.09012e-08	-1.57865e-07	-1.25929e-12	4.59927e-08	-2.03275e-05	3.2202e-07
16.6061	-2.05478e-08	-1.57866e-07	-1.25622e-12	1.28796e-07	-0.00082203	3.17095e-07
16.6061	-2.08465e-08	-1.57868e-07	-1.2588e-12	3.44294e-07	0.000299438	3.12131e-07
16.6061	-2.09086e-08	-1.57869e-07	-1.25934e-12	-1.48353e-07	0.000336717	3.07152e-07
16.6061	-2.07132e-08	-1.5787e-07	-1.25764e-12	-5.24869e-07	0.000268621	3.02157e-07
16.6061	-2.03199e-08	-1.57871e-07	-1.25422e-12	1.44785e-07	-5.83923e-05	2.97162e-07
16.6061	-1.99761e-08	-1.57872e-07	-1.25124e-12	5.44127e-07	-0.000453943	2.92183e-07
16.6061	-1.99668e-08	-1.57873e-07	-1.25115e-12	-8.06459e-08	0.000167298	2.87202e-07
16.6061	-1.98387e-08	-1.57874e-07	-1.25004e-12	-9.91244e-08	8.84014e-05	2.82216e-07
16.6061	-1.96509e-08	-1.57875e-07	-1.24841e-12	-4.90995e-08	3.43775e-05	2.77237e-07
16.6061	-1.94429e-08	-1.57877e-07	-1.2466e-12	1.02356e-07	-0.000528156	2.72276e-07
16.6061	-1.95949e-08	-1.57878e-07	-1.24791e-12	7.70155e-08	8.40309e-05	2.67344e-07
16.6061	-1.96884e-08	-1.57879e-07	-1.24872e-12	9.1915e-09	0.000268902	2.62445e-07
16.6061	-1.96055e-08	-1.5788e-07	-1.24799e-12	2.19461e-08	-4.09713e-05	2.57569e-07
16.6061	-1.95502e-08	-1.57881e-07	-1.24751e-12	-2.74963e-06	0.000965664	2.52743e-07
16.6061	-1.88916e-08	-1.57881e-07	-1.2418e-12	-7.51116e-07	0.000134197	2.47969e-07
16.6061	-1.81631e-08	-1.57882e-07	-1.23548e-12	3.32006e-06	-0.000904051	2.43213e-07
16.6061	-1.79931e-08	-1.57883e-07	-1.23401e-12	1.11978e-07	-0.000469506	2.3849e-07
16.6061	-1.81035e-08	-1.57884e-07	-1.23496e-12	-8.51109e-07	-0.000425672	2.33816e-07
16.6061	-1.84581e-08	-1.57885e-07	-1.23803e-12	8.50388e-07	0.000800546	2.29198e-07
16.6061	-1.83516e-08	-1.57886e-07	-1.2371e-12	-2.7835e-06	0.000883937	2.24625e-07
16.6061	-1.77558e-08	-1.57887e-07	-1.23193e-12	-4.37653e-06	0.000630955	2.20099e-07
16.6061	-1.68285e-08	-1.57888e-07	-1.2239e-12	6.75743e-06	-0.00125964	2.15635e-07
16.6061	-1.65921e-08	-1.57888e-07	-1.22184e-12	-2.09499e-06	-0.00146008	2.11222e-07
16.6061	-1.71235e-08	-1.57889e-07	-1.22644e-12	9.99395e-07	0.000220421	2.06859e-07
16.6061	-1.75312e-08	-1.5789e-07	-1.22997e-12	-9.53579e-07	0.00180454	2.02561e-07
16.6061	-1.70261e-08	-1.57891e-07	-1.22559e-12	9.06286e-07	-0.000199584	1.9831e-07
16.6061	-1.66296e-08	-1.57892e-07	-1.22215e-12	1.7697e-07	-4.50387e-05	1.94109e-07
16.6061	-1.62632e-08	-1.57892e-07	-1.21898e-12	1.2839e-06	-0.000500425	1.89981e-07
16.6061	-1.61396e-08	-1.57893e-07	-1.2179e-12	1.01864e-07	-0.000431359	1.85898e-07
16.6061	-1.62171e-08	-1.57894e-07	-1.21857e-12	-2.17025e-07	-0.00017094	1.81863e-07
16.6061	-1.63697e-08	-1.57894e-07	-1.21989e-12	-3.43549e-06	0.00155979	1.77895e-07
16.6061	-1.58329e-08	-1.57895e-07	-1.21523e-12	-9.70702e-06	0.00109736	1.7397e-07
16.6061	-1.48362e-08	-1.57896e-07	-1.2066e-12	-1.2476e-05	0.000901233	1.7009e-07
16.6061	-1.34829e-08	-1.57896e-07	-1.19487e-12	2.39489e-05	-0.00233411	1.66259e-07
16.6061	-1.31193e-08	-1.57897e-07	-1.19172e-12	-8.14545e-06	-0.00289513	1.62475e-07
16.6061	-1.39264e-08	-1.57898e-07	-1.19871e-12	2.77807e-06	0.000298548	1.58742e-07
16.6061	-1.45978e-08	-1.57898e-07	-1.20452e-12	6.26704e-06	0.0023622	1.55061e-07
16.6061	-1.43486e-08	-1.57899e-07	-1.20236e-12	-7.86238e-06	0.00123842	1.51423e-07
16.6061	-1.36421e-08	-1.57899e-07	-1.19623e-12	-4.13547e-06	0.000396275	1.47825e-07
16.6061	-1.28078e-08	-1.579e-07	-1.189e-12	1.18726e-05	-0.00159726	1.44279e-07
16.6061	-1.25626e-08	-1.579e-07	-1.18688e-12	-6.78207e-06	-0.00247288	1.40756e-07
16.6061	-1.31829e-08	-1.57901e-07	-1.19225e-12	2.38983e-06	0.000291584	1.37258e-07
16.6061	-1.36888e-08	-1.57901e-07	-1.19663e-12	5.56343e-06	0.00142423	1.33832e-07
16.6061	-1.37117e-08	-1.57902e-07	-1.19682e-12	-1.21805e-08	-2.91094e-05	1.30436e-07
16.6061	-1.37433e-08	-1.57902e-07	-1.1971e-12	-2.64217e-07	-0.000241372	1.27038e-07
16.6061	-1.38497e-08	-1.57903e-07	-1.19801e-12	-3.33264e-06	0.0015431	1.23694e-07
16.6061	-1.34825e-08	-1.57903e-07	-1.19483e-12	-1.19445e-05	0.0012917	1.204e-07
16.6061	-1.27417e-08	-1.57904e-07	-1.18841e-12	-8.49192e-06	0.000606811	1.17103e-07
16.6061	-1.18464e-08	-1.57904e-07	-1.18065e-12	-0.00014382	0.00509085	1.13868e-07
16.6061	-9.54657e-09	-1.57905e-07	-1.16073e-12	-0.000166309	0.00336409	1.1074e-07
16.6061	-6.39172e-09	-1.57905e-07	-1.1334e-12	0.000148861	-0.00294906	1.07549e-07
16.6061	-4.11267e-09	-1.57906e-07	-1.11366e-12	0.000132003	-0.0132259	1.04276e-07
16.6061	-5.29772e-09	-1.57906e-07	-1.12392e-12	-0.000448226	-0.00953713	1.01203e-07
16.6061	-8.82797e-09	-1.57906e-07	-1.1545e-12	-0.000373525	-0.00453346	9.83164e-08
16.6061	-1.33541e-08	-1.57907e-07	-1.1937e-12	-0.000870695	-0.00767918	9.55425e-08
16.6061	-1.95644e-08	-1.57907e-07	-1.24749e-12	-0.000540754	-0.00378816	9.28075e-08
16.6061	-2.64553e-08	-1.57907e-07	-1.30718e-12	0.000134273	0.000893891	8.98813e-08
16.6061	-3.29192e-08	-1.57908e-07	-1.36317e-12	0.00136368	0.0115193	8.66153e-08
16.6061	-3.66839e-08	-1.57908e-07	-1.39578e-12	0.000716953	0.0230943	8.33056e-08
16.6061	-3.55903e-08	-1.57908e-07	-1.3863e-12	-0.00190864	0.0227229	8.07393e-08
16.6061	-2.99937e-08	-1.57909e-07	-1.33782e-12	-0.00530206	0.0254034	7.94528e-08
16.6061	-1.94095e-08	-1.57909e-07	-1.24614e-12	-0.00443119	0.0139623	7.874e-08
16.6061	-6.20581e-09	-1.57909e-07	-1.13177e-12	-0.00392365	0.0100861	7.78012e-08
16.6061	8.77401e-09	-1.57909e-07	-1.00201e-12	0.00234368	-0.0058279	7.55383e-08
16.6061	2.20002e-08	-1.5791e-07	-8.87449e-13	0.00349164	-0.00985466	7.19642e-08
16.6061	3.28446e-08	-1.5791e-07	-7.93514e-13	0.00416004	-0.0146751	6.83539e-08
16.6061	4.06943e-08	-1.5791e-07	-7.25518e-13	0.00468719	-0.0276512	6.48325e-08
16.6061	4.37731e-08	-1.5791e-07	-6.98849e-13	0.000711576	-0.0293743	6.20917e-08
16.6061	4.22678e-08	-1.57911e-07	-7.11886e-13	-0.00387557	-0.0305225	6.08356e-08
16.6061	3.61519e-08	-1.57911e-07	-7.64861e-13	-0.00674226	-0.0246315	6.0856e-08
16.6061	2.62172e-08	-1.57911e-07	-8.50914e-13	-0.000211528	-0.000612183	6.05574e-08
16.6061	1.63757e-08	-1.57911e-07	-9.3616e-13	-0.000529173	-0.00150411	5.96694e-08
16.6061	6.41561e-09	-1.57912e-07	-1.02243e-12	0.00158682	0.00463216	5.88454e-08
16.6061	-2.6993e-09	-1.57912e-07	-1.10138e-12	0.00273007	0.00900833	5.77724e-08
16.6061	-1.03485e-08	-1.57912e-07	-1.16764e-12	-0.00306446	-0.0100159	5.7597e-08
16.6061	-1.95547e-08	-1.57912e-07	-1.24738e-12	0.00436311	0.0149372	5.73661e-08
16.6061	-2.64439e-08	-1.57912e-07	-1.30706e-12	0.00316582	0.0150969	5.63979e-08
16.6061	-3.11339e-08	-1.57913e-07	-1.34768e-12	0.00280543	0.0310378	5.58661e-08
16.6061	-3.14723e-08	-1.57913e-07	-1.35061e-12	-5.74404e-05	0.00780441	5.60142e-08
16.6061	-3.07152e-08	-1.57913e-07	-1.34405e-12	-0.000340215	0.00746356	5.68853e-08
16.6061	-2.88724e-08	-1.57913e-07	-1.32809e-12	-2.15867e-05	0.000331321	5.80903e-08
16.6061	-2.69379e-08	-1.57913e-07	-1.31133e-12	-0.000628492	0.0074194	5.96906e-08
16.6061	-2.38177e-08	-1.57914e-07	-1.2843e-12	0.000549998	-0.00627944	6.15406e-08
16.6061	-2.15834e-08	-1.57914e-07	-1.26495e-12	-7.28916e-05	0.000982326	6.36553e-08
16.6061	-1.91043e-08	-1.57914e-07	-1.24347e-12	0.000545353	-0.011289	6.61206e-08
16.6061	-1.84301e-08	-1.57914e-07	-1.23763e-12	1.86532e-05	-0.00107696	6.89522e-08
16.6061	-1.79144e-08	-1.57915e-07	-1.23316e-12	-3.3726e-05	-0.00762011	7.23083e-08
16.6061	-1.87842e-08	-1.57915e-07	-1.24069e-12	-2.85347e-05	-0.00108884	7.61714e-08
16.6061	-1.99155e-08	-1.57915e-07	-1.25049e-12	-6.66856e-05	-0.0019693	8.06265e-08
16.6061	-2.15246e-08	-1.57916e-07	-1.26443e-12	7.99683e-06	0.000208949	8.57427e-08
16.6061	-2.31932e-08	-1.57916e-07	-1.27888e-12	-0.000102982	-0.00235872	9.16719e-08
16.6061	-2.5542e-08	-1.57916e-07	-1.29922e-12	4.90362e-06	9.94121e-05	9.85887e-08
16.6061	-2.80494e-08	-1.57917e-07	-1.32094e-12	-4.62334e-05	-0.000900588	1.06691e-07
16.6061	-3.10218e-08	-1.57917e-07	-1.34668e-12	-4.2059e-05	-0.00075781	1.16312e-07
16.6061	-3.45048e-08	-1.57918e-07	-1.37685e-12	3.68394e-05	0.000660867	1.27846e-07
16.6061	-3.8127e-08	-1.57918e-07	-1.40822e-12	0.000178155	0.00405766	1.41934e-07
16.6061	-4.06512e-08	-1.57919e-07	-1.43009e-12	0.000105412	0.00492081	1.59698e-07
16.6061	-4.14243e-08	-1.57919e-07	-1.43678e-12	8.30398e-06	0.00184412	1.83224e-07
16.6061	-4.14137e-08	-1.5792e-07	-1.43668e-12	-1.18476e-06	-0.000710227	2.16663e-07
16.6061	-4.1821e-08	-1.57921e-07	-1.44021e-12	-1.52911e-05	-0.00187846	2.69787e-07
16.6061	-4.37658e-08	-1.57922e-07	-1.45705e-12	3.94759e-06	0.000328541	3.72139e-07
16.6061	-4.62354e-08	-1.57924e-07	-1.47843e-12	1.20632e-05	0.00267047	6.39586e-07
16.6061	-4.53308e-08	-1.57927e-07	-1.47058e-12	-4.24306e-06	0.000940652	2.36182e-06
16.6061	-3.19983e-08	-1.57942e-07	-1.35501e-12	-0.399995	-0.00137275	0.00205118
16.6041	-3.49219e-08	-1.42349e-07	-1.46187e-12	0.4	5.40548e-07	0.00406926
