16.6105	-9.81825e-09	-2.03436e-07	-5.39041e-13	-6.41605e-05	-0.00506564	0.00249091
16.6105	-6.14007e-08	-2.03455e-07	-1.08969e-12	-0.00388225	0.0446002	2.17629e-06
16.6105	-3.37852e-08	-2.03456e-07	-7.94874e-13	-0.014233	0.0437797	2.20474e-07
16.6105	-1.37964e-10	-2.03457e-07	-4.35662e-13	0.00349641	-0.00809721	1.40726e-07
16.6105	2.24099e-08	-2.03457e-07	-1.94945e-13	0.0104548	-0.0343098	1.10532e-07
16.6105	3.27548e-08	-2.03458e-07	-8.45047e-14	0.00378085	-0.0275377	9.79806e-08
16.6105	3.59237e-08	-2.03458e-07	-5.06745e-14	0.000287285	-0.00536921	9.41387e-08
16.6105	3.77932e-08	-2.03459e-07	-3.07153e-14	-0.000166544	0.00342514	9.36945e-08
16.6105	4.04758e-08	-2.03459e-07	-2.07522e-15	-0.000490936	0.00663979	9.46215e-08
16.6105	4.4781e-08	-2.0346e-07	4.38867e-14	2.99677e-05	-0.000333519	9.61437e-08
16.6105	4.90793e-08	-2.0346e-07	8.9775e-14	0.000407642	-0.00540964	9.7809e-08
16.6105	5.21184e-08	-2.03461e-07	1.22221e-13	0.000270805	-0.00571567	9.96297e-08
16.6105	5.378e-08	-2.03461e-07	1.3996e-13	7.19927e-05	-0.00275175	1.01674e-07
16.6105	5.47701e-08	-2.03461e-07	1.50531e-13	3.43005e-05	-0.00278699	1.03878e-07
16.6105	5.50504e-08	-2.03462e-07	1.53525e-13	2.08291e-06	-0.00162171	1.06185e-07
16.6105	5.49017e-08	-2.03462e-07	1.51938e-13	-6.16719e-06	-0.00111147	1.08574e-07
16.6105	5.44446e-08	-2.03463e-07	1.47059e-13	-4.01093e-05	-0.00267221	1.1105e-07
16.6105	5.32267e-08	-2.03463e-07	1.34058e-13	-1.40427e-05	-0.000605096	1.13602e-07
16.6105	5.1807e-08	-2.03464e-07	1.18902e-13	-0.000166332	-0.00459221	1.1627e-07
16.6105	4.90026e-08	-2.03465e-07	8.89639e-14	-0.000222012	-0.00386542	1.19083e-07
16.6105	4.49651e-08	-2.03465e-07	4.58612e-14	-0.000216715	-0.00290957	1.21991e-07
16.6105	3.99309e-08	-2.03466e-07	-7.8818e-15	-0.000197764	-0.00225931	1.24981e-07
16.6105	3.40584e-08	-2.03466e-07	-7.05739e-14	-0.000307734	-0.00304751	1.28095e-07
16.6105	2.70496e-08	-2.03467e-07	-1.45397e-13	-0.000147788	-0.00131862	1.31282e-07
16.6105	1.94309e-08	-2.03468e-07	-2.26732e-13	-0.000190327	-0.00159264	1.34524e-07
16.6105	1.10806e-08	-2.03468e-07	-3.15877e-13	8.04949e-05	0.000660418	1.37782e-07
16.6105	2.76347e-09	-2.03469e-07	-4.04668e-13	0.000406813	0.00367021	1.4092e-07
16.6105	-4.42947e-09	-2.03469e-07	-4.81457e-13	0.000261551	0.00276809	1.44079e-07
16.6105	-1.07783e-08	-2.0347e-07	-5.49234e-13	0.000114156	0.00135825	1.47427e-07
16.6105	-1.67708e-08	-2.03471e-07	-6.13208e-13	0.000296894	0.00424662	1.50848e-07
16.6105	-2.12803e-08	-2.03472e-07	-6.61348e-13	5.74779e-05	0.00101411	1.5438e-07
16.6105	-2.55021e-08	-2.03472e-07	-7.06418e-13	0.000177375	0.00402906	1.58043e-07
16.6105	-2.82124e-08	-2.03473e-07	-7.35352e-13	0.000113064	0.00766055	1.61768e-07
16.6105	-2.78526e-08	-2.03474e-07	-7.3151e-13	-0.000185257	0.00777179	1.6573e-07
16.6105	-2.42236e-08	-2.03475e-07	-6.92766e-13	-0.000751254	0.0107009	1.70153e-07
16.6105	-1.58776e-08	-2.03475e-07	-6.03665e-13	-3.30845e-05	0.000337351	1.7461e-07
16.6105	-7.17933e-09	-2.03476e-07	-5.10802e-13	0.000223154	-0.00240374	1.78737e-07
16.6105	6.32113e-10	-2.03477e-07	-4.27408e-13	0.000227368	-0.00285879	1.82826e-07
16.6105	7.30049e-09	-2.03478e-07	-3.56216e-13	0.000288897	-0.004794	1.86959e-07
16.6105	1.18527e-08	-2.03479e-07	-3.07617e-13	0.000183455	-0.00522148	1.91185e-07
16.6105	1.39849e-08	-2.0348e-07	-2.84853e-13	4.67538e-05	-0.00528303	1.95595e-07
16.6105	1.35537e-08	-2.03481e-07	-2.89455e-13	-1.40095e-05	-0.00165084	2.00173e-07
16.6105	1.22766e-08	-2.03482e-07	-3.03087e-13	-5.34992e-05	-0.00274604	2.04875e-07
16.6105	9.54675e-09	-2.03483e-07	-3.32228e-13	-9.20612e-05	-0.00276639	2.09687e-07
16.6105	5.28575e-09	-2.03484e-07	-3.77716e-13	-1.31366e-05	-0.000320324	2.14547e-07
16.6105	7.53538e-10	-2.03485e-07	-4.26099e-13	9.05972e-05	0.0025591	2.19361e-07
16.6105	-2.45977e-09	-2.03486e-07	-4.60402e-13	6.94441e-05	0.00338257	2.24176e-07
16.6105	-3.82714e-09	-2.03487e-07	-4.74998e-13	1.38384e-05	0.00187448	2.29081e-07
16.6105	-4.13929e-09	-2.03488e-07	-4.78329e-13	-1.7006e-06	0.00152459	2.34066e-07
16.6105	-3.55651e-09	-2.03489e-07	-4.72105e-13	-1.14664e-05	0.00137202	2.39099e-07
16.6105	-2.13248e-09	-2.0349e-07	-4.56901e-13	-2.2967e-05	0.00148226	2.44181e-07
16.6105	2.35961e-10	-2.03491e-07	-4.31614e-13	1.57973e-05	-0.000937081	2.4929e-07
16.6105	2.06347e-09	-2.03492e-07	-4.12102e-13	2.00517e-05	-0.0022664	2.54423e-07
16.6105	2.47221e-09	-2.03494e-07	-4.07737e-13	-2.22364e-06	-0.00177379	2.59616e-07
16.6105	1.72641e-09	-2.03495e-07	-4.15697e-13	-1.49301e-06	-0.000237652	2.64875e-07
16.6105	8.06644e-10	-2.03496e-07	-4.25514e-13	1.33e-06	0.000209347	2.70195e-07
16.6105	1.12715e-11	-2.03497e-07	-4.34003e-13	-2.30099e-07	-3.88237e-05	2.75586e-07
16.6105	-8.2692e-10	-2.03499e-07	-4.42949e-13	3.54385e-06	0.00102068	2.81029e-07
16.6105	-9.57495e-10	-2.035e-07	-4.44341e-13	-7.54228e-07	0.000763347	2.86527e-07
16.6105	-5.38537e-10	-2.03501e-07	-4.39866e-13	6.64115e-07	-0.000314852	2.92113e-07
16.6105	-3.43563e-10	-2.03503e-07	-4.37782e-13	7.6871e-08	-0.000462362	2.97791e-07
16.6105	-4.92332e-10	-2.03504e-07	-4.39368e-13	-9.4304e-08	-7.93748e-05	3.03518e-07
16.6105	-7.04737e-10	-2.03506e-07	-4.41633e-13	-7.03161e-07	-0.000321162	3.09225e-07
16.6105	-1.17164e-09	-2.03507e-07	-4.46615e-13	3.07615e-07	0.000113579	3.14852e-07
16.6105	-1.55669e-09	-2.03509e-07	-4.50724e-13	3.98649e-07	0.000759944	3.20374e-07
16.6105	-1.3345e-09	-2.0351e-07	-4.48349e-13	-2.68908e-07	0.000152984	3.25785e-07
16.6105	-9.83014e-10	-2.03512e-07	-4.44594e-13	4.41363e-07	-0.000509737	3.31111e-07
16.6105	-1.05118e-09	-2.03513e-07	-4.4532e-13	-9.12749e-08	-0.000126112	3.36423e-07
16.6105	-1.22734e-09	-2.03515e-07	-4.47198e-13	1.06624e-07	0.000230928	3.41801e-07
16.6105	-1.20743e-09	-2.03516e-07	-4.46982e-13	-2.50094e-08	-0.000125776	3.47276e-07
16.6105	-1.29727e-09	-2.03518e-07	-4.47939e-13	-5.61127e-08	-7.8957e-05	3.52852e-07
16.6105	-1.45875e-09	-2.0352e-07	-4.4966e-13	7.95208e-08	0.000215892	3.58519e-07
16.6105	-1.42778e-09	-2.03521e-07	-4.49327e-13	1.83953e-09	-1.3321e-05	3.64266e-07
16.6105	-1.40854e-09	-2.03523e-07	-4.49118e-13	-1.37127e-07	0.000214181	3.70115e-07
16.6105	-1.18923e-09	-2.03525e-07	-4.46774e-13	1.28035e-07	-0.000298982	3.76139e-07
16.6105	-1.24976e-09	-2.03527e-07	-4.47418e-13	-1.38515e-07	-0.000180046	3.82442e-07
16.6105	-1.48492e-09	-2.03528e-07	-4.49925e-13	9.08485e-08	9.17621e-05	3.8916e-07
16.6105	-1.63425e-09	-2.0353e-07	-4.51516e-13	4.93997e-08	9.39644e-05	3.96466e-07
16.6105	-1.69245e-09	-2.03532e-07	-4.52135e-13	-4.07577e-09	0.000128968	4.0448e-07
16.6105	-1.62011e-09	-2.03534e-07	-4.51359e-13	-2.16562e-08	4.6139e-05	4.13126e-07
16.6105	-1.49803e-09	-2.03536e-07	-4.50053e-13	3.18615e-08	-8.64279e-05	4.22144e-07
16.6105	-1.46548e-09	-2.03538e-07	-4.49702e-13	-2.07563e-07	-0.000320268	4.31161e-07
16.6105	-1.78103e-09	-2.0354e-07	-4.53067e-13	-2.59817e-08	-1.74106e-05	4.39743e-07
16.6105	-2.12188e-09	-2.03542e-07	-4.56703e-13	-7.88557e-08	-4.76487e-05	4.47575e-07
16.6105	-2.52218e-09	-2.03544e-07	-4.60973e-13	3.13681e-07	0.000334343	4.54586e-07
16.6105	-2.54561e-09	-2.03546e-07	-4.61219e-13	-2.89668e-07	0.000361477	4.61017e-07
16.6105	-2.14992e-09	-2.03549e-07	-4.56992e-13	1.69673e-07	-0.000120969	4.67492e-07
16.6105	-1.89091e-09	-2.03551e-07	-4.54223e-13	1.19704e-07	-0.000243175	4.74821e-07
16.6105	-1.9186e-09	-2.03553e-07	-4.54515e-13	-9.17371e-08	-0.000169815	4.81998e-07
16.6105	-2.15265e-09	-2.03555e-07	-4.5701e-13	8.24598e-08	0.000258114	4.8755e-07
16.6105	-2.07284e-09	-2.03558e-07	-4.56154e-13	-9.62743e-09	2.48214e-05	4.91902e-07
16.6105	-1.96174e-09	-2.0356e-07	-4.54964e-13	-2.78388e-08	4.86976e-05	4.95979e-07
16.6105	-1.78906e-09	-2.03562e-07	-4.53117e-13	4.69563e-08	-0.000159901	4.99706e-07
16.6105	-1.81565e-09	-2.03565e-07	-4.53397e-13	-4.26342e-08	-0.000111083	5.02685e-07
16.6105	-1.98236e-09	-2.03567e-07	-4.55173e-13	-3.19082e-07	-0.000248665	5.05315e-07
16.6105	-2.46487e-09	-2.03569e-07	-4.6032e-13	2.63227e-07	0.000181353	5.07691e-07
16.6105	-2.71876e-09	-2.03572e-07	-4.63027e-13	9.95666e-08	0.000195214	5.09599e-07
16.6105	-2.72438e-09	-2.03574e-07	-4.63083e-13	-2.21776e-08	9.86895e-05	5.1122e-07
16.6105	-2.60369e-09	-2.03577e-07	-4.6179e-13	1.89752e-08	-0.000130349	5.12592e-07
16.6105	-2.64995e-09	-2.03579e-07	-4.6228e-13	-1.11492e-08	0.000111955	5.13614e-07
16.6105	-2.55242e-09	-2.03581e-07	-4.61235e-13	-1.21158e-08	2.70923e-05	5.14389e-07
16.6105	-2.41989e-09	-2.03584e-07	-4.59816e-13	1.65954e-08	-3.99936e-05	5.14893e-07
16.6105	-2.33878e-09	-2.03586e-07	-4.58946e-13	8.80099e-09	-4.18324e-05	5.15099e-07
16.6106	-2.31153e-09	-2.03589e-07	-4.58651e-13	-7.39922e-09	3.72126e-05	5.15051e-07
16.6106	-2.23638e-09	-2.03591e-07	-4.57845e-13	-8.10722e-08	-0.000247679	5.14709e-07
16.6106	-2.47985e-09	-2.03593e-07	-4.60441e-13	-1.87851e-08	-1.89027e-05	5.14095e-07
16.6106	-2.74726e-09	-2.03596e-07	-4.63291e-13	6.1343e-08	7.10463e-05	5.13204e-07
16.6106	-2.92306e-09	-2.03598e-07	-4.65164e-13	-1.55677e-08	0.000295403	5.12003e-07
16.6106	-2.72077e-09	-2.03601e-07	-4.63001e-13	3.46933e-09	-4.44733e-06	5.10518e-07
16.6106	-2.5248e-09	-2.03603e-07	-4.60905e-13	5.47824e-08	-0.000112085	5.08742e-07
16.6106	-2.47185e-09	-2.03605e-07	-4.60336e-13	-3.50491e-09	1.4341e-05	5.06683e-07
16.6106	-2.401e-09	-2.03608e-07	-4.59575e-13	6.43668e-09	-7.98613e-05	5.0437e-07
16.6106	-2.43095e-09	-2.0361e-07	-4.59891e-13	-9.35289e-10	5.44882e-05	5.01791e-07
16.6106	-2.39258e-09	-2.03613e-07	-4.59478e-13	-4.45005e-10	2.77576e-06	4.98966e-07
16.6106	-2.35097e-09	-2.03615e-07	-4.5903e-13	-1.68169e-08	5.51239e-05	4.95879e-07
16.6106	-2.24152e-09	-2.03617e-07	-4.57857e-13	-1.58129e-08	3.04652e-05	4.92553e-07
16.6106	-2.09544e-09	-2.03619e-07	-4.56294e-13	1.85609e-08	-3.69041e-05	4.89005e-07
16.6106	-1.9954e-09	-2.03622e-07	-4.55222e-13	1.68539e-08	-7.98829e-05	4.85222e-07
16.6106	-1.99268e-09	-2.03624e-07	-4.5519e-13	-3.60215e-08	-0.000122312	4.8125e-07
16.6106	-2.13651e-09	-2.03626e-07	-4.56722e-13	3.5746e-08	0.000130796	4.77072e-07
16.6106	-2.12376e-09	-2.03628e-07	-4.56582e-13	-5.11087e-08	0.000132645	4.72701e-07
16.6106	-1.95512e-09	-2.03631e-07	-4.54778e-13	-4.77954e-08	5.58073e-05	4.68159e-07
16.6106	-1.72314e-09	-2.03633e-07	-4.52298e-13	9.63392e-08	-0.000232974	4.63431e-07
16.6106	-1.76207e-09	-2.03635e-07	-4.5271e-13	-8.21544e-09	-3.27561e-05	4.58513e-07
16.6106	-1.83793e-09	-2.03637e-07	-4.53516e-13	-3.84891e-08	-7.42552e-05	4.5346e-07
16.6106	-1.99665e-09	-2.03639e-07	-4.55207e-13	4.91089e-08	0.000154196	4.48281e-07
16.6106	-1.98172e-09	-2.03641e-07	-4.55044e-13	-3.31417e-08	0.000102514	4.42943e-07
16.6106	-1.85414e-09	-2.03643e-07	-4.53679e-13	-5.29441e-07	0.00035865	4.37473e-07
16.6106	-1.3384e-09	-2.03645e-07	-4.4817e-13	5.31013e-07	-0.000361396	4.3191e-07
16.6106	-1.21699e-09	-2.03648e-07	-4.4687e-13	-5.97977e-09	-0.000236454	4.2626e-07
16.6106	-1.34749e-09	-2.03649e-07	-4.4826e-13	-5.5549e-10	-8.97904e-07	4.2051e-07
16.6106	-1.47714e-09	-2.03651e-07	-4.49641e-13	-7.97357e-09	0.000260604	4.14665e-07
16.6106	-1.33673e-09	-2.03653e-07	-4.48139e-13	-8.66309e-08	9.43666e-05	4.08737e-07
16.6106	-1.10262e-09	-2.03655e-07	-4.45637e-13	-8.58935e-08	6.52195e-05	4.02771e-07
16.6106	-8.06768e-10	-2.03657e-07	-4.42475e-13	1.88286e-08	-1.30075e-05	3.96766e-07
16.6106	-5.2819e-10	-2.03659e-07	-4.39498e-13	5.24934e-08	-0.000526088	3.907e-07
16.6106	-7.63773e-10	-2.03661e-07	-4.4201e-13	1.41111e-07	0.000191633	3.84584e-07
16.6106	-8.1285e-10	-2.03663e-07	-4.42531e-13	-6.0653e-08	0.000215493	3.78448e-07
16.6106	-6.58908e-10	-2.03664e-07	-4.40885e-13	-2.14898e-07	0.000171919	3.72295e-07
16.6106	-3.4881e-10	-2.03666e-07	-4.37571e-13	5.92899e-08	-3.73749e-05	3.66139e-07
16.6106	-7.77949e-11	-2.03668e-07	-4.34675e-13	2.22717e-07	-0.000290517	3.60006e-07
16.6106	-7.05968e-11	-2.03669e-07	-4.34596e-13	-3.29771e-08	0.000107068	3.53868e-07
16.6106	3.03741e-11	-2.03671e-07	-4.33515e-13	-4.05715e-08	5.65762e-05	3.47725e-07
16.6106	1.78327e-10	-2.03673e-07	-4.31933e-13	-2.00991e-08	2.2001e-05	3.41589e-07
16.6106	3.42266e-10	-2.03674e-07	-4.3018e-13	4.17533e-08	-0.000338013	3.35477e-07
16.6106	2.2234e-10	-2.03676e-07	-4.31458e-13	3.15713e-08	5.37785e-05	3.29401e-07
16.6106	1.48481e-10	-2.03677e-07	-4.32244e-13	3.85156e-09	0.000172093	3.23365e-07
16.6106	2.13811e-10	-2.03679e-07	-4.31544e-13	8.9753e-09	-2.62204e-05	3.17357e-07
16.6106	2.5731e-10	-2.0368e-07	-4.31077e-13	-1.1259e-06	0.000618016	3.11409e-07
16.6106	7.76584e-10	-2.03682e-07	-4.25531e-13	-3.07606e-07	8.58857e-05	3.05526e-07
16.6106	1.35093e-09	-2.03683e-07	-4.19397e-13	1.35956e-06	-0.000578586	2.99667e-07
16.6106	1.48496e-09	-2.03685e-07	-4.17964e-13	4.57133e-08	-0.000300478	2.93849e-07
16.6106	1.39781e-09	-2.03686e-07	-4.18892e-13	-3.4874e-07	-0.000272427	2.88089e-07
16.6106	1.11812e-09	-2.03687e-07	-4.21876e-13	3.48566e-07	0.00051234	2.824e-07
16.6106	1.20206e-09	-2.03689e-07	-4.20978e-13	-1.13981e-06	0.000565717	2.76765e-07
16.6106	1.67178e-09	-2.0369e-07	-4.15961e-13	-1.79238e-06	0.000403811	2.71185e-07
16.6106	2.40295e-09	-2.03691e-07	-4.08153e-13	2.76738e-06	-0.000806169	2.65686e-07
16.6106	2.5893e-09	-2.03692e-07	-4.06162e-13	-8.58563e-07	-0.000934441	2.60249e-07
16.6106	2.17017e-09	-2.03694e-07	-4.10634e-13	4.09425e-07	0.000141073	2.54873e-07
16.6106	1.84866e-09	-2.03695e-07	-4.14065e-13	-3.89997e-07	0.00115489	2.49578e-07
16.6106	2.24686e-09	-2.03696e-07	-4.09812e-13	3.71147e-07	-0.000127736	2.44341e-07
16.6106	2.55945e-09	-2.03697e-07	-4.06473e-13	7.2457e-08	-2.88192e-05	2.39165e-07
16.6106	2.84835e-09	-2.03698e-07	-4.03387e-13	5.25716e-07	-0.000320273	2.3408e-07
16.6106	2.94569e-09	-2.03699e-07	-4.02346e-13	4.15804e-08	-0.000276062	2.29051e-07
16.6106	2.88458e-09	-2.037e-07	-4.02997e-13	-8.89452e-08	-0.000109399	2.24077e-07
16.6106	2.76419e-09	-2.03701e-07	-4.0428e-13	-1.40665e-06	0.000998253	2.19187e-07
16.6106	3.18738e-09	-2.03702e-07	-3.99761e-13	-3.97584e-06	0.000702356	2.14346e-07
16.6106	3.97328e-09	-2.03703e-07	-3.91369e-13	-5.11035e-06	0.000576853	2.09559e-07
16.6106	5.04037e-09	-2.03704e-07	-3.79975e-13	9.80939e-06	-0.00149394	2.04843e-07
16.6106	5.32701e-09	-2.03705e-07	-3.76914e-13	-3.33726e-06	-0.00185288	2.00185e-07
16.6106	4.69053e-09	-2.03706e-07	-3.83707e-13	1.1379e-06	0.00019106	1.95585e-07
16.6106	4.16109e-09	-2.03707e-07	-3.89358e-13	2.56779e-06	0.00151181	1.91052e-07
16.6106	4.35754e-09	-2.03708e-07	-3.87259e-13	-3.2201e-06	0.000792617	1.86569e-07
16.6106	4.91461e-09	-2.03709e-07	-3.8131e-13	-1.6938e-06	0.000253625	1.82132e-07
16.6106	5.57246e-09	-2.0371e-07	-3.74286e-13	4.8626e-06	-0.00102228	1.77767e-07
16.6106	5.7657e-09	-2.03711e-07	-3.72222e-13	-2.77874e-06	-0.00158264	1.73427e-07
16.6106	5.27657e-09	-2.03711e-07	-3.77442e-13	9.78993e-07	0.000186622	1.69116e-07
16.6106	4.87755e-09	-2.03712e-07	-3.81701e-13	2.2792e-06	0.0009115	1.64895e-07
16.6106	4.8595e-09	-2.03713e-07	-3.81892e-13	-4.99812e-09	-1.8629e-05	1.60712e-07
16.6106	4.83453e-09	-2.03714e-07	-3.82158e-13	-1.08294e-07	-0.000154473	1.56528e-07
16.6106	4.75058e-09	-2.03714e-07	-3.83053e-13	-1.36452e-06	0.00098757	1.52407e-07
16.6106	5.04009e-09	-2.03715e-07	-3.79961e-13	-4.89239e-06	0.000826751	1.48343e-07
16.6106	5.6242e-09	-2.03716e-07	-3.73724e-13	-3.47835e-06	0.000388395	1.44277e-07
16.6106	6.33016e-09	-2.03717e-07	-3.66186e-13	-5.89563e-05	0.00326061	1.40259e-07
16.6106	8.14365e-09	-2.03717e-07	-3.46825e-13	-6.8265e-05	0.00215758	1.36344e-07
16.6106	1.06313e-08	-2.03718e-07	-3.20266e-13	6.11106e-05	-0.00189166	1.32413e-07
16.6106	1.24284e-08	-2.03718e-07	-3.01079e-13	5.41179e-05	-0.00846782	1.28436e-07
16.6106	1.1494e-08	-2.03719e-07	-3.11055e-13	-0.000184043	-0.00611665	1.24593e-07
16.6106	8.71017e-09	-2.0372e-07	-3.40773e-13	-0.00015393	-0.00291892	1.20892e-07
16.6106	5.14112e-09	-2.0372e-07	-3.78874e-13	-0.000360751	-0.00497039	1.17268e-07
16.6106	2.43968e-10	-2.03721e-07	-4.31154e-13	-0.000225537	-0.0024686	1.13673e-07
16.6106	-5.18984e-09	-2.03721e-07	-4.89163e-13	5.61034e-05	0.000583588	1.1002e-07
16.6106	-1.02869e-08	-2.03722e-07	-5.43578e-13	0.000565894	0.00746549	1.06255e-07
16.6106	-1.32555e-08	-2.03722e-07	-5.75269e-13	0.00029477	0.0148071	1.02511e-07
16.6106	-1.23932e-08	-2.03723e-07	-5.66062e-13	-0.000788913	0.0146473	9.91824e-08
16.6106	-7.98008e-09	-2.03723e-07	-5.18948e-13	-0.00226287	0.0168978	9.65684e-08
16.6106	3.65956e-10	-2.03724e-07	-4.29847e-13	-0.00197519	0.00971658	9.43293e-08
16.6106	1.07776e-08	-2.03724e-07	-3.18694e-13	-0.00181506	0.00728699	9.20518e-08
16.6106	2.25898e-08	-2.03724e-07	-1.92589e-13	0.00109195	-0.0042421	8.91536e-08
16.6106	3.30192e-08	-2.03725e-07	-8.12468e-14	0.00158497	-0.00698686	8.56737e-08
16.6106	4.15705e-08	-2.03725e-07	1.0045e-14	0.00182482	-0.0100495	8.23041e-08
16.6106	4.77603e-08	-2.03726e-07	7.61266e-14	0.00197698	-0.0181697	7.90926e-08
16.6106	5.0188e-08	-2.03726e-07	1.02045e-13	0.00029299	-0.018839	7.63679e-08
16.6106	4.9001e-08	-2.03726e-07	8.93737e-14	-0.00161843	-0.0198459	7.4478e-08
16.6106	4.41783e-08	-2.03727e-07	3.78879e-14	-0.00295213	-0.0168095	7.33366e-08
16.6106	3.63444e-08	-2.03727e-07	-4.57448e-14	-9.53709e-05	-0.000431276	7.22266e-08
16.6106	2.85839e-08	-2.03727e-07	-1.28593e-13	-0.000239803	-0.00106503	7.10895e-08
16.6106	2.073e-08	-2.03728e-07	-2.12439e-13	0.000715577	0.00326361	7.02166e-08
16.6106	1.35424e-08	-2.03728e-07	-2.89171e-13	0.00120742	0.00622308	6.93787e-08
16.6106	7.51072e-09	-2.03728e-07	-3.53564e-13	-0.00135697	-0.00692715	6.91359e-08
16.6106	2.51236e-10	-2.03729e-07	-4.31064e-13	0.0019211	0.0102671	6.8989e-08
16.6106	-5.18128e-09	-2.03729e-07	-4.89059e-13	0.00134866	0.01004	6.85882e-08
16.6106	-8.87956e-09	-2.03729e-07	-5.28541e-13	0.00116356	0.0200423	6.85463e-08
16.6106	-9.14636e-09	-2.0373e-07	-5.31388e-13	-2.35344e-05	0.00499562	6.90063e-08
16.6106	-8.54942e-09	-2.0373e-07	-5.25015e-13	-0.000139646	0.00478588	7.00379e-08
16.6106	-7.09627e-09	-2.0373e-07	-5.09501e-13	-8.85384e-06	0.000212342	7.14862e-08
16.6106	-5.57088e-09	-2.0373e-07	-4.93216e-13	-0.000259154	0.00477943	7.33842e-08
16.6106	-3.11046e-09	-2.03731e-07	-4.66948e-13	0.000226849	-0.00404634	7.56497e-08
16.6106	-1.34866e-09	-2.03731e-07	-4.48139e-13	-3.00072e-05	0.000631871	7.83028e-08
16.6106	6.06207e-10	-2.03732e-07	-4.27269e-13	0.000223995	-0.00724173	8.13947e-08
16.6106	1.13785e-09	-2.03732e-07	-4.21593e-13	7.64124e-06	-0.000689384	8.49509e-08
16.6106	1.54444e-09	-2.03732e-07	-4.17251e-13	-1.38201e-05	-0.00487733	8.90834e-08
16.6106	8.5855e-10	-2.03733e-07	-4.24573e-13	-1.16956e-05	-0.000697318	9.3834e-08
16.6106	-3.35879e-11	-2.03733e-07	-4.34097e-13	-2.73429e-05	-0.00126164	9.93068e-08
16.6106	-1.3024e-09	-2.03734e-07	-4.47641e-13	3.2801e-06	0.000133915	1.05599e-07
16.6106	-2.61824e-09	-2.03734e-07	-4.61688e-13	-4.22512e-05	-0.00151205	1.12886e-07
16.6106	-4.47036e-09	-2.03735e-07	-4.8146e-13	2.00946e-06	6.36536e-05	1.21386e-07
16.6106	-6.44761e-09	-2.03735e-07	-5.02568e-13	-1.89761e-05	-0.000577564	1.31354e-07
16.6106	-8.7915e-09	-2.03736e-07	-5.27589e-13	-1.72812e-05	-0.000486515	1.4318e-07
16.6106	-1.1538e-08	-2.03737e-07	-5.56909e-13	1.51365e-05	0.000424273	1.57377e-07
16.6106	-1.43943e-08	-2.03738e-07	-5.87401e-13	7.30992e-05	0.00260127	1.74778e-07
16.6106	-1.63848e-08	-2.03738e-07	-6.0865e-13	4.32008e-05	0.00315072	1.96735e-07
16.6106	-1.69945e-08	-2.03739e-07	-6.15157e-13	3.40183e-06	0.00118023	2.25753e-07
16.6106	-1.69862e-08	-2.0374e-07	-6.15067e-13	-4.85486e-07	-0.000454536	2.66955e-07
16.6106	-1.73075e-08	-2.03742e-07	-6.18494e-13	-6.26405e-06	-0.00120227	3.32402e-07
16.6106	-1.88411e-08	-2.03744e-07	-6.34864e-13	1.61716e-06	0.000210287	4.58502e-07
16.6106	-2.07886e-08	-2.03746e-07	-6.55651e-13	4.94204e-06	0.00170912	7.88038e-07
16.6106	-2.00756e-08	-2.03751e-07	-6.48031e-13	-1.73762e-06	0.000602016	2.91002e-06
16.6106	-9.5635e-09	-2.03773e-07	-5.3577e-13	-0.399998	-0.000878354	0.00252726
16.608	-1.05962e-08	-1.80088e-07	-5.85526e-13	0.4	1.44318e-07	0.00501374
