16.6247	-3.24442e-10	-4.30436e-07	-2.63997e-14	-4.77727e-06	-0.00138234	0.00457388
16.6247	-2.61664e-08	-4.305e-07	-5.33479e-13	-0.000297164	0.012368	3.99072e-06
16.6247	-1.23317e-08	-4.30505e-07	-2.62009e-13	-0.00124264	0.0138225	3.87761e-07
16.6247	4.52472e-09	-4.30507e-07	6.87553e-14	0.000329715	-0.00279751	2.38535e-07
16.6247	1.58207e-08	-4.30509e-07	2.90409e-13	0.000890712	-0.0106284	1.93704e-07
16.6247	2.10032e-08	-4.3051e-07	3.92103e-13	0.000290753	-0.00772736	1.77934e-07
16.6247	2.25907e-08	-4.30512e-07	4.23254e-13	2.14709e-05	-0.00147068	1.72629e-07
16.6247	2.35273e-08	-4.30513e-07	4.41632e-13	-1.24357e-05	0.000937431	1.71864e-07
16.6247	2.48712e-08	-4.30515e-07	4.68003e-13	-3.68287e-05	0.00182539	1.73301e-07
16.6247	2.7028e-08	-4.30516e-07	5.10324e-13	2.25409e-06	-9.1957e-05	1.75901e-07
16.6247	2.91813e-08	-4.30518e-07	5.52578e-13	3.05873e-05	-0.00148767	1.79133e-07
16.6247	3.07038e-08	-4.30519e-07	5.82453e-13	2.02214e-05	-0.00156421	1.82755e-07
16.6247	3.15362e-08	-4.30521e-07	5.98787e-13	5.36331e-06	-0.000751436	1.86652e-07
16.6247	3.20322e-08	-4.30523e-07	6.0852e-13	2.55323e-06	-0.000760448	1.90741e-07
16.6247	3.21727e-08	-4.30524e-07	6.11276e-13	1.5499e-07	-0.000442426	1.94991e-07
16.6247	3.20982e-08	-4.30526e-07	6.09814e-13	-4.59012e-07	-0.000303219	1.99383e-07
16.6247	3.18691e-08	-4.30528e-07	6.0532e-13	-2.98637e-06	-0.000729265	2.03906e-07
16.6247	3.1259e-08	-4.3053e-07	5.93348e-13	-1.04559e-06	-0.000165149	2.08565e-07
16.6247	3.05477e-08	-4.30531e-07	5.79391e-13	-1.24044e-05	-0.0012552	2.13374e-07
16.6247	2.91428e-08	-4.30533e-07	5.51823e-13	-1.66011e-05	-0.00105939	2.18335e-07
16.6247	2.71201e-08	-4.30535e-07	5.12133e-13	-1.62517e-05	-0.000799769	2.23444e-07
16.6247	2.45981e-08	-4.30537e-07	4.62644e-13	-1.48771e-05	-0.000622993	2.28701e-07
16.6247	2.16561e-08	-4.30539e-07	4.04916e-13	-2.32304e-05	-0.000843231	2.34122e-07
16.6247	1.81448e-08	-4.30541e-07	3.36017e-13	-1.11881e-05	-0.000365912	2.39695e-07
16.6247	1.4328e-08	-4.30543e-07	2.61122e-13	-1.44487e-05	-0.000443189	2.45422e-07
16.6247	1.01447e-08	-4.30545e-07	1.79035e-13	6.11358e-06	0.000183861	2.513e-07
16.6247	5.97803e-09	-4.30548e-07	9.72742e-14	3.07987e-05	0.00101845	2.57318e-07
16.6247	2.37452e-09	-4.3055e-07	2.65648e-14	1.97077e-05	0.00076451	2.63494e-07
16.6247	-8.06108e-10	-4.30552e-07	-3.58469e-14	8.58052e-06	0.000374226	2.69853e-07
16.6247	-3.80821e-09	-4.30554e-07	-9.47553e-14	2.22492e-05	0.00116643	2.76381e-07
16.6247	-6.06736e-09	-4.30557e-07	-1.39085e-13	4.29615e-06	0.000277848	2.83081e-07
16.6247	-8.18239e-09	-4.30559e-07	-1.80587e-13	1.32383e-05	0.00110216	2.89953e-07
16.6247	-9.54022e-09	-4.30562e-07	-2.07231e-13	8.42179e-06	0.00209084	2.9699e-07
16.6247	-9.36e-09	-4.30564e-07	-2.03695e-13	-1.38052e-05	0.00212223	3.04213e-07
16.6247	-7.54195e-09	-4.30567e-07	-1.6802e-13	-5.635e-05	0.00294025	3.11645e-07
16.6247	-3.36084e-09	-4.3057e-07	-8.59763e-14	-2.49652e-06	9.33121e-05	3.19232e-07
16.6247	9.96779e-10	-4.30573e-07	-4.69068e-16	1.68095e-05	-0.000663698	3.26924e-07
16.6247	4.9101e-09	-4.30575e-07	7.632e-14	1.70711e-05	-0.00078676	3.34756e-07
16.6247	8.25078e-09	-4.30578e-07	1.41872e-13	2.16135e-05	-0.00131454	3.42736e-07
16.6247	1.05313e-08	-4.30581e-07	1.86622e-13	1.36793e-05	-0.00142697	3.50865e-07
16.6247	1.15995e-08	-4.30584e-07	2.07582e-13	3.48064e-06	-0.00144151	3.59148e-07
16.6247	1.13834e-08	-4.30588e-07	2.03342e-13	-1.04284e-06	-0.000450416	3.6758e-07
16.6247	1.07436e-08	-4.30591e-07	1.90788e-13	-3.98386e-06	-0.000749523	3.76154e-07
16.6247	9.37601e-09	-4.30594e-07	1.63953e-13	-6.8625e-06	-0.000755867	3.84862e-07
16.6247	7.24133e-09	-4.30597e-07	1.22065e-13	-9.80279e-07	-8.76188e-05	3.93684e-07
16.6247	4.97078e-09	-4.30601e-07	7.75116e-14	6.75493e-06	0.000699388	4.02591e-07
16.6247	3.36097e-09	-4.30604e-07	4.59233e-14	5.17179e-06	0.000923346	4.11581e-07
16.6247	2.67593e-09	-4.30608e-07	3.24813e-14	1.03007e-06	0.000511416	4.20667e-07
16.6247	2.51953e-09	-4.30612e-07	2.94125e-14	-1.26521e-07	0.000415918	4.29834e-07
16.6247	2.81147e-09	-4.30615e-07	3.51412e-14	-8.53427e-07	0.000374336	4.39063e-07
16.6247	3.52485e-09	-4.30619e-07	4.91396e-14	-1.70982e-06	0.000404503	4.48356e-07
16.6247	4.71136e-09	-4.30623e-07	7.24219e-14	1.17613e-06	-0.000255743	4.57732e-07
16.6247	5.62687e-09	-4.30627e-07	9.03866e-14	1.49247e-06	-0.000618363	4.67195e-07
16.6247	5.83162e-09	-4.30631e-07	9.44044e-14	-1.65545e-07	-0.000483906	4.76751e-07
16.6247	5.45797e-09	-4.30635e-07	8.70726e-14	-1.11125e-07	-6.48356e-05	4.86403e-07
16.6247	4.99716e-09	-4.3064e-07	7.80306e-14	9.89948e-08	5.71148e-05	4.96174e-07
16.6247	4.59867e-09	-4.30644e-07	7.02115e-14	-1.71274e-08	-1.05924e-05	5.06073e-07
16.6247	4.17873e-09	-4.30648e-07	6.19714e-14	2.63779e-07	0.000278453	5.16074e-07
16.6247	4.11329e-09	-4.30653e-07	6.06874e-14	-5.61105e-08	0.000208245	5.26174e-07
16.6247	4.32315e-09	-4.30657e-07	6.48056e-14	4.94164e-08	-8.5893e-05	5.3643e-07
16.6247	4.4208e-09	-4.30662e-07	6.67219e-14	5.70831e-09	-0.000126135	5.4686e-07
16.6247	4.34624e-09	-4.30667e-07	6.5259e-14	-7.02063e-09	-2.16542e-05	5.57378e-07
16.6247	4.2398e-09	-4.30672e-07	6.31706e-14	-5.23404e-08	-8.7615e-05	5.67856e-07
16.6247	4.00587e-09	-4.30677e-07	5.85805e-14	2.28972e-08	3.09855e-05	5.7819e-07
16.6247	3.81294e-09	-4.30682e-07	5.47949e-14	2.96895e-08	0.000207317	5.88328e-07
16.6247	3.92422e-09	-4.30687e-07	5.69786e-14	-2.00083e-08	4.17345e-05	5.98266e-07
16.6247	4.10027e-09	-4.30692e-07	6.04335e-14	3.28332e-08	-0.000139059	6.08047e-07
16.6247	4.06609e-09	-4.30697e-07	5.97629e-14	-6.79646e-09	-3.44042e-05	6.17803e-07
16.6247	3.97781e-09	-4.30703e-07	5.80308e-14	7.94176e-09	6.29985e-05	6.27678e-07
16.6247	3.98775e-09	-4.30708e-07	5.82261e-14	-1.86476e-09	-3.43124e-05	6.37734e-07
16.6247	3.94271e-09	-4.30714e-07	5.73425e-14	-4.17828e-09	-2.15401e-05	6.47973e-07
16.6247	3.86178e-09	-4.30719e-07	5.57546e-14	5.92426e-09	5.88966e-05	6.5838e-07
16.6247	3.87726e-09	-4.30725e-07	5.60586e-14	1.36555e-10	-3.63405e-06	6.68936e-07
16.6247	3.88686e-09	-4.30731e-07	5.62473e-14	-1.01993e-08	5.84296e-05	6.79677e-07
16.6247	3.99669e-09	-4.30737e-07	5.84027e-14	9.52035e-09	-8.1564e-05	6.90736e-07
16.6247	3.96634e-09	-4.30743e-07	5.78072e-14	-1.03137e-08	-4.91174e-05	7.0231e-07
16.6247	3.84849e-09	-4.30749e-07	5.54951e-14	6.76382e-09	2.50333e-05	7.1465e-07
16.6247	3.77365e-09	-4.30755e-07	5.40266e-14	3.67909e-09	2.56339e-05	7.28067e-07
16.6247	3.74445e-09	-4.30762e-07	5.34539e-14	-2.99697e-10	3.5183e-05	7.42782e-07
16.6247	3.78065e-09	-4.30768e-07	5.41645e-14	-1.61041e-09	1.25871e-05	7.58658e-07
16.6247	3.84177e-09	-4.30775e-07	5.53641e-14	2.36885e-09	-2.35781e-05	7.7522e-07
16.6247	3.85804e-09	-4.30781e-07	5.56836e-14	-1.54564e-08	-8.73708e-05	7.91778e-07
16.6247	3.69992e-09	-4.30788e-07	5.25811e-14	-1.93413e-09	-4.74981e-06	8.07538e-07
16.6247	3.52911e-09	-4.30795e-07	4.92298e-14	-5.87005e-09	-1.2999e-05	8.21918e-07
16.6247	3.32853e-09	-4.30802e-07	4.52942e-14	2.33546e-08	9.12107e-05	8.34797e-07
16.6247	3.31675e-09	-4.3081e-07	4.50633e-14	-2.1548e-08	9.86133e-05	8.46605e-07
16.6247	3.51494e-09	-4.30817e-07	4.89524e-14	1.26245e-08	-3.30018e-05	8.58495e-07
16.6247	3.64465e-09	-4.30825e-07	5.1498e-14	8.90184e-09	-6.63391e-05	8.71957e-07
16.6247	3.63073e-09	-4.30832e-07	5.12251e-14	-6.83202e-09	-4.63263e-05	8.85136e-07
16.6247	3.51343e-09	-4.3084e-07	4.89237e-14	6.14412e-09	7.04148e-05	8.95332e-07
16.6247	3.55337e-09	-4.30848e-07	4.97077e-14	-7.15778e-10	6.77148e-06	9.03323e-07
16.6247	3.60898e-09	-4.30855e-07	5.07993e-14	-2.07045e-09	1.3285e-05	9.10807e-07
16.6247	3.69545e-09	-4.30863e-07	5.24962e-14	3.49018e-09	-4.3622e-05	9.17652e-07
16.6247	3.68207e-09	-4.30871e-07	5.22341e-14	-3.176e-09	-3.03039e-05	9.23124e-07
16.6247	3.59851e-09	-4.30879e-07	5.05947e-14	-2.37535e-08	-6.78367e-05	9.27959e-07
16.6247	3.35674e-09	-4.30887e-07	4.58507e-14	1.95947e-08	4.9473e-05	9.32316e-07
16.6247	3.22949e-09	-4.30895e-07	4.33543e-14	7.41563e-09	5.32558e-05	9.35819e-07
16.6247	3.22663e-09	-4.30903e-07	4.32984e-14	-1.64772e-09	2.6923e-05	9.38799e-07
16.6247	3.28705e-09	-4.30912e-07	4.44842e-14	1.40857e-09	-3.55599e-05	9.41317e-07
16.6247	3.26382e-09	-4.3092e-07	4.40288e-14	-8.26582e-10	3.05419e-05	9.43194e-07
16.6247	3.31264e-09	-4.30928e-07	4.49869e-14	-9.00902e-10	7.39098e-06	9.44617e-07
16.6247	3.37898e-09	-4.30936e-07	4.62891e-14	1.234e-09	-1.09106e-05	9.45544e-07
16.6247	3.41957e-09	-4.30944e-07	4.70858e-14	6.53851e-10	-1.1412e-05	9.45924e-07
16.6247	3.43317e-09	-4.30952e-07	4.7353e-14	-5.49593e-10	1.01518e-05	9.45832e-07
16.6247	3.47077e-09	-4.30961e-07	4.80911e-14	-6.04043e-09	-6.75677e-05	9.45207e-07
16.6247	3.34875e-09	-4.30969e-07	4.56971e-14	-1.39866e-09	-5.15723e-06	9.4408e-07
16.6247	3.21474e-09	-4.30977e-07	4.30677e-14	4.5674e-09	1.93821e-05	9.42441e-07
16.6247	3.12662e-09	-4.30985e-07	4.13389e-14	-1.15033e-09	8.05874e-05	9.40236e-07
16.6247	3.22791e-09	-4.30993e-07	4.33268e-14	2.58153e-10	-1.21347e-06	9.37509e-07
16.6247	3.32604e-09	-4.31001e-07	4.52526e-14	4.07392e-09	-3.05772e-05	9.34247e-07
16.6247	3.35252e-09	-4.31009e-07	4.57725e-14	-2.60404e-10	3.91224e-06	9.30466e-07
16.6247	3.38796e-09	-4.31017e-07	4.64683e-14	4.76833e-10	-2.17865e-05	9.26221e-07
16.6247	3.37291e-09	-4.31025e-07	4.61732e-14	-6.80478e-11	1.48647e-05	9.21483e-07
16.6247	3.39209e-09	-4.31033e-07	4.65499e-14	-3.30048e-11	7.57207e-07	9.16295e-07
16.6247	3.41289e-09	-4.31041e-07	4.69583e-14	-1.24998e-09	1.50381e-05	9.10628e-07
16.6247	3.46767e-09	-4.31049e-07	4.80336e-14	-1.17592e-09	8.31093e-06	9.04522e-07
16.6247	3.54081e-09	-4.31057e-07	4.9469e-14	1.38033e-09	-1.00675e-05	8.98006e-07
16.6247	3.59088e-09	-4.31064e-07	5.04517e-14	1.25211e-09	-2.17925e-05	8.91054e-07
16.6247	3.5922e-09	-4.31072e-07	5.04779e-14	-2.68421e-09	-3.33674e-05	8.8376e-07
16.6247	3.52009e-09	-4.3108e-07	4.90634e-14	2.66401e-09	3.56817e-05	8.76092e-07
16.6247	3.52644e-09	-4.31087e-07	4.91881e-14	-3.79992e-09	3.61863e-05	8.68064e-07
16.6247	3.61088e-09	-4.31095e-07	5.08454e-14	-3.55545e-09	1.52245e-05	8.59719e-07
16.6247	3.72705e-09	-4.31102e-07	5.31252e-14	7.16334e-09	-6.35566e-05	8.51042e-07
16.6247	3.7075e-09	-4.31109e-07	5.27419e-14	-6.12303e-10	-8.93608e-06	8.42009e-07
16.6247	3.66946e-09	-4.31117e-07	5.19956e-14	-2.86652e-09	-2.02573e-05	8.32727e-07
16.6247	3.5899e-09	-4.31124e-07	5.04348e-14	3.65918e-09	4.20655e-05	8.23217e-07
16.6247	3.59734e-09	-4.31131e-07	5.0581e-14	-2.4636e-09	2.79663e-05	8.13416e-07
16.6247	3.66121e-09	-4.31138e-07	5.18346e-14	-3.93922e-08	9.78416e-05	8.0337e-07
16.6247	3.91954e-09	-4.31145e-07	5.6904e-14	3.95092e-08	-9.85905e-05	7.93153e-07
16.6247	3.98032e-09	-4.31151e-07	5.80969e-14	-4.51581e-10	-6.45059e-05	7.82779e-07
16.6247	3.91491e-09	-4.31158e-07	5.68135e-14	-4.13572e-11	-2.45071e-07	7.7222e-07
16.6247	3.84992e-09	-4.31165e-07	5.55385e-14	-5.86082e-10	7.10942e-05	7.61485e-07
16.6247	3.92022e-09	-4.31171e-07	5.69183e-14	-6.44475e-09	2.57441e-05	7.50598e-07
16.6247	4.03747e-09	-4.31178e-07	5.92192e-14	-6.39033e-09	1.77916e-05	7.39642e-07
16.6247	4.18564e-09	-4.31184e-07	6.21269e-14	1.40081e-09	-3.5482e-06	7.28618e-07
16.6247	4.32517e-09	-4.3119e-07	6.4865e-14	3.89203e-09	-0.000143519	7.17477e-07
16.6247	4.20711e-09	-4.31196e-07	6.25486e-14	1.05072e-08	5.22785e-05	7.06246e-07
16.6247	4.18249e-09	-4.31202e-07	6.20657e-14	-4.50794e-09	5.87879e-05	6.94977e-07
16.6247	4.25957e-09	-4.31208e-07	6.35785e-14	-1.5988e-08	4.68993e-05	6.83679e-07
16.6247	4.41489e-09	-4.31214e-07	6.66264e-14	4.41099e-09	-1.0195e-05	6.72376e-07
16.6247	4.55063e-09	-4.3122e-07	6.92901e-14	1.65672e-08	-7.92547e-05	6.6111e-07
16.6247	4.5542e-09	-4.31226e-07	6.93605e-14	-2.45125e-09	2.92089e-05	6.49838e-07
16.6247	4.60475e-09	-4.31231e-07	7.03526e-14	-3.01778e-09	1.5434e-05	6.38557e-07
16.6247	4.67884e-09	-4.31237e-07	7.18066e-14	-1.49529e-09	6.00238e-06	6.2729e-07
16.6247	4.76094e-09	-4.31242e-07	7.34177e-14	3.09808e-09	-9.22117e-05	6.16066e-07
16.6247	4.70083e-09	-4.31247e-07	7.22384e-14	2.35108e-09	1.46707e-05	6.04909e-07
16.6247	4.66379e-09	-4.31253e-07	7.15119e-14	2.91488e-10	4.69481e-05	5.93823e-07
16.6247	4.69649e-09	-4.31258e-07	7.21537e-14	6.67268e-10	-7.15322e-06	5.82793e-07
16.6247	4.71825e-09	-4.31263e-07	7.2581e-14	-8.37759e-08	0.000168599	5.71868e-07
16.6247	4.97837e-09	-4.31267e-07	7.76852e-14	-2.28902e-08	2.34299e-05	5.61061e-07
16.6247	5.26608e-09	-4.31272e-07	8.33309e-14	1.01167e-07	-0.000157842	5.50303e-07
16.6247	5.33319e-09	-4.31277e-07	8.46481e-14	3.39369e-09	-8.19718e-05	5.3962e-07
16.6247	5.28951e-09	-4.31282e-07	8.3791e-14	-2.5962e-08	-7.43198e-05	5.29043e-07
16.6247	5.14936e-09	-4.31286e-07	8.10412e-14	2.59558e-08	0.000139769	5.18596e-07
16.6247	5.19139e-09	-4.31291e-07	8.1866e-14	-8.48122e-08	0.000154331	5.08247e-07
16.6247	5.42668e-09	-4.31295e-07	8.64831e-14	-1.33387e-07	0.000110166	4.97996e-07
16.6247	5.79295e-09	-4.31299e-07	9.36705e-14	2.05938e-07	-0.000219931	4.87898e-07
16.6247	5.88628e-09	-4.31303e-07	9.5502e-14	-6.39232e-08	-0.000254921	4.77916e-07
16.6247	5.67628e-09	-4.31307e-07	9.13815e-14	3.04755e-08	3.84868e-05	4.68046e-07
16.6247	5.51519e-09	-4.31311e-07	8.82206e-14	-2.89921e-08	0.000315059	4.58324e-07
16.6247	5.71466e-09	-4.31315e-07	9.21347e-14	2.76169e-08	-3.48453e-05	4.48703e-07
16.6247	5.87123e-09	-4.31319e-07	9.52073e-14	5.39229e-09	-7.86293e-06	4.39197e-07
16.6247	6.01594e-09	-4.31323e-07	9.8047e-14	3.91162e-08	-8.7372e-05	4.2986e-07
16.6247	6.06469e-09	-4.31327e-07	9.90037e-14	3.08698e-09	-7.53111e-05	4.20628e-07
16.6247	6.03405e-09	-4.3133e-07	9.84026e-14	-6.62266e-09	-2.98451e-05	4.11495e-07
16.6247	5.97372e-09	-4.31334e-07	9.72188e-14	-1.04661e-07	0.000272331	4.0251e-07
16.6247	6.18571e-09	-4.31337e-07	1.01379e-13	-2.95879e-07	0.00019161	3.93616e-07
16.6247	6.5794e-09	-4.3134e-07	1.09104e-13	-3.80363e-07	0.000157391	3.84819e-07
16.6247	7.11397e-09	-4.31344e-07	1.19594e-13	7.30061e-07	-0.000407583	3.76161e-07
16.6247	7.25755e-09	-4.31347e-07	1.22411e-13	-2.48432e-07	-0.000505482	3.67614e-07
16.6247	6.93867e-09	-4.3135e-07	1.16154e-13	8.46987e-08	5.21266e-05	3.59163e-07
16.6247	6.67342e-09	-4.31353e-07	1.10949e-13	1.91148e-07	0.000412432	3.50845e-07
16.6247	6.77182e-09	-4.31356e-07	1.1288e-13	-2.39638e-07	0.000216239	3.4261e-07
16.6247	7.05088e-09	-4.31359e-07	1.18356e-13	-1.26046e-07	6.91884e-05	3.34458e-07
16.6247	7.38043e-09	-4.31362e-07	1.24823e-13	3.61867e-07	-0.00027889	3.26445e-07
16.6247	7.47722e-09	-4.31365e-07	1.26722e-13	-2.06841e-07	-0.000431751	3.18479e-07
16.6247	7.23216e-09	-4.31367e-07	1.21914e-13	7.28542e-08	5.09045e-05	3.1056e-07
16.6247	7.03225e-09	-4.3137e-07	1.17991e-13	1.69656e-07	0.000248668	3.02809e-07
16.6247	7.02319e-09	-4.31373e-07	1.17813e-13	-3.72493e-10	-5.08221e-06	2.95131e-07
16.6247	7.01066e-09	-4.31375e-07	1.17568e-13	-8.06387e-09	-4.21411e-05	2.87446e-07
16.6247	6.96859e-09	-4.31378e-07	1.16742e-13	-1.01523e-07	0.000269415	2.79877e-07
16.6247	7.11361e-09	-4.3138e-07	1.19588e-13	-3.64111e-07	0.000225559	2.7241e-07
16.6247	7.40623e-09	-4.31382e-07	1.2533e-13	-2.58867e-07	0.00010596	2.64937e-07
16.6247	7.75988e-09	-4.31385e-07	1.32269e-13	-4.3899e-06	0.00088993	2.57526e-07
16.6247	8.66839e-09	-4.31387e-07	1.50097e-13	-5.0879e-06	0.000589453	2.50262e-07
16.6247	9.91465e-09	-4.31389e-07	1.74551e-13	4.55481e-06	-0.000516819	2.4304e-07
16.6247	1.08149e-08	-4.31391e-07	1.92217e-13	4.03009e-06	-0.00231068	2.35804e-07
16.6247	1.03468e-08	-4.31393e-07	1.83031e-13	-1.37191e-05	-0.00167095	2.28681e-07
16.6247	8.95215e-09	-4.31395e-07	1.55665e-13	-1.14997e-05	-0.000799301	2.21717e-07
16.6247	7.16413e-09	-4.31397e-07	1.2058e-13	-2.70521e-05	-0.00136606	2.14817e-07
16.6247	4.71076e-09	-4.31399e-07	7.2439e-14	-1.69824e-05	-0.000681331	2.07943e-07
16.6247	1.98854e-09	-4.314e-07	1.90226e-14	4.23027e-06	0.000161297	2.01178e-07
16.6247	-5.6499e-10	-4.31402e-07	-3.10838e-14	4.24747e-05	0.00205334	1.94574e-07
16.6247	-2.0522e-09	-4.31404e-07	-6.02663e-14	2.19905e-05	0.00404417	1.88095e-07
16.6247	-1.62021e-09	-4.31405e-07	-5.17895e-14	-5.90583e-05	0.00401441	1.81785e-07
16.6247	5.90659e-10	-4.31407e-07	-8.40699e-15	-0.00017306	0.00472907	1.75749e-07
16.6247	4.77182e-09	-4.31408e-07	7.36374e-14	-0.000155628	0.00280467	1.69975e-07
16.6247	9.9878e-09	-4.3141e-07	1.75988e-13	-0.000146885	0.0021609	1.64392e-07
16.6247	1.59054e-08	-4.31411e-07	2.92106e-13	8.87992e-05	-0.0012644	1.58925e-07
16.6247	2.11303e-08	-4.31413e-07	3.9463e-13	0.000126553	-0.00204432	1.53692e-07
16.6247	2.54143e-08	-4.31414e-07	4.78692e-13	0.000142162	-0.0028681	1.48837e-07
16.6247	2.85152e-08	-4.31415e-07	5.3954e-13	0.000149999	-0.00504345	1.44302e-07
16.6247	2.97314e-08	-4.31416e-07	5.63405e-13	2.18801e-05	-0.00514643	1.40079e-07
16.6247	2.91368e-08	-4.31418e-07	5.51737e-13	-0.000121981	-0.00547036	1.36202e-07
16.6247	2.67207e-08	-4.31419e-07	5.04327e-13	-0.000229786	-0.00478774	1.32689e-07
16.6247	2.27961e-08	-4.3142e-07	4.27317e-13	-7.55984e-06	-0.000125312	1.29741e-07
16.6247	1.89083e-08	-4.31421e-07	3.51029e-13	-1.91027e-05	-0.000310992	1.27601e-07
16.6247	1.49736e-08	-4.31422e-07	2.73822e-13	5.68335e-05	0.000950097	1.26174e-07
16.6247	1.13728e-08	-4.31423e-07	2.03166e-13	9.46139e-05	0.00178708	1.25232e-07
16.6247	8.35108e-09	-4.31424e-07	1.43872e-13	-0.000106441	-0.00199119	1.24752e-07
16.6247	4.71424e-09	-4.31425e-07	7.25083e-14	0.000150108	0.0029388	1.24652e-07
16.6247	1.99268e-09	-4.31426e-07	1.91047e-14	0.000102974	0.00280829	1.24879e-07
16.6247	1.39919e-10	-4.31427e-07	-1.72508e-14	8.73127e-05	0.0054999	1.25536e-07
16.6247	6.25203e-12	-4.31429e-07	-1.98736e-14	-1.75191e-06	0.00136297	1.26713e-07
16.6247	3.05297e-10	-4.3143e-07	-1.40056e-14	-1.04076e-05	0.00130728	1.28554e-07
16.6247	1.03328e-09	-4.31431e-07	2.79272e-16	-6.59861e-07	5.80101e-05	1.3117e-07
16.6247	1.79746e-09	-4.31432e-07	1.52744e-14	-1.93679e-05	0.00130919	1.34571e-07
16.6247	3.03007e-09	-4.31433e-07	3.9461e-14	1.69572e-05	-0.00110865	1.38717e-07
16.6247	3.91268e-09	-4.31434e-07	5.67801e-14	-2.24023e-06	0.00017292	1.43644e-07
16.6247	4.89202e-09	-4.31436e-07	7.5997e-14	1.66998e-05	-0.0019785	1.49384e-07
16.6247	5.15835e-09	-4.31437e-07	8.12231e-14	5.68798e-07	-0.000188112	1.55994e-07
16.6247	5.36203e-09	-4.31438e-07	8.52199e-14	-1.02894e-06	-0.00133067	1.6358e-07
16.6247	5.01841e-09	-4.3144e-07	7.84773e-14	-8.70726e-07	-0.000190293	1.72292e-07
16.6247	4.57146e-09	-4.31441e-07	6.97071e-14	-2.03641e-06	-0.000344422	1.82325e-07
16.6247	3.93581e-09	-4.31443e-07	5.72341e-14	2.44552e-07	3.65978e-05	1.93869e-07
16.6247	3.27659e-09	-4.31445e-07	4.42989e-14	-3.1482e-06	-0.000412977	2.07227e-07
16.6247	2.34871e-09	-4.31446e-07	2.60917e-14	1.49885e-07	1.74038e-05	2.2281e-07
16.6247	1.35815e-09	-4.31448e-07	6.65451e-15	-1.41447e-06	-0.000157808	2.41096e-07
16.6247	1.83897e-10	-4.31451e-07	-1.6387e-14	-1.28819e-06	-0.000132938	2.62781e-07
16.6247	-1.19206e-09	-4.31453e-07	-4.33864e-14	1.12829e-06	0.000115927	2.88837e-07
16.6247	-2.62301e-09	-4.31456e-07	-7.14651e-14	5.44666e-06	0.000710439	3.2084e-07
16.6247	-3.62021e-09	-4.31458e-07	-9.10324e-14	3.21631e-06	0.000859776	3.6124e-07
16.6247	-3.92567e-09	-4.31462e-07	-9.70261e-14	2.53218e-07	0.000321981	4.14566e-07
16.6247	-3.92155e-09	-4.31466e-07	-9.69451e-14	-3.61431e-08	-0.000123999	4.90237e-07
16.6247	-4.08251e-09	-4.3147e-07	-1.00103e-13	-4.66248e-07	-0.000328001	6.1041e-07
16.6247	-4.85088e-09	-4.31476e-07	-1.1518e-13	1.20374e-07	5.73739e-05	8.41964e-07
16.6247	-5.82656e-09	-4.31485e-07	-1.34325e-13	3.67861e-07	0.000466266	1.44713e-06
16.6247	-5.46945e-09	-4.31501e-07	-1.27317e-13	-1.29302e-07	0.000164235	5.34389e-06
16.6247	-2.03607e-10	-4.31577e-07	-2.3986e-14	-0.4	-0.00023958	0.00464064
16.6201	-2.44226e-10	-3.51542e-07	-2.77792e-14	0.4	-1.75825e-09	0.00920638
