16.6467	-4.22552e-11	-1.18298e-06	-2.07922e-15	-1.59305e-07	-0.000252432	0.0101398
16.6467	-1.05064e-08	-1.18329e-06	-4.58011e-13	-9.93113e-06	0.00226143	8.84831e-06
16.6467	-4.90435e-09	-1.18332e-06	-2.13925e-13	-4.19967e-05	0.00255523	8.56787e-07
16.6467	1.92129e-09	-1.18333e-06	8.34743e-14	1.12175e-05	-0.000521181	5.2536e-07
16.6467	6.49532e-09	-1.18334e-06	2.82769e-13	3.00352e-05	-0.0019613	4.27882e-07
16.6467	8.59388e-09	-1.18334e-06	3.74205e-13	9.72053e-06	-0.00141424	3.94217e-07
16.6467	9.23669e-09	-1.18335e-06	4.02213e-13	7.16167e-07	-0.000268633	3.82758e-07
16.6467	9.61593e-09	-1.18336e-06	4.18737e-13	-4.14762e-07	0.000171217	3.81071e-07
16.6467	1.01601e-08	-1.18337e-06	4.42448e-13	-1.22886e-06	0.000333536	3.84212e-07
16.6467	1.10335e-08	-1.18337e-06	4.80501e-13	7.52502e-08	-1.68113e-05	3.89942e-07
16.6467	1.19054e-08	-1.18338e-06	5.18492e-13	1.02058e-06	-0.000271826	3.97139e-07
16.6467	1.25219e-08	-1.18339e-06	5.45354e-13	6.74468e-07	-0.000285707	4.05219e-07
16.6467	1.2859e-08	-1.1834e-06	5.6004e-13	1.78857e-07	-0.000137228	4.13883e-07
16.6467	1.30598e-08	-1.1834e-06	5.68791e-13	8.51415e-08	-0.000138868	4.22963e-07
16.6467	1.31167e-08	-1.18341e-06	5.71269e-13	5.16786e-09	-8.07895e-05	4.3239e-07
16.6467	1.30865e-08	-1.18342e-06	5.69954e-13	-1.53061e-08	-5.53702e-05	4.42123e-07
16.6467	1.29938e-08	-1.18343e-06	5.65914e-13	-9.95839e-08	-0.000133171	4.52152e-07
16.6467	1.27467e-08	-1.18344e-06	5.55149e-13	-3.48714e-08	-3.01624e-05	4.62477e-07
16.6467	1.24587e-08	-1.18345e-06	5.426e-13	-4.1369e-07	-0.000229239	4.73125e-07
16.6467	1.18898e-08	-1.18346e-06	5.17813e-13	-5.53783e-07	-0.000193526	4.84094e-07
16.6467	1.10708e-08	-1.18347e-06	4.82126e-13	-5.42245e-07	-0.00014613	4.95381e-07
16.6467	1.00495e-08	-1.18348e-06	4.3763e-13	-4.96488e-07	-0.000113856	5.07e-07
16.6467	8.85825e-09	-1.18349e-06	3.85724e-13	-7.75475e-07	-0.000154148	5.18969e-07
16.6467	7.43645e-09	-1.1835e-06	3.23775e-13	-3.73581e-07	-6.69095e-05	5.3128e-07
16.6467	5.89091e-09	-1.18351e-06	2.56435e-13	-4.82562e-07	-8.10576e-05	5.43938e-07
16.6467	4.19697e-09	-1.18352e-06	1.82628e-13	2.04204e-07	3.36311e-05	5.56954e-07
16.6467	2.50976e-09	-1.18353e-06	1.09115e-13	1.02831e-06	0.000186212	5.70341e-07
16.6467	1.05061e-09	-1.18354e-06	4.5538e-14	6.57865e-07	0.000139754	5.84103e-07
16.6467	-2.37318e-10	-1.18355e-06	-1.05782e-14	2.86306e-07	6.83804e-05	5.9824e-07
16.6467	-1.45295e-09	-1.18356e-06	-6.35444e-14	7.42329e-07	0.000213117	6.12759e-07
16.6467	-2.36774e-09	-1.18357e-06	-1.03403e-13	1.43293e-07	5.07499e-05	6.27653e-07
16.6467	-3.22418e-09	-1.18359e-06	-1.40718e-13	4.41543e-07	0.000201308	6.42916e-07
16.6467	-3.774e-09	-1.1836e-06	-1.64675e-13	2.80845e-07	0.000381816	6.58554e-07
16.6467	-3.70103e-09	-1.18361e-06	-1.61495e-13	-4.6039e-07	0.000387565	6.74559e-07
16.6467	-2.96485e-09	-1.18362e-06	-1.29419e-13	-1.88016e-06	0.000537209	6.90922e-07
16.6467	-1.2718e-09	-1.18364e-06	-5.56516e-14	-8.33198e-08	1.70543e-05	7.07647e-07
16.6467	4.92716e-10	-1.18365e-06	2.12301e-14	5.61012e-07	-0.000121302	7.24721e-07
16.6467	2.07733e-09	-1.18367e-06	9.02732e-14	5.69651e-07	-0.00014377	7.42141e-07
16.6467	3.43006e-09	-1.18368e-06	1.49213e-13	7.21007e-07	-0.000240141	7.59906e-07
16.6467	4.3535e-09	-1.18369e-06	1.89448e-13	4.56209e-07	-0.000260611	7.77996e-07
16.6467	4.78603e-09	-1.18371e-06	2.08294e-13	1.16066e-07	-0.000263234	7.96396e-07
16.6467	4.69855e-09	-1.18373e-06	2.04482e-13	-3.47744e-08	-8.22503e-05	8.15097e-07
16.6467	4.43948e-09	-1.18374e-06	1.93194e-13	-1.3285e-07	-0.000136874	8.34099e-07
16.6467	3.88569e-09	-1.18376e-06	1.69065e-13	-2.28857e-07	-0.000138041	8.53389e-07
16.6467	3.0213e-09	-1.18377e-06	1.31403e-13	-3.27045e-08	-1.6008e-05	8.72931e-07
16.6467	2.10189e-09	-1.18379e-06	9.13435e-14	2.25284e-07	0.000127734	8.92693e-07
16.6467	1.45004e-09	-1.18381e-06	6.29415e-14	1.72465e-07	0.000168618	9.12656e-07
16.6467	1.17264e-09	-1.18383e-06	5.08553e-14	3.43484e-08	9.33888e-05	9.32815e-07
16.6467	1.10931e-09	-1.18384e-06	4.80958e-14	-4.21875e-09	7.59498e-05	9.53146e-07
16.6467	1.22753e-09	-1.18386e-06	5.32465e-14	-2.84578e-08	6.83567e-05	9.73609e-07
16.6467	1.51639e-09	-1.18388e-06	6.58327e-14	-5.70167e-08	7.38679e-05	9.94211e-07
16.6467	1.99684e-09	-1.1839e-06	8.67663e-14	3.92201e-08	-4.67022e-05	1.015e-06
16.6467	2.36756e-09	-1.18392e-06	1.02919e-13	4.97675e-08	-0.000112919	1.03599e-06
16.6467	2.45046e-09	-1.18394e-06	1.06531e-13	-5.5203e-09	-8.83648e-05	1.05718e-06
16.6467	2.29916e-09	-1.18396e-06	9.99386e-14	-3.70548e-09	-1.18394e-05	1.07859e-06
16.6467	2.11257e-09	-1.18398e-06	9.18086e-14	3.30107e-09	1.04296e-05	1.10025e-06
16.6467	1.95121e-09	-1.184e-06	8.4778e-14	-5.71089e-10	-1.93428e-06	1.1222e-06
16.6467	1.78116e-09	-1.18403e-06	7.73689e-14	8.79596e-09	5.08476e-05	1.14438e-06
16.6467	1.75466e-09	-1.18405e-06	7.62143e-14	-1.87093e-09	3.80271e-05	1.16678e-06
16.6467	1.83964e-09	-1.18407e-06	7.99169e-14	1.64784e-09	-1.56847e-05	1.18952e-06
16.6467	1.87918e-09	-1.18409e-06	8.16396e-14	1.90357e-10	-2.30332e-05	1.21265e-06
16.6467	1.84899e-09	-1.18412e-06	8.03242e-14	-2.34061e-10	-3.95416e-06	1.23597e-06
16.6467	1.80589e-09	-1.18414e-06	7.84462e-14	-1.74528e-09	-1.59991e-05	1.25921e-06
16.6467	1.71116e-09	-1.18416e-06	7.43189e-14	7.63551e-10	5.658e-06	1.28212e-06
16.6467	1.63304e-09	-1.18419e-06	7.0915e-14	9.90128e-10	3.78577e-05	1.3046e-06
16.6467	1.67809e-09	-1.18422e-06	7.28782e-14	-6.67123e-10	7.62102e-06	1.32664e-06
16.6467	1.74938e-09	-1.18424e-06	7.59843e-14	1.09485e-09	-2.53932e-05	1.34833e-06
16.6467	1.73554e-09	-1.18427e-06	7.53812e-14	-2.26585e-10	-6.28241e-06	1.36997e-06
16.6467	1.69979e-09	-1.18429e-06	7.38236e-14	2.64891e-10	1.1504e-05	1.39186e-06
16.6467	1.70382e-09	-1.18432e-06	7.3999e-14	-6.21353e-11	-6.26569e-06	1.41416e-06
16.6467	1.68558e-09	-1.18435e-06	7.32043e-14	-1.39277e-10	-3.93338e-06	1.43686e-06
16.6467	1.6528e-09	-1.18438e-06	7.17764e-14	1.9762e-10	1.07549e-05	1.45994e-06
16.6467	1.65907e-09	-1.1844e-06	7.20494e-14	4.61027e-12	-6.63598e-07	1.48335e-06
16.6467	1.66296e-09	-1.18443e-06	7.22188e-14	-3.40025e-10	1.06696e-05	1.50717e-06
16.6467	1.70743e-09	-1.18446e-06	7.41566e-14	3.17496e-10	-1.48942e-05	1.53169e-06
16.6467	1.69514e-09	-1.18449e-06	7.36209e-14	-3.43866e-10	-8.96917e-06	1.55736e-06
16.6467	1.64742e-09	-1.18452e-06	7.15417e-14	2.2561e-10	4.57126e-06	1.58472e-06
16.6467	1.61711e-09	-1.18455e-06	7.02212e-14	1.22751e-10	4.68093e-06	1.61447e-06
16.6467	1.60529e-09	-1.18458e-06	6.9706e-14	-9.91969e-12	6.42468e-06	1.6471e-06
16.6467	1.61994e-09	-1.18462e-06	7.03446e-14	-5.36302e-11	2.29847e-06	1.68231e-06
16.6467	1.64469e-09	-1.18465e-06	7.1423e-14	7.90504e-11	-4.30552e-06	1.71903e-06
16.6467	1.65128e-09	-1.18468e-06	7.17099e-14	-5.15355e-10	-1.59546e-05	1.75575e-06
16.6467	1.58725e-09	-1.18472e-06	6.89201e-14	-6.4424e-11	-8.67329e-07	1.7907e-06
16.6467	1.51809e-09	-1.18475e-06	6.59066e-14	-1.95671e-10	-2.37371e-06	1.82259e-06
16.6467	1.43686e-09	-1.18479e-06	6.23676e-14	7.78863e-10	1.66557e-05	1.85114e-06
16.6467	1.43209e-09	-1.18482e-06	6.21597e-14	-7.18426e-10	1.80075e-05	1.87733e-06
16.6467	1.51234e-09	-1.18486e-06	6.56563e-14	4.21036e-10	-6.0264e-06	1.9037e-06
16.6467	1.56486e-09	-1.18489e-06	6.79448e-14	2.96891e-10	-1.2114e-05	1.93355e-06
16.6467	1.55923e-09	-1.18493e-06	6.76991e-14	-2.27752e-10	-8.45949e-06	1.96277e-06
16.6467	1.51173e-09	-1.18497e-06	6.56296e-14	2.04974e-10	1.28582e-05	1.98538e-06
16.6467	1.5279e-09	-1.18501e-06	6.63341e-14	-2.37882e-11	1.23651e-06	2.0031e-06
16.6467	1.55042e-09	-1.18505e-06	6.73153e-14	-6.89573e-11	2.42592e-06	2.0197e-06
16.6467	1.58542e-09	-1.18509e-06	6.88406e-14	1.16448e-10	-7.96568e-06	2.03488e-06
16.6467	1.58001e-09	-1.18513e-06	6.86047e-14	-1.05834e-10	-5.53372e-06	2.04701e-06
16.6467	1.54617e-09	-1.18516e-06	6.71303e-14	-7.92005e-10	-1.23874e-05	2.05773e-06
16.6467	1.44827e-09	-1.1852e-06	6.28646e-14	6.53482e-10	9.03408e-06	2.06739e-06
16.6467	1.39674e-09	-1.18524e-06	6.06196e-14	2.47373e-10	9.72491e-06	2.07516e-06
16.6467	1.39558e-09	-1.18528e-06	6.05691e-14	-5.48558e-11	4.91634e-06	2.08177e-06
16.6467	1.42004e-09	-1.18532e-06	6.16349e-14	4.70404e-11	-6.4935e-06	2.08735e-06
16.6467	1.41064e-09	-1.18536e-06	6.12251e-14	-2.74733e-11	5.57716e-06	2.09152e-06
16.6468	1.4304e-09	-1.1854e-06	6.20862e-14	-2.9958e-11	1.34965e-06	2.09467e-06
16.6468	1.45727e-09	-1.18544e-06	6.32567e-14	4.12266e-11	-1.99236e-06	2.09673e-06
16.6468	1.4737e-09	-1.18549e-06	6.39727e-14	2.18808e-11	-2.08391e-06	2.09757e-06
16.6468	1.47921e-09	-1.18553e-06	6.42127e-14	-1.82425e-11	1.85379e-06	2.09737e-06
16.6468	1.49443e-09	-1.18557e-06	6.4876e-14	-2.01358e-10	-1.23384e-05	2.09598e-06
16.6468	1.44502e-09	-1.18561e-06	6.27231e-14	-4.65597e-11	-9.41753e-07	2.09348e-06
16.6468	1.39075e-09	-1.18565e-06	6.03586e-14	1.52388e-10	3.53932e-06	2.08985e-06
16.6468	1.35507e-09	-1.18569e-06	5.88038e-14	-3.82552e-11	1.47158e-05	2.08496e-06
16.6468	1.39608e-09	-1.18573e-06	6.05909e-14	8.68753e-12	-2.21572e-07	2.07891e-06
16.6468	1.43581e-09	-1.18577e-06	6.23221e-14	1.35918e-10	-5.58361e-06	2.07168e-06
16.6468	1.44653e-09	-1.18581e-06	6.27892e-14	-8.60263e-12	7.14406e-07	2.06329e-06
16.6468	1.46089e-09	-1.18585e-06	6.34145e-14	1.59734e-11	-3.97838e-06	2.05388e-06
16.6468	1.45479e-09	-1.18588e-06	6.31489e-14	-2.18623e-12	2.71439e-06	2.04337e-06
16.6468	1.46255e-09	-1.18592e-06	6.34872e-14	-1.02202e-12	1.38273e-07	2.03187e-06
16.6468	1.47097e-09	-1.18596e-06	6.38541e-14	-4.1599e-11	2.74606e-06	2.0193e-06
16.6468	1.49316e-09	-1.186e-06	6.48206e-14	-3.91319e-11	1.51763e-06	2.00576e-06
16.6468	1.52277e-09	-1.18604e-06	6.61109e-14	4.61013e-11	-1.83839e-06	1.99131e-06
16.6468	1.54304e-09	-1.18608e-06	6.69942e-14	4.18221e-11	-3.97946e-06	1.9759e-06
16.6468	1.54358e-09	-1.18612e-06	6.70174e-14	-8.94394e-11	-6.09311e-06	1.95972e-06
16.6468	1.51438e-09	-1.18615e-06	6.57452e-14	8.89166e-11	6.51573e-06	1.94272e-06
16.6468	1.51694e-09	-1.18619e-06	6.58571e-14	-1.26626e-10	6.60788e-06	1.92492e-06
16.6468	1.55114e-09	-1.18623e-06	6.73469e-14	-1.18479e-10	2.78006e-06	1.90642e-06
16.6468	1.59818e-09	-1.18626e-06	6.93964e-14	2.38918e-10	-1.16058e-05	1.88717e-06
16.6468	1.59026e-09	-1.1863e-06	6.90515e-14	-2.03481e-11	-1.63179e-06	1.86714e-06
16.6468	1.57485e-09	-1.18634e-06	6.83802e-14	-9.55193e-11	-3.69911e-06	1.84656e-06
16.6468	1.54264e-09	-1.18637e-06	6.69765e-14	1.22098e-10	7.68145e-06	1.82547e-06
16.6468	1.54565e-09	-1.18641e-06	6.71077e-14	-8.20723e-11	5.10683e-06	1.80374e-06
16.6468	1.57151e-09	-1.18644e-06	6.82345e-14	-1.31345e-09	1.78666e-05	1.78146e-06
16.6468	1.67611e-09	-1.18647e-06	7.27922e-14	1.31749e-09	-1.80033e-05	1.7588e-06
16.6468	1.70072e-09	-1.18651e-06	7.38645e-14	-1.50089e-11	-1.17792e-05	1.7358e-06
16.6468	1.67423e-09	-1.18654e-06	7.27104e-14	-1.31326e-12	-4.47472e-08	1.71239e-06
16.6468	1.64792e-09	-1.18657e-06	7.15637e-14	-1.94593e-11	1.29823e-05	1.68858e-06
16.6468	1.67638e-09	-1.18661e-06	7.2804e-14	-2.14832e-10	4.70107e-06	1.66444e-06
16.6468	1.72386e-09	-1.18664e-06	7.48726e-14	-2.13017e-10	3.24882e-06	1.64015e-06
16.6468	1.78386e-09	-1.18667e-06	7.74868e-14	4.67704e-11	-6.4791e-07	1.6157e-06
16.6468	1.84035e-09	-1.1867e-06	7.99483e-14	1.29801e-10	-2.62077e-05	1.59099e-06
16.6468	1.79255e-09	-1.18673e-06	7.78654e-14	3.50441e-10	9.54645e-06	1.56609e-06
16.6468	1.78258e-09	-1.18676e-06	7.74309e-14	-1.50243e-10	1.07351e-05	1.54111e-06
16.6468	1.81379e-09	-1.18679e-06	7.87909e-14	-5.33058e-10	8.56422e-06	1.51605e-06
16.6468	1.87668e-09	-1.18682e-06	8.15311e-14	1.47146e-10	-1.86175e-06	1.49098e-06
16.6468	1.93164e-09	-1.18685e-06	8.39259e-14	5.5247e-10	-1.44724e-05	1.466e-06
16.6468	1.93309e-09	-1.18687e-06	8.39889e-14	-8.16742e-11	5.33373e-06	1.44101e-06
16.6468	1.95356e-09	-1.1869e-06	8.48807e-14	-1.00571e-10	2.81837e-06	1.41599e-06
16.6468	1.98356e-09	-1.18693e-06	8.61878e-14	-4.98045e-11	1.09605e-06	1.39101e-06
16.6468	2.0168e-09	-1.18696e-06	8.76362e-14	1.03331e-10	-1.68385e-05	1.36612e-06
16.6468	1.99246e-09	-1.18698e-06	8.65756e-14	7.84542e-11	2.67901e-06	1.34137e-06
16.6468	1.97746e-09	-1.18701e-06	8.59222e-14	9.78303e-12	8.57303e-06	1.3168e-06
16.6468	1.9907e-09	-1.18703e-06	8.64991e-14	2.22975e-11	-1.30621e-06	1.29233e-06
16.6468	1.99951e-09	-1.18706e-06	8.6883e-14	-2.79343e-09	3.07874e-05	1.26811e-06
16.6468	2.10484e-09	-1.18708e-06	9.14722e-14	-7.63233e-10	4.2785e-06	1.24415e-06
16.6468	2.22134e-09	-1.1871e-06	9.65482e-14	3.37344e-09	-2.88231e-05	1.22029e-06
16.6468	2.24852e-09	-1.18713e-06	9.77323e-14	1.13188e-10	-1.49686e-05	1.1966e-06
16.6468	2.23082e-09	-1.18715e-06	9.69615e-14	-8.65679e-10	-1.35712e-05	1.17315e-06
16.6468	2.17407e-09	-1.18717e-06	9.44889e-14	8.65579e-10	2.55228e-05	1.14998e-06
16.6468	2.19109e-09	-1.18719e-06	9.52303e-14	-2.82799e-09	2.81818e-05	1.12703e-06
16.6468	2.28637e-09	-1.18722e-06	9.93815e-14	-4.44777e-09	2.01171e-05	1.1043e-06
16.6468	2.43468e-09	-1.18724e-06	1.05844e-13	6.86704e-09	-4.01609e-05	1.08191e-06
16.6468	2.47247e-09	-1.18726e-06	1.0749e-13	-2.13157e-09	-4.65505e-05	1.05977e-06
16.6468	2.38744e-09	-1.18728e-06	1.03785e-13	1.01628e-09	7.02806e-06	1.03789e-06
16.6468	2.32221e-09	-1.1873e-06	1.00943e-13	-9.66625e-10	5.75319e-05	1.01633e-06
16.6468	2.40297e-09	-1.18732e-06	1.04462e-13	9.20903e-10	-6.36287e-06	9.94993e-07
16.6468	2.46638e-09	-1.18734e-06	1.07225e-13	1.79876e-10	-1.43609e-06	9.73915e-07
16.6468	2.52497e-09	-1.18735e-06	1.09778e-13	1.30433e-09	-1.59545e-05	9.53211e-07
16.6468	2.54471e-09	-1.18737e-06	1.10638e-13	1.02952e-10	-1.37524e-05	9.32734e-07
16.6468	2.5323e-09	-1.18739e-06	1.10097e-13	-2.20805e-10	-5.44988e-06	9.12486e-07
16.6468	2.50787e-09	-1.18741e-06	1.09033e-13	-3.48986e-09	4.97297e-05	8.9256e-07
16.6468	2.59371e-09	-1.18742e-06	1.12773e-13	-9.86615e-09	3.49895e-05	8.72835e-07
16.6468	2.75313e-09	-1.18744e-06	1.19719e-13	-1.26832e-08	2.87406e-05	8.53329e-07
16.6468	2.96959e-09	-1.18746e-06	1.2915e-13	2.43441e-08	-7.44278e-05	8.34132e-07
16.6468	3.02773e-09	-1.18747e-06	1.31683e-13	-8.28411e-09	-9.23044e-05	8.15181e-07
16.6468	2.89861e-09	-1.18749e-06	1.26057e-13	2.82429e-09	9.5185e-06	7.96438e-07
16.6468	2.79119e-09	-1.1875e-06	1.21377e-13	6.37407e-09	7.53131e-05	7.77992e-07
16.6468	2.83104e-09	-1.18752e-06	1.23113e-13	-7.99072e-09	3.94867e-05	7.59733e-07
16.6468	2.94404e-09	-1.18753e-06	1.28037e-13	-4.20291e-09	1.26341e-05	7.41657e-07
16.6468	3.07748e-09	-1.18755e-06	1.33851e-13	1.20664e-08	-5.09268e-05	7.23886e-07
16.6468	3.11668e-09	-1.18756e-06	1.35559e-13	-6.89713e-09	-7.88404e-05	7.06222e-07
16.6468	3.01744e-09	-1.18757e-06	1.31235e-13	2.42915e-09	9.29464e-06	6.88661e-07
16.6468	2.93649e-09	-1.18759e-06	1.27708e-13	5.65744e-09	4.5409e-05	6.71473e-07
16.6468	2.93282e-09	-1.1876e-06	1.27548e-13	-1.23972e-11	-9.28042e-07	6.54452e-07
16.6468	2.92775e-09	-1.18761e-06	1.27327e-13	-2.68879e-10	-7.69526e-06	6.37409e-07
16.6468	2.91071e-09	-1.18762e-06	1.26585e-13	-3.38524e-09	4.9197e-05	6.20624e-07
16.6468	2.96944e-09	-1.18764e-06	1.29144e-13	-1.21413e-08	4.11886e-05	6.04064e-07
16.6468	3.08793e-09	-1.18765e-06	1.34306e-13	-8.63183e-09	1.93488e-05	5.87495e-07
16.6468	3.23113e-09	-1.18766e-06	1.40546e-13	-1.46389e-07	0.000162514	5.71054e-07
16.6468	3.59901e-09	-1.18767e-06	1.56574e-13	-1.69676e-07	0.000107649	5.54931e-07
16.6468	4.10366e-09	-1.18768e-06	1.78562e-13	1.519e-07	-9.43863e-05	5.38919e-07
16.6468	4.46821e-09	-1.18769e-06	1.94446e-13	1.3439e-07	-0.000421953	5.22883e-07
16.6468	4.27863e-09	-1.1877e-06	1.86186e-13	-4.57528e-07	-0.000305162	5.07075e-07
16.6468	3.71391e-09	-1.18771e-06	1.61581e-13	-3.83574e-07	-0.000146001	4.91603e-07
16.6468	2.98989e-09	-1.18772e-06	1.30035e-13	-9.02558e-07	-0.000249588	4.76263e-07
16.6468	1.99645e-09	-1.18773e-06	8.67498e-14	-5.66844e-07	-0.000124539	4.60973e-07
16.6468	8.94148e-10	-1.18774e-06	3.87216e-14	1.4125e-07	2.94937e-05	4.45962e-07
16.6468	-1.39851e-10	-1.18775e-06	-6.33047e-15	1.41722e-06	0.000375179	4.31369e-07
16.6468	-7.42064e-10	-1.18775e-06	-3.25693e-14	7.33437e-07	0.000738566	4.1707e-07
16.6468	-5.67139e-10	-1.18776e-06	-2.49477e-14	-1.97023e-06	0.000733327	4.03046e-07
16.6468	3.28103e-10	-1.18777e-06	1.40586e-14	-5.7831e-06	0.000865294	3.89446e-07
16.6468	2.02117e-09	-1.18778e-06	8.78269e-14	-5.21307e-06	0.000514457	3.76351e-07
16.6468	4.13327e-09	-1.18778e-06	1.79853e-13	-4.93092e-06	0.000397244	3.63723e-07
16.6468	6.52949e-09	-1.18779e-06	2.84257e-13	2.9821e-06	-0.000232528	3.51574e-07
16.6468	8.64519e-09	-1.1878e-06	3.7644e-13	4.24387e-06	-0.000375413	3.40175e-07
16.6468	1.03799e-08	-1.1878e-06	4.52022e-13	4.75758e-06	-0.000525605	3.29645e-07
16.6468	1.16355e-08	-1.18781e-06	5.06732e-13	5.00929e-06	-0.000922216	3.19825e-07
16.6468	1.2128e-08	-1.18782e-06	5.2819e-13	7.29801e-07	-0.000939871	3.10598e-07
16.6468	1.18872e-08	-1.18782e-06	5.17699e-13	-4.07162e-06	-0.000999754	3.01927e-07
16.6468	1.09089e-08	-1.18783e-06	4.75071e-13	-7.68925e-06	-0.000877228	2.93891e-07
16.6468	9.31971e-09	-1.18783e-06	4.05829e-13	-2.53761e-07	-2.30349e-05	2.87195e-07
16.6468	7.74542e-09	-1.18784e-06	3.37236e-13	-6.40088e-07	-5.70659e-05	2.82438e-07
16.6468	6.15217e-09	-1.18784e-06	2.67817e-13	1.90488e-06	0.000174387	2.79307e-07
16.6468	4.69411e-09	-1.18785e-06	2.04289e-13	3.16761e-06	0.000327637	2.77322e-07
16.6468	3.47052e-09	-1.18785e-06	1.50976e-13	-3.56384e-06	-0.000365085	2.76251e-07
16.6468	1.99786e-09	-1.18786e-06	8.6811e-14	5.02461e-06	0.000538681	2.7606e-07
16.6468	8.95816e-10	-1.18786e-06	3.87943e-14	3.44059e-06	0.000513819	2.76731e-07
16.6468	1.45582e-10	-1.18787e-06	6.10607e-15	2.91334e-06	0.00100478	2.78316e-07
16.6468	9.14557e-11	-1.18788e-06	3.74776e-15	-5.84202e-08	0.000248892	2.80982e-07
16.6468	2.12548e-10	-1.18788e-06	9.02382e-15	-3.47079e-07	0.000238739	2.85056e-07
16.6468	5.0733e-10	-1.18789e-06	2.18677e-14	-2.19955e-08	1.05894e-05	2.90851e-07
16.6468	8.16768e-10	-1.18789e-06	3.53501e-14	-6.46067e-07	0.000239152	2.98377e-07
16.6468	1.31588e-09	-1.1879e-06	5.7097e-14	5.65643e-07	-0.000202516	3.07565e-07
16.6468	1.67328e-09	-1.1879e-06	7.2669e-14	-7.47051e-08	3.15781e-05	3.18503e-07
16.6468	2.06984e-09	-1.18791e-06	8.99474e-14	5.56931e-07	-0.000361328	3.31244e-07
16.6468	2.17769e-09	-1.18792e-06	9.46463e-14	1.89665e-08	-3.43502e-05	3.45914e-07
16.6468	2.26016e-09	-1.18792e-06	9.82398e-14	-3.43111e-08	-0.000242991	3.62734e-07
16.6468	2.12102e-09	-1.18793e-06	9.21773e-14	-2.90342e-08	-3.47485e-05	3.82054e-07
16.6468	1.94004e-09	-1.18794e-06	8.42917e-14	-6.79112e-08	-6.28998e-05	4.04296e-07
16.6468	1.68264e-09	-1.18795e-06	7.30769e-14	8.15655e-09	6.68452e-06	4.29892e-07
16.6468	1.41571e-09	-1.18795e-06	6.14463e-14	-1.04984e-07	-7.54171e-05	4.59512e-07
16.6468	1.03998e-09	-1.18796e-06	4.50757e-14	4.99391e-09	3.17546e-06	4.9406e-07
16.6468	6.38872e-10	-1.18797e-06	2.75991e-14	-4.71694e-08	-2.88188e-05	5.34605e-07
16.6468	1.63385e-10	-1.18798e-06	6.88179e-15	-4.29616e-08	-2.42789e-05	5.82686e-07
16.6468	-3.93779e-10	-1.188e-06	-1.73942e-14	3.7631e-08	2.11735e-05	6.40464e-07
16.6468	-9.73214e-10	-1.18801e-06	-4.26406e-14	1.81635e-07	0.000129741	7.1144e-07
16.6468	-1.37701e-09	-1.18802e-06	-6.02342e-14	1.07251e-07	0.000157004	8.01039e-07
16.6468	-1.5007e-09	-1.18804e-06	-6.56235e-14	8.44376e-09	5.8796e-05	9.19294e-07
16.6468	-1.49903e-09	-1.18806e-06	-6.55508e-14	-1.20519e-09	-2.2643e-05	1.08709e-06
16.6468	-1.56421e-09	-1.18808e-06	-6.83907e-14	-1.55472e-08	-5.98954e-05	1.35358e-06
16.6468	-1.87534e-09	-1.18811e-06	-8.19471e-14	4.01396e-09	1.04768e-05	1.86704e-06
16.6468	-2.27043e-09	-1.18815e-06	-9.91612e-14	1.22667e-08	8.51435e-05	3.209e-06
16.6468	-2.12583e-09	-1.18823e-06	-9.28607e-14	-4.31082e-09	2.99904e-05	1.185e-05
16.6468	6.44834e-12	-1.18861e-06	4.40951e-17	-0.4	-4.37483e-05	0.0102878
16.6366	5.87163e-12	-7.93831e-07	-6.8418e-17	0.4	-9.38823e-10	0.0204096
