16.6067	-2.78423e-08	-1.62987e-07	-1.21494e-12	-0.000139485	-0.00746845	0.00207699
16.6067	-9.12766e-08	-1.63e-07	-1.7794e-12	-0.0081594	0.064483	1.81791e-06
16.6067	-5.73154e-08	-1.63001e-07	-1.47716e-12	-0.0259953	0.0549745	1.93029e-07
16.6067	-1.59364e-08	-1.63002e-07	-1.10892e-12	0.00589641	-0.00926299	1.27885e-07
16.6067	1.17927e-08	-1.63002e-07	-8.62143e-13	0.019527	-0.0438226	9.71826e-08
16.6067	2.45148e-08	-1.63002e-07	-7.48924e-13	0.00790148	-0.0392364	8.28254e-08
16.6067	2.84117e-08	-1.63003e-07	-7.14242e-13	0.000621616	-0.00787859	7.86349e-08
16.6067	3.07109e-08	-1.63003e-07	-6.9378e-13	-0.000360764	0.0050309	7.82353e-08
16.6067	3.401e-08	-1.63003e-07	-6.64419e-13	-0.00105717	0.00969747	7.91624e-08
16.6067	3.93045e-08	-1.63004e-07	-6.173e-13	6.41987e-05	-0.000484436	8.05436e-08
16.6067	4.45905e-08	-1.63004e-07	-5.70257e-13	0.000877662	-0.00789847	8.18314e-08
16.6067	4.8328e-08	-1.63004e-07	-5.36994e-13	0.000586619	-0.00839654	8.31907e-08
16.6067	5.03714e-08	-1.63004e-07	-5.18808e-13	0.000156402	-0.00405346	8.48145e-08
16.6067	5.1589e-08	-1.63005e-07	-5.0797e-13	7.45872e-05	-0.00410915	8.66243e-08
16.6067	5.19338e-08	-1.63005e-07	-5.049e-13	4.53276e-06	-0.00239185	8.85389e-08
16.6067	5.1751e-08	-1.63006e-07	-5.06526e-13	-1.3413e-05	-0.00163916	9.05346e-08
16.6067	5.11888e-08	-1.63006e-07	-5.11527e-13	-8.72111e-05	-0.00393974	9.261e-08
16.6067	4.96911e-08	-1.63006e-07	-5.24854e-13	-3.05115e-05	-0.000891425	9.47522e-08
16.6067	4.79452e-08	-1.63007e-07	-5.4039e-13	-0.000360905	-0.00675696	9.70305e-08
16.6067	4.44964e-08	-1.63007e-07	-5.71079e-13	-0.000480059	-0.00566769	9.9491e-08
16.6067	3.95312e-08	-1.63007e-07	-6.15265e-13	-0.000466863	-0.0042501	1.02051e-07
16.6067	3.33402e-08	-1.63008e-07	-6.70359e-13	-0.000424414	-0.00328759	1.04678e-07
16.6067	2.61184e-08	-1.63008e-07	-7.34626e-13	-0.000657653	-0.0044161	1.07445e-07
16.6067	1.74991e-08	-1.63009e-07	-8.1133e-13	-0.000314651	-0.00190349	1.10261e-07
16.6067	8.12969e-09	-1.63009e-07	-8.94709e-13	-0.000403805	-0.00229107	1.13094e-07
16.6067	-2.13939e-09	-1.63009e-07	-9.86095e-13	0.000170614	0.000949094	1.15869e-07
16.6067	-1.23676e-08	-1.6301e-07	-1.07712e-12	0.000866287	0.00529962	1.18341e-07
16.6067	-2.12134e-08	-1.6301e-07	-1.15584e-12	0.000560052	0.004019	1.20761e-07
16.6067	-2.90211e-08	-1.63011e-07	-1.22532e-12	0.000245283	0.00197875	1.23432e-07
16.6067	-3.63905e-08	-1.63011e-07	-1.2909e-12	0.000640254	0.00621004	1.26146e-07
16.6067	-4.19361e-08	-1.63012e-07	-1.34025e-12	0.000124298	0.00148695	1.28967e-07
16.6067	-4.7128e-08	-1.63012e-07	-1.38645e-12	0.000384477	0.00592213	1.31935e-07
16.6067	-5.04611e-08	-1.63013e-07	-1.41611e-12	0.000245683	0.0112916	1.34931e-07
16.6067	-5.00186e-08	-1.63013e-07	-1.41217e-12	-0.000402319	0.0114484	1.38266e-07
16.6067	-4.55556e-08	-1.63014e-07	-1.37245e-12	-0.00161824	0.0156413	1.42347e-07
16.6067	-3.52918e-08	-1.63015e-07	-1.28111e-12	-7.07504e-05	0.000489127	1.46404e-07
16.6067	-2.45947e-08	-1.63015e-07	-1.18591e-12	0.000478177	-0.00349241	1.49781e-07
16.6067	-1.49883e-08	-1.63016e-07	-1.10041e-12	0.00048917	-0.00417038	1.53009e-07
16.6067	-6.78756e-09	-1.63016e-07	-1.02743e-12	0.000624279	-0.00702501	1.56233e-07
16.6067	-1.18932e-09	-1.63017e-07	-9.77607e-13	0.000398089	-0.00768363	1.59543e-07
16.6067	1.43288e-09	-1.63018e-07	-9.54268e-13	0.000101664	-0.00779002	1.63115e-07
16.6067	9.02645e-10	-1.63018e-07	-9.58984e-13	-3.04695e-05	-0.00243452	1.66916e-07
16.6067	-6.67808e-10	-1.63019e-07	-9.72957e-13	-0.000116287	-0.00404726	1.7087e-07
16.6067	-4.02488e-09	-1.6302e-07	-1.00283e-12	-0.000199852	-0.00407207	1.74959e-07
16.6067	-9.26496e-09	-1.6302e-07	-1.04946e-12	-2.84867e-05	-0.000470971	1.79069e-07
16.6067	-1.48385e-08	-1.63021e-07	-1.09906e-12	0.000196621	0.0037659	1.83045e-07
16.6067	-1.87902e-08	-1.63022e-07	-1.13422e-12	0.000150929	0.00498505	1.86975e-07
16.6067	-2.04717e-08	-1.63022e-07	-1.14918e-12	3.00968e-05	0.00276435	1.9102e-07
16.6067	-2.08555e-08	-1.63023e-07	-1.15259e-12	-3.70064e-06	0.00224859	1.95169e-07
16.6067	-2.01388e-08	-1.63024e-07	-1.14621e-12	-2.49406e-05	0.00202332	1.99374e-07
16.6067	-1.83874e-08	-1.63025e-07	-1.13062e-12	-4.99379e-05	0.00218518	2.03633e-07
16.6067	-1.54747e-08	-1.63025e-07	-1.1047e-12	3.43462e-05	-0.00138136	2.07898e-07
16.6067	-1.32272e-08	-1.63026e-07	-1.08469e-12	4.36121e-05	-0.00334217	2.12155e-07
16.6067	-1.27245e-08	-1.63027e-07	-1.08022e-12	-4.83538e-06	-0.00261612	2.16474e-07
16.6067	-1.36416e-08	-1.63028e-07	-1.08837e-12	-3.24713e-06	-0.000350467	2.20862e-07
16.6067	-1.47726e-08	-1.63029e-07	-1.09843e-12	2.89265e-06	0.000308731	2.25299e-07
16.6067	-1.57507e-08	-1.6303e-07	-1.10713e-12	-5.00559e-07	-5.72672e-05	2.29791e-07
16.6067	-1.67814e-08	-1.63031e-07	-1.1163e-12	7.70788e-06	0.00150537	2.34328e-07
16.6067	-1.69419e-08	-1.63032e-07	-1.11773e-12	-1.64135e-06	0.00112585	2.38911e-07
16.6067	-1.64266e-08	-1.63033e-07	-1.11314e-12	1.44492e-06	-0.000464367	2.43569e-07
16.6067	-1.61868e-08	-1.63033e-07	-1.111e-12	1.67637e-07	-0.000681932	2.48303e-07
16.6067	-1.63696e-08	-1.63034e-07	-1.11262e-12	-2.0507e-07	-0.00011707	2.53078e-07
16.6067	-1.66308e-08	-1.63035e-07	-1.11494e-12	-1.52926e-06	-0.000473668	2.57838e-07
16.6067	-1.72049e-08	-1.63036e-07	-1.12005e-12	6.69017e-07	0.000167507	2.6253e-07
16.6067	-1.76783e-08	-1.63038e-07	-1.12425e-12	8.66496e-07	0.00112083	2.67133e-07
16.6067	-1.7405e-08	-1.63039e-07	-1.12182e-12	-5.85101e-07	0.000225637	2.71645e-07
16.6067	-1.69727e-08	-1.6304e-07	-1.11796e-12	9.60565e-07	-0.000751807	2.76086e-07
16.6067	-1.70564e-08	-1.63041e-07	-1.11871e-12	-1.98437e-07	-0.000186003	2.80515e-07
16.6067	-1.7273e-08	-1.63042e-07	-1.12063e-12	2.31731e-07	0.000340594	2.84998e-07
16.6067	-1.72484e-08	-1.63043e-07	-1.1204e-12	-5.42882e-08	-0.000185505	2.89564e-07
16.6067	-1.73588e-08	-1.63044e-07	-1.12138e-12	-1.21992e-07	-0.000116454	2.94214e-07
16.6067	-1.75573e-08	-1.63045e-07	-1.12314e-12	1.72787e-07	0.000318417	2.98938e-07
16.6067	-1.75191e-08	-1.63046e-07	-1.1228e-12	4.0136e-09	-1.96471e-05	3.0373e-07
16.6067	-1.74953e-08	-1.63048e-07	-1.12258e-12	-2.98489e-07	0.000315894	3.08607e-07
16.6067	-1.72255e-08	-1.63049e-07	-1.12017e-12	2.78788e-07	-0.000440967	3.13631e-07
16.6067	-1.72999e-08	-1.6305e-07	-1.12083e-12	-3.01149e-07	-0.000265548	3.18886e-07
16.6067	-1.7589e-08	-1.63051e-07	-1.1234e-12	1.9754e-07	0.00013534	3.24488e-07
16.6067	-1.77725e-08	-1.63053e-07	-1.12502e-12	1.07373e-07	0.000138586	3.30579e-07
16.6067	-1.7844e-08	-1.63054e-07	-1.12565e-12	-8.98277e-09	0.000190213	3.37261e-07
16.6067	-1.77549e-08	-1.63055e-07	-1.12486e-12	-4.71516e-08	6.8051e-05	3.44471e-07
16.6067	-1.76047e-08	-1.63057e-07	-1.12351e-12	6.93875e-08	-0.000127473	3.5199e-07
16.6067	-1.75645e-08	-1.63058e-07	-1.12315e-12	-4.51219e-07	-0.000472359	3.59509e-07
16.6067	-1.79525e-08	-1.63059e-07	-1.12659e-12	-5.65052e-08	-2.56801e-05	3.66665e-07
16.6067	-1.83716e-08	-1.63061e-07	-1.13032e-12	-1.71497e-07	-7.02784e-05	3.73194e-07
16.6067	-1.88637e-08	-1.63062e-07	-1.13469e-12	6.82053e-07	0.00049312	3.79041e-07
16.6067	-1.88924e-08	-1.63064e-07	-1.13494e-12	-6.30442e-07	0.000533138	3.84404e-07
16.6067	-1.84057e-08	-1.63065e-07	-1.1306e-12	3.69198e-07	-0.000178415	3.89802e-07
16.6067	-1.8087e-08	-1.63067e-07	-1.12776e-12	2.60614e-07	-0.000358657	3.95913e-07
16.6067	-1.8121e-08	-1.63068e-07	-1.12805e-12	-1.99403e-07	-0.000250459	4.01897e-07
16.6067	-1.84087e-08	-1.6307e-07	-1.13061e-12	1.79142e-07	0.000380691	4.06526e-07
16.6067	-1.83104e-08	-1.63072e-07	-1.12972e-12	-2.09654e-08	3.66094e-05	4.10155e-07
16.6067	-1.81736e-08	-1.63073e-07	-1.1285e-12	-6.06015e-08	7.1823e-05	4.13554e-07
16.6067	-1.79612e-08	-1.63075e-07	-1.1266e-12	1.02289e-07	-0.000235837	4.16663e-07
16.6067	-1.79937e-08	-1.63077e-07	-1.12688e-12	-9.26418e-08	-0.000163836	4.19146e-07
16.6067	-1.81986e-08	-1.63078e-07	-1.1287e-12	-6.93864e-07	-0.00036675	4.21341e-07
16.6067	-1.87919e-08	-1.6308e-07	-1.13397e-12	5.72423e-07	0.000267472	4.23321e-07
16.6067	-1.9104e-08	-1.63081e-07	-1.13674e-12	2.16411e-07	0.00028792	4.24912e-07
16.6067	-1.91108e-08	-1.63083e-07	-1.1368e-12	-4.83325e-08	0.000145556	4.26263e-07
16.6067	-1.89622e-08	-1.63085e-07	-1.13547e-12	4.1395e-08	-0.000192251	4.27406e-07
16.6067	-1.9019e-08	-1.63086e-07	-1.13596e-12	-2.43542e-08	0.000165121	4.28259e-07
16.6067	-1.88989e-08	-1.63088e-07	-1.13489e-12	-2.63803e-08	3.99585e-05	4.28906e-07
16.6067	-1.87358e-08	-1.6309e-07	-1.13343e-12	3.61362e-08	-5.89859e-05	4.29325e-07
16.6067	-1.86359e-08	-1.63091e-07	-1.13253e-12	1.91829e-08	-6.16986e-05	4.29497e-07
16.6067	-1.86022e-08	-1.63093e-07	-1.13222e-12	-1.61294e-08	5.48848e-05	4.29457e-07
16.6067	-1.85097e-08	-1.63095e-07	-1.13139e-12	-1.76132e-07	-0.000365299	4.29172e-07
16.6067	-1.8809e-08	-1.63097e-07	-1.13405e-12	-4.08461e-08	-2.78793e-05	4.28661e-07
16.6067	-1.91377e-08	-1.63098e-07	-1.13697e-12	1.33375e-07	0.000104786	4.27918e-07
16.6067	-1.93538e-08	-1.631e-07	-1.13888e-12	-3.41331e-08	0.000435687	4.26916e-07
16.6067	-1.91049e-08	-1.63102e-07	-1.13666e-12	7.55052e-09	-6.55902e-06	4.25677e-07
16.6067	-1.88637e-08	-1.63103e-07	-1.13451e-12	1.19271e-07	-0.000165313	4.24197e-07
16.6067	-1.87985e-08	-1.63105e-07	-1.13392e-12	-7.63728e-09	2.11515e-05	4.22481e-07
16.6067	-1.87112e-08	-1.63107e-07	-1.13313e-12	1.40741e-08	-0.000117787	4.20551e-07
16.6067	-1.87479e-08	-1.63108e-07	-1.13345e-12	-2.08396e-09	8.03643e-05	4.184e-07
16.6067	-1.87006e-08	-1.6311e-07	-1.13302e-12	-9.7051e-10	4.09372e-06	4.16047e-07
16.6067	-1.86493e-08	-1.63111e-07	-1.13256e-12	-3.6632e-08	8.13022e-05	4.13472e-07
16.6067	-1.85146e-08	-1.63113e-07	-1.13135e-12	-3.44256e-08	4.4933e-05	4.10698e-07
16.6067	-1.83348e-08	-1.63115e-07	-1.12975e-12	4.04095e-08	-5.44299e-05	4.0774e-07
16.6067	-1.82117e-08	-1.63116e-07	-1.12864e-12	3.67348e-08	-0.000117819	4.04585e-07
16.6067	-1.82082e-08	-1.63118e-07	-1.12861e-12	-7.82468e-08	-0.000180397	4.01274e-07
16.6067	-1.8385e-08	-1.63119e-07	-1.13017e-12	7.76396e-08	0.000192909	3.97791e-07
16.6067	-1.83692e-08	-1.63121e-07	-1.13002e-12	-1.11297e-07	0.000195636	3.94147e-07
16.6067	-1.81616e-08	-1.63122e-07	-1.12817e-12	-1.04024e-07	8.23124e-05	3.90357e-07
16.6067	-1.78762e-08	-1.63124e-07	-1.12562e-12	2.09781e-07	-0.000343613	3.86415e-07
16.6067	-1.7924e-08	-1.63125e-07	-1.12604e-12	-1.78413e-08	-4.83114e-05	3.82316e-07
16.6067	-1.80172e-08	-1.63127e-07	-1.12686e-12	-8.36595e-08	-0.00010952	3.78101e-07
16.6067	-1.82122e-08	-1.63128e-07	-1.12859e-12	1.06688e-07	0.000227423	3.73783e-07
16.6067	-1.81938e-08	-1.6313e-07	-1.12842e-12	-7.21869e-08	0.000151197	3.69333e-07
16.6067	-1.80368e-08	-1.63131e-07	-1.12702e-12	-1.152e-06	0.000528965	3.64772e-07
16.6067	-1.74024e-08	-1.63133e-07	-1.12137e-12	1.15543e-06	-0.000533014	3.60133e-07
16.6067	-1.7253e-08	-1.63134e-07	-1.12003e-12	-1.27923e-08	-0.000348745	3.55422e-07
16.6067	-1.74134e-08	-1.63135e-07	-1.12145e-12	-1.20724e-09	-1.32395e-06	3.50628e-07
16.6067	-1.75727e-08	-1.63137e-07	-1.12286e-12	-1.75829e-08	0.000384363	3.45753e-07
16.6067	-1.73999e-08	-1.63138e-07	-1.12132e-12	-1.88532e-07	0.000139179	3.40811e-07
16.6067	-1.71119e-08	-1.6314e-07	-1.11875e-12	-1.86905e-07	9.61924e-05	3.35837e-07
16.6067	-1.6748e-08	-1.63141e-07	-1.11551e-12	4.09752e-08	-1.91872e-05	3.30831e-07
16.6067	-1.64053e-08	-1.63142e-07	-1.11245e-12	1.14656e-07	-0.000775923	3.25771e-07
16.6067	-1.66949e-08	-1.63143e-07	-1.11502e-12	3.0679e-07	0.000282642	3.20672e-07
16.6067	-1.67551e-08	-1.63145e-07	-1.11555e-12	-1.32137e-07	0.00031783	3.15556e-07
16.6067	-1.65657e-08	-1.63146e-07	-1.11386e-12	-4.67612e-07	0.000253556	3.10425e-07
16.6067	-1.61843e-08	-1.63147e-07	-1.11046e-12	1.28994e-07	-5.51182e-05	3.05293e-07
16.6067	-1.58509e-08	-1.63148e-07	-1.10749e-12	4.84745e-07	-0.000428482	3.00178e-07
16.6067	-1.5842e-08	-1.63149e-07	-1.10741e-12	-7.18324e-08	0.000157914	2.95061e-07
16.6067	-1.57177e-08	-1.63151e-07	-1.10629e-12	-8.83068e-08	8.34438e-05	2.89938e-07
16.6067	-1.55357e-08	-1.63152e-07	-1.10467e-12	-4.37416e-08	3.2449e-05	2.84822e-07
16.6067	-1.5334e-08	-1.63153e-07	-1.10287e-12	9.11327e-08	-0.000498532	2.79726e-07
16.6067	-1.54814e-08	-1.63154e-07	-1.10418e-12	6.86281e-08	7.93173e-05	2.74659e-07
16.6067	-1.55721e-08	-1.63155e-07	-1.10498e-12	8.22201e-09	0.000253819	2.69627e-07
16.6067	-1.54917e-08	-1.63156e-07	-1.10426e-12	1.95482e-08	-3.8673e-05	2.64617e-07
16.6067	-1.54381e-08	-1.63157e-07	-1.10378e-12	-2.44973e-06	0.000911503	2.59658e-07
16.6067	-1.47994e-08	-1.63158e-07	-1.09809e-12	-6.69206e-07	0.00012667	2.54753e-07
16.6067	-1.4093e-08	-1.63159e-07	-1.0918e-12	2.95797e-06	-0.000853346	2.49867e-07
16.6067	-1.39281e-08	-1.6316e-07	-1.09033e-12	9.97124e-08	-0.000443172	2.45015e-07
16.6067	-1.40352e-08	-1.63161e-07	-1.09127e-12	-7.58362e-07	-0.000401796	2.40214e-07
16.6067	-1.43791e-08	-1.63162e-07	-1.09433e-12	7.57765e-07	0.000755643	2.3547e-07
16.6067	-1.42758e-08	-1.63163e-07	-1.09341e-12	-2.47992e-06	0.000834363	2.30771e-07
16.6067	-1.36981e-08	-1.63164e-07	-1.08826e-12	-3.89927e-06	0.000595564	2.2612e-07
16.6067	-1.27988e-08	-1.63164e-07	-1.08026e-12	6.02052e-06	-0.00118899	2.21534e-07
16.6067	-1.25696e-08	-1.63165e-07	-1.07821e-12	-1.86675e-06	-0.00137819	2.17001e-07
16.6067	-1.3085e-08	-1.63166e-07	-1.08279e-12	8.90456e-07	0.000208058	2.12518e-07
16.6067	-1.34803e-08	-1.63167e-07	-1.08631e-12	-8.49396e-07	0.00170333	2.08103e-07
16.6067	-1.29905e-08	-1.63168e-07	-1.08195e-12	8.07467e-07	-0.000188395	2.03736e-07
16.6067	-1.26061e-08	-1.63169e-07	-1.07852e-12	1.57664e-07	-4.2511e-05	1.99421e-07
16.6067	-1.22507e-08	-1.63169e-07	-1.07536e-12	1.14385e-06	-0.000472356	1.95179e-07
16.6067	-1.21309e-08	-1.6317e-07	-1.07429e-12	9.07048e-08	-0.000407165	1.90985e-07
16.6067	-1.2206e-08	-1.63171e-07	-1.07495e-12	-1.93381e-07	-0.00016135	1.86839e-07
16.6067	-1.2354e-08	-1.63172e-07	-1.07626e-12	-3.06074e-06	0.0014723	1.82763e-07
16.6067	-1.18335e-08	-1.63172e-07	-1.07163e-12	-8.64873e-06	0.00103584	1.78728e-07
16.6067	-1.0867e-08	-1.63173e-07	-1.06302e-12	-1.11157e-05	0.000850693	1.74742e-07
16.6067	-9.55465e-09	-1.63174e-07	-1.05134e-12	2.13378e-05	-0.00220323	1.70807e-07
16.6067	-9.20209e-09	-1.63174e-07	-1.0482e-12	-7.25771e-06	-0.00273275	1.6692e-07
16.6067	-9.98477e-09	-1.63175e-07	-1.05516e-12	2.47522e-06	0.000281805	1.63085e-07
16.6067	-1.06358e-08	-1.63176e-07	-1.06096e-12	5.58403e-06	0.00222971	1.59304e-07
16.6067	-1.03942e-08	-1.63176e-07	-1.0588e-12	-7.00514e-06	0.00116898	1.55565e-07
16.6067	-9.70906e-09	-1.63177e-07	-1.0527e-12	-3.68435e-06	0.000374031	1.51869e-07
16.6067	-8.9e-09	-1.63177e-07	-1.0455e-12	1.05779e-05	-0.00150768	1.48228e-07
16.6067	-8.66231e-09	-1.63178e-07	-1.04338e-12	-6.04292e-06	-0.00233417	1.44608e-07
16.6067	-9.26379e-09	-1.63179e-07	-1.04873e-12	2.12921e-06	0.000275217	1.41013e-07
16.6067	-9.75445e-09	-1.63179e-07	-1.0531e-12	4.9571e-06	0.00134436	1.37493e-07
16.6067	-9.77661e-09	-1.6318e-07	-1.05329e-12	-1.08559e-08	-2.74767e-05	1.34005e-07
16.6067	-9.80728e-09	-1.6318e-07	-1.05356e-12	-2.35438e-07	-0.000227834	1.30515e-07
16.6067	-9.91049e-09	-1.63181e-07	-1.05448e-12	-2.96909e-06	0.00145655	1.27079e-07
16.6067	-9.55441e-09	-1.63181e-07	-1.05131e-12	-1.06422e-05	0.00121927	1.23694e-07
16.6067	-8.83604e-09	-1.63182e-07	-1.04491e-12	-7.5662e-06	0.000572794	1.20306e-07
16.6067	-7.96783e-09	-1.63182e-07	-1.03718e-12	-0.000128159	0.00480601	1.16977e-07
16.6067	-5.73758e-09	-1.63182e-07	-1.01733e-12	-0.000148233	0.00317662	1.13754e-07
16.6067	-2.67821e-09	-1.63183e-07	-9.90105e-13	0.000132686	-0.00278481	1.10477e-07
16.6067	-4.6813e-10	-1.63183e-07	-9.70435e-13	0.000117631	-0.012485	1.07122e-07
16.6067	-1.61733e-09	-1.63184e-07	-9.8066e-13	-0.000399541	-0.00900578	1.03956e-07
16.6067	-5.04076e-09	-1.63184e-07	-1.01112e-12	-0.000333171	-0.0042839	1.00969e-07
16.6067	-9.42989e-09	-1.63185e-07	-1.05018e-12	-0.000777416	-0.00726363	9.80873e-08
16.6067	-1.54523e-08	-1.63185e-07	-1.10378e-12	-0.000483391	-0.0035875	9.52428e-08
16.6067	-2.21347e-08	-1.63185e-07	-1.16324e-12	0.000120086	0.000846951	9.22296e-08
16.6067	-2.8403e-08	-1.63186e-07	-1.21903e-12	0.0012179	0.0108982	8.89137e-08
16.6067	-3.20537e-08	-1.63186e-07	-1.25151e-12	0.000639236	0.0218064	8.55645e-08
16.6067	-3.09932e-08	-1.63186e-07	-1.24207e-12	-0.00170337	0.0214767	8.29029e-08
16.6067	-2.5566e-08	-1.63187e-07	-1.19377e-12	-0.00475943	0.0241476	8.14245e-08
16.6067	-1.53021e-08	-1.63187e-07	-1.10243e-12	-0.00400909	0.0133809	8.04853e-08
16.6067	-2.49799e-09	-1.63187e-07	-9.88482e-13	-0.00357229	0.00972772	7.93529e-08
16.6067	1.20285e-08	-1.63188e-07	-8.59204e-13	0.00213667	-0.00562874	7.70126e-08
16.6067	2.48545e-08	-1.63188e-07	-7.45061e-13	0.00316878	-0.0094742	7.34788e-08
16.6067	3.53707e-08	-1.63188e-07	-6.51473e-13	0.00375272	-0.0140226	6.99319e-08
16.6067	4.29829e-08	-1.63188e-07	-5.83728e-13	0.00419865	-0.0262268	6.64858e-08
16.6067	4.59685e-08	-1.63189e-07	-5.57157e-13	0.000634594	-0.0277373	6.37701e-08
16.6067	4.45088e-08	-1.63189e-07	-5.70147e-13	-0.00346532	-0.0288944	6.24268e-08
16.6067	3.85778e-08	-1.63189e-07	-6.22927e-13	-0.0060801	-0.0235217	6.22703e-08
16.6067	2.89438e-08	-1.63189e-07	-7.08662e-13	-0.000191585	-0.000587414	6.18517e-08
16.6067	1.94001e-08	-1.6319e-07	-7.93593e-13	-0.000480223	-0.00144609	6.09331e-08
16.6067	9.74145e-09	-1.6319e-07	-8.79548e-13	0.0014385	0.00444863	6.01078e-08
16.6067	9.0236e-10	-1.6319e-07	-9.58209e-13	0.00246639	0.00862133	5.90784e-08
16.6067	-6.51535e-09	-1.6319e-07	-1.02422e-12	-0.00276907	-0.00958752	5.88942e-08
16.6067	-1.54429e-08	-1.6319e-07	-1.10367e-12	0.00393851	0.0142824	5.86777e-08
16.6067	-2.21238e-08	-1.63191e-07	-1.16312e-12	0.00284104	0.0143508	5.78032e-08
16.6067	-2.66718e-08	-1.63191e-07	-1.2036e-12	0.00250528	0.0293449	5.73509e-08
16.6067	-2.69999e-08	-1.63191e-07	-1.20651e-12	-5.11812e-05	0.00736692	5.75454e-08
16.6067	-2.62658e-08	-1.63191e-07	-1.19998e-12	-0.000303245	0.00704752	5.84336e-08
16.6067	-2.44787e-08	-1.63192e-07	-1.18408e-12	-1.92324e-05	0.000312728	5.96661e-08
16.6067	-2.26028e-08	-1.63192e-07	-1.16738e-12	-0.000560676	0.00701186	6.12988e-08
16.6067	-1.9577e-08	-1.63192e-07	-1.14045e-12	0.000490682	-0.00593494	6.31974e-08
16.6067	-1.74103e-08	-1.63192e-07	-1.12117e-12	-6.50098e-05	0.000928167	6.53775e-08
16.6067	-1.50062e-08	-1.63193e-07	-1.09977e-12	0.000486144	-0.0106605	6.79186e-08
16.6067	-1.43524e-08	-1.63193e-07	-1.09395e-12	1.66193e-05	-0.00101656	7.08379e-08
16.6067	-1.38524e-08	-1.63193e-07	-1.0895e-12	-3.00507e-05	-0.00719285	7.42854e-08
16.6067	-1.46958e-08	-1.63193e-07	-1.09701e-12	-2.54279e-05	-0.00102794	7.82528e-08
16.6067	-1.5793e-08	-1.63194e-07	-1.10677e-12	-5.94244e-05	-0.00185914	8.28274e-08
16.6067	-1.73533e-08	-1.63194e-07	-1.12065e-12	7.12371e-06	0.000197195	8.80817e-08
16.6067	-1.89715e-08	-1.63194e-07	-1.13505e-12	-9.17811e-05	-0.00222705	9.41701e-08
16.6067	-2.12492e-08	-1.63195e-07	-1.15532e-12	4.36804e-06	9.38157e-05	1.01273e-07
16.6067	-2.36807e-08	-1.63195e-07	-1.17696e-12	-4.12036e-05	-0.000850303	1.09595e-07
16.6067	-2.65632e-08	-1.63196e-07	-1.20261e-12	-3.75012e-05	-0.000715838	1.19474e-07
16.6067	-2.99408e-08	-1.63196e-07	-1.23266e-12	3.28459e-05	0.000624237	1.31322e-07
16.6067	-3.34534e-08	-1.63197e-07	-1.26392e-12	0.000158781	0.00383126	1.45803e-07
16.6067	-3.59012e-08	-1.63197e-07	-1.2857e-12	9.39285e-05	0.00464518	1.64063e-07
16.6067	-3.66509e-08	-1.63198e-07	-1.29237e-12	7.39886e-06	0.00174069	1.88237e-07
16.6067	-3.66407e-08	-1.63199e-07	-1.29228e-12	-1.05567e-06	-0.000670391	2.22591e-07
16.6067	-3.70357e-08	-1.632e-07	-1.29579e-12	-1.36243e-05	-0.00177312	2.77168e-07
16.6067	-3.89216e-08	-1.63201e-07	-1.31257e-12	3.5173e-06	0.000310121	3.82319e-07
16.6067	-4.13165e-08	-1.63203e-07	-1.33387e-12	1.07484e-05	0.0025207	6.57086e-07
16.6067	-4.04393e-08	-1.63206e-07	-1.32605e-12	-3.78033e-06	0.000887895	2.42644e-06
16.6067	-2.75105e-08	-1.63222e-07	-1.21092e-12	-0.399996	-0.00129571	0.0021073
16.6046	-3.00767e-08	-1.46763e-07	-1.30838e-12	0.4	4.59128e-07	0.0041806
