16.6108	-9.03601e-09	-2.06991e-07	-5.04206e-13	-6.03896e-05	-0.00491454	0.00252646
16.6108	-5.97933e-08	-2.07011e-07	-1.0538e-12	-0.00366041	0.0433134	2.20715e-06
16.6108	-3.26196e-08	-2.07012e-07	-7.59547e-13	-0.0135237	0.0428442	2.23039e-07
16.6108	4.89355e-10	-2.07013e-07	-4.01029e-13	0.00333696	-0.00796546	1.42062e-07
16.6108	2.26765e-08	-2.07014e-07	-1.60778e-13	0.00992066	-0.0335426	1.11793e-07
16.6108	3.28559e-08	-2.07014e-07	-5.05507e-14	0.00356578	-0.0267627	9.93099e-08
16.6108	3.5974e-08	-2.07015e-07	-1.67859e-14	0.000270468	-0.00521035	9.54738e-08
16.6108	3.78136e-08	-2.07015e-07	3.13458e-15	-0.000156783	0.0033236	9.50252e-08
16.6108	4.04534e-08	-2.07015e-07	3.17193e-14	-0.000462314	0.00644491	9.59557e-08
16.6108	4.46897e-08	-2.07016e-07	7.75923e-14	2.82526e-05	-0.000324105	9.74933e-08
16.6108	4.89192e-08	-2.07016e-07	1.23392e-13	0.00038385	-0.00525057	9.91884e-08
16.6108	5.19097e-08	-2.07017e-07	1.55775e-13	0.000254942	-0.00554631	1.01044e-07
16.6108	5.35447e-08	-2.07017e-07	1.7348e-13	6.77631e-05	-0.00266976	1.03123e-07
16.6108	5.4519e-08	-2.07018e-07	1.84031e-13	3.2284e-05	-0.00270384	1.0536e-07
16.6108	5.47948e-08	-2.07018e-07	1.87018e-13	1.96043e-06	-0.00157331	1.077e-07
16.6108	5.46485e-08	-2.07019e-07	1.85435e-13	-5.80452e-06	-0.00107829	1.10124e-07
16.6108	5.41987e-08	-2.07019e-07	1.80565e-13	-3.77519e-05	-0.00259252	1.12635e-07
16.6108	5.30003e-08	-2.0702e-07	1.67589e-13	-1.32178e-05	-0.000587074	1.15221e-07
16.6108	5.16033e-08	-2.0702e-07	1.52462e-13	-0.00015657	-0.00445566	1.17925e-07
16.6108	4.88438e-08	-2.07021e-07	1.22582e-13	-0.000209022	-0.00375118	1.2077e-07
16.6108	4.48708e-08	-2.07022e-07	7.95624e-14	-0.000204069	-0.00282406	1.23712e-07
16.6108	3.99172e-08	-2.07022e-07	2.59232e-14	-0.000186266	-0.00219341	1.26736e-07
16.6108	3.41387e-08	-2.07023e-07	-3.66478e-14	-0.000289886	-0.00295907	1.29885e-07
16.6108	2.7242e-08	-2.07023e-07	-1.11327e-13	-0.000139268	-0.00128082	1.33108e-07
16.6108	1.97451e-08	-2.07024e-07	-1.92504e-13	-0.000179352	-0.00154698	1.36388e-07
16.6108	1.15284e-08	-2.07025e-07	-2.81477e-13	7.58571e-05	0.000641514	1.39688e-07
16.6108	3.34434e-09	-2.07025e-07	-3.70096e-13	0.000383313	0.00356457	1.4288e-07
16.6108	-3.73353e-09	-2.07026e-07	-4.46737e-13	0.000246362	0.00268755	1.46098e-07
16.6108	-9.98081e-09	-2.07027e-07	-5.14384e-13	0.000107507	0.00131848	1.49501e-07
16.6108	-1.58774e-08	-2.07028e-07	-5.78233e-13	0.00027956	0.00412167	1.52979e-07
16.6108	-2.03147e-08	-2.07028e-07	-6.26281e-13	5.41164e-05	0.000984181	1.5657e-07
16.6108	-2.4469e-08	-2.07029e-07	-6.71264e-13	0.000166972	0.00390942	1.60289e-07
16.6108	-2.7136e-08	-2.0703e-07	-7.00142e-13	0.000106422	0.00743216	1.64074e-07
16.6108	-2.6782e-08	-2.07031e-07	-6.96307e-13	-0.000174377	0.00754028	1.68091e-07
16.6108	-2.3211e-08	-2.07031e-07	-6.57638e-13	-0.000707434	0.0103862	1.72553e-07
16.6108	-1.49985e-08	-2.07032e-07	-5.68709e-13	-3.11607e-05	0.00032751	1.77053e-07
16.6108	-6.43941e-09	-2.07033e-07	-4.76027e-13	0.000210193	-0.00233378	1.81243e-07
16.6108	1.24706e-09	-2.07034e-07	-3.92793e-13	0.000214117	-0.002775	1.85401e-07
16.6108	7.80876e-09	-2.07035e-07	-3.2174e-13	0.000271997	-0.00465238	1.89607e-07
16.6108	1.22881e-08	-2.07036e-07	-2.73234e-13	0.00017269	-0.00506624	1.93906e-07
16.6108	1.43862e-08	-2.07037e-07	-2.50514e-13	4.40056e-05	-0.00512541	1.98386e-07
16.6108	1.39619e-08	-2.07038e-07	-2.55107e-13	-1.31859e-05	-0.00160158	2.0303e-07
16.6108	1.27052e-08	-2.07039e-07	-2.68713e-13	-5.03552e-05	-0.00266417	2.07797e-07
16.6108	1.00191e-08	-2.0704e-07	-2.97798e-13	-8.66568e-05	-0.00268409	2.12673e-07
16.6108	5.82623e-09	-2.07041e-07	-3.43198e-13	-1.23665e-05	-0.000310821	2.17598e-07
16.6108	1.36653e-09	-2.07042e-07	-3.91488e-13	8.52799e-05	0.002483	2.22484e-07
16.6108	-1.79538e-09	-2.07043e-07	-4.25725e-13	6.53638e-05	0.00328175	2.27373e-07
16.6108	-3.14087e-09	-2.07044e-07	-4.40293e-13	1.30248e-05	0.00181855	2.32351e-07
16.6108	-3.44803e-09	-2.07045e-07	-4.43617e-13	-1.60057e-06	0.00147909	2.37407e-07
16.6108	-2.87457e-09	-2.07046e-07	-4.37406e-13	-1.07922e-05	0.00133108	2.42511e-07
16.6108	-1.47333e-09	-2.07047e-07	-4.22231e-13	-2.16168e-05	0.00143804	2.47664e-07
16.6108	8.57217e-10	-2.07048e-07	-3.96993e-13	1.48686e-05	-0.000909123	2.52846e-07
16.6108	2.65549e-09	-2.0705e-07	-3.77519e-13	1.88728e-05	-0.00219878	2.58053e-07
16.6108	3.05769e-09	-2.07051e-07	-3.73162e-13	-2.09292e-06	-0.00172085	2.63322e-07
16.6108	2.32381e-09	-2.07052e-07	-3.81107e-13	-1.40524e-06	-0.000230562	2.68656e-07
16.6108	1.41876e-09	-2.07053e-07	-3.90905e-13	1.25181e-06	0.000203101	2.74052e-07
16.6108	6.36107e-10	-2.07055e-07	-3.99378e-13	-2.16563e-07	-3.76638e-05	2.79519e-07
16.6108	-1.88678e-10	-2.07056e-07	-4.08307e-13	3.33548e-06	0.000990216	2.8504e-07
16.6108	-3.17167e-10	-2.07057e-07	-4.09696e-13	-7.09865e-07	0.000740566	2.90616e-07
16.6108	9.5085e-11	-2.07059e-07	-4.0523e-13	6.25061e-07	-0.000305456	2.96283e-07
16.6108	2.86937e-10	-2.0706e-07	-4.0315e-13	7.23403e-08	-0.000448562	3.02042e-07
16.6108	1.40545e-10	-2.07062e-07	-4.04733e-13	-8.87597e-08	-7.70051e-05	3.0785e-07
16.6108	-6.84658e-11	-2.07063e-07	-4.06994e-13	-6.61822e-07	-0.000311577	3.13639e-07
16.6108	-5.279e-10	-2.07065e-07	-4.11967e-13	2.8953e-07	0.000110189	3.19346e-07
16.6108	-9.06792e-10	-2.07066e-07	-4.16068e-13	3.75224e-07	0.000737263	3.24947e-07
16.6108	-6.88168e-10	-2.07068e-07	-4.13698e-13	-2.53091e-07	0.000148417	3.30436e-07
16.6108	-3.42305e-10	-2.07069e-07	-4.0995e-13	4.15398e-07	-0.000494523	3.35837e-07
16.6108	-4.09385e-10	-2.07071e-07	-4.10674e-13	-8.59105e-08	-0.000122348	3.41225e-07
16.6109	-5.82734e-10	-2.07073e-07	-4.12549e-13	1.00359e-07	0.000224036	3.4668e-07
16.6109	-5.63143e-10	-2.07074e-07	-4.12334e-13	-2.35415e-08	-0.000122022	3.52233e-07
16.6109	-6.51544e-10	-2.07076e-07	-4.13289e-13	-5.28149e-08	-7.66005e-05	3.57889e-07
16.6109	-8.10448e-10	-2.07078e-07	-4.15007e-13	7.48496e-08	0.000209448	3.63637e-07
16.6109	-7.79979e-10	-2.07079e-07	-4.14675e-13	1.73108e-09	-1.29234e-05	3.69466e-07
16.6109	-7.61054e-10	-2.07081e-07	-4.14467e-13	-1.29059e-07	0.000207788	3.75399e-07
16.6109	-5.45258e-10	-2.07083e-07	-4.12128e-13	1.205e-07	-0.000290059	3.81508e-07
16.6109	-6.04819e-10	-2.07085e-07	-4.1277e-13	-1.30375e-07	-0.000174672	3.87901e-07
16.6109	-8.36218e-10	-2.07087e-07	-4.15273e-13	8.55088e-08	8.90237e-05	3.94715e-07
16.6109	-9.83163e-10	-2.07089e-07	-4.16861e-13	4.64968e-08	9.11598e-05	4.02125e-07
16.6109	-1.04044e-09	-2.07091e-07	-4.17478e-13	-3.83336e-09	0.000125119	4.10253e-07
16.6109	-9.69264e-10	-2.07093e-07	-4.16705e-13	-2.03819e-08	4.4762e-05	4.19023e-07
16.6109	-8.49138e-10	-2.07095e-07	-4.15401e-13	2.99862e-08	-8.38484e-05	4.2817e-07
16.6109	-8.17111e-10	-2.07097e-07	-4.15051e-13	-1.95366e-07	-0.00031071	4.37315e-07
16.6109	-1.12762e-09	-2.07099e-07	-4.1841e-13	-2.44534e-08	-1.68903e-05	4.4602e-07
16.6109	-1.46302e-09	-2.07101e-07	-4.22039e-13	-7.42206e-08	-4.6227e-05	4.53964e-07
16.6109	-1.85692e-09	-2.07103e-07	-4.26301e-13	2.95244e-07	0.000324364	4.61075e-07
16.6109	-1.87998e-09	-2.07105e-07	-4.26547e-13	-2.72628e-07	0.000350688	4.67597e-07
16.6109	-1.49063e-09	-2.07107e-07	-4.22328e-13	1.59694e-07	-0.000117359	4.74165e-07
16.6109	-1.23577e-09	-2.0711e-07	-4.19565e-13	1.1266e-07	-0.000235917	4.81599e-07
16.6109	-1.26303e-09	-2.07112e-07	-4.19856e-13	-8.63464e-08	-0.000164746	4.88878e-07
16.6109	-1.49334e-09	-2.07114e-07	-4.22347e-13	7.76164e-08	0.00025041	4.94509e-07
16.6109	-1.41481e-09	-2.07117e-07	-4.21493e-13	-9.06079e-09	2.40805e-05	4.98924e-07
16.6109	-1.30548e-09	-2.07119e-07	-4.20305e-13	-2.62008e-08	4.72443e-05	5.03058e-07
16.6109	-1.13557e-09	-2.07122e-07	-4.18462e-13	4.41918e-08	-0.000155129	5.06839e-07
16.6109	-1.16175e-09	-2.07124e-07	-4.18742e-13	-4.01295e-08	-0.000107768	5.0986e-07
16.6109	-1.32579e-09	-2.07126e-07	-4.20514e-13	-3.00325e-07	-0.000241244	5.12528e-07
16.6109	-1.80059e-09	-2.07129e-07	-4.25652e-13	2.47753e-07	0.000175941	5.14937e-07
16.6109	-2.05043e-09	-2.07131e-07	-4.28354e-13	9.3716e-08	0.000189388	5.16874e-07
16.6109	-2.05596e-09	-2.07134e-07	-4.2841e-13	-2.08714e-08	9.5744e-05	5.18518e-07
16.6109	-1.93721e-09	-2.07136e-07	-4.2712e-13	1.78566e-08	-0.000126459	5.19908e-07
16.6109	-1.98273e-09	-2.07139e-07	-4.27609e-13	-1.04912e-08	0.000108613	5.20945e-07
16.6109	-1.88677e-09	-2.07141e-07	-4.26566e-13	-1.14028e-08	2.62837e-05	5.21732e-07
16.6109	-1.75637e-09	-2.07144e-07	-4.25151e-13	1.56187e-08	-3.87999e-05	5.22243e-07
16.6109	-1.67656e-09	-2.07146e-07	-4.24283e-13	8.2826e-09	-4.05839e-05	5.22452e-07
16.6109	-1.64975e-09	-2.07149e-07	-4.23989e-13	-6.96335e-09	3.6102e-05	5.22403e-07
16.6109	-1.5758e-09	-2.07151e-07	-4.23184e-13	-7.63104e-08	-0.000240287	5.22055e-07
16.6109	-1.81539e-09	-2.07154e-07	-4.25775e-13	-1.76808e-08	-1.83384e-05	5.21434e-07
16.6109	-2.07852e-09	-2.07156e-07	-4.28621e-13	5.77374e-08	6.89258e-05	5.2053e-07
16.6109	-2.25151e-09	-2.07159e-07	-4.3049e-13	-1.4646e-08	0.000286586	5.19311e-07
16.6109	-2.05247e-09	-2.07161e-07	-4.28331e-13	3.26511e-09	-4.31443e-06	5.17805e-07
16.6109	-1.85964e-09	-2.07164e-07	-4.26239e-13	5.15588e-08	-0.00010874	5.16004e-07
16.6109	-1.80754e-09	-2.07166e-07	-4.25671e-13	-3.29852e-09	1.3913e-05	5.13916e-07
16.6109	-1.73784e-09	-2.07168e-07	-4.24913e-13	6.05651e-09	-7.74777e-05	5.1157e-07
16.6109	-1.76731e-09	-2.07171e-07	-4.25229e-13	-8.79141e-10	5.28619e-05	5.08954e-07
16.6109	-1.72955e-09	-2.07173e-07	-4.24816e-13	-4.18769e-10	2.69286e-06	5.06088e-07
16.6109	-1.68862e-09	-2.07176e-07	-4.24369e-13	-1.58269e-08	5.34788e-05	5.02957e-07
16.6109	-1.58093e-09	-2.07178e-07	-4.23199e-13	-1.48823e-08	2.95557e-05	4.99584e-07
16.6109	-1.43719e-09	-2.0718e-07	-4.21639e-13	1.74687e-08	-3.58026e-05	4.95986e-07
16.6109	-1.33876e-09	-2.07183e-07	-4.2057e-13	1.58612e-08	-7.74987e-05	4.92148e-07
16.6109	-1.33608e-09	-2.07185e-07	-4.20538e-13	-3.3906e-08	-0.000118661	4.8812e-07
16.6109	-1.47762e-09	-2.07187e-07	-4.22067e-13	3.36468e-08	0.000126892	4.83882e-07
16.6109	-1.46508e-09	-2.0719e-07	-4.21927e-13	-4.81006e-08	0.000128686	4.79448e-07
16.6109	-1.29914e-09	-2.07192e-07	-4.20127e-13	-4.49838e-08	5.41417e-05	4.74841e-07
16.6109	-1.07088e-09	-2.07194e-07	-4.17652e-13	9.06693e-08	-0.000226021	4.70047e-07
16.6109	-1.10919e-09	-2.07196e-07	-4.18064e-13	-7.73306e-09	-3.17784e-05	4.65058e-07
16.6109	-1.18384e-09	-2.07199e-07	-4.18869e-13	-3.62274e-08	-7.20389e-05	4.59933e-07
16.6109	-1.34002e-09	-2.07201e-07	-4.20557e-13	4.62244e-08	0.000149594	4.54679e-07
16.6109	-1.32534e-09	-2.07203e-07	-4.20394e-13	-3.11908e-08	9.94541e-05	4.49266e-07
16.6109	-1.19981e-09	-2.07205e-07	-4.19032e-13	-4.98301e-07	0.000347946	4.43718e-07
16.6109	-6.92322e-10	-2.07207e-07	-4.13533e-13	4.99781e-07	-0.00035061	4.38075e-07
16.6109	-5.72862e-10	-2.07209e-07	-4.12237e-13	-5.63303e-09	-0.000229397	4.32345e-07
16.6109	-7.01278e-10	-2.07211e-07	-4.13624e-13	-5.23011e-10	-8.71384e-07	4.26512e-07
16.6109	-8.2886e-10	-2.07213e-07	-4.15003e-13	-7.49905e-09	0.000252826	4.20583e-07
16.6109	-6.90694e-10	-2.07215e-07	-4.13504e-13	-8.1535e-08	9.15503e-05	4.14571e-07
16.6109	-4.60333e-10	-2.07217e-07	-4.11006e-13	-8.08413e-08	6.32729e-05	4.0852e-07
16.6109	-1.69223e-10	-2.07219e-07	-4.07851e-13	1.77217e-08	-1.26196e-05	4.0243e-07
16.6109	1.04894e-10	-2.07221e-07	-4.0488e-13	4.93948e-08	-0.000510386	3.96277e-07
16.6109	-1.26925e-10	-2.07223e-07	-4.07387e-13	1.32817e-07	0.000185914	3.90073e-07
16.6109	-1.75221e-10	-2.07225e-07	-4.07908e-13	-5.70822e-08	0.000209062	3.8385e-07
16.6109	-2.37453e-11	-2.07227e-07	-4.06265e-13	-2.02257e-07	0.000166787	3.77609e-07
16.6109	2.81387e-10	-2.07228e-07	-4.02958e-13	5.58025e-08	-3.62593e-05	3.71366e-07
16.6109	5.48063e-10	-2.0723e-07	-4.00068e-13	2.09615e-07	-0.000281846	3.65145e-07
16.6109	5.55142e-10	-2.07232e-07	-3.99988e-13	-3.10358e-08	0.000103872	3.58919e-07
16.6109	6.54493e-10	-2.07234e-07	-3.9891e-13	-3.81845e-08	5.48875e-05	3.52688e-07
16.6109	8.00076e-10	-2.07235e-07	-3.97331e-13	-1.89169e-08	2.13445e-05	3.46465e-07
16.6109	9.61388e-10	-2.07237e-07	-3.95582e-13	3.92911e-08	-0.000327924	3.40266e-07
16.6109	8.43377e-10	-2.07238e-07	-3.96857e-13	2.97158e-08	5.21732e-05	3.34103e-07
16.6109	7.70696e-10	-2.0724e-07	-3.97642e-13	3.6288e-09	0.000166957	3.27981e-07
16.6109	8.34977e-10	-2.07242e-07	-3.96944e-13	8.44697e-09	-2.54378e-05	3.21887e-07
16.6109	8.77776e-10	-2.07243e-07	-3.96478e-13	-1.05969e-06	0.000599572	3.15854e-07
16.6109	1.38874e-09	-2.07245e-07	-3.90943e-13	-2.89511e-07	8.33209e-05	3.09887e-07
16.6109	1.9539e-09	-2.07246e-07	-3.84821e-13	1.27961e-06	-0.000561317	3.03944e-07
16.6109	2.08578e-09	-2.07247e-07	-3.83391e-13	4.30189e-08	-0.00029151	2.98043e-07
16.6109	2.00002e-09	-2.07249e-07	-3.84317e-13	-3.28238e-07	-0.000264295	2.92202e-07
16.6109	1.7248e-09	-2.0725e-07	-3.87295e-13	3.28079e-07	0.000497048	2.86432e-07
16.6109	1.8074e-09	-2.07252e-07	-3.86399e-13	-1.07278e-06	0.000548833	2.80715e-07
16.6109	2.26959e-09	-2.07253e-07	-3.81392e-13	-1.68698e-06	0.000391759	2.75056e-07
16.6109	2.98907e-09	-2.07254e-07	-3.73599e-13	2.60464e-06	-0.000782108	2.69478e-07
16.6109	3.17243e-09	-2.07255e-07	-3.71612e-13	-8.08098e-07	-0.000906552	2.63963e-07
16.6109	2.76e-09	-2.07257e-07	-3.76076e-13	3.85356e-07	0.000136863	2.58511e-07
16.6109	2.44364e-09	-2.07258e-07	-3.795e-13	-3.67043e-07	0.00112042	2.53141e-07
16.6109	2.83546e-09	-2.07259e-07	-3.75255e-13	3.49322e-07	-0.000123924	2.47829e-07
16.6109	3.14304e-09	-2.0726e-07	-3.71923e-13	6.81964e-08	-2.79592e-05	2.42579e-07
16.6109	3.42732e-09	-2.07261e-07	-3.68843e-13	4.94795e-07	-0.000310714	2.37421e-07
16.6109	3.52311e-09	-2.07263e-07	-3.67804e-13	3.91299e-08	-0.000267822	2.32321e-07
16.6109	3.46297e-09	-2.07264e-07	-3.68454e-13	-8.37175e-08	-0.000106134	2.27276e-07
16.6109	3.3445e-09	-2.07265e-07	-3.69735e-13	-1.32391e-06	0.00096846	2.22316e-07
16.6109	3.76092e-09	-2.07266e-07	-3.65224e-13	-3.74205e-06	0.000681395	2.17405e-07
16.6109	4.53424e-09	-2.07267e-07	-3.56849e-13	-4.80995e-06	0.000559648	2.1255e-07
16.6109	5.58425e-09	-2.07268e-07	-3.45477e-13	9.23267e-06	-0.00144936	2.07766e-07
16.6109	5.86631e-09	-2.07269e-07	-3.42422e-13	-3.14107e-06	-0.00179758	2.03043e-07
16.6109	5.24001e-09	-2.0727e-07	-3.49202e-13	1.071e-06	0.000185357	1.98376e-07
16.6109	4.71904e-09	-2.07271e-07	-3.54842e-13	2.41684e-06	0.00146669	1.9378e-07
16.6109	4.91235e-09	-2.07272e-07	-3.52747e-13	-3.03075e-06	0.000768963	1.89232e-07
16.6109	5.4605e-09	-2.07272e-07	-3.4681e-13	-1.59419e-06	0.000246056	1.84731e-07
16.6109	6.10782e-09	-2.07273e-07	-3.398e-13	4.57666e-06	-0.000991774	1.80304e-07
16.6109	6.29797e-09	-2.07274e-07	-3.37739e-13	-2.61539e-06	-0.0015354	1.75902e-07
16.6109	5.81667e-09	-2.07275e-07	-3.4295e-13	9.21445e-07	0.000181055	1.7153e-07
16.6109	5.42403e-09	-2.07276e-07	-3.472e-13	2.14519e-06	0.000884295	1.67249e-07
16.6109	5.40627e-09	-2.07277e-07	-3.47391e-13	-4.70461e-09	-1.80729e-05	1.63006e-07
16.6109	5.38169e-09	-2.07277e-07	-3.47656e-13	-1.0193e-07	-0.000149863	1.58762e-07
16.6109	5.29908e-09	-2.07278e-07	-3.4855e-13	-1.28424e-06	0.000958091	1.54582e-07
16.6109	5.58396e-09	-2.07279e-07	-3.45464e-13	-4.60475e-06	0.000802087	1.50461e-07
16.6109	6.15872e-09	-2.0728e-07	-3.39239e-13	-3.27386e-06	0.000376807	1.46335e-07
16.6109	6.85338e-09	-2.0728e-07	-3.31716e-13	-5.54909e-05	0.00316336	1.4226e-07
16.6109	8.63786e-09	-2.07281e-07	-3.12392e-13	-6.42583e-05	0.00209342	1.38286e-07
16.6109	1.10858e-08	-2.07282e-07	-2.85884e-13	5.75239e-05	-0.00183541	1.34298e-07
16.6109	1.28541e-08	-2.07282e-07	-2.66735e-13	5.09374e-05	-0.00821522	1.30267e-07
16.6109	1.19346e-08	-2.07283e-07	-2.76691e-13	-0.000173239	-0.00593461	1.26367e-07
16.6109	9.19531e-09	-2.07283e-07	-3.06352e-13	-0.000144913	-0.00283247	1.22608e-07
16.6109	5.68336e-09	-2.07284e-07	-3.4438e-13	-0.000339702	-0.00482433	1.18924e-07
16.6109	8.64553e-10	-2.07285e-07	-3.96559e-13	-0.000212428	-0.00239665	1.15268e-07
16.6109	-4.48232e-09	-2.07285e-07	-4.54456e-13	5.28454e-05	0.00056661	1.1156e-07
16.6109	-9.49787e-09	-2.07286e-07	-5.08765e-13	0.000532906	0.00724643	1.07752e-07
16.6109	-1.2419e-08	-2.07286e-07	-5.40395e-13	0.000277479	0.0143662	1.03969e-07
16.6109	-1.15705e-08	-2.07287e-07	-5.31207e-13	-0.000742794	0.0142143	1.00586e-07
16.6109	-7.22793e-09	-2.07287e-07	-4.84183e-13	-0.00213347	0.0164199	9.78915e-08
16.6109	9.84583e-10	-2.07287e-07	-3.95255e-13	-0.00186568	0.00945983	9.55627e-08
16.6109	1.12297e-08	-2.07288e-07	-2.84316e-13	-0.00171714	0.00710582	9.32048e-08
16.6109	2.28529e-08	-2.07288e-07	-1.58455e-13	0.00103328	-0.00413763	9.02602e-08
16.6109	3.31154e-08	-2.07289e-07	-4.73283e-14	0.0014984	-0.0068083	8.67703e-08
16.6109	4.15299e-08	-2.07289e-07	4.3787e-14	0.0017224	-0.00977692	8.33988e-08
16.6109	4.76207e-08	-2.0729e-07	1.09741e-13	0.001863	-0.0176467	8.01885e-08
16.6109	5.00096e-08	-2.0729e-07	1.35609e-13	0.000275825	-0.0182783	7.74523e-08
16.6109	4.88416e-08	-2.0729e-07	1.22962e-13	-0.00152449	-0.0192663	7.55213e-08
16.6109	4.4096e-08	-2.07291e-07	7.15759e-14	-0.00278634	-0.0163518	7.43142e-08
16.6109	3.63874e-08	-2.07291e-07	-1.18952e-14	-9.0067e-05	-0.000419822	7.31572e-08
16.6109	2.87511e-08	-2.07291e-07	-9.45835e-14	-0.000226752	-0.00103805	7.20019e-08
16.6109	2.10228e-08	-2.07292e-07	-1.78268e-13	0.000676327	0.00317948	7.11227e-08
16.6109	1.39503e-08	-2.07292e-07	-2.54851e-13	0.00114003	0.00605645	7.02935e-08
16.6109	8.01503e-09	-2.07292e-07	-3.19119e-13	-0.00128138	-0.00674237	7.00458e-08
16.6109	8.71686e-10	-2.07293e-07	-3.96469e-13	0.00181365	0.00999062	6.99027e-08
16.6109	-4.47392e-09	-2.07293e-07	-4.54353e-13	0.00127141	0.00975576	6.95296e-08
16.6109	-8.11304e-09	-2.07293e-07	-4.93758e-13	0.00109571	0.0194513	6.95129e-08
16.6109	-8.37557e-09	-2.07294e-07	-4.96601e-13	-2.2151e-05	0.00484656	6.99909e-08
16.6109	-7.78818e-09	-2.07294e-07	-4.9024e-13	-0.000131447	0.00464341	7.10354e-08
16.6109	-6.35828e-09	-2.07294e-07	-4.74756e-13	-8.33459e-06	0.000206038	7.25027e-08
16.6109	-4.85729e-09	-2.07295e-07	-4.58502e-13	-0.000243973	0.00463787	7.44251e-08
16.6109	-2.43624e-09	-2.07295e-07	-4.32285e-13	0.000213563	-0.00392654	7.67226e-08
16.6109	-7.02617e-10	-2.07295e-07	-4.13512e-13	-2.82501e-05	0.00061317	7.9415e-08
16.6109	1.22097e-09	-2.07296e-07	-3.92683e-13	0.000210849	-0.0070263	8.25533e-08
16.6109	1.74411e-09	-2.07296e-07	-3.87017e-13	7.1919e-06	-0.000668807	8.61631e-08
16.6109	2.14419e-09	-2.07297e-07	-3.82684e-13	-1.30074e-05	-0.00473177	9.03548e-08
16.6109	1.46927e-09	-2.07297e-07	-3.89992e-13	-1.10089e-05	-0.000676564	9.51725e-08
16.6109	5.91408e-10	-2.07297e-07	-3.99497e-13	-2.57352e-05	-0.00122399	1.00723e-07
16.6109	-6.57106e-10	-2.07298e-07	-4.13016e-13	3.08627e-06	0.000129877	1.07105e-07
16.6109	-1.95189e-09	-2.07298e-07	-4.27035e-13	-3.97684e-05	-0.00146698	1.14495e-07
16.6109	-3.77439e-09	-2.07299e-07	-4.46769e-13	1.89073e-06	6.17352e-05	1.23116e-07
16.6109	-5.72e-09	-2.073e-07	-4.67836e-13	-1.78621e-05	-0.000560381	1.33224e-07
16.6109	-8.0264e-09	-2.073e-07	-4.9281e-13	-1.62673e-05	-0.00047206	1.45218e-07
16.6109	-1.0729e-08	-2.07301e-07	-5.22073e-13	1.42488e-05	0.00041168	1.59618e-07
16.6109	-1.35396e-08	-2.07302e-07	-5.52506e-13	6.88056e-05	0.0025238	1.77269e-07
16.6109	-1.54982e-08	-2.07303e-07	-5.73714e-13	4.06616e-05	0.00305675	1.99542e-07
16.6109	-1.60982e-08	-2.07304e-07	-5.80208e-13	3.20182e-06	0.001145	2.28975e-07
16.6109	-1.609e-08	-2.07305e-07	-5.80118e-13	-4.56948e-07	-0.00044097	2.70765e-07
16.6109	-1.64061e-08	-2.07306e-07	-5.83539e-13	-5.89576e-06	-0.00116639	3.37146e-07
16.6109	-1.79153e-08	-2.07308e-07	-5.99878e-13	1.52208e-06	0.000204011	4.65046e-07
16.6109	-1.98316e-08	-2.07311e-07	-6.20625e-13	4.65149e-06	0.00165811	7.99286e-07
16.6109	-1.913e-08	-2.07316e-07	-6.1302e-13	-1.63543e-06	0.000584049	2.95155e-06
16.6109	-8.78614e-09	-2.07339e-07	-5.00978e-13	-0.399998	-0.00085213	0.00256333
16.6083	-9.74624e-09	-1.82971e-07	-5.48044e-13	0.4	1.31251e-07	0.0050853
