16.6135	-4.49172e-09	-2.39347e-07	-2.84391e-13	-3.63768e-05	-0.00381439	0.00284456
16.6135	-4.88421e-08	-2.39371e-07	-8.25179e-13	-0.00222951	0.0338347	2.48363e-06
16.6135	-2.50986e-08	-2.39373e-07	-5.35651e-13	-0.00866885	0.0352049	2.4689e-07
16.6135	3.83097e-09	-2.39374e-07	-1.82885e-13	0.00220355	-0.00677659	1.55044e-07
16.6135	2.32174e-08	-2.39375e-07	5.35133e-14	0.00630128	-0.0273672	1.2357e-07
16.6135	3.21119e-08	-2.39375e-07	1.61972e-13	0.00217595	-0.0210059	1.11315e-07
16.6135	3.48364e-08	-2.39376e-07	1.95195e-13	0.000163165	-0.00405003	1.07434e-07
16.6135	3.64438e-08	-2.39376e-07	2.14796e-13	-9.45481e-05	0.00258262	1.06942e-07
16.6135	3.87503e-08	-2.39377e-07	2.42922e-13	-0.000279326	0.00501716	1.07923e-07
16.6135	4.24519e-08	-2.39378e-07	2.88059e-13	1.70856e-05	-0.000252562	1.09605e-07
16.6135	4.61475e-08	-2.39378e-07	3.33123e-13	0.000231943	-0.00408799	1.11557e-07
16.6135	4.87605e-08	-2.39379e-07	3.64987e-13	0.000153746	-0.00430971	1.13717e-07
16.6135	5.01891e-08	-2.39379e-07	3.82407e-13	4.08271e-05	-0.0020727	1.16093e-07
16.6135	5.10404e-08	-2.3938e-07	3.92788e-13	1.94446e-05	-0.00209847	1.18622e-07
16.6135	5.12814e-08	-2.39381e-07	3.95728e-13	1.18061e-06	-0.00122099	1.2126e-07
16.6135	5.11535e-08	-2.39381e-07	3.94169e-13	-3.49588e-06	-0.000836812	1.23991e-07
16.6135	5.07605e-08	-2.39382e-07	3.89377e-13	-2.274e-05	-0.00201221	1.26812e-07
16.6135	4.97134e-08	-2.39383e-07	3.76609e-13	-7.96214e-06	-0.000455693	1.29717e-07
16.6135	4.84927e-08	-2.39383e-07	3.61724e-13	-9.43754e-05	-0.00346056	1.32737e-07
16.6135	4.60815e-08	-2.39384e-07	3.32323e-13	-0.000126121	-0.00291645	1.35891e-07
16.6135	4.26101e-08	-2.39385e-07	2.89993e-13	-0.000123284	-0.0021984	1.39145e-07
16.6135	3.82817e-08	-2.39386e-07	2.37214e-13	-0.000112667	-0.00170958	1.42491e-07
16.6135	3.32326e-08	-2.39386e-07	1.75646e-13	-0.000175588	-0.00230952	1.45961e-07
16.6135	2.72065e-08	-2.39387e-07	1.02165e-13	-8.44443e-05	-0.00100073	1.4952e-07
16.6135	2.06559e-08	-2.39388e-07	2.22884e-14	-0.000108885	-0.0012102	1.53156e-07
16.6135	1.34764e-08	-2.39389e-07	-6.52579e-14	4.60504e-05	0.000501825	1.56846e-07
16.6135	6.32541e-09	-2.3939e-07	-1.52456e-13	0.000232472	0.00278562	1.60505e-07
16.6135	1.40974e-10	-2.39391e-07	-2.27868e-13	0.000149084	0.00209564	1.6422e-07
16.6135	-5.31772e-09	-2.39391e-07	-2.9443e-13	6.50175e-05	0.00102748	1.68103e-07
16.6135	-1.047e-08	-2.39392e-07	-3.57256e-13	0.000168839	0.00320747	1.72082e-07
16.6135	-1.43472e-08	-2.39393e-07	-4.04534e-13	3.26525e-05	0.000765197	1.7618e-07
16.6135	-1.79771e-08	-2.39394e-07	-4.48796e-13	0.000100671	0.00303714	1.80404e-07
16.6135	-2.03074e-08	-2.39395e-07	-4.77211e-13	6.41162e-05	0.00576887	1.84714e-07
16.6135	-1.99981e-08	-2.39396e-07	-4.73439e-13	-0.000105074	0.00585391	1.89224e-07
16.6135	-1.68779e-08	-2.39397e-07	-4.3539e-13	-0.000427402	0.00808357	1.94074e-07
16.6135	-9.70214e-09	-2.39398e-07	-3.47889e-13	-1.88764e-05	0.00025565	1.98991e-07
16.6135	-2.22343e-09	-2.39399e-07	-2.56693e-13	0.000127211	-0.00181999	2.03737e-07
16.6135	4.49276e-09	-2.394e-07	-1.74795e-13	0.000129413	-0.00216119	2.085e-07
16.6135	1.02262e-08	-2.39402e-07	-1.04882e-13	0.000164159	-0.00361797	2.13333e-07
16.6135	1.41401e-08	-2.39403e-07	-5.7155e-14	0.000104082	-0.00393443	2.18266e-07
16.6135	1.59733e-08	-2.39404e-07	-3.47999e-14	2.65062e-05	-0.0039779	2.23356e-07
16.6135	1.56025e-08	-2.39405e-07	-3.93199e-14	-7.94184e-06	-0.00124297	2.28592e-07
16.6135	1.45045e-08	-2.39406e-07	-5.27082e-14	-3.03336e-05	-0.00206796	2.33944e-07
16.6135	1.21574e-08	-2.39408e-07	-8.13278e-14	-5.22239e-05	-0.00208433	2.39401e-07
16.6135	8.49381e-09	-2.39409e-07	-1.26e-13	-7.45397e-06	-0.000241413	2.44922e-07
16.6135	4.59705e-09	-2.3941e-07	-1.73516e-13	5.13967e-05	0.00192827	2.50439e-07
16.6135	1.83425e-09	-2.39412e-07	-2.07205e-13	3.93769e-05	0.00254745	2.5598e-07
16.6135	6.58585e-10	-2.39413e-07	-2.2154e-13	7.84469e-06	0.00141133	2.61605e-07
16.6135	3.90185e-10	-2.39414e-07	-2.24811e-13	-9.63832e-07	0.00114785	2.67301e-07
16.6135	8.9124e-10	-2.39416e-07	-2.18701e-13	-6.49981e-06	0.00103302	2.73044e-07
16.6135	2.11559e-09	-2.39417e-07	-2.0377e-13	-1.30206e-05	0.00111615	2.78837e-07
16.6135	4.15193e-09	-2.39419e-07	-1.78938e-13	8.95607e-06	-0.00070564	2.84669e-07
16.6135	5.72319e-09	-2.3942e-07	-1.59777e-13	1.13668e-05	-0.00170645	2.90542e-07
16.6135	6.07461e-09	-2.39422e-07	-1.5549e-13	-1.26064e-06	-0.00133547	2.96479e-07
16.6135	5.43335e-09	-2.39424e-07	-1.63309e-13	-8.46347e-07	-0.000178931	3.02482e-07
16.6135	4.64253e-09	-2.39425e-07	-1.72951e-13	7.53952e-07	0.000157622	3.08558e-07
16.6135	3.95865e-09	-2.39427e-07	-1.81289e-13	-1.30437e-07	-2.92309e-05	3.14714e-07
16.6135	3.23796e-09	-2.39429e-07	-1.90075e-13	2.00891e-06	0.000768463	3.20931e-07
16.6135	3.12567e-09	-2.3943e-07	-1.91443e-13	-4.27453e-07	0.000574715	3.27211e-07
16.6135	3.48587e-09	-2.39432e-07	-1.8705e-13	3.76417e-07	-0.000237048	3.3359e-07
16.6135	3.65349e-09	-2.39434e-07	-1.85005e-13	4.3529e-08	-0.000348106	3.40075e-07
16.6135	3.52555e-09	-2.39436e-07	-1.86563e-13	-5.34629e-08	-5.97604e-05	3.46615e-07
16.6135	3.34291e-09	-2.39438e-07	-1.88789e-13	-3.98614e-07	-0.000241801	3.53132e-07
16.6135	2.94145e-09	-2.3944e-07	-1.93683e-13	1.74384e-07	8.55139e-05	3.59558e-07
16.6135	2.61036e-09	-2.39442e-07	-1.97719e-13	2.26043e-07	0.000572152	3.65864e-07
16.6135	2.80137e-09	-2.39443e-07	-1.95388e-13	-1.52414e-07	0.000115181	3.72044e-07
16.6135	3.10355e-09	-2.39445e-07	-1.91702e-13	2.50133e-07	-0.000383775	3.78126e-07
16.6135	3.04492e-09	-2.39448e-07	-1.92415e-13	-5.17506e-08	-9.49486e-05	3.84193e-07
16.6135	2.89343e-09	-2.3945e-07	-1.94261e-13	6.04613e-08	0.000173863	3.90333e-07
16.6135	2.91053e-09	-2.39452e-07	-1.94051e-13	-1.41884e-08	-9.46953e-05	3.96587e-07
16.6135	2.83326e-09	-2.39454e-07	-1.94992e-13	-3.18145e-08	-5.94459e-05	4.02954e-07
16.6135	2.69439e-09	-2.39456e-07	-1.96683e-13	4.50964e-08	0.000162542	4.09426e-07
16.6135	2.72099e-09	-2.39458e-07	-1.96357e-13	1.04144e-09	-1.00293e-05	4.1599e-07
16.6135	2.73751e-09	-2.39461e-07	-1.96154e-13	-7.77084e-08	0.000161254	4.22669e-07
16.6135	2.92604e-09	-2.39463e-07	-1.93854e-13	7.25465e-08	-0.0002251	4.29548e-07
16.6135	2.87397e-09	-2.39465e-07	-1.94487e-13	-7.85335e-08	-0.000135554	4.36745e-07
16.6135	2.67176e-09	-2.39467e-07	-1.96951e-13	5.15056e-08	6.90869e-05	4.44418e-07
16.6135	2.54334e-09	-2.3947e-07	-1.98515e-13	2.80106e-08	7.07444e-05	4.52761e-07
16.6135	2.49326e-09	-2.39472e-07	-1.99124e-13	-2.29783e-09	9.70981e-05	4.61913e-07
16.6135	2.55543e-09	-2.39475e-07	-1.98364e-13	-1.22713e-08	3.47379e-05	4.71786e-07
16.6135	2.66037e-09	-2.39477e-07	-1.97083e-13	1.80522e-08	-6.50709e-05	4.82085e-07
16.6135	2.68832e-09	-2.3948e-07	-1.9674e-13	-1.17686e-07	-0.000241126	4.92383e-07
16.6135	2.41698e-09	-2.39483e-07	-2.00046e-13	-1.47298e-08	-1.31088e-05	5.02183e-07
16.6135	2.12389e-09	-2.39485e-07	-2.03618e-13	-4.47028e-08	-3.58738e-05	5.11126e-07
16.6135	1.77969e-09	-2.39488e-07	-2.07814e-13	1.77839e-07	0.000251722	5.19134e-07
16.6135	1.7595e-09	-2.39491e-07	-2.08058e-13	-1.64161e-07	0.000272152	5.26477e-07
16.6135	2.09968e-09	-2.39494e-07	-2.03907e-13	9.61671e-08	-9.10773e-05	5.33872e-07
16.6135	2.32234e-09	-2.39497e-07	-2.0119e-13	6.78291e-08	-0.000183083	5.42243e-07
16.6135	2.29849e-09	-2.395e-07	-2.01479e-13	-5.20164e-08	-0.000127851	5.50438e-07
16.6135	2.09722e-09	-2.39503e-07	-2.03931e-13	4.67662e-08	0.000194331	5.56778e-07
16.6135	2.16581e-09	-2.39506e-07	-2.03092e-13	-5.45473e-09	1.86875e-05	5.61748e-07
16.6135	2.2613e-09	-2.39509e-07	-2.01926e-13	-1.57755e-08	3.66641e-05	5.66404e-07
16.6135	2.40973e-09	-2.39512e-07	-2.00113e-13	2.66013e-08	-0.000120388	5.70659e-07
16.6135	2.38683e-09	-2.39515e-07	-2.00391e-13	-2.41774e-08	-8.3633e-05	5.74061e-07
16.6135	2.24346e-09	-2.39518e-07	-2.02136e-13	-1.80891e-07	-0.000187216	5.77067e-07
16.6135	1.82856e-09	-2.39521e-07	-2.07193e-13	1.49223e-07	0.000136537	5.79779e-07
16.6135	1.61023e-09	-2.39524e-07	-2.09853e-13	5.64574e-08	0.000146975	5.81958e-07
16.6135	1.60537e-09	-2.39527e-07	-2.0991e-13	-1.25616e-08	7.43022e-05	5.83809e-07
16.6135	1.7091e-09	-2.3953e-07	-2.08643e-13	1.07434e-08	-9.81382e-05	5.85376e-07
16.6135	1.66928e-09	-2.39533e-07	-2.09126e-13	-6.30899e-09	8.42894e-05	5.86543e-07
16.6135	1.7531e-09	-2.39537e-07	-2.08102e-13	-6.86504e-09	2.03974e-05	5.87428e-07
16.6135	1.86701e-09	-2.3954e-07	-2.06711e-13	9.40308e-09	-3.01107e-05	5.88004e-07
16.6135	1.93671e-09	-2.39543e-07	-2.05858e-13	4.98471e-09	-3.14951e-05	5.8824e-07
16.6135	1.96011e-09	-2.39546e-07	-2.05571e-13	-4.19059e-09	2.8017e-05	5.88184e-07
16.6135	2.02468e-09	-2.39549e-07	-2.04781e-13	-4.59786e-08	-0.000186474	5.87793e-07
16.6135	1.81531e-09	-2.39552e-07	-2.07332e-13	-1.06503e-08	-1.4232e-05	5.87093e-07
16.6135	1.58536e-09	-2.39555e-07	-2.10134e-13	3.47788e-08	5.34904e-05	5.86076e-07
16.6135	1.43417e-09	-2.39559e-07	-2.11975e-13	-8.79622e-09	0.000222405	5.84703e-07
16.6135	1.60805e-09	-2.39562e-07	-2.09852e-13	1.9664e-09	-3.34879e-06	5.83008e-07
16.6135	1.77651e-09	-2.39565e-07	-2.07796e-13	3.10419e-08	-8.43869e-05	5.80979e-07
16.6135	1.822e-09	-2.39568e-07	-2.07239e-13	-1.98532e-09	1.07971e-05	5.78627e-07
16.6135	1.88288e-09	-2.39571e-07	-2.06494e-13	3.64088e-09	-6.01265e-05	5.75988e-07
16.6135	1.85709e-09	-2.39574e-07	-2.06806e-13	-5.249e-10	4.10235e-05	5.73042e-07
16.6135	1.89005e-09	-2.39577e-07	-2.06402e-13	-2.5195e-10	2.08969e-06	5.69815e-07
16.6135	1.92579e-09	-2.3958e-07	-2.05964e-13	-9.52716e-09	4.15022e-05	5.66291e-07
16.6135	2.01985e-09	-2.39583e-07	-2.04815e-13	-8.9603e-09	2.29366e-05	5.62492e-07
16.6135	2.14542e-09	-2.39586e-07	-2.03281e-13	1.05175e-08	-2.77847e-05	5.58442e-07
16.6135	2.23139e-09	-2.39589e-07	-2.02231e-13	9.54567e-09	-6.01426e-05	5.5412e-07
16.6135	2.2337e-09	-2.39592e-07	-2.02201e-13	-2.04301e-08	-9.20871e-05	5.49583e-07
16.6135	2.10999e-09	-2.39595e-07	-2.03707e-13	2.02748e-08	9.84742e-05	5.44814e-07
16.6135	2.12092e-09	-2.39598e-07	-2.03571e-13	-2.89578e-08	9.98669e-05	5.39821e-07
16.6135	2.26589e-09	-2.39601e-07	-2.01802e-13	-2.70869e-08	4.20166e-05	5.34632e-07
16.6135	2.46531e-09	-2.39604e-07	-1.99368e-13	5.45865e-08	-0.000175403	5.29236e-07
16.6135	2.4318e-09	-2.39607e-07	-1.99774e-13	-4.66e-09	-2.46617e-05	5.23618e-07
16.6135	2.36654e-09	-2.39609e-07	-2.00568e-13	-2.18243e-08	-5.59058e-05	5.17847e-07
16.6135	2.23005e-09	-2.39612e-07	-2.0223e-13	2.78518e-08	0.000116092	5.11933e-07
16.6135	2.24285e-09	-2.39615e-07	-2.02072e-13	-1.87762e-08	7.71814e-05	5.05838e-07
16.6135	2.35251e-09	-2.39618e-07	-2.00733e-13	-3.00072e-07	0.000270023	4.99591e-07
16.6135	2.79591e-09	-2.3962e-07	-1.95324e-13	3.00963e-07	-0.00027209	4.93237e-07
16.6135	2.90026e-09	-2.39623e-07	-1.9405e-13	-3.41216e-09	-0.000178023	4.86785e-07
16.6135	2.78803e-09	-2.39625e-07	-1.95417e-13	-3.15143e-10	-6.76433e-07	4.80219e-07
16.6135	2.67652e-09	-2.39628e-07	-1.96774e-13	-4.49426e-09	0.000196206	4.73544e-07
16.6135	2.79722e-09	-2.39631e-07	-1.95301e-13	-4.9097e-08	7.1048e-05	4.66775e-07
16.6135	2.99848e-09	-2.39633e-07	-1.92845e-13	-4.8682e-08	4.91034e-05	4.5996e-07
16.6135	3.25282e-09	-2.39635e-07	-1.89742e-13	1.06723e-08	-9.79387e-06	4.53103e-07
16.6135	3.49231e-09	-2.39638e-07	-1.86819e-13	2.97046e-08	-0.000396085	4.46176e-07
16.6135	3.28972e-09	-2.3964e-07	-1.89288e-13	8.00054e-08	0.000144278	4.39192e-07
16.6135	3.2475e-09	-2.39643e-07	-1.89801e-13	-3.436e-08	0.000162243	4.32185e-07
16.6135	3.37983e-09	-2.39645e-07	-1.88186e-13	-1.21794e-07	0.000129434	4.25158e-07
16.6135	3.64642e-09	-2.39647e-07	-1.84933e-13	3.36035e-08	-2.81386e-05	4.18129e-07
16.6135	3.87941e-09	-2.39649e-07	-1.82091e-13	1.26216e-07	-0.000218726	4.11124e-07
16.6135	3.88558e-09	-2.39652e-07	-1.82014e-13	-1.86825e-08	8.06103e-05	4.04114e-07
16.6135	3.97236e-09	-2.39654e-07	-1.80954e-13	-2.2992e-08	4.25953e-05	3.97098e-07
16.6135	4.09955e-09	-2.39656e-07	-1.79402e-13	-1.13907e-08	1.65641e-05	3.90093e-07
16.6135	4.24048e-09	-2.39658e-07	-1.77682e-13	2.36346e-08	-0.000254485	3.83112e-07
16.6135	4.13734e-09	-2.3966e-07	-1.78938e-13	1.7901e-08	4.04891e-05	3.76173e-07
16.6135	4.07381e-09	-2.39662e-07	-1.79711e-13	2.19985e-09	0.000129567	3.69281e-07
16.6135	4.12996e-09	-2.39664e-07	-1.79025e-13	5.08506e-09	-1.97411e-05	3.6242e-07
16.6135	4.16734e-09	-2.39666e-07	-1.78568e-13	-6.3815e-07	0.000465299	3.55626e-07
16.6135	4.61378e-09	-2.39668e-07	-1.73122e-13	-1.74349e-07	6.46602e-05	3.48907e-07
16.6135	5.10758e-09	-2.3967e-07	-1.671e-13	7.70598e-07	-0.00043561	3.42217e-07
16.6135	5.2228e-09	-2.39671e-07	-1.65693e-13	2.58831e-08	-0.000226226	3.35572e-07
16.6135	5.14785e-09	-2.39673e-07	-1.66606e-13	-1.97706e-07	-0.000205106	3.28996e-07
16.6135	4.90735e-09	-2.39675e-07	-1.69537e-13	1.9763e-07	0.000385734	3.22499e-07
16.6135	4.9795e-09	-2.39677e-07	-1.68656e-13	-6.46035e-07	0.000425921	3.16063e-07
16.6135	5.38333e-09	-2.39678e-07	-1.63731e-13	-1.01597e-06	0.000304028	3.0969e-07
16.6135	6.01197e-09	-2.3968e-07	-1.56064e-13	1.56859e-06	-0.000606958	3.0341e-07
16.6135	6.17217e-09	-2.39681e-07	-1.54109e-13	-4.86757e-07	-0.000703529	2.97202e-07
16.6135	5.81179e-09	-2.39683e-07	-1.58502e-13	2.32091e-07	0.000106211	2.91063e-07
16.6135	5.53534e-09	-2.39685e-07	-1.61872e-13	-2.2095e-07	0.000869502	2.85016e-07
16.6135	5.87769e-09	-2.39686e-07	-1.57697e-13	2.10362e-07	-9.61677e-05	2.79035e-07
16.6135	6.14643e-09	-2.39688e-07	-1.54418e-13	4.10736e-08	-2.17002e-05	2.73124e-07
16.6135	6.39481e-09	-2.39689e-07	-1.51389e-13	2.97964e-07	-0.000241129	2.67317e-07
16.6135	6.47849e-09	-2.3969e-07	-1.50367e-13	2.35433e-08	-0.000207843	2.61575e-07
16.6135	6.42593e-09	-2.39692e-07	-1.51007e-13	-5.04286e-08	-8.2366e-05	2.55895e-07
16.6135	6.3224e-09	-2.39693e-07	-1.52269e-13	-7.97261e-07	0.000751578	2.50308e-07
16.6135	6.68624e-09	-2.39695e-07	-1.47831e-13	-2.25359e-06	0.000528794	2.44779e-07
16.6135	7.36194e-09	-2.39696e-07	-1.39591e-13	-2.89689e-06	0.000434336	2.39312e-07
16.6135	8.27939e-09	-2.39697e-07	-1.28402e-13	5.5604e-06	-0.0011248	2.33926e-07
16.6135	8.52583e-09	-2.39698e-07	-1.25396e-13	-1.89191e-06	-0.00139502	2.28609e-07
16.6135	7.97858e-09	-2.397e-07	-1.32069e-13	6.45063e-07	0.000143854	2.23354e-07
16.6135	7.52335e-09	-2.39701e-07	-1.37619e-13	1.45568e-06	0.00113822	2.1818e-07
16.6135	7.69225e-09	-2.39702e-07	-1.35558e-13	-1.82526e-06	0.000596765	2.13059e-07
16.6135	8.1712e-09	-2.39703e-07	-1.29717e-13	-9.60031e-07	0.000190941	2.07991e-07
16.6135	8.7368e-09	-2.39704e-07	-1.2282e-13	2.75621e-06	-0.000769666	2.03008e-07
16.6135	8.90293e-09	-2.39705e-07	-1.20793e-13	-1.57527e-06	-0.00119155	1.98051e-07
16.6135	8.48237e-09	-2.39706e-07	-1.2592e-13	5.54966e-07	0.000140509	1.93128e-07
16.6135	8.13929e-09	-2.39707e-07	-1.30103e-13	1.29203e-06	0.00068626	1.88309e-07
16.6135	8.12376e-09	-2.39708e-07	-1.30292e-13	-2.83494e-09	-1.40256e-05	1.83532e-07
16.6135	8.10227e-09	-2.39709e-07	-1.30553e-13	-6.13992e-08	-0.0001163	1.78755e-07
16.6135	8.03008e-09	-2.3971e-07	-1.31433e-13	-7.73373e-07	0.00074353	1.74048e-07
16.6135	8.27898e-09	-2.39711e-07	-1.28397e-13	-2.77326e-06	0.000622478	1.69404e-07
16.6135	8.78119e-09	-2.39712e-07	-1.22272e-13	-1.97162e-06	0.000292414	1.64759e-07
16.6135	9.38815e-09	-2.39713e-07	-1.14871e-13	-3.34267e-05	0.00245541	1.60162e-07
16.6135	1.09474e-08	-2.39714e-07	-9.58569e-14	-3.87226e-05	0.00162554	1.55668e-07
16.6135	1.30863e-08	-2.39715e-07	-6.97748e-14	3.46659e-05	-0.00142527	1.51179e-07
16.6135	1.46314e-08	-2.39715e-07	-5.09332e-14	3.06841e-05	-0.00637607	1.46657e-07
16.6135	1.38279e-08	-2.39716e-07	-6.07302e-14	-0.000104401	-0.0046081	1.42249e-07
16.6135	1.14344e-08	-2.39717e-07	-8.99156e-14	-8.74095e-05	-0.0022015	1.37974e-07
16.6135	8.36578e-09	-2.39718e-07	-1.27334e-13	-0.000205212	-0.00375515	1.33764e-07
16.6135	4.15524e-09	-2.39718e-07	-1.78676e-13	-0.000128541	-0.00186869	1.2958e-07
16.6135	-5.16709e-10	-2.39719e-07	-2.35645e-13	3.19912e-05	0.000441992	1.25391e-07
16.6135	-4.89915e-09	-2.3972e-07	-2.89084e-13	0.000322047	0.00564216	1.21181e-07
16.6135	-7.45154e-09	-2.3972e-07	-3.20207e-13	0.000167278	0.0111542	1.17021e-07
16.6135	-6.71013e-09	-2.39721e-07	-3.11166e-13	-0.000448406	0.0110515	1.13163e-07
16.6135	-2.91577e-09	-2.39721e-07	-2.64897e-13	-0.00129904	0.0128743	1.0982e-07
16.6135	4.26008e-09	-2.39722e-07	-1.77395e-13	-0.00114959	0.00750929	1.06783e-07
16.6135	1.32119e-08	-2.39723e-07	-6.82366e-14	-0.00106939	0.00570158	1.03779e-07
16.6135	2.33679e-08	-2.39723e-07	5.56056e-14	0.000644825	-0.00332711	1.00428e-07
16.6135	3.2335e-08	-2.39724e-07	1.6495e-13	0.000928087	-0.00543326	9.6787e-08
16.6135	3.96873e-08	-2.39724e-07	2.54604e-13	0.00105651	-0.00772588	9.33225e-08
16.6135	4.50093e-08	-2.39725e-07	3.19499e-13	0.00113077	-0.0137909	9.0049e-08
16.6135	4.70966e-08	-2.39725e-07	3.44953e-13	0.000166346	-0.0141927	8.71648e-08
16.6135	4.6076e-08	-2.39726e-07	3.32508e-13	-0.000922848	-0.0150143	8.48877e-08
16.6135	4.19295e-08	-2.39726e-07	2.81946e-13	-0.00170847	-0.0129106	8.31745e-08
16.6135	3.51939e-08	-2.39726e-07	1.99813e-13	-5.56589e-05	-0.000334306	8.16453e-08
16.6135	2.85215e-08	-2.39727e-07	1.18451e-13	-0.000140404	-0.000828238	8.03308e-08
16.6135	2.17688e-08	-2.39727e-07	3.61088e-14	0.000418111	0.00253273	7.93846e-08
16.6135	1.5589e-08	-2.39728e-07	-3.92465e-14	0.000700999	0.00479832	7.86009e-08
16.6135	1.0403e-08	-2.39728e-07	-1.02484e-13	-0.000788238	-0.00534385	7.83134e-08
16.6135	4.16136e-09	-2.39729e-07	-1.78594e-13	0.00111381	0.00790399	7.81934e-08
16.6135	-5.09471e-10	-2.39729e-07	-2.3555e-13	0.000773682	0.00764781	7.80142e-08
16.6135	-3.68923e-09	-2.39729e-07	-2.74323e-13	0.000662098	0.0151311	7.81804e-08
16.6135	-3.91862e-09	-2.3973e-07	-2.7712e-13	-1.3342e-05	0.00376133	7.88021e-08
16.6135	-3.40539e-09	-2.3973e-07	-2.70861e-13	-7.92081e-05	0.00360532	7.99647e-08
16.6135	-2.15599e-09	-2.39731e-07	-2.55626e-13	-5.02431e-06	0.000160048	8.16056e-08
16.6135	-8.44471e-10	-2.39731e-07	-2.39633e-13	-0.000147181	0.00360512	8.37487e-08
16.6135	1.27097e-09	-2.39732e-07	-2.13837e-13	0.000128846	-0.00305249	8.63319e-08
16.6135	2.78575e-09	-2.39732e-07	-1.95366e-13	-1.70351e-05	0.000476449	8.93771e-08
16.6135	4.46652e-09	-2.39733e-07	-1.7487e-13	0.000127076	-0.00545602	9.29264e-08
16.6135	4.92361e-09	-2.39733e-07	-1.69296e-13	4.3316e-06	-0.000519064	9.70104e-08
16.6135	5.27319e-09	-2.39734e-07	-1.65033e-13	-7.8348e-06	-0.0036722	1.01729e-07
16.6135	4.68346e-09	-2.39734e-07	-1.72223e-13	-6.63115e-06	-0.000525124	1.07151e-07
16.6135	3.9164e-09	-2.39735e-07	-1.81577e-13	-1.55039e-05	-0.000950156	1.13396e-07
16.6135	2.82548e-09	-2.39735e-07	-1.94879e-13	1.85989e-06	0.000100854	1.20578e-07
16.6135	1.69413e-09	-2.39736e-07	-2.08674e-13	-2.39606e-05	-0.00113891	1.28893e-07
16.6135	1.01678e-10	-2.39737e-07	-2.28091e-13	1.13751e-06	4.78592e-05	1.38593e-07
16.6135	-1.59835e-09	-2.39737e-07	-2.48821e-13	-1.07633e-05	-0.000435116	1.49969e-07
16.6135	-3.61362e-09	-2.39738e-07	-2.73394e-13	-9.80358e-06	-0.000366585	1.63465e-07
16.6135	-5.97506e-09	-2.39739e-07	-3.02189e-13	8.58718e-06	0.000319698	1.79674e-07
16.6135	-8.4309e-09	-2.3974e-07	-3.32134e-13	4.14581e-05	0.00195948	1.99561e-07
16.6135	-1.01423e-08	-2.39741e-07	-3.53002e-13	2.44921e-05	0.00237245	2.24657e-07
16.6135	-1.06665e-08	-2.39743e-07	-3.59394e-13	1.92845e-06	0.00088859	2.57807e-07
16.6135	-1.06594e-08	-2.39744e-07	-3.59306e-13	-2.75236e-07	-0.000342214	3.04861e-07
16.6135	-1.09357e-08	-2.39746e-07	-3.62673e-13	-3.55093e-06	-0.000905194	3.79597e-07
16.6135	-1.22543e-08	-2.39748e-07	-3.78751e-13	9.1676e-07	0.000158334	5.23599e-07
16.6135	-1.39288e-08	-2.39752e-07	-3.99167e-13	2.80155e-06	0.00128679	8.9993e-07
16.6135	-1.33158e-08	-2.39758e-07	-3.91687e-13	-9.84898e-07	0.000453252	3.32321e-06
16.6135	-4.27796e-09	-2.39787e-07	-2.81459e-13	-0.399999	-0.000661252	0.00288607
16.6106	-4.79563e-09	-2.08885e-07	-3.10634e-13	0.4	5.72926e-08	0.00572557
