16.6211	-6.74368e-10	-3.59746e-07	-5.41147e-14	-8.85447e-06	-0.00188194	0.00395897
16.6211	-3.11259e-08	-3.59795e-07	-5.71181e-13	-0.000549725	0.0168191	3.45446e-06
16.6211	-1.48234e-08	-3.59798e-07	-2.94363e-13	-0.00227637	0.0186179	3.36672e-07
16.6211	5.03981e-09	-3.598e-07	4.29179e-14	0.000600476	-0.00374238	2.07689e-07
16.6211	1.83507e-08	-3.59801e-07	2.68939e-13	0.00163491	-0.014338	1.68225e-07
16.6211	2.44577e-08	-3.59802e-07	3.72636e-13	0.000537675	-0.0104995	1.54128e-07
16.6211	2.63283e-08	-3.59803e-07	4.044e-13	3.97858e-05	-0.00200172	1.49432e-07
16.6211	2.7432e-08	-3.59804e-07	4.2314e-13	-2.3045e-05	0.001276	1.48767e-07
16.6211	2.90156e-08	-3.59805e-07	4.50031e-13	-6.82258e-05	0.00248384	1.50025e-07
16.6211	3.15571e-08	-3.59807e-07	4.93187e-13	4.17584e-06	-0.000125129	1.52287e-07
16.6211	3.40946e-08	-3.59808e-07	5.36273e-13	5.66622e-05	-0.00202426	1.55075e-07
16.6211	3.58887e-08	-3.59809e-07	5.66737e-13	3.74718e-05	-0.00212909	1.58193e-07
16.6211	3.68696e-08	-3.5981e-07	5.83393e-13	9.94048e-06	-0.00102298	1.61557e-07
16.6211	3.74541e-08	-3.59811e-07	5.93318e-13	4.73242e-06	-0.0010353	1.65095e-07
16.6211	3.76195e-08	-3.59813e-07	5.96127e-13	2.87278e-07	-0.000602334	1.68773e-07
16.6211	3.75317e-08	-3.59814e-07	5.94637e-13	-8.50782e-07	-0.000412814	1.72573e-07
16.6211	3.72619e-08	-3.59815e-07	5.90055e-13	-5.5351e-06	-0.000992821	1.7649e-07
16.6211	3.65429e-08	-3.59817e-07	5.77846e-13	-1.93796e-06	-0.000224835	1.80524e-07
16.6211	3.57047e-08	-3.59818e-07	5.63615e-13	-2.29889e-05	-0.00170867	1.84691e-07
16.6211	3.40492e-08	-3.59819e-07	5.35504e-13	-3.07602e-05	-0.00144183	1.88997e-07
16.6211	3.16657e-08	-3.59821e-07	4.95031e-13	-3.01072e-05	-0.00108827	1.93434e-07
16.6211	2.86938e-08	-3.59822e-07	4.44568e-13	-2.75542e-05	-0.000847531	1.97998e-07
16.6211	2.5227e-08	-3.59824e-07	3.85702e-13	-4.30165e-05	-0.00114691	2.02707e-07
16.6211	2.10895e-08	-3.59825e-07	3.15446e-13	-2.0713e-05	-0.000497581	2.07548e-07
16.6211	1.65918e-08	-3.59827e-07	2.39075e-13	-2.67438e-05	-0.000602537	2.12518e-07
16.6211	1.16623e-08	-3.59828e-07	1.55371e-13	1.13148e-05	0.000249945	2.17612e-07
16.6211	6.75237e-09	-3.5983e-07	7.20003e-14	5.70213e-05	0.00138499	2.22806e-07
16.6211	2.50609e-09	-3.59832e-07	-1.02058e-16	3.64944e-05	0.00103987	2.28129e-07
16.6211	-1.24189e-09	-3.59833e-07	-6.37432e-14	1.5894e-05	0.000509159	2.33619e-07
16.6211	-4.7795e-09	-3.59835e-07	-1.23812e-13	4.12203e-05	0.0015873	2.39256e-07
16.6211	-7.44162e-09	-3.59837e-07	-1.69015e-13	7.96063e-06	0.000378162	2.45043e-07
16.6211	-9.93393e-09	-3.59839e-07	-2.11335e-13	2.45324e-05	0.00150022	2.50981e-07
16.6211	-1.1534e-08	-3.59841e-07	-2.38503e-13	1.56092e-05	0.00284647	2.5706e-07
16.6211	-1.13216e-08	-3.59843e-07	-2.34897e-13	-2.55858e-05	0.00288909	2.63315e-07
16.6211	-9.17925e-09	-3.59845e-07	-1.9852e-13	-0.00010439	0.004001	2.69789e-07
16.6211	-4.25232e-09	-3.59847e-07	-1.14859e-13	-4.62315e-06	0.000126924	2.76392e-07
16.6211	8.82598e-10	-3.59849e-07	-2.76676e-14	3.11306e-05	-0.000902827	2.83042e-07
16.6211	5.49397e-09	-3.59851e-07	5.06344e-14	3.16229e-05	-0.0010705	2.89802e-07
16.6211	9.43055e-09	-3.59853e-07	1.17478e-13	4.00466e-05	-0.00178904	2.96686e-07
16.6211	1.21179e-08	-3.59855e-07	1.63109e-13	2.53515e-05	-0.00194249	3.037e-07
16.6211	1.33765e-08	-3.59858e-07	1.84482e-13	6.4513e-06	-0.00196251	3.10858e-07
16.6211	1.3122e-08	-3.5986e-07	1.8016e-13	-1.93289e-06	-0.000613208	3.18154e-07
16.6211	1.23681e-08	-3.59862e-07	1.67358e-13	-7.38391e-06	-0.0010204	3.25579e-07
16.6211	1.07565e-08	-3.59865e-07	1.39994e-13	-1.27184e-05	-0.00102896	3.33124e-07
16.6211	8.24105e-09	-3.59867e-07	9.72817e-14	-1.8165e-06	-0.000119257	3.40766e-07
16.6211	5.56549e-09	-3.5987e-07	5.18506e-14	1.25187e-05	0.000952054	3.48472e-07
16.6211	3.66853e-09	-3.59873e-07	1.96401e-14	9.58555e-06	0.00125703	3.56244e-07
16.6211	2.86129e-09	-3.59875e-07	5.93339e-15	1.90923e-06	0.000696259	3.64103e-07
16.6211	2.67699e-09	-3.59878e-07	2.80425e-15	-2.34516e-07	0.000566248	3.72038e-07
16.6211	3.02101e-09	-3.59881e-07	8.64594e-15	-1.58184e-06	0.000509634	3.80025e-07
16.6211	3.86164e-09	-3.59884e-07	2.29203e-14	-3.16908e-06	0.000550688	3.88072e-07
16.6211	5.2598e-09	-3.59887e-07	4.66615e-14	2.17987e-06	-0.000348161	3.96187e-07
16.6211	6.33862e-09	-3.5989e-07	6.49803e-14	2.76632e-06	-0.000841861	4.04376e-07
16.6211	6.57989e-09	-3.59893e-07	6.90774e-14	-3.06835e-07	-0.000658808	4.12646e-07
16.6211	6.13959e-09	-3.59896e-07	6.16013e-14	-2.05971e-07	-8.82692e-05	4.21e-07
16.6211	5.59659e-09	-3.59899e-07	5.23813e-14	1.83489e-07	7.77587e-05	4.29457e-07
16.6211	5.12702e-09	-3.59902e-07	4.44083e-14	-3.17481e-08	-1.4422e-05	4.38026e-07
16.6211	4.63218e-09	-3.59905e-07	3.60061e-14	4.88915e-07	0.000379097	4.4668e-07
16.6211	4.55506e-09	-3.59909e-07	3.4697e-14	-1.04005e-07	0.000283514	4.55423e-07
16.6211	4.80236e-09	-3.59912e-07	3.88965e-14	9.15954e-08	-0.000116938	4.643e-07
16.6211	4.91743e-09	-3.59916e-07	4.08507e-14	1.05821e-08	-0.000171725	4.73327e-07
16.6211	4.82958e-09	-3.59919e-07	3.93593e-14	-1.30126e-08	-2.94809e-05	4.8243e-07
16.6211	4.70415e-09	-3.59923e-07	3.72299e-14	-9.70127e-08	-0.000119283	4.915e-07
16.6211	4.42849e-09	-3.59927e-07	3.25495e-14	4.244e-08	4.21849e-05	5.00445e-07
16.6211	4.20115e-09	-3.5993e-07	2.86895e-14	5.50273e-08	0.00028225	5.0922e-07
16.6211	4.33228e-09	-3.59934e-07	3.09165e-14	-3.70869e-08	5.68196e-05	5.17821e-07
16.6211	4.53974e-09	-3.59938e-07	3.44396e-14	6.08591e-08	-0.000189321	5.26287e-07
16.6211	4.49947e-09	-3.59942e-07	3.37561e-14	-1.25969e-08	-4.68393e-05	5.34732e-07
16.6211	4.39544e-09	-3.59946e-07	3.199e-14	1.47193e-08	8.57687e-05	5.43277e-07
16.6211	4.40716e-09	-3.5995e-07	3.21894e-14	-3.45591e-09	-4.67143e-05	5.51981e-07
16.6211	4.35409e-09	-3.59954e-07	3.12887e-14	-7.74426e-09	-2.93256e-05	5.60844e-07
16.6211	4.25872e-09	-3.59959e-07	2.96698e-14	1.09799e-08	8.01842e-05	5.69852e-07
16.6211	4.27697e-09	-3.59963e-07	2.998e-14	2.53131e-10	-4.94754e-06	5.78988e-07
16.6211	4.28828e-09	-3.59967e-07	3.01725e-14	-1.89054e-08	7.95483e-05	5.88285e-07
16.6211	4.41771e-09	-3.59972e-07	3.23707e-14	1.76472e-08	-0.000111044	5.97857e-07
16.6211	4.38194e-09	-3.59976e-07	3.17637e-14	-1.9116e-08	-6.68702e-05	6.07875e-07
16.6211	4.24308e-09	-3.59981e-07	2.94063e-14	1.25365e-08	3.40813e-05	6.18556e-07
16.6211	4.15489e-09	-3.59985e-07	2.79091e-14	6.81889e-09	3.4899e-05	6.30168e-07
16.6211	4.12048e-09	-3.5999e-07	2.73254e-14	-5.56002e-10	4.78996e-05	6.42905e-07
16.6211	4.16315e-09	-3.59995e-07	2.80503e-14	-2.98515e-09	1.71366e-05	6.56646e-07
16.6211	4.23517e-09	-3.6e-07	2.92738e-14	4.39101e-09	-3.21002e-05	6.70981e-07
16.6211	4.25435e-09	-3.60005e-07	2.95998e-14	-2.86476e-08	-0.00011895	6.85313e-07
16.6211	4.06802e-09	-3.6001e-07	2.64365e-14	-3.58481e-09	-6.4664e-06	6.98953e-07
16.6211	3.86676e-09	-3.60016e-07	2.30195e-14	-1.08801e-08	-1.76974e-05	7.11401e-07
16.6211	3.6304e-09	-3.60021e-07	1.90066e-14	4.32868e-08	0.000124178	7.22548e-07
16.6211	3.61652e-09	-3.60026e-07	1.87714e-14	-3.9941e-08	0.000134256	7.32767e-07
16.6211	3.85006e-09	-3.60032e-07	2.27375e-14	2.34003e-08	-4.49302e-05	7.43059e-07
16.6211	4.00292e-09	-3.60037e-07	2.53335e-14	1.65006e-08	-9.03166e-05	7.54711e-07
16.6211	3.98652e-09	-3.60043e-07	2.50556e-14	-1.26626e-08	-6.30703e-05	7.66117e-07
16.6211	3.8483e-09	-3.60049e-07	2.27092e-14	1.13872e-08	9.58655e-05	7.74943e-07
16.6211	3.89536e-09	-3.60055e-07	2.35089e-14	-1.32683e-09	9.21888e-06	7.81859e-07
16.6211	3.96091e-09	-3.60061e-07	2.46223e-14	-3.83784e-09	1.80868e-05	7.88337e-07
16.6211	4.06279e-09	-3.60066e-07	2.63529e-14	6.46969e-09	-5.93888e-05	7.94262e-07
16.6211	4.04704e-09	-3.60072e-07	2.6086e-14	-5.88644e-09	-4.12571e-05	7.98997e-07
16.6211	3.94858e-09	-3.60078e-07	2.44146e-14	-4.40267e-08	-9.23555e-05	8.03182e-07
16.6211	3.66368e-09	-3.60084e-07	1.95776e-14	3.63184e-08	6.73546e-05	8.06953e-07
16.6211	3.51374e-09	-3.6009e-07	1.70322e-14	1.37442e-08	7.25046e-05	8.09986e-07
16.6211	3.51038e-09	-3.60097e-07	1.69756e-14	-3.05449e-09	3.66541e-05	8.12565e-07
16.6211	3.58157e-09	-3.60103e-07	1.81851e-14	2.61127e-09	-4.84127e-05	8.14744e-07
16.6211	3.55421e-09	-3.60109e-07	1.7721e-14	-1.53254e-09	4.15809e-05	8.1637e-07
16.6211	3.61173e-09	-3.60115e-07	1.86984e-14	-1.66998e-09	1.00624e-05	8.17601e-07
16.6211	3.68991e-09	-3.60121e-07	2.00265e-14	2.28736e-09	-1.48541e-05	8.18402e-07
16.6211	3.73775e-09	-3.60127e-07	2.08393e-14	1.21205e-09	-1.55368e-05	8.18731e-07
16.6211	3.75378e-09	-3.60133e-07	2.11121e-14	-1.01886e-09	1.38211e-05	8.18653e-07
16.6211	3.79809e-09	-3.60139e-07	2.18651e-14	-1.11952e-08	-9.19895e-05	8.18111e-07
16.6211	3.65431e-09	-3.60145e-07	1.94242e-14	-2.59244e-09	-7.02133e-06	8.17135e-07
16.6211	3.49639e-09	-3.60151e-07	1.67434e-14	8.46553e-09	2.63877e-05	8.15717e-07
16.6211	3.39256e-09	-3.60158e-07	1.49808e-14	-2.13333e-09	0.000109715	8.13809e-07
16.6211	3.51192e-09	-3.60164e-07	1.70082e-14	4.78478e-10	-1.65208e-06	8.11448e-07
16.6212	3.62756e-09	-3.6017e-07	1.89723e-14	7.55149e-09	-4.1629e-05	8.08625e-07
16.6212	3.65877e-09	-3.60176e-07	1.95027e-14	-4.82752e-10	5.32626e-06	8.05352e-07
16.6212	3.70054e-09	-3.60182e-07	2.02126e-14	8.84083e-10	-2.96611e-05	8.01678e-07
16.6212	3.6828e-09	-3.60188e-07	1.9912e-14	-1.26368e-10	2.02374e-05	7.97577e-07
16.6212	3.70541e-09	-3.60194e-07	2.02964e-14	-6.12207e-11	1.03089e-06	7.93087e-07
16.6212	3.72992e-09	-3.60199e-07	2.07132e-14	-2.3171e-09	2.04734e-05	7.88182e-07
16.6212	3.79448e-09	-3.60205e-07	2.181e-14	-2.17977e-09	1.13149e-05	7.82896e-07
16.6212	3.88067e-09	-3.60211e-07	2.3274e-14	2.5586e-09	-1.37064e-05	7.77257e-07
16.6212	3.93967e-09	-3.60217e-07	2.42764e-14	2.32107e-09	-2.96691e-05	7.7124e-07
16.6212	3.94123e-09	-3.60223e-07	2.43034e-14	-4.97482e-09	-4.54277e-05	7.64927e-07
16.6212	3.85627e-09	-3.60228e-07	2.28613e-14	4.93727e-09	4.85786e-05	7.58289e-07
16.6212	3.86375e-09	-3.60234e-07	2.29888e-14	-7.04376e-09	4.92655e-05	7.5134e-07
16.6212	3.96326e-09	-3.6024e-07	2.4679e-14	-6.59037e-09	2.07273e-05	7.44118e-07
16.6212	4.10016e-09	-3.60245e-07	2.70041e-14	1.32783e-08	-8.65285e-05	7.36608e-07
16.6212	4.07712e-09	-3.60251e-07	2.66135e-14	-1.13483e-09	-1.2166e-05	7.2879e-07
16.6212	4.0323e-09	-3.60256e-07	2.58528e-14	-5.31291e-09	-2.75791e-05	7.20756e-07
16.6212	3.93855e-09	-3.60261e-07	2.42616e-14	6.78175e-09	5.72697e-05	7.12524e-07
16.6212	3.94732e-09	-3.60267e-07	2.4411e-14	-4.56676e-09	3.80745e-05	7.04041e-07
16.6212	4.02259e-09	-3.60272e-07	2.56895e-14	-7.30157e-08	0.000133205	6.95346e-07
16.6212	4.32701e-09	-3.60277e-07	3.0859e-14	7.32325e-08	-0.000134225	6.86503e-07
16.6212	4.39863e-09	-3.60282e-07	3.20757e-14	-8.36162e-10	-8.7821e-05	6.77524e-07
16.6212	4.32155e-09	-3.60287e-07	3.07673e-14	-7.66893e-11	-3.33678e-07	6.68384e-07
16.6212	4.24497e-09	-3.60292e-07	2.94674e-14	-1.08729e-09	9.67905e-05	6.59094e-07
16.6212	4.32782e-09	-3.60297e-07	3.08747e-14	-1.19459e-08	3.50491e-05	6.49671e-07
16.6212	4.46598e-09	-3.60302e-07	3.32212e-14	-1.18449e-08	2.42223e-05	6.40188e-07
16.6212	4.64059e-09	-3.60307e-07	3.61865e-14	2.59641e-09	-4.83056e-06	6.30645e-07
16.6212	4.80501e-09	-3.60311e-07	3.89787e-14	7.21601e-09	-0.000195393	6.21002e-07
16.6212	4.66589e-09	-3.60316e-07	3.6617e-14	1.94745e-08	7.11741e-05	6.11281e-07
16.6212	4.63688e-09	-3.6032e-07	3.61248e-14	-8.3564e-09	8.00362e-05	6.01528e-07
16.6212	4.72772e-09	-3.60325e-07	3.76677e-14	-2.96349e-08	6.38511e-05	5.91749e-07
16.6212	4.91075e-09	-3.60329e-07	4.07759e-14	8.17634e-09	-1.38804e-05	5.81966e-07
16.6212	5.0707e-09	-3.60334e-07	4.34923e-14	3.07085e-08	-0.0001079	5.72216e-07
16.6212	5.07491e-09	-3.60338e-07	4.35642e-14	-4.54389e-09	3.97662e-05	5.62458e-07
16.6212	5.13448e-09	-3.60342e-07	4.45761e-14	-5.59371e-09	2.10123e-05	5.52694e-07
16.6212	5.22179e-09	-3.60346e-07	4.6059e-14	-2.77167e-09	8.17192e-06	5.42943e-07
16.6212	5.31853e-09	-3.6035e-07	4.77021e-14	5.74356e-09	-0.000125541	5.33228e-07
16.6212	5.2477e-09	-3.60354e-07	4.64998e-14	4.35757e-09	1.99734e-05	5.2357e-07
16.6212	5.20407e-09	-3.60358e-07	4.57592e-14	5.39614e-10	6.39171e-05	5.13975e-07
16.6212	5.2426e-09	-3.60362e-07	4.64139e-14	1.23687e-09	-9.73872e-06	5.04429e-07
16.6212	5.26825e-09	-3.60365e-07	4.68497e-14	-1.55283e-07	0.000229538	4.94973e-07
16.6212	5.57476e-09	-3.60369e-07	5.20547e-14	-4.24282e-08	3.18987e-05	4.85618e-07
16.6212	5.91379e-09	-3.60373e-07	5.78118e-14	1.87518e-07	-0.000214893	4.76307e-07
16.6212	5.99289e-09	-3.60376e-07	5.91551e-14	6.2914e-09	-0.0001116	4.67061e-07
16.6212	5.94141e-09	-3.6038e-07	5.82814e-14	-4.81201e-08	-0.000101182	4.57906e-07
16.6212	5.77627e-09	-3.60383e-07	5.54775e-14	4.81077e-08	0.000190288	4.48864e-07
16.6212	5.82579e-09	-3.60386e-07	5.63188e-14	-1.57204e-07	0.000210113	4.39905e-07
16.6212	6.10305e-09	-3.6039e-07	6.1027e-14	-2.47236e-07	0.000149983	4.31034e-07
16.6212	6.53467e-09	-3.60393e-07	6.83562e-14	3.81713e-07	-0.000299423	4.22293e-07
16.6212	6.64465e-09	-3.60396e-07	7.0224e-14	-1.18479e-07	-0.00034706	4.13654e-07
16.6212	6.39719e-09	-3.60399e-07	6.60224e-14	5.64853e-08	5.23964e-05	4.05111e-07
16.6212	6.20737e-09	-3.60402e-07	6.27995e-14	-5.37411e-08	0.000428934	3.96696e-07
16.6212	6.44241e-09	-3.60405e-07	6.67908e-14	5.11885e-08	-4.74394e-05	3.88369e-07
16.6212	6.62692e-09	-3.60408e-07	6.99241e-14	9.99505e-09	-1.07052e-05	3.80141e-07
16.6212	6.79745e-09	-3.60411e-07	7.28199e-14	7.25039e-08	-0.000118952	3.72059e-07
16.6212	6.85489e-09	-3.60413e-07	7.37955e-14	5.72282e-09	-0.000102532	3.64068e-07
16.6212	6.81879e-09	-3.60416e-07	7.31828e-14	-1.22748e-08	-4.06323e-05	3.56164e-07
16.6212	6.74769e-09	-3.60419e-07	7.19758e-14	-1.93994e-07	0.000370762	3.48387e-07
16.6212	6.9975e-09	-3.60421e-07	7.62178e-14	-5.48422e-07	0.000260867	3.40689e-07
16.6212	7.46142e-09	-3.60424e-07	8.40955e-14	-7.05003e-07	0.000214275	3.33076e-07
16.6212	8.09134e-09	-3.60426e-07	9.47919e-14	1.35318e-06	-0.000554897	3.25581e-07
16.6212	8.26054e-09	-3.60429e-07	9.76651e-14	-4.60461e-07	-0.000688183	3.18183e-07
16.6212	7.88478e-09	-3.60431e-07	9.12849e-14	1.56987e-07	7.09659e-05	3.10869e-07
16.6212	7.57221e-09	-3.60433e-07	8.59776e-14	3.54291e-07	0.000561502	3.03669e-07
16.6212	7.68817e-09	-3.60435e-07	8.79468e-14	-4.44175e-07	0.000294395	2.96541e-07
16.6212	8.017e-09	-3.60438e-07	9.35307e-14	-2.3364e-07	9.41998e-05	2.89485e-07
16.6212	8.40534e-09	-3.6044e-07	1.00125e-13	6.7074e-07	-0.000379695	2.8255e-07
16.6212	8.5194e-09	-3.60442e-07	1.02062e-13	-3.83381e-07	-0.000587803	2.75656e-07
16.6212	8.23063e-09	-3.60444e-07	9.71587e-14	1.35038e-07	6.93041e-05	2.68801e-07
16.6212	7.99506e-09	-3.60446e-07	9.31588e-14	3.14458e-07	0.000338547	2.62092e-07
16.6212	7.98439e-09	-3.60448e-07	9.29778e-14	-6.90368e-10	-6.91915e-06	2.55447e-07
16.6212	7.96963e-09	-3.6045e-07	9.27273e-14	-1.4946e-08	-5.73726e-05	2.48795e-07
16.6212	7.92005e-09	-3.60452e-07	9.18856e-14	-1.8818e-07	0.000366792	2.42244e-07
16.6212	8.09094e-09	-3.60453e-07	9.47876e-14	-6.74886e-07	0.000307083	2.35781e-07
16.6212	8.43575e-09	-3.60455e-07	1.00643e-13	-4.79818e-07	0.000144258	2.29314e-07
16.6212	8.85249e-09	-3.60457e-07	1.07719e-13	-8.13648e-06	0.00121155	2.22901e-07
16.6212	9.92305e-09	-3.60458e-07	1.25898e-13	-9.42967e-06	0.000802431	2.16617e-07
16.6212	1.13916e-08	-3.6046e-07	1.50834e-13	8.44167e-06	-0.000703554	2.10367e-07
16.6212	1.24525e-08	-3.60462e-07	1.68848e-13	7.46955e-06	-0.00314579	2.041e-07
16.6212	1.19008e-08	-3.60463e-07	1.59481e-13	-2.5426e-05	-0.0022747	1.97938e-07
16.6212	1.02574e-08	-3.60464e-07	1.31576e-13	-2.13088e-05	-0.00108789	1.91921e-07
16.6212	8.15048e-09	-3.60466e-07	9.57997e-14	-5.01161e-05	-0.00185888	1.85964e-07
16.6212	5.25949e-09	-3.60467e-07	4.67105e-14	-3.14503e-05	-0.000926806	1.8003e-07
16.6212	2.05169e-09	-3.60469e-07	-7.75818e-15	7.83186e-06	0.000219344	1.74178e-07
16.6212	-9.57332e-10	-3.6047e-07	-5.88516e-14	7.86828e-05	0.00279396	1.68444e-07
16.6212	-2.70982e-09	-3.60471e-07	-8.8609e-14	4.07528e-05	0.00550546	1.62812e-07
16.6212	-2.20077e-09	-3.60472e-07	-7.99652e-14	-0.000109421	0.00546361	1.57362e-07
16.6212	4.04459e-10	-3.60473e-07	-3.57279e-14	-0.00032017	0.00642704	1.52212e-07
16.6212	5.33144e-09	-3.60475e-07	4.79329e-14	-0.000287303	0.00380324	1.47314e-07
16.6212	1.14778e-08	-3.60476e-07	1.523e-13	-0.000270669	0.00292488	1.42567e-07
16.6212	1.8451e-08	-3.60477e-07	2.70705e-13	0.000163589	-0.00171094	1.37844e-07
16.6212	2.46079e-08	-3.60478e-07	3.7525e-13	0.000233408	-0.00276952	1.33245e-07
16.6212	2.9656e-08	-3.60479e-07	4.60968e-13	0.000262653	-0.00389236	1.28962e-07
16.6212	3.33101e-08	-3.6048e-07	5.23014e-13	0.000277658	-0.00685816	1.24954e-07
16.6212	3.47433e-08	-3.60481e-07	5.4735e-13	4.05464e-05	-0.00700593	1.21253e-07
16.6212	3.40425e-08	-3.60481e-07	5.35452e-13	-0.000225895	-0.00744222	1.17922e-07
16.6212	3.11955e-08	-3.60482e-07	4.87108e-13	-0.000424568	-0.00649849	1.14967e-07
16.6212	2.65708e-08	-3.60483e-07	4.08581e-13	-1.39845e-05	-0.000170266	1.12469e-07
16.6212	2.19895e-08	-3.60484e-07	3.30789e-13	-3.52257e-05	-0.000421223	1.10619e-07
16.6212	1.7353e-08	-3.60485e-07	2.52061e-13	0.000104872	0.00128773	1.09374e-07
16.6212	1.31099e-08	-3.60486e-07	1.80014e-13	0.000174744	0.00242438	1.08524e-07
16.6212	9.54917e-09	-3.60486e-07	1.19552e-13	-0.000196583	-0.00270122	1.0811e-07
16.6212	5.26361e-09	-3.60487e-07	4.67823e-14	0.000277293	0.00398774	1.08012e-07
16.6212	2.05657e-09	-3.60488e-07	-7.67344e-15	0.000190523	0.00381665	1.08151e-07
16.6212	-1.26671e-10	-3.60489e-07	-4.47451e-14	0.000161745	0.00748478	1.08676e-07
16.6212	-2.84181e-10	-3.6049e-07	-4.74196e-14	-3.24719e-06	0.0018556	1.09675e-07
16.6212	6.82078e-11	-3.6049e-07	-4.14359e-14	-1.92888e-05	0.00177962	1.11272e-07
16.6212	9.26051e-10	-3.60491e-07	-2.68696e-14	-1.22279e-06	7.89598e-05	1.13539e-07
16.6212	1.82654e-09	-3.60492e-07	-1.1579e-14	-3.58889e-05	0.0017819	1.16487e-07
16.6212	3.27901e-09	-3.60493e-07	1.30842e-14	3.14213e-05	-0.00150892	1.20077e-07
16.6212	4.31907e-09	-3.60494e-07	3.07445e-14	-4.15085e-06	0.000235338	1.24339e-07
16.6212	5.47309e-09	-3.60495e-07	5.03401e-14	3.09491e-05	-0.0026933	1.29303e-07
16.6212	5.78693e-09	-3.60496e-07	5.56692e-14	1.05429e-06	-0.000256104	1.35019e-07
16.6212	6.02695e-09	-3.60497e-07	5.97448e-14	-1.90714e-06	-0.00181162	1.41585e-07
16.6212	5.62203e-09	-3.60498e-07	5.28694e-14	-1.61381e-06	-0.000259058	1.49126e-07
16.6212	5.09536e-09	-3.60499e-07	4.39265e-14	-3.77439e-06	-0.000468894	1.57811e-07
16.6212	4.34632e-09	-3.605e-07	3.12079e-14	4.53294e-07	4.98271e-05	1.67804e-07
16.6212	3.56952e-09	-3.60502e-07	1.80178e-14	-5.83486e-06	-0.000562207	1.79367e-07
16.6212	2.47613e-09	-3.60503e-07	-5.47977e-16	2.77801e-07	2.3693e-05	1.92856e-07
16.6212	1.30887e-09	-3.60505e-07	-2.0368e-14	-2.62163e-06	-0.000214835	2.08684e-07
16.6212	-7.48371e-11	-3.60506e-07	-4.38634e-14	-2.38715e-06	-0.000180945	2.27455e-07
16.6212	-1.69623e-09	-3.60508e-07	-7.13946e-14	2.09099e-06	0.000157804	2.50009e-07
16.6212	-3.38243e-09	-3.6051e-07	-1.00026e-13	1.00946e-05	0.000967141	2.77706e-07
16.6212	-4.5575e-09	-3.60512e-07	-1.19979e-13	5.96137e-06	0.00117052	3.12669e-07
16.6212	-4.91745e-09	-3.60515e-07	-1.26091e-13	4.69338e-07	0.000438357	3.58822e-07
16.6212	-4.91259e-09	-3.60517e-07	-1.26008e-13	-6.69905e-08	-0.000168817	4.24317e-07
16.6212	-5.10226e-09	-3.60521e-07	-1.29228e-13	-8.64193e-07	-0.000446553	5.28332e-07
16.6212	-6.00769e-09	-3.60525e-07	-1.44602e-13	2.23113e-07	7.81107e-05	7.28752e-07
16.6212	-7.15741e-09	-3.60532e-07	-1.64124e-13	6.81829e-07	0.000634793	1.25255e-06
16.6212	-6.73658e-09	-3.60544e-07	-1.56977e-13	-2.39667e-07	0.000223596	4.62533e-06
16.6212	-5.31399e-10	-3.60601e-07	-5.16069e-14	-0.4	-0.000326178	0.00401675
16.6172	-6.2e-10	-3.00672e-07	-5.8741e-14	0.4	1.66698e-09	0.00796867
