16.6122	-6.2058e-09	-2.23815e-07	-3.71442e-13	-4.59657e-05	-0.00428771	0.00269304
16.6122	-5.34061e-08	-2.23838e-07	-9.16273e-13	-0.00280473	0.0379351	2.35187e-06
16.6122	-2.81368e-08	-2.23839e-07	-6.24577e-13	-0.010681	0.0386683	2.35351e-07
16.6122	2.65183e-09	-2.2384e-07	-2.69169e-13	0.00268246	-0.00733894	1.48657e-07
16.6122	2.32841e-08	-2.23841e-07	-3.10009e-14	0.00779318	-0.0301476	1.17863e-07
16.6122	3.27501e-08	-2.23841e-07	7.82702e-14	0.00273528	-0.0235066	1.05574e-07
16.6122	3.56497e-08	-2.23842e-07	1.11742e-13	0.000206056	-0.00454994	1.01734e-07
16.6122	3.73603e-08	-2.23842e-07	1.3149e-13	-0.000119417	0.00290174	1.01264e-07
16.6122	3.98151e-08	-2.23843e-07	1.59826e-13	-0.000352538	0.0056331	1.02217e-07
16.6122	4.37545e-08	-2.23843e-07	2.05301e-13	2.15642e-05	-0.000283562	1.03828e-07
16.6122	4.76876e-08	-2.23844e-07	2.50703e-13	0.000292713	-0.00458943	1.0566e-07
16.6122	5.04685e-08	-2.23844e-07	2.82805e-13	0.000194186	-0.0048423	1.07678e-07
16.6122	5.19889e-08	-2.23845e-07	3.00357e-13	5.1585e-05	-0.00232965	1.09914e-07
16.6122	5.28949e-08	-2.23845e-07	3.10816e-13	2.45713e-05	-0.00235891	1.12305e-07
16.6122	5.31514e-08	-2.23846e-07	3.13777e-13	1.49196e-06	-0.00137256	1.14801e-07
16.6122	5.30154e-08	-2.23847e-07	3.12207e-13	-4.41776e-06	-0.000940704	1.17385e-07
16.6122	5.25971e-08	-2.23847e-07	3.07379e-13	-2.87338e-05	-0.00226184	1.20059e-07
16.6122	5.14826e-08	-2.23848e-07	2.94515e-13	-1.00621e-05	-0.000512283	1.22812e-07
16.6122	5.01835e-08	-2.23848e-07	2.7952e-13	-0.000119221	-0.0038889	1.2568e-07
16.6122	4.76174e-08	-2.23849e-07	2.49898e-13	-0.00015926	-0.00327612	1.28685e-07
16.6122	4.39229e-08	-2.2385e-07	2.07252e-13	-0.000155599	-0.00246825	1.31788e-07
16.6122	3.93164e-08	-2.2385e-07	1.54078e-13	-0.000142132	-0.00191851	1.34977e-07
16.6122	3.39428e-08	-2.23851e-07	9.20489e-14	-0.000221389	-0.00259039	1.38291e-07
16.6122	2.75295e-08	-2.23852e-07	1.80175e-14	-0.000106408	-0.00112176	1.41687e-07
16.6122	2.0558e-08	-2.23852e-07	-6.24565e-14	-0.000137185	-0.00135635	1.45151e-07
16.6122	1.29171e-08	-2.23853e-07	-1.50658e-13	5.80418e-05	0.00056265	1.48654e-07
16.6122	5.30662e-09	-2.23854e-07	-2.38509e-13	0.000292933	0.00312251	1.52094e-07
16.6122	-1.27522e-09	-2.23855e-07	-3.14485e-13	0.000188043	0.00235137	1.55575e-07
16.6122	-7.08468e-09	-2.23856e-07	-3.81546e-13	8.20293e-05	0.00115317	1.59233e-07
16.6122	-1.25681e-08	-2.23856e-07	-4.44842e-13	0.000213119	0.00360162	1.62976e-07
16.6122	-1.66944e-08	-2.23857e-07	-4.92473e-13	4.12309e-05	0.000859521	1.66834e-07
16.6122	-2.05575e-08	-2.23858e-07	-5.37066e-13	0.000127162	0.00341275	1.70819e-07
16.6122	-2.30376e-08	-2.23859e-07	-5.65694e-13	8.10124e-05	0.00648453	1.74882e-07
16.6122	-2.27084e-08	-2.2386e-07	-5.61893e-13	-0.000132755	0.00657964	1.79157e-07
16.6122	-1.93877e-08	-2.23861e-07	-5.2356e-13	-0.000539424	0.00907656	1.83814e-07
16.6122	-1.17508e-08	-2.23862e-07	-4.35403e-13	-2.37931e-05	0.000286654	1.88526e-07
16.6122	-3.79152e-09	-2.23863e-07	-3.43524e-13	0.000160431	-0.00204182	1.93008e-07
16.6122	3.35626e-09	-2.23864e-07	-2.61013e-13	0.000163309	-0.00242608	1.97486e-07
16.6122	9.45809e-09	-2.23865e-07	-1.90576e-13	0.000207273	-0.00406377	2.02025e-07
16.6122	1.36235e-08	-2.23866e-07	-1.42491e-13	0.000131488	-0.00442162	2.0666e-07
16.6122	1.55745e-08	-2.23867e-07	-1.19969e-13	3.34938e-05	-0.00447158	2.11462e-07
16.6122	1.518e-08	-2.23868e-07	-1.24522e-13	-1.00358e-05	-0.00139724	2.16416e-07
16.6122	1.40114e-08	-2.23869e-07	-1.3801e-13	-3.83293e-05	-0.00232451	2.21488e-07
16.6122	1.15135e-08	-2.2387e-07	-1.66844e-13	-6.59769e-05	-0.00234245	2.26667e-07
16.6122	7.61445e-09	-2.23871e-07	-2.11851e-13	-9.41763e-06	-0.000271327	2.31903e-07
16.6122	3.46729e-09	-2.23872e-07	-2.59722e-13	6.49322e-05	0.00216707	2.3712e-07
16.6122	5.26963e-10	-2.23874e-07	-2.93662e-13	4.97547e-05	0.00286341	2.42353e-07
16.6122	-7.24246e-10	-2.23875e-07	-3.08104e-13	9.9131e-06	0.00158651	2.47671e-07
16.6122	-1.00989e-09	-2.23876e-07	-3.114e-13	-1.21807e-06	0.00129035	2.53061e-07
16.6122	-4.76628e-10	-2.23877e-07	-3.05243e-13	-8.21364e-06	0.00116124	2.585e-07
16.6122	8.26405e-10	-2.23879e-07	-2.90201e-13	-1.64534e-05	0.00125466	2.63988e-07
16.6122	2.99361e-09	-2.2388e-07	-2.65182e-13	1.13173e-05	-0.000793204	2.6951e-07
16.6122	4.66584e-09	-2.23882e-07	-2.45877e-13	1.43638e-05	-0.00191825	2.75067e-07
16.6122	5.03985e-09	-2.23883e-07	-2.41559e-13	-1.59298e-06	-0.00150126	2.80685e-07
16.6122	4.3574e-09	-2.23884e-07	-2.49435e-13	-1.06948e-06	-0.000201137	2.8637e-07
16.6122	3.51576e-09	-2.23886e-07	-2.59149e-13	9.52704e-07	0.00017718	2.92122e-07
16.6122	2.78795e-09	-2.23887e-07	-2.67549e-13	-1.6482e-07	-3.28573e-05	2.97949e-07
16.6122	2.02095e-09	-2.23889e-07	-2.76401e-13	2.53861e-06	0.000863861	3.03835e-07
16.6122	1.90146e-09	-2.2389e-07	-2.77779e-13	-5.40206e-07	0.000646063	3.0978e-07
16.6122	2.2848e-09	-2.23892e-07	-2.73352e-13	4.75693e-07	-0.000266477	3.1582e-07
16.6122	2.4632e-09	-2.23894e-07	-2.71291e-13	5.50268e-08	-0.000391321	3.21959e-07
16.6122	2.32705e-09	-2.23895e-07	-2.72861e-13	-6.75573e-08	-6.71789e-05	3.28151e-07
16.6122	2.13268e-09	-2.23897e-07	-2.75103e-13	-5.03713e-07	-0.000271818	3.34321e-07
16.6122	1.70543e-09	-2.23899e-07	-2.80033e-13	2.2036e-07	9.61284e-05	3.40404e-07
16.6122	1.35308e-09	-2.239e-07	-2.84099e-13	2.85619e-07	0.000643182	3.46374e-07
16.6122	1.55637e-09	-2.23902e-07	-2.8175e-13	-1.92611e-07	0.000129479	3.52225e-07
16.6122	1.87798e-09	-2.23904e-07	-2.78036e-13	3.16114e-07	-0.000431418	3.57982e-07
16.6122	1.81559e-09	-2.23906e-07	-2.78754e-13	-6.53917e-08	-0.000106736	3.63726e-07
16.6122	1.65437e-09	-2.23908e-07	-2.80613e-13	7.63949e-08	0.000195447	3.6954e-07
16.6122	1.67258e-09	-2.2391e-07	-2.80401e-13	-1.79245e-08	-0.000106451	3.7546e-07
16.6122	1.59036e-09	-2.23911e-07	-2.81348e-13	-4.02007e-08	-6.68258e-05	3.81488e-07
16.6123	1.44258e-09	-2.23913e-07	-2.83052e-13	5.69792e-08	0.000182721	3.87615e-07
16.6123	1.4709e-09	-2.23915e-07	-2.82723e-13	1.31662e-09	-1.12742e-05	3.93829e-07
16.6123	1.48848e-09	-2.23917e-07	-2.82518e-13	-9.8209e-08	0.000181272	4.00153e-07
16.6123	1.68914e-09	-2.23919e-07	-2.802e-13	9.16895e-08	-0.000253045	4.06665e-07
16.6123	1.63373e-09	-2.23922e-07	-2.80837e-13	-9.92348e-08	-0.000152382	4.13479e-07
16.6123	1.41854e-09	-2.23924e-07	-2.83319e-13	6.50836e-08	7.76635e-05	4.20744e-07
16.6123	1.28187e-09	-2.23926e-07	-2.84894e-13	3.5393e-08	7.95269e-05	4.28642e-07
16.6123	1.22859e-09	-2.23928e-07	-2.85507e-13	-2.90933e-09	0.000109152	4.37306e-07
16.6123	1.29477e-09	-2.2393e-07	-2.84741e-13	-1.55092e-08	3.90502e-05	4.46654e-07
16.6123	1.40646e-09	-2.23933e-07	-2.83449e-13	2.28161e-08	-7.31489e-05	4.56404e-07
16.6123	1.43622e-09	-2.23935e-07	-2.83103e-13	-1.48706e-07	-0.00027106	4.66152e-07
16.6123	1.14746e-09	-2.23937e-07	-2.86434e-13	-1.86124e-08	-1.47355e-05	4.75431e-07
16.6123	8.35543e-10	-2.2394e-07	-2.90032e-13	-5.64889e-08	-4.03274e-05	4.83899e-07
16.6123	4.69232e-10	-2.23942e-07	-2.94258e-13	2.24721e-07	0.000282972	4.91479e-07
16.6123	4.47767e-10	-2.23945e-07	-2.94504e-13	-2.07466e-07	0.000305938	4.98431e-07
16.6123	8.09814e-10	-2.23947e-07	-2.90322e-13	1.21531e-07	-0.000102384	5.05432e-07
16.6123	1.04679e-09	-2.2395e-07	-2.87583e-13	8.57262e-08	-0.000205812	5.13357e-07
16.6123	1.02143e-09	-2.23952e-07	-2.87874e-13	-6.57261e-08	-0.000143723	5.21115e-07
16.6123	8.0724e-10	-2.23955e-07	-2.90343e-13	5.90876e-08	0.000218456	5.27118e-07
16.6123	8.80244e-10	-2.23958e-07	-2.89498e-13	-6.89424e-09	2.10075e-05	5.31824e-07
16.6123	9.81888e-10	-2.23961e-07	-2.88322e-13	-1.99378e-08	4.1216e-05	5.3623e-07
16.6123	1.13987e-09	-2.23963e-07	-2.86495e-13	3.3623e-08	-0.000135334	5.4026e-07
16.6123	1.11551e-09	-2.23966e-07	-2.86774e-13	-3.05483e-08	-9.40157e-05	5.43481e-07
16.6123	9.62942e-10	-2.23969e-07	-2.88532e-13	-2.28581e-07	-0.000210458	5.46326e-07
16.6123	5.21396e-10	-2.23972e-07	-2.93626e-13	1.88566e-07	0.000153488	5.48894e-07
16.6123	2.8905e-10	-2.23974e-07	-2.96305e-13	7.13364e-08	0.00016522	5.50957e-07
16.6123	2.83886e-10	-2.23977e-07	-2.96362e-13	-1.58783e-08	8.35263e-05	5.52709e-07
16.6123	3.94297e-10	-2.2398e-07	-2.95085e-13	1.35819e-08	-0.000110321	5.54192e-07
16.6123	3.51938e-10	-2.23983e-07	-2.95571e-13	-7.97747e-09	9.47534e-05	5.55297e-07
16.6123	4.4116e-10	-2.23986e-07	-2.94538e-13	-8.6765e-09	2.29295e-05	5.56136e-07
16.6123	5.62401e-10	-2.23988e-07	-2.93135e-13	1.18843e-08	-3.38486e-05	5.5668e-07
16.6123	6.36596e-10	-2.23991e-07	-2.92276e-13	6.30098e-09	-3.54051e-05	5.56904e-07
16.6123	6.61507e-10	-2.23994e-07	-2.91986e-13	-5.29725e-09	3.14952e-05	5.56851e-07
16.6123	7.30247e-10	-2.23997e-07	-2.91189e-13	-5.80927e-08	-0.000209624	5.56481e-07
16.6123	5.07432e-10	-2.24e-07	-2.93758e-13	-1.34577e-08	-1.59985e-05	5.55818e-07
16.6123	2.62717e-10	-2.24003e-07	-2.9658e-13	4.39467e-08	6.01305e-05	5.54854e-07
16.6123	1.01829e-10	-2.24005e-07	-2.98435e-13	-1.11283e-08	0.000250015	5.53555e-07
16.6123	2.86901e-10	-2.24008e-07	-2.96295e-13	2.48521e-09	-3.76465e-06	5.5195e-07
16.6123	4.662e-10	-2.24011e-07	-2.94223e-13	3.92323e-08	-9.4863e-05	5.5003e-07
16.6123	5.14624e-10	-2.24014e-07	-2.93661e-13	-2.50947e-09	1.21375e-05	5.47804e-07
16.6123	5.79425e-10	-2.24016e-07	-2.9291e-13	4.60439e-09	-6.75909e-05	5.45304e-07
16.6123	5.51993e-10	-2.24019e-07	-2.93224e-13	-6.65652e-10	4.61163e-05	5.42515e-07
16.6123	5.87087e-10	-2.24022e-07	-2.92816e-13	-3.18524e-10	2.34918e-06	5.39461e-07
16.6123	6.25134e-10	-2.24025e-07	-2.92374e-13	-1.20419e-08	4.66545e-05	5.36123e-07
16.6123	7.25259e-10	-2.24027e-07	-2.91215e-13	-1.13244e-08	2.57841e-05	5.32527e-07
16.6123	8.58903e-10	-2.2403e-07	-2.8967e-13	1.32925e-08	-3.1234e-05	5.28693e-07
16.6123	9.50416e-10	-2.24033e-07	-2.88611e-13	1.20663e-08	-6.7609e-05	5.24601e-07
16.6123	9.52884e-10	-2.24035e-07	-2.88579e-13	-2.58124e-08	-0.000103519	5.20307e-07
16.6123	8.21246e-10	-2.24038e-07	-2.90096e-13	2.56157e-08	0.000110699	5.15791e-07
16.6123	8.32889e-10	-2.24041e-07	-2.89959e-13	-3.65997e-08	0.000112265	5.11064e-07
16.6123	9.87183e-10	-2.24043e-07	-2.88175e-13	-3.42319e-08	4.72324e-05	5.06152e-07
16.6123	1.19943e-09	-2.24046e-07	-2.85723e-13	6.89907e-08	-0.000197179	5.01042e-07
16.6123	1.16378e-09	-2.24048e-07	-2.86132e-13	-5.88744e-09	-2.77233e-05	4.95724e-07
16.6123	1.09434e-09	-2.24051e-07	-2.86931e-13	-2.75762e-08	-6.28461e-05	4.90261e-07
16.6123	9.49089e-10	-2.24053e-07	-2.88605e-13	3.51896e-08	0.000130504	4.84662e-07
16.6123	9.62728e-10	-2.24056e-07	-2.88445e-13	-2.37318e-08	8.67629e-05	4.78892e-07
16.6123	1.07944e-09	-2.24058e-07	-2.87095e-13	-3.79218e-07	0.000303545	4.72977e-07
16.6123	1.55135e-09	-2.24061e-07	-2.81645e-13	3.80344e-07	-0.000305869	4.66962e-07
16.6123	1.66242e-09	-2.24063e-07	-2.80361e-13	-4.30191e-09	-0.000200124	4.60854e-07
16.6123	1.54298e-09	-2.24065e-07	-2.81737e-13	-3.98172e-10	-7.60329e-07	4.54637e-07
16.6123	1.42433e-09	-2.24068e-07	-2.83104e-13	-5.69069e-09	0.000220563	4.48318e-07
16.6123	1.55279e-09	-2.2407e-07	-2.81619e-13	-6.20478e-08	7.9868e-05	4.41909e-07
16.6123	1.76699e-09	-2.24072e-07	-2.79144e-13	-6.15216e-08	5.51987e-05	4.35458e-07
16.6123	2.03768e-09	-2.24074e-07	-2.76017e-13	1.34861e-08	-1.10089e-05	4.28966e-07
16.6123	2.29257e-09	-2.24076e-07	-2.73073e-13	3.75603e-08	-0.000445257	4.22408e-07
16.6123	2.07699e-09	-2.24078e-07	-2.75559e-13	1.01095e-07	0.00016219	4.15796e-07
16.6123	2.03206e-09	-2.24081e-07	-2.76076e-13	-4.343e-08	0.000182384	4.09162e-07
16.6123	2.1729e-09	-2.24083e-07	-2.74448e-13	-1.53919e-07	0.000145503	4.02509e-07
16.6123	2.45664e-09	-2.24085e-07	-2.7117e-13	4.24666e-08	-3.1632e-05	3.95855e-07
16.6123	2.70461e-09	-2.24087e-07	-2.68306e-13	1.59512e-07	-0.000245879	3.89223e-07
16.6123	2.71118e-09	-2.24089e-07	-2.68228e-13	-2.36136e-08	9.06176e-05	3.82586e-07
16.6123	2.80355e-09	-2.24091e-07	-2.6716e-13	-2.90573e-08	4.78831e-05	3.75945e-07
16.6123	2.93892e-09	-2.24092e-07	-2.65595e-13	-1.43956e-08	1.86207e-05	3.69312e-07
16.6123	3.08891e-09	-2.24094e-07	-2.63862e-13	2.98818e-08	-0.000286078	3.62703e-07
16.6123	2.97916e-09	-2.24096e-07	-2.65127e-13	2.26191e-08	4.55156e-05	3.56134e-07
16.6123	2.91156e-09	-2.24098e-07	-2.65905e-13	2.77243e-09	0.000145652	3.49608e-07
16.6123	2.97132e-09	-2.241e-07	-2.65214e-13	6.4272e-09	-2.21921e-05	3.43113e-07
16.6123	3.01111e-09	-2.24101e-07	-2.64753e-13	-8.06455e-07	0.000523062	3.36682e-07
16.6123	3.48625e-09	-2.24103e-07	-2.59266e-13	-2.2033e-07	7.2688e-05	3.30321e-07
16.6123	4.01179e-09	-2.24105e-07	-2.53198e-13	9.7383e-07	-0.000489689	3.23986e-07
16.6123	4.13442e-09	-2.24106e-07	-2.51781e-13	3.27215e-08	-0.000254311	3.17696e-07
16.6123	4.05466e-09	-2.24108e-07	-2.527e-13	-2.49829e-07	-0.000230569	3.1147e-07
16.6123	3.79871e-09	-2.2411e-07	-2.55653e-13	2.49724e-07	0.000433621	3.05319e-07
16.6123	3.87551e-09	-2.24111e-07	-2.54765e-13	-8.16421e-07	0.000478798	2.99226e-07
16.6123	4.3053e-09	-2.24113e-07	-2.49802e-13	-1.28389e-06	0.00034177	2.93192e-07
16.6123	4.97434e-09	-2.24114e-07	-2.42077e-13	1.98227e-06	-0.000682308	2.87247e-07
16.6123	5.14485e-09	-2.24115e-07	-2.40107e-13	-6.15073e-07	-0.000790867	2.8137e-07
16.6123	4.76131e-09	-2.24117e-07	-2.44533e-13	2.93286e-07	0.000119396	2.75558e-07
16.6123	4.46711e-09	-2.24118e-07	-2.47928e-13	-2.79261e-07	0.000977443	2.69834e-07
16.6123	4.83146e-09	-2.2412e-07	-2.43721e-13	2.65838e-07	-0.000108106	2.64171e-07
16.6123	5.11748e-09	-2.24121e-07	-2.40418e-13	5.19026e-08	-2.43925e-05	2.58574e-07
16.6123	5.38182e-09	-2.24122e-07	-2.37365e-13	3.76553e-07	-0.000271064	2.53077e-07
16.6123	5.47089e-09	-2.24124e-07	-2.36336e-13	2.97632e-08	-0.000233646	2.4764e-07
16.6123	5.41496e-09	-2.24125e-07	-2.3698e-13	-6.37218e-08	-9.2591e-05	2.42263e-07
16.6123	5.30478e-09	-2.24126e-07	-2.38251e-13	-1.00753e-06	0.00084488	2.36975e-07
16.6123	5.692e-09	-2.24127e-07	-2.33779e-13	-2.84791e-06	0.000594443	2.3174e-07
16.6123	6.41113e-09	-2.24128e-07	-2.25477e-13	-3.66069e-06	0.000488239	2.26564e-07
16.6123	7.38754e-09	-2.24129e-07	-2.14205e-13	7.02662e-06	-0.00126442	2.21465e-07
16.6123	7.64983e-09	-2.24131e-07	-2.11176e-13	-2.3907e-06	-0.0015682	2.16431e-07
16.6123	7.06741e-09	-2.24132e-07	-2.17898e-13	8.15129e-07	0.000161707	2.11457e-07
16.6123	6.58294e-09	-2.24133e-07	-2.23489e-13	1.83948e-06	0.00127953	2.06557e-07
16.6123	6.76269e-09	-2.24134e-07	-2.21413e-13	-2.30657e-06	0.00067084	2.0171e-07
16.6123	7.27242e-09	-2.24135e-07	-2.15528e-13	-1.21329e-06	0.000214659	1.96912e-07
16.6123	7.87437e-09	-2.24136e-07	-2.08579e-13	3.48312e-06	-0.000865223	1.92193e-07
16.6123	8.05118e-09	-2.24137e-07	-2.06537e-13	-1.9906e-06	-0.00133947	1.87502e-07
16.6123	7.60361e-09	-2.24138e-07	-2.11702e-13	7.01294e-07	0.000157951	1.8284e-07
16.6123	7.23848e-09	-2.24139e-07	-2.15916e-13	1.6327e-06	0.000771454	1.78277e-07
16.6123	7.22196e-09	-2.24139e-07	-2.16106e-13	-3.5818e-09	-1.57671e-05	1.73755e-07
16.6123	7.1991e-09	-2.2414e-07	-2.16369e-13	-7.75841e-08	-0.000130738	1.69231e-07
16.6123	7.12226e-09	-2.24141e-07	-2.17255e-13	-9.77341e-07	0.000835831	1.64776e-07
16.6123	7.38717e-09	-2.24142e-07	-2.14196e-13	-3.50457e-06	0.00069975	1.60381e-07
16.6123	7.92165e-09	-2.24143e-07	-2.08025e-13	-2.49155e-06	0.000328716	1.55983e-07
16.6123	8.56762e-09	-2.24144e-07	-2.00568e-13	-4.22381e-05	0.00276004	1.51634e-07
16.6123	1.0227e-08	-2.24144e-07	-1.81412e-13	-4.89212e-05	0.00182689	1.47387e-07
16.6123	1.25034e-08	-2.24145e-07	-1.55134e-13	4.3796e-05	-0.0016018	1.43138e-07
16.6123	1.41478e-08	-2.24146e-07	-1.36151e-13	3.87715e-05	-0.00716732	1.3885e-07
16.6123	1.32927e-08	-2.24146e-07	-1.46022e-13	-0.000131898	-0.00517902	1.34682e-07
16.6123	1.07454e-08	-2.24147e-07	-1.75425e-13	-0.000110392	-0.0024733	1.30651e-07
16.6123	7.47957e-09	-2.24148e-07	-2.13123e-13	-0.000259006	-0.00421622	1.2669e-07
16.6123	2.99847e-09	-2.24148e-07	-2.6485e-13	-0.000162137	-0.0020968	1.22754e-07
16.6123	-1.97369e-09	-2.24149e-07	-3.22245e-13	4.03438e-05	0.000495838	1.18793e-07
16.6123	-6.63775e-09	-2.2415e-07	-3.76084e-13	0.000406417	0.00633431	1.14778e-07
16.6123	-9.35415e-09	-2.2415e-07	-4.0744e-13	0.000211304	0.0125365	1.10802e-07
16.6123	-8.5651e-09	-2.24151e-07	-3.98331e-13	-0.000566114	0.0124142	1.07168e-07
16.6123	-4.5269e-09	-2.24151e-07	-3.51716e-13	-0.00163442	0.0144132	1.04121e-07
16.6123	3.11006e-09	-2.24152e-07	-2.63559e-13	-0.00143943	0.008365	1.01403e-07
16.6123	1.26372e-08	-2.24152e-07	-1.53583e-13	-0.00133339	0.00632441	9.86915e-08
16.6123	2.34458e-08	-2.24153e-07	-2.88131e-14	0.000803437	-0.00368778	9.55329e-08
16.6123	3.29891e-08	-2.24153e-07	8.13501e-14	0.00115958	-0.00603909	9.19763e-08
16.6123	4.08139e-08	-2.24154e-07	1.71675e-13	0.00132533	-0.00862215	8.85696e-08
16.6123	4.64778e-08	-2.24154e-07	2.37057e-13	0.00142454	-0.0154598	8.53417e-08
16.6123	4.86993e-08	-2.24155e-07	2.62701e-13	0.00021009	-0.0159511	8.25367e-08
16.6123	4.76131e-08	-2.24155e-07	2.50163e-13	-0.0011638	-0.0168499	8.04197e-08
16.6123	4.32001e-08	-2.24155e-07	1.99222e-13	-0.00214354	-0.0144135	7.89322e-08
16.6123	3.60317e-08	-2.24156e-07	1.16475e-13	-6.959e-05	-0.000371822	7.75704e-08
16.6123	2.89306e-08	-2.24156e-07	3.45036e-14	-0.000175463	-0.00092075	7.63312e-08
16.6123	2.17439e-08	-2.24157e-07	-4.8455e-14	0.000522806	0.00281722	7.54185e-08
16.6123	1.5167e-08	-2.24157e-07	-1.24374e-13	0.000878567	0.00534983	7.46198e-08
16.6123	9.64776e-09	-2.24157e-07	-1.88085e-13	-0.000987696	-0.00595689	7.43511e-08
16.6123	3.00503e-09	-2.24158e-07	-2.64765e-13	0.00139653	0.00881679	7.42216e-08
16.6123	-1.96595e-09	-2.24158e-07	-3.22147e-13	0.000973676	0.00856271	7.39608e-08
16.6123	-5.35003e-09	-2.24158e-07	-3.6121e-13	0.000835571	0.0169933	7.4048e-08
16.6123	-5.59417e-09	-2.24159e-07	-3.64028e-13	-1.68595e-05	0.00422821	7.46048e-08
16.6123	-5.04795e-09	-2.24159e-07	-3.57722e-13	-0.000100071	0.00405203	7.5711e-08
16.6123	-3.71826e-09	-2.2416e-07	-3.42373e-13	-6.34878e-06	0.000179905	7.72688e-08
16.6123	-2.32246e-09	-2.2416e-07	-3.2626e-13	-0.000185872	0.00405009	7.93052e-08
16.6123	-7.10853e-11	-2.2416e-07	-3.00271e-13	0.000162715	-0.00342918	8.17524e-08
16.6123	1.54104e-09	-2.24161e-07	-2.81661e-13	-2.15185e-05	0.000535381	8.46304e-08
16.6123	3.32981e-09	-2.24161e-07	-2.61012e-13	0.00016054	-0.00613189	8.79843e-08
16.6123	3.81628e-09	-2.24162e-07	-2.55396e-13	5.47381e-06	-0.000583497	9.18435e-08
16.6123	4.18832e-09	-2.24162e-07	-2.51101e-13	-9.90048e-06	-0.00412804	9.63111e-08
16.6123	3.5607e-09	-2.24163e-07	-2.58345e-13	-8.37902e-06	-0.000590262	1.01445e-07
16.6123	2.74436e-09	-2.24163e-07	-2.67768e-13	-1.95896e-05	-0.00106798	1.07359e-07
16.6123	1.58334e-09	-2.24164e-07	-2.8117e-13	2.34937e-06	0.000113329	1.1416e-07
16.6123	3.79285e-10	-2.24164e-07	-2.95068e-13	-3.02745e-05	-0.00128011	1.22034e-07
16.6123	-1.31549e-09	-2.24165e-07	-3.14631e-13	1.4382e-06	5.3828e-05	1.31219e-07
16.6123	-3.12476e-09	-2.24166e-07	-3.35516e-13	-1.35983e-05	-0.000489013	1.41992e-07
16.6123	-5.26953e-09	-2.24166e-07	-3.60273e-13	-1.23854e-05	-0.000411985	1.54772e-07
16.6123	-7.78271e-09	-2.24167e-07	-3.89283e-13	1.08495e-05	0.000359317	1.70119e-07
16.6123	-1.03964e-08	-2.24168e-07	-4.19452e-13	5.23795e-05	0.0022023	1.88941e-07
16.6123	-1.22177e-08	-2.24169e-07	-4.40476e-13	3.09492e-05	0.00266688	2.12693e-07
16.6123	-1.27756e-08	-2.2417e-07	-4.46915e-13	2.4369e-06	0.000998897	2.44074e-07
16.6123	-1.27681e-08	-2.24172e-07	-4.46826e-13	-3.47797e-07	-0.000384699	2.88621e-07
16.6123	-1.3062e-08	-2.24173e-07	-4.50218e-13	-4.48722e-06	-0.00101756	3.59376e-07
16.6123	-1.44654e-08	-2.24175e-07	-4.66416e-13	1.15848e-06	0.000177988	4.95708e-07
16.6123	-1.62475e-08	-2.24178e-07	-4.86984e-13	3.54022e-06	0.00144653	8.51991e-07
16.6123	-1.55951e-08	-2.24184e-07	-4.79447e-13	-1.24464e-06	0.00050952	3.14618e-06
16.6123	-5.97634e-09	-2.2421e-07	-3.68387e-13	-0.399999	-0.000743362	0.00273234
16.6095	-6.66586e-09	-1.96517e-07	-4.04865e-13	0.4	8.47137e-08	0.0054206
