17.852	-9.18198e-13	-0.00689037	-5.53038e-16	1.28853e-10	-3.73934e-09	2.19122
17.8536	-3.17094e-11	-0.00689823	-1.53651e-13	8.68859e-12	3.35101e-08	0.0017576
17.8537	-1.5226e-11	-0.00689876	-7.16864e-14	4.65101e-12	3.78895e-08	0.000170108
17.8538	4.85989e-12	-0.00689904	2.81722e-14	3.52818e-12	-7.72489e-09	0.000104291
17.8538	1.83207e-11	-0.00689925	9.50887e-14	3.14864e-12	-2.90766e-08	8.49469e-05
17.8539	2.4497e-11	-0.00689944	1.25788e-13	3.00383e-12	-2.09622e-08	7.82702e-05
17.8539	2.63892e-11	-0.00689963	1.35189e-13	2.96372e-12	-3.98134e-09	7.59958e-05
17.854	2.75059e-11	-0.00689981	1.40733e-13	2.97521e-12	2.53833e-09	7.56598e-05
17.854	2.9108e-11	-0.00689999	1.48693e-13	3.01205e-12	4.94483e-09	7.62819e-05
17.854	3.1679e-11	-0.00690017	1.61467e-13	3.06452e-12	-2.48458e-10	7.7418e-05
17.8541	3.42459e-11	-0.00690036	1.74219e-13	3.12466e-12	-4.02918e-09	7.88457e-05
17.8541	3.60611e-11	-0.00690055	1.83235e-13	3.19046e-12	-4.23516e-09	8.04489e-05
17.8542	3.7054e-11	-0.00690074	1.88162e-13	3.25935e-12	-2.03433e-09	8.21678e-05
17.8542	3.76459e-11	-0.00690094	1.91096e-13	3.33172e-12	-2.05879e-09	8.39691e-05
17.8542	3.78141e-11	-0.00690114	1.91925e-13	3.40608e-12	-1.19782e-09	8.5839e-05
17.8543	3.77262e-11	-0.00690135	1.91481e-13	3.48322e-12	-8.21003e-10	8.77696e-05
17.8543	3.74541e-11	-0.00690156	1.9012e-13	3.56219e-12	-1.97485e-09	8.97588e-05
17.8544	3.67276e-11	-0.00690178	1.86503e-13	3.64396e-12	-4.4749e-10	9.18068e-05
17.8544	3.58807e-11	-0.006902	1.82288e-13	3.72786e-12	-3.3998e-09	9.39184e-05
17.8545	3.42069e-11	-0.00690222	1.73963e-13	3.81454e-12	-2.87057e-09	9.60936e-05
17.8545	3.17966e-11	-0.00690245	1.61981e-13	3.90351e-12	-2.16803e-09	9.8332e-05
17.8546	2.87909e-11	-0.00690269	1.47042e-13	3.99536e-12	-1.68957e-09	0.000100636
17.8546	2.52846e-11	-0.00690293	1.29616e-13	4.08976e-12	-2.28751e-09	0.000103009
17.8547	2.10993e-11	-0.00690318	1.0882e-13	4.18698e-12	-9.93726e-10	0.00010545
17.8547	1.65497e-11	-0.00690344	8.62164e-14	4.28676e-12	-1.20373e-09	0.00010796
17.8548	1.15628e-11	-0.0069037	6.14424e-14	4.38965e-12	4.9737e-10	0.000110541
17.8548	6.59544e-12	-0.00690396	3.6766e-14	4.49542e-12	2.76129e-09	0.000113195
17.8549	2.29931e-12	-0.00690424	1.54275e-14	4.60396e-12	2.07227e-09	0.000115924
17.8549	-1.49288e-12	-0.00690452	-3.40446e-15	4.71524e-12	1.01346e-09	0.000118727
17.855	-5.07243e-12	-0.0069048	-2.11809e-14	4.82984e-12	3.16128e-09	0.000121606
17.8551	-7.76632e-12	-0.00690509	-3.4557e-14	4.94701e-12	7.52276e-10	0.000124559
17.8551	-1.02885e-11	-0.0069054	-4.70777e-14	5.06724e-12	2.98667e-09	0.000127585
17.8552	-1.1908e-11	-0.0069057	-5.51176e-14	5.19032e-12	5.66589e-09	0.000130684
17.8553	-1.16935e-11	-0.00690602	-5.40481e-14	5.316e-12	5.75214e-09	0.000133857
17.8553	-9.52577e-12	-0.00690634	-4.32838e-14	5.44431e-12	7.97429e-09	0.000137099
17.8554	-4.53979e-12	-0.00690667	-1.85296e-14	5.57614e-12	2.54659e-10	0.000140413
17.8555	6.57059e-13	-0.00690701	7.26776e-15	5.71038e-12	-1.79925e-09	0.000143797
17.8555	5.32438e-12	-0.00690736	3.0434e-14	5.8472e-12	-2.13304e-09	0.000147249
17.8556	9.30905e-12	-0.00690771	5.02095e-14	5.98666e-12	-3.56416e-09	0.000150769
17.8557	1.20295e-11	-0.00690807	6.37072e-14	6.12848e-12	-3.86866e-09	0.000154354
17.8558	1.33041e-11	-0.00690844	7.00281e-14	6.27267e-12	-3.90834e-09	0.000158
17.8559	1.3047e-11	-0.00690883	6.87462e-14	6.41912e-12	-1.22148e-09	0.000161704
17.8559	1.22843e-11	-0.00690921	6.49574e-14	6.56796e-12	-2.03291e-09	0.000165468
17.856	1.06534e-11	-0.00690961	5.68607e-14	6.71887e-12	-2.05074e-09	0.000169289
17.8561	8.10722e-12	-0.00691002	4.42246e-14	6.87169e-12	-2.38472e-10	0.000173159
17.8562	5.39873e-12	-0.00691044	3.07864e-14	7.0261e-12	1.89663e-09	0.000177073
17.8563	3.47832e-12	-0.00691086	2.12582e-14	7.18191e-12	2.5044e-09	0.000181025
17.8564	2.66115e-12	-0.0069113	1.72037e-14	7.33927e-12	1.3873e-09	0.000185017
17.8565	2.4747e-12	-0.00691174	1.62773e-14	7.49773e-12	1.12837e-09	0.000189042
17.8566	2.8232e-12	-0.0069122	1.80033e-14	7.65714e-12	1.0159e-09	0.000193093
17.8567	3.67467e-12	-0.00691266	2.22243e-14	7.8177e-12	1.09801e-09	0.000197171
17.8568	5.09086e-12	-0.00691314	2.92428e-14	7.97991e-12	-6.93705e-10	0.000201284
17.8569	6.18378e-12	-0.00691362	3.46596e-14	8.1437e-12	-1.67811e-09	0.000205439
17.857	6.4285e-12	-0.00691411	3.5868e-14	8.30898e-12	-1.3135e-09	0.000209632
17.8571	5.9829e-12	-0.00691462	3.36582e-14	8.47594e-12	-1.7615e-10	0.000213866
17.8572	5.43322e-12	-0.00691513	3.09301e-14	8.64529e-12	1.54932e-10	0.000218153
17.8573	4.95789e-12	-0.00691565	2.85708e-14	8.81664e-12	-2.89242e-11	0.000222494
17.8574	4.45689e-12	-0.00691619	2.60852e-14	8.98945e-12	7.56037e-10	0.000226881
17.8575	4.37905e-12	-0.00691673	2.56977e-14	9.16419e-12	5.65562e-10	0.00023131
17.8576	4.6299e-12	-0.00691729	2.69362e-14	9.34227e-12	-2.33229e-10	0.000235807
17.8578	4.74682e-12	-0.00691785	2.75145e-14	9.52295e-12	-3.42629e-10	0.000240379
17.8579	4.65812e-12	-0.00691843	2.7072e-14	9.70406e-12	-5.88432e-11	0.00024499
17.858	4.53135e-12	-0.00691902	2.64393e-14	9.88334e-12	-2.38096e-10	0.000249583
17.8581	4.25231e-12	-0.00691962	2.50551e-14	1.00593e-11	8.40996e-11	0.000254111
17.8583	4.02221e-12	-0.00692022	2.3914e-14	1.02318e-11	5.634e-10	0.000258552
17.8584	4.15543e-12	-0.00692084	2.4571e-14	1.04008e-11	1.13478e-10	0.000262905
17.8585	4.36604e-12	-0.00692147	2.56092e-14	1.05678e-11	-3.77976e-10	0.000267188
17.8586	4.32555e-12	-0.00692211	2.54074e-14	1.0736e-11	-9.355e-11	0.00027146
17.8588	4.22043e-12	-0.00692276	2.48821e-14	1.0907e-11	1.71274e-10	0.000275783
17.8589	4.23265e-12	-0.00692342	2.49392e-14	1.10813e-11	-9.3301e-11	0.000280184
17.8591	4.17919e-12	-0.00692409	2.46728e-14	1.12586e-11	-5.85965e-11	0.000284666
17.8592	4.08284e-12	-0.00692477	2.41917e-14	1.14386e-11	1.60166e-10	0.00028922
17.8594	4.10169e-12	-0.00692547	2.42829e-14	1.1621e-11	-9.88335e-12	0.000293839
17.8595	4.11351e-12	-0.00692617	2.43372e-14	1.18073e-11	1.59019e-10	0.000298539
17.8597	4.24515e-12	-0.00692688	2.49851e-14	1.20005e-11	-2.21959e-10	0.000303377
17.8598	4.20924e-12	-0.00692761	2.48059e-14	1.22045e-11	-1.33693e-10	0.00030844
17.86	4.06876e-12	-0.00692835	2.41067e-14	1.24241e-11	6.8112e-11	0.000313839
17.8601	3.97966e-12	-0.0069291	2.36625e-14	1.26651e-11	6.9756e-11	0.000319709
17.8603	3.94513e-12	-0.00692986	2.3488e-14	1.29292e-11	9.58086e-11	0.000326148
17.8604	3.9888e-12	-0.00693064	2.37011e-14	1.32101e-11	3.42984e-11	0.000333096
17.8606	4.06229e-12	-0.00693144	2.40603e-14	1.34978e-11	-6.42133e-11	0.000340344
17.8608	4.08216e-12	-0.00693226	2.41553e-14	1.37784e-11	-2.38024e-10	0.000347587
17.861	3.89347e-12	-0.00693309	2.32191e-14	1.40384e-11	-1.30073e-11	0.000354479
17.8611	3.68959e-12	-0.00693394	2.2209e-14	1.42714e-11	-3.54813e-11	0.000360765
17.8613	3.45006e-12	-0.0069348	2.10231e-14	1.44796e-11	2.48559e-10	0.000366389
17.8615	3.43635e-12	-0.00693567	2.09515e-14	1.46756e-11	2.68835e-10	0.000371542
17.8617	3.67385e-12	-0.00693656	2.21208e-14	1.48866e-11	-8.99199e-11	0.000376731
17.8619	3.82947e-12	-0.00693746	2.28838e-14	1.51366e-11	-1.80881e-10	0.000382607
17.8621	3.81325e-12	-0.00693837	2.28008e-14	1.53376e-11	-1.26359e-10	0.000388358
17.8623	3.67332e-12	-0.0069393	2.21052e-14	1.54849e-11	1.92055e-10	0.000392798
17.8625	3.72154e-12	-0.00694023	2.23404e-14	1.561e-11	1.84985e-11	0.00039627
17.8627	3.78856e-12	-0.00694117	2.26657e-14	1.57399e-11	3.62728e-11	0.000399521
17.8629	3.89251e-12	-0.00694212	2.3176e-14	1.58428e-11	-1.19038e-10	0.000402489
17.8631	3.87697e-12	-0.00694308	2.30942e-14	1.59253e-11	-8.27427e-11	0.000404853
17.8633	3.77739e-12	-0.00694404	2.25994e-14	1.60064e-11	-1.85276e-10	0.000406939
17.8635	3.48833e-12	-0.006945	2.117e-14	1.60724e-11	1.35037e-10	0.000408814
17.8637	3.33638e-12	-0.00694597	2.04186e-14	1.61241e-11	1.45444e-10	0.000410314
17.8639	3.33337e-12	-0.00694694	2.03994e-14	1.61721e-11	7.3571e-11	0.000411585
17.8641	3.40616e-12	-0.00694792	2.07542e-14	1.62077e-11	-9.71825e-11	0.000412652
17.8643	3.37875e-12	-0.00694889	2.06166e-14	1.62338e-11	8.34789e-11	0.000413439
17.8645	3.43765e-12	-0.00694987	2.09025e-14	1.62538e-11	2.02411e-11	0.000414026
17.8647	3.51759e-12	-0.00695085	2.1292e-14	1.62628e-11	-2.98295e-11	0.000414395
17.8649	3.56665e-12	-0.00695183	2.15284e-14	1.6264e-11	-3.11845e-11	0.000414525
17.8651	3.58341e-12	-0.00695281	2.16078e-14	1.62567e-11	2.77739e-11	0.000414448
17.8653	3.62892e-12	-0.00695378	2.18262e-14	1.62396e-11	-1.8486e-10	0.000414137
17.8655	3.4831e-12	-0.00695476	2.1105e-14	1.62151e-11	-1.41471e-11	0.000413607
17.8658	3.32288e-12	-0.00695574	2.03147e-14	1.61804e-11	5.2998e-11	0.000412853
17.866	3.21764e-12	-0.00695671	1.97921e-14	1.61365e-11	2.20585e-10	0.000411851
17.8662	3.3395e-12	-0.00695768	2.03884e-14	1.60839e-11	-3.2894e-12	0.00041062
17.8664	3.4576e-12	-0.00695865	2.09645e-14	1.60216e-11	-8.36981e-11	0.000409155
17.8666	3.48978e-12	-0.00695961	2.11202e-14	1.59512e-11	1.07163e-11	0.000407464
17.8668	3.53272e-12	-0.00696057	2.13253e-14	1.5873e-11	-5.96648e-11	0.00040557
17.867	3.5151e-12	-0.00696152	2.12355e-14	1.57858e-11	4.07136e-11	0.00040346
17.8672	3.53853e-12	-0.00696247	2.13469e-14	1.56922e-11	2.09434e-12	0.000401154
17.8674	3.56392e-12	-0.00696341	2.14686e-14	1.55885e-11	4.12294e-11	0.000398638
17.8676	3.63009e-12	-0.00696435	2.17889e-14	1.54799e-11	2.28046e-11	0.000395932
17.8678	3.71829e-12	-0.00696528	2.22184e-14	1.53622e-11	-2.7594e-11	0.000393047
17.868	3.77881e-12	-0.0069662	2.25116e-14	1.52386e-11	-5.97383e-11	0.000389971
17.8682	3.78084e-12	-0.00696712	2.2516e-14	1.51093e-11	-9.15492e-11	0.000386747
17.8684	3.69471e-12	-0.00696802	2.20894e-14	1.49729e-11	9.78948e-11	0.000383359
17.8685	3.70276e-12	-0.00696892	2.21262e-14	1.48313e-11	9.92839e-11	0.000379815
17.8687	3.80455e-12	-0.00696981	2.26208e-14	1.46842e-11	4.18387e-11	0.000376134
17.8689	3.94449e-12	-0.00697069	2.33041e-14	1.45311e-11	-1.74446e-10	0.000372308
17.8691	3.92144e-12	-0.00697156	2.31883e-14	1.43719e-11	-2.45489e-11	0.000368326
17.8693	3.87617e-12	-0.00697243	2.29625e-14	1.42104e-11	-5.56242e-11	0.000364238
17.8695	3.78104e-12	-0.00697328	2.24916e-14	1.40433e-11	1.15493e-10	0.00036005
17.8697	3.79038e-12	-0.00697412	2.25331e-14	1.3872e-11	7.68173e-11	0.000355736
17.8698	3.8675e-12	-0.00697495	2.29084e-14	1.36966e-11	2.6888e-10	0.000351316
17.87	4.17829e-12	-0.00697577	2.44269e-14	1.35194e-11	-2.70862e-10	0.000346822
17.8702	4.25174e-12	-0.00697658	2.47824e-14	1.33388e-11	-1.77257e-10	0.00034226
17.8703	4.17356e-12	-0.00697738	2.43959e-14	1.31554e-11	-7.11787e-13	0.000337619
17.8705	4.09586e-12	-0.00697817	2.40108e-14	1.29687e-11	1.95453e-10	0.000332902
17.8707	4.18076e-12	-0.00697895	2.44238e-14	1.27801e-11	7.0802e-11	0.000328118
17.8708	4.32208e-12	-0.00697971	2.51126e-14	1.25913e-11	4.89749e-11	0.000323307
17.871	4.50061e-12	-0.00698047	2.59826e-14	1.24004e-11	-9.7058e-12	0.000318466
17.8712	4.66875e-12	-0.00698121	2.68015e-14	1.22075e-11	-3.94751e-10	0.000313575
17.8713	4.52725e-12	-0.00698194	2.61056e-14	1.20137e-11	1.43775e-10	0.000308646
17.8715	4.49805e-12	-0.00698266	2.59588e-14	1.18197e-11	1.61759e-10	0.000303702
17.8716	4.59113e-12	-0.00698336	2.64114e-14	1.16248e-11	1.29108e-10	0.000298745
17.8718	4.7783e-12	-0.00698406	2.7322e-14	1.14307e-11	-2.80242e-11	0.000293787
17.8719	4.94194e-12	-0.00698474	2.81198e-14	1.12372e-11	-2.18114e-10	0.000288846
17.8721	4.94665e-12	-0.00698542	2.8137e-14	1.10429e-11	8.04165e-11	0.000283904
17.8722	5.00785e-12	-0.00698608	2.84338e-14	1.08492e-11	4.25309e-11	0.000278959
17.8723	5.09738e-12	-0.00698672	2.88687e-14	1.06555e-11	1.65374e-11	0.00027402
17.8725	5.19654e-12	-0.00698736	2.93479e-14	1.04633e-11	-2.53942e-10	0.000269101
17.8726	5.12462e-12	-0.00698799	2.89927e-14	1.02719e-11	4.03844e-11	0.000264212
17.8727	5.08045e-12	-0.0069886	2.87745e-14	1.00823e-11	1.2934e-10	0.000259356
17.8729	5.12017e-12	-0.0069892	2.89641e-14	9.89278e-12	-1.97011e-11	0.000254524
17.873	5.14673e-12	-0.0069898	2.9091e-14	9.70688e-12	4.6459e-10	0.000249739
17.8731	5.46011e-12	-0.00699038	3.06179e-14	9.52147e-12	6.4659e-11	0.000245007
17.8732	5.80672e-12	-0.00699094	3.23074e-14	9.33728e-12	-4.3494e-10	0.000240297
17.8734	5.88789e-12	-0.0069915	3.27023e-14	9.1545e-12	-2.25927e-10	0.00023562
17.8735	5.8357e-12	-0.00699205	3.24436e-14	8.97402e-12	-2.0492e-10	0.00023099
17.8736	5.66739e-12	-0.00699258	3.16176e-14	8.79569e-12	3.85321e-10	0.000226417
17.8737	5.71834e-12	-0.00699311	3.18639e-14	8.61864e-12	4.25574e-10	0.000221888
17.8738	6.00194e-12	-0.00699362	3.32439e-14	8.44377e-12	3.03871e-10	0.000217403
17.8739	6.44324e-12	-0.00699413	3.53961e-14	8.27191e-12	-6.06417e-10	0.000212984
17.874	6.55599e-12	-0.00699462	3.59413e-14	8.10109e-12	-7.03112e-10	0.000208617
17.8741	6.30354e-12	-0.00699511	3.47078e-14	7.93315e-12	1.06091e-10	0.0002043
17.8742	6.10993e-12	-0.00699558	3.37597e-14	7.76746e-12	8.69117e-10	0.000200048
17.8743	6.35045e-12	-0.00699604	3.49295e-14	7.60295e-12	-9.60479e-11	0.00019584
17.8744	6.53935e-12	-0.0069965	3.58475e-14	7.44129e-12	-2.16843e-11	0.000191683
17.8745	6.71395e-12	-0.00699694	3.66971e-14	7.28258e-12	-2.4103e-10	0.0001876
17.8746	6.77301e-12	-0.00699738	3.69808e-14	7.12447e-12	-2.07833e-10	0.000183563
17.8747	6.73645e-12	-0.0069978	3.6801e-14	6.96933e-12	-8.23818e-11	0.000179571
17.8748	6.66411e-12	-0.00699822	3.64441e-14	6.81623e-12	7.51718e-10	0.000175643
17.8749	6.91978e-12	-0.00699862	3.76883e-14	6.66424e-12	5.28942e-10	0.000171755
17.875	7.39431e-12	-0.00699902	3.99996e-14	6.51453e-12	4.34629e-10	0.000167911
17.875	8.03855e-12	-0.00699941	4.3138e-14	6.36735e-12	-1.12505e-09	0.000164127
17.8751	8.21188e-12	-0.00699979	4.39784e-14	6.22145e-12	-1.39564e-09	0.000160393
17.8752	7.8281e-12	-0.00700016	4.21048e-14	6.07754e-12	1.43834e-10	0.0001567
17.8753	7.50889e-12	-0.00700052	4.05466e-14	5.93625e-12	1.13881e-09	0.000153065
17.8754	7.62775e-12	-0.00700088	4.11227e-14	5.79524e-12	5.97226e-10	0.000149468
17.8754	7.96427e-12	-0.00700122	4.27601e-14	5.65679e-12	1.91161e-10	0.000145907
17.8755	8.36164e-12	-0.00700156	4.4694e-14	5.52054e-12	-7.70178e-10	0.000142407
17.8756	8.47858e-12	-0.00700189	4.52606e-14	5.38375e-12	-1.19252e-09	0.000138927
17.8756	8.18364e-12	-0.00700221	4.38209e-14	5.24911e-12	1.40522e-10	0.000135469
17.8757	7.94306e-12	-0.00700252	4.26459e-14	5.1181e-12	6.86856e-10	0.000132084
17.8758	7.93242e-12	-0.00700283	4.25913e-14	4.98607e-12	-1.4008e-11	0.000128732
17.8758	7.91761e-12	-0.00700312	4.25175e-14	4.85474e-12	-1.16432e-10	0.000125376
17.8759	7.86718e-12	-0.00700341	4.22682e-14	4.72669e-12	7.44355e-10	0.000122071
17.876	8.04221e-12	-0.00700369	4.31184e-14	4.59887e-12	6.2334e-10	0.000118811
17.876	8.39512e-12	-0.00700397	4.48359e-14	4.4707e-12	2.92853e-10	0.000115549
17.8761	8.82159e-12	-0.00700424	4.69116e-14	4.34482e-12	2.45957e-09	0.000112313
17.8761	9.9168e-12	-0.00700449	5.22435e-14	4.22162e-12	1.6295e-09	0.000109139
17.8762	1.14191e-11	-0.00700475	5.95569e-14	4.09752e-12	-1.42813e-09	0.000105988
17.8762	1.25046e-11	-0.00700499	6.48415e-14	3.97395e-12	-6.38621e-09	0.000102831
17.8763	1.19406e-11	-0.00700523	6.20922e-14	3.85327e-12	-4.61923e-09	9.97204e-05
17.8763	1.02599e-11	-0.00700546	5.39041e-14	3.73487e-12	-2.21056e-09	9.66756e-05
17.8764	8.10499e-12	-0.00700568	4.3407e-14	3.61618e-12	-3.77885e-09	9.36566e-05
17.8764	5.14792e-12	-0.00700589	2.90061e-14	3.49871e-12	-1.88625e-09	9.06477e-05
17.8765	1.86663e-12	-0.0070061	1.30272e-14	3.38459e-12	4.45639e-10	8.76941e-05
17.8765	-1.21146e-12	-0.0070063	-1.96103e-15	3.27379e-12	5.67919e-09	8.48234e-05
17.8766	-3.00428e-12	-0.0070065	-1.06906e-14	3.16401e-12	1.11817e-08	8.20105e-05
17.8766	-2.48356e-12	-0.00700669	-8.15513e-15	3.05648e-12	1.11034e-08	7.92514e-05
17.8766	1.81656e-13	-0.00700687	4.82259e-15	2.95235e-12	1.31034e-08	7.65744e-05
17.8767	5.22226e-12	-0.00700704	2.93612e-14	2.85341e-12	7.79255e-09	7.39964e-05
17.8767	1.15106e-11	-0.00700721	5.99735e-14	2.75744e-12	6.01832e-09	7.15106e-05
17.8767	1.86451e-11	-0.00700738	9.47048e-14	2.6677e-12	-3.51996e-09	6.91205e-05
17.8768	2.49446e-11	-0.00700754	1.25367e-13	2.58367e-12	-5.68426e-09	6.68797e-05
17.8768	3.01099e-11	-0.00700769	1.50507e-13	2.50561e-12	-7.9591e-09	6.48099e-05
17.8768	3.38491e-11	-0.00700784	1.68703e-13	2.4324e-12	-1.39658e-08	6.28798e-05
17.8769	3.5316e-11	-0.00700799	1.7584e-13	2.36232e-12	-1.42337e-08	6.1066e-05
17.8769	3.45996e-11	-0.00700813	1.72347e-13	2.29639e-12	-1.5142e-08	5.936e-05
17.8769	3.1687e-11	-0.00700826	1.58167e-13	2.23618e-12	-1.32885e-08	5.77774e-05
17.877	2.69555e-11	-0.0070084	1.35134e-13	2.19379e-12	-3.50083e-10	5.64592e-05
17.877	2.22681e-11	-0.00700853	1.12316e-13	2.16434e-12	-8.65887e-10	5.55235e-05
17.877	1.75242e-11	-0.00700866	8.92256e-14	2.14595e-12	2.6403e-09	5.49074e-05
17.877	1.31827e-11	-0.00700878	6.80946e-14	2.13458e-12	4.96226e-09	5.45172e-05
17.8771	9.53932e-12	-0.00700891	5.03611e-14	2.12813e-12	-5.53197e-09	5.4306e-05
17.8771	5.15412e-12	-0.00700904	2.90188e-14	2.13203e-12	8.15962e-09	5.42679e-05
17.8771	1.87246e-12	-0.00700916	1.3049e-14	2.14011e-12	7.78307e-09	5.44004e-05
17.8772	-3.61647e-13	-0.00700929	2.17494e-15	2.156e-12	1.52206e-08	5.47122e-05
17.8772	-5.22828e-13	-0.00700942	1.39174e-15	2.18045e-12	3.77037e-09	5.5236e-05
17.8772	-1.6222e-13	-0.00700955	3.1464e-15	2.21807e-12	3.61698e-09	5.60362e-05
17.8772	7.15671e-13	-0.00700968	7.41709e-15	2.2698e-12	1.60692e-10	5.71746e-05
17.8773	1.63724e-12	-0.00700982	1.1902e-14	2.33404e-12	3.62339e-09	5.86532e-05
17.8773	3.1237e-12	-0.00700996	1.91343e-14	2.41162e-12	-3.0678e-09	6.04586e-05
17.8773	4.18815e-12	-0.0070101	2.43118e-14	2.50287e-12	4.78837e-10	6.26078e-05
17.8774	5.36928e-12	-0.00701025	3.00593e-14	2.60819e-12	-5.47437e-09	6.51115e-05
17.8774	5.69059e-12	-0.0070104	3.16209e-14	2.72916e-12	-5.20481e-10	6.79942e-05
17.8774	5.93633e-12	-0.00701057	3.28151e-14	2.86744e-12	-3.68182e-09	7.12994e-05
17.8775	5.52204e-12	-0.00701074	3.07996e-14	3.02712e-12	-5.26668e-10	7.50957e-05
17.8775	4.98311e-12	-0.00701092	2.81771e-14	3.21046e-12	-9.53361e-10	7.94664e-05
17.8775	4.21657e-12	-0.00701111	2.44458e-14	3.42183e-12	1.01134e-10	8.44957e-05
17.8776	3.4216e-12	-0.00701131	2.0579e-14	3.66729e-12	-1.14324e-09	9.03158e-05
17.8776	2.30254e-12	-0.00701153	1.51347e-14	3.95465e-12	4.77856e-11	9.71042e-05
17.8777	1.10782e-12	-0.00701176	9.32272e-15	4.29253e-12	-4.37113e-10	0.000105071
17.8777	-3.08507e-13	-0.00701202	2.43336e-15	4.69605e-12	-3.68479e-10	0.000114518
17.8778	-1.96823e-12	-0.0070123	-5.63836e-15	5.18345e-12	3.20434e-10	0.00012587
17.8779	-3.69443e-12	-0.00701261	-1.40319e-14	5.79051e-12	1.96627e-09	0.000139815
17.8779	-4.8975e-12	-0.00701295	-1.98822e-14	6.56494e-12	2.37989e-09	0.000157418
17.878	-5.26618e-12	-0.00701334	-2.16742e-14	7.61359e-12	8.91352e-10	0.00018065
17.8781	-5.26143e-12	-0.00701379	-2.16471e-14	9.15162e-12	-3.43363e-10	0.000213616
17.8782	-5.45592e-12	-0.00701434	-2.25903e-14	1.1721e-11	-9.08399e-10	0.000265966
17.8784	-6.38341e-12	-0.00701504	-2.70966e-14	1.70643e-11	1.58589e-10	0.000366831
17.8786	-7.56144e-12	-0.00701605	-3.28148e-14	3.23893e-11	1.29144e-09	0.000630417
17.879	-7.13187e-12	-0.00701798	-3.07156e-14	1.4967e-10	4.56097e-10	0.00232689
17.8809	-7.76119e-13	-0.0070269	1.60889e-16	-0.399999	-6.64143e-10	2.22043
15.6624	-7.04684e-13	0.00696267	-4.69731e-17	0.399999	-2.59428e-14	4.40809
