16.7083	-8.23828e-12	-9.69651e-06	-1.43973e-15	-2.44026e-10	-9.93975e-06	0.0462084
16.7084	-1.89019e-09	-9.70323e-06	-3.76694e-13	-1.53988e-08	8.90497e-05	4.04141e-05
16.7084	-8.82674e-10	-9.70368e-06	-1.75799e-13	-6.51444e-08	0.000100657	3.91286e-06
16.7084	3.44901e-10	-9.70393e-06	6.89749e-14	1.74047e-08	-2.05365e-05	2.399e-06
16.7084	1.16753e-09	-9.70411e-06	2.33004e-13	4.65861e-08	-7.72553e-05	1.95407e-06
16.7084	1.54495e-09	-9.70427e-06	3.08261e-13	1.50728e-08	-5.56913e-05	1.80051e-06
16.7084	1.66056e-09	-9.70443e-06	3.31313e-13	1.11046e-09	-1.05777e-05	1.74823e-06
16.7084	1.72876e-09	-9.70458e-06	3.44913e-13	-6.43e-10	6.74182e-06	1.74052e-06
16.7084	1.82664e-09	-9.70474e-06	3.64428e-13	-1.90527e-09	1.31336e-05	1.75486e-06
16.7084	1.98371e-09	-9.70489e-06	3.95747e-13	1.16751e-10	-6.62008e-07	1.78103e-06
16.7084	2.14052e-09	-9.70505e-06	4.27016e-13	1.58247e-09	-1.07036e-05	1.8139e-06
16.7084	2.2514e-09	-9.70522e-06	4.49124e-13	1.04582e-09	-1.12501e-05	1.85082e-06
16.7084	2.31202e-09	-9.70538e-06	4.61212e-13	2.77384e-10	-5.40347e-06	1.8904e-06
16.7084	2.34814e-09	-9.70555e-06	4.68415e-13	1.32085e-10	-5.46803e-06	1.93187e-06
16.7084	2.35837e-09	-9.70573e-06	4.70454e-13	8.09121e-12	-3.18116e-06	1.97493e-06
16.7084	2.35294e-09	-9.7059e-06	4.69372e-13	-2.36511e-11	-2.18025e-06	2.01938e-06
16.7084	2.33627e-09	-9.70608e-06	4.66046e-13	-1.54317e-10	-5.24372e-06	2.06519e-06
16.7084	2.29183e-09	-9.70627e-06	4.57186e-13	-5.39837e-11	-1.18769e-06	2.11235e-06
16.7084	2.24003e-09	-9.70646e-06	4.46858e-13	-6.41327e-10	-9.02652e-06	2.16098e-06
16.7084	2.13772e-09	-9.70665e-06	4.26457e-13	-8.58532e-10	-7.62028e-06	2.21107e-06
16.7084	1.99042e-09	-9.70685e-06	3.97085e-13	-8.40663e-10	-5.75417e-06	2.26262e-06
16.7084	1.80675e-09	-9.70705e-06	3.60462e-13	-7.69688e-10	-4.48315e-06	2.31569e-06
16.7084	1.5925e-09	-9.70726e-06	3.17741e-13	-1.2023e-09	-6.07e-06	2.37035e-06
16.7084	1.33679e-09	-9.70748e-06	2.66754e-13	-5.79155e-10	-2.63476e-06	2.42657e-06
16.7084	1.05883e-09	-9.70769e-06	2.1133e-13	-7.48121e-10	-3.19184e-06	2.48438e-06
16.7084	7.54177e-10	-9.70792e-06	1.50583e-13	3.16721e-10	1.3243e-06	2.54383e-06
16.7084	4.50737e-10	-9.70814e-06	9.00782e-14	1.59452e-09	7.33255e-06	2.60498e-06
16.7084	1.88311e-10	-9.70838e-06	3.77514e-14	1.02014e-09	5.50317e-06	2.66785e-06
16.7084	-4.33201e-11	-9.70862e-06	-8.43493e-15	4.44009e-10	2.69251e-06	2.73242e-06
16.7084	-2.61949e-10	-9.70886e-06	-5.20288e-14	1.15108e-09	8.39184e-06	2.79874e-06
16.7084	-4.26472e-10	-9.70911e-06	-8.48341e-14	2.2229e-10	1.99838e-06	2.86678e-06
16.7084	-5.80501e-10	-9.70937e-06	-1.15547e-13	6.84711e-10	7.92672e-06	2.9365e-06
16.7084	-6.79385e-10	-9.70964e-06	-1.35264e-13	4.35557e-10	1.50343e-05	3.00793e-06
16.7084	-6.66261e-10	-9.70991e-06	-1.32647e-13	-7.13691e-10	1.52607e-05	3.08103e-06
16.7084	-5.33861e-10	-9.71018e-06	-1.06247e-13	-2.91502e-09	2.11534e-05	3.15575e-06
16.7084	-2.2937e-10	-9.71047e-06	-4.55325e-14	-1.29072e-10	6.71618e-07	3.23213e-06
16.7084	8.79751e-11	-9.71076e-06	1.77449e-14	8.6998e-10	-4.7765e-06	3.31011e-06
16.7084	3.72965e-10	-9.71105e-06	7.45706e-14	8.83378e-10	-5.66124e-06	3.38969e-06
16.7084	6.16251e-10	-9.71136e-06	1.23081e-13	1.11804e-09	-9.45585e-06	3.47084e-06
16.7084	7.8233e-10	-9.71167e-06	1.56196e-13	7.07475e-10	-1.02618e-05	3.55348e-06
16.7084	8.60119e-10	-9.71199e-06	1.71707e-13	1.801e-10	-1.0365e-05	3.63753e-06
16.7084	8.44386e-10	-9.71232e-06	1.6857e-13	-5.3768e-11	-3.23867e-06	3.72294e-06
16.7084	7.97792e-10	-9.71265e-06	1.5928e-13	-2.05825e-10	-5.38951e-06	3.80974e-06
16.7084	6.98196e-10	-9.71299e-06	1.3942e-13	-3.5468e-10	-5.43553e-06	3.89784e-06
16.7084	5.42737e-10	-9.71334e-06	1.08422e-13	-5.05459e-11	-6.30295e-07	3.98709e-06
16.7084	3.77383e-10	-9.7137e-06	7.54515e-14	3.49454e-10	5.02964e-06	4.07736e-06
16.7084	2.60148e-10	-9.71407e-06	5.20753e-14	2.67563e-10	6.63944e-06	4.16854e-06
16.7084	2.10259e-10	-9.71444e-06	4.21277e-14	5.34244e-11	3.67726e-06	4.26062e-06
16.7084	1.98869e-10	-9.71482e-06	3.98566e-14	-6.36834e-12	2.99058e-06	4.35349e-06
16.7084	2.20129e-10	-9.71521e-06	4.40958e-14	-4.39458e-11	2.69159e-06	4.44696e-06
16.7084	2.72082e-10	-9.71561e-06	5.44549e-14	-8.82218e-11	2.90861e-06	4.54105e-06
16.7084	3.5849e-10	-9.71602e-06	7.16842e-14	6.09926e-11	-1.83894e-06	4.636e-06
16.7084	4.25162e-10	-9.71643e-06	8.49785e-14	7.73494e-11	-4.44625e-06	4.73188e-06
16.7084	4.40073e-10	-9.71686e-06	8.79516e-14	-8.36747e-12	-3.47943e-06	4.82868e-06
16.7084	4.12861e-10	-9.71729e-06	8.25257e-14	-5.54986e-12	-4.66182e-07	4.92644e-06
16.7085	3.79303e-10	-9.71773e-06	7.58343e-14	5.31719e-12	4.10668e-07	5.0254e-06
16.7085	3.50282e-10	-9.71818e-06	7.00477e-14	-6.82353e-13	-7.6163e-08	5.12567e-06
16.7085	3.197e-10	-9.71864e-06	6.39497e-14	1.38447e-11	2.00216e-06	5.22696e-06
16.7085	3.14934e-10	-9.71911e-06	6.29994e-14	-2.68965e-12	1.49734e-06	5.32927e-06
16.7085	3.30217e-10	-9.71959e-06	6.60467e-14	2.77013e-12	-6.17595e-07	5.43314e-06
16.7085	3.37328e-10	-9.72007e-06	6.74647e-14	5.14553e-13	-9.06946e-07	5.53877e-06
16.7085	3.31899e-10	-9.72057e-06	6.6382e-14	-1.39289e-13	-1.55698e-07	5.64531e-06
16.7085	3.24147e-10	-9.72108e-06	6.48364e-14	-2.47819e-12	-6.29974e-07	5.75146e-06
16.7085	3.0711e-10	-9.72159e-06	6.14393e-14	1.41563e-12	2.22787e-07	5.85611e-06
16.7085	2.9306e-10	-9.72212e-06	5.86378e-14	1.7709e-12	1.49067e-06	5.95879e-06
16.7085	3.01164e-10	-9.72265e-06	6.02536e-14	-7.94635e-13	3.00082e-07	6.05945e-06
16.7085	3.13985e-10	-9.72319e-06	6.281e-14	1.94107e-12	-9.99872e-07	6.15852e-06
16.7085	3.11496e-10	-9.72374e-06	6.23137e-14	-1.03841e-13	-2.47374e-07	6.25734e-06
16.7085	3.05066e-10	-9.7243e-06	6.10316e-14	6.6212e-13	4.52975e-07	6.35735e-06
16.7085	3.0579e-10	-9.72487e-06	6.1176e-14	1.59117e-13	-2.46715e-07	6.45919e-06
16.7085	3.0251e-10	-9.72545e-06	6.05219e-14	4.36235e-14	-1.54879e-07	6.5629e-06
16.7085	2.96616e-10	-9.72604e-06	5.93466e-14	5.70125e-13	4.23482e-07	6.66832e-06
16.7085	2.97743e-10	-9.72663e-06	5.95714e-14	2.75088e-13	-2.61296e-08	6.77524e-06
16.7085	2.98442e-10	-9.72724e-06	5.97108e-14	-2.54918e-13	4.20123e-07	6.88403e-06
16.7085	3.06441e-10	-9.72785e-06	6.13056e-14	7.68965e-13	-5.86466e-07	6.99604e-06
16.7085	3.0423e-10	-9.72848e-06	6.08648e-14	-2.51656e-13	-3.53166e-07	7.11326e-06
16.7085	2.95647e-10	-9.72912e-06	5.91535e-14	6.36336e-13	1.79996e-07	7.23826e-06
16.7085	2.90196e-10	-9.72976e-06	5.80666e-14	4.82461e-13	1.84314e-07	7.37416e-06
16.7085	2.8807e-10	-9.73043e-06	5.76426e-14	2.82826e-13	2.52975e-07	7.52319e-06
16.7085	2.90706e-10	-9.7311e-06	5.81682e-14	2.21636e-13	9.05032e-08	7.684e-06
16.7085	2.95157e-10	-9.73179e-06	5.90557e-14	4.33912e-13	-1.69532e-07	7.85175e-06
16.7085	2.96342e-10	-9.73249e-06	5.92919e-14	-4.81071e-13	-6.28219e-07	8.01946e-06
16.7085	2.84826e-10	-9.73321e-06	5.69957e-14	2.24037e-13	-3.41521e-08	8.17908e-06
16.7085	2.72387e-10	-9.73395e-06	5.45154e-14	2.59393e-14	-9.34658e-08	8.32474e-06
16.7085	2.57779e-10	-9.73469e-06	5.16027e-14	1.54176e-12	6.55827e-07	8.45518e-06
16.7086	2.56921e-10	-9.73545e-06	5.14315e-14	-7.75163e-13	7.09054e-07	8.57478e-06
16.7086	2.71354e-10	-9.73621e-06	5.43094e-14	9.96407e-13	-2.37292e-07	8.69522e-06
16.7086	2.808e-10	-9.73699e-06	5.61929e-14	8.09754e-13	-4.76993e-07	8.83158e-06
16.7086	2.79786e-10	-9.73778e-06	5.59907e-14	9.39221e-16	-3.33096e-07	8.96506e-06
16.7086	2.71244e-10	-9.73858e-06	5.42873e-14	6.75363e-13	5.06299e-07	9.06833e-06
16.7086	2.74152e-10	-9.73939e-06	5.48672e-14	3.23539e-13	4.86884e-08	9.14926e-06
16.7086	2.78202e-10	-9.7402e-06	5.56748e-14	2.56572e-13	9.55214e-08	9.22509e-06
16.7086	2.84498e-10	-9.74103e-06	5.69302e-14	5.46419e-13	-3.13652e-07	9.29442e-06
16.7086	2.83525e-10	-9.74185e-06	5.6736e-14	2.03718e-13	-2.17893e-07	9.34983e-06
16.7086	2.77439e-10	-9.74269e-06	5.55225e-14	-8.58165e-13	-4.8776e-07	9.39882e-06
16.7086	2.59831e-10	-9.74352e-06	5.20116e-14	1.38441e-12	3.55721e-07	9.44295e-06
16.7086	2.50564e-10	-9.74436e-06	5.01639e-14	7.56083e-13	3.82922e-07	9.47844e-06
16.7086	2.50356e-10	-9.7452e-06	5.01223e-14	2.886e-13	1.93583e-07	9.50864e-06
16.7086	2.54755e-10	-9.74605e-06	5.09995e-14	4.47415e-13	-2.55684e-07	9.53413e-06
16.7086	2.53064e-10	-9.7469e-06	5.06622e-14	3.32559e-13	2.19603e-07	9.55315e-06
16.7086	2.56618e-10	-9.74775e-06	5.1371e-14	3.29198e-13	5.3143e-08	9.56756e-06
16.7086	2.6145e-10	-9.74859e-06	5.23343e-14	4.39823e-13	-7.84497e-08	9.57696e-06
16.7086	2.64405e-10	-9.74945e-06	5.29236e-14	4.09853e-13	-8.20548e-08	9.58082e-06
16.7086	2.65396e-10	-9.7503e-06	5.31211e-14	3.47518e-13	7.29938e-08	9.57989e-06
16.7086	2.68134e-10	-9.75115e-06	5.3667e-14	6.32988e-14	-4.85826e-07	9.57355e-06
16.7086	2.59247e-10	-9.75199e-06	5.18951e-14	3.02713e-13	-3.70814e-08	9.56214e-06
16.7086	2.49487e-10	-9.75284e-06	4.99489e-14	6.1042e-13	1.39361e-07	9.54556e-06
16.7087	2.43069e-10	-9.75369e-06	4.86693e-14	3.13839e-13	5.79439e-07	9.52323e-06
16.7087	2.50446e-10	-9.75453e-06	5.01401e-14	3.8543e-13	-8.72461e-09	9.49562e-06
16.7087	2.57592e-10	-9.75537e-06	5.1565e-14	5.81307e-13	-2.19856e-07	9.46258e-06
16.7087	2.5952e-10	-9.75621e-06	5.19494e-14	3.55668e-13	2.81299e-08	9.42429e-06
16.7087	2.62101e-10	-9.75705e-06	5.2464e-14	3.91943e-13	-1.5665e-07	9.3813e-06
16.7087	2.61005e-10	-9.75788e-06	5.22454e-14	3.61838e-13	1.0688e-07	9.33332e-06
16.7087	2.62401e-10	-9.7587e-06	5.25239e-14	3.61478e-13	5.44442e-09	9.28077e-06
16.7087	2.63916e-10	-9.75953e-06	5.28258e-14	2.96214e-13	1.08127e-07	9.22337e-06
16.7087	2.67905e-10	-9.76034e-06	5.36213e-14	2.9756e-13	5.97569e-08	9.16153e-06
16.7087	2.73231e-10	-9.76115e-06	5.46833e-14	4.26981e-13	-7.23867e-08	9.09554e-06
16.7087	2.76878e-10	-9.76196e-06	5.54102e-14	4.17543e-13	-1.56692e-07	9.02513e-06
16.7087	2.76973e-10	-9.76275e-06	5.54294e-14	2.11073e-13	-2.39917e-07	8.95126e-06
16.7087	2.71722e-10	-9.76354e-06	5.43823e-14	4.84444e-13	2.56558e-07	8.8736e-06
16.7087	2.72184e-10	-9.76433e-06	5.44743e-14	1.47041e-13	2.60186e-07	8.79228e-06
16.7087	2.78333e-10	-9.7651e-06	5.57005e-14	1.5629e-13	1.09465e-07	8.70778e-06
16.7087	2.86794e-10	-9.76587e-06	5.73874e-14	7.06883e-13	-4.56982e-07	8.61989e-06
16.7087	2.8537e-10	-9.76663e-06	5.71034e-14	3.01236e-13	-6.42517e-08	8.5284e-06
16.7087	2.82599e-10	-9.76739e-06	5.65509e-14	1.81003e-13	-1.45653e-07	8.4344e-06
16.7087	2.76805e-10	-9.76813e-06	5.53957e-14	5.14497e-13	3.02458e-07	8.33806e-06
16.7087	2.77346e-10	-9.76887e-06	5.55036e-14	1.94027e-13	2.01082e-07	8.2388e-06
16.7087	2.81998e-10	-9.76959e-06	5.6431e-14	-1.71907e-12	7.03497e-07	8.13706e-06
16.7087	3.00811e-10	-9.77031e-06	6.01822e-14	2.35578e-12	-7.08882e-07	8.03357e-06
16.7088	3.05237e-10	-9.77102e-06	6.10648e-14	2.85739e-13	-4.63808e-07	7.9285e-06
16.7088	3.00473e-10	-9.77172e-06	6.01148e-14	3.02742e-13	-1.76167e-09	7.82157e-06
16.7088	2.9574e-10	-9.77241e-06	5.9171e-14	2.70292e-13	5.11178e-07	7.71284e-06
16.7088	3.0086e-10	-9.77309e-06	6.01919e-14	-3.69559e-14	1.85105e-07	7.60255e-06
16.7088	3.09398e-10	-9.77376e-06	6.18944e-14	-3.85108e-14	1.27922e-07	7.49159e-06
16.7088	3.20189e-10	-9.77442e-06	6.40459e-14	3.599e-13	-2.55117e-08	7.37995e-06
16.7088	3.3035e-10	-9.77507e-06	6.60719e-14	4.8415e-13	-1.03193e-06	7.26709e-06
16.7088	3.21752e-10	-9.77571e-06	6.43576e-14	8.21761e-13	3.75892e-07	7.15335e-06
16.7088	3.19959e-10	-9.77634e-06	6.4e-14	4.10108e-14	4.22692e-07	7.03923e-06
16.7088	3.25572e-10	-9.77696e-06	6.51193e-14	-5.57016e-13	3.37216e-07	6.92478e-06
16.7088	3.36884e-10	-9.77757e-06	6.73747e-14	4.93127e-13	-7.33069e-08	6.81029e-06
16.7088	3.46769e-10	-9.77817e-06	6.93456e-14	1.11704e-12	-5.69851e-07	6.69619e-06
16.7088	3.47029e-10	-9.77876e-06	6.93975e-14	1.29393e-13	2.10015e-07	6.58202e-06
16.7088	3.5071e-10	-9.77933e-06	7.01315e-14	9.56047e-14	1.10973e-07	6.46776e-06
16.7088	3.56106e-10	-9.7799e-06	7.12073e-14	1.69813e-13	4.31563e-08	6.35365e-06
16.7088	3.62084e-10	-9.78046e-06	7.23993e-14	4.02871e-13	-6.63015e-07	6.23996e-06
16.7088	3.57707e-10	-9.78101e-06	7.15264e-14	3.59754e-13	1.05486e-07	6.12694e-06
16.7088	3.55009e-10	-9.78155e-06	7.09887e-14	2.48981e-13	3.37563e-07	6.01468e-06
16.7088	3.57391e-10	-9.78208e-06	7.14634e-14	2.63997e-13	-5.14321e-08	5.90295e-06
16.7088	3.58975e-10	-9.7826e-06	7.17794e-14	-4.10578e-12	1.21225e-06	5.7923e-06
16.7088	3.77919e-10	-9.78311e-06	7.55565e-14	-9.62482e-13	1.68466e-07	5.68284e-06
16.7088	3.98871e-10	-9.78361e-06	7.97343e-14	5.44671e-12	-1.13491e-06	5.57388e-06
16.7088	4.03759e-10	-9.7841e-06	8.07089e-14	3.87826e-13	-5.89388e-07	5.46567e-06
16.7088	4.00578e-10	-9.78458e-06	8.00745e-14	-1.13394e-12	-5.34366e-07	5.35855e-06
16.7088	3.90371e-10	-9.78505e-06	7.80393e-14	1.546e-12	1.00496e-06	5.25273e-06
16.7088	3.93432e-10	-9.78551e-06	7.86496e-14	-4.18454e-12	1.10966e-06	5.1479e-06
16.7088	4.10567e-10	-9.78596e-06	8.20662e-14	-6.69989e-12	7.92109e-07	5.04408e-06
16.7088	4.37242e-10	-9.7864e-06	8.73849e-14	1.08385e-11	-1.58133e-06	4.94179e-06
16.7088	4.44038e-10	-9.78684e-06	8.87401e-14	-3.11678e-12	-1.83292e-06	4.84069e-06
16.7088	4.28745e-10	-9.78726e-06	8.56907e-14	1.75973e-12	2.76732e-07	4.74072e-06
16.7088	4.17013e-10	-9.78768e-06	8.33514e-14	-1.31848e-12	2.26531e-06	4.64226e-06
16.7088	4.31539e-10	-9.78809e-06	8.62478e-14	1.60417e-12	-2.50536e-07	4.54481e-06
16.7089	4.42942e-10	-9.78849e-06	8.85215e-14	4.51564e-13	-5.65472e-08	4.44853e-06
16.7089	4.53481e-10	-9.78888e-06	9.06228e-14	2.19121e-12	-6.28207e-07	4.35396e-06
16.7089	4.57031e-10	-9.78926e-06	9.13306e-14	3.24928e-13	-5.41498e-07	4.26043e-06
16.7089	4.54799e-10	-9.78963e-06	9.08857e-14	-1.80544e-13	-2.14588e-07	4.16794e-06
16.7089	4.50405e-10	-9.79e-06	9.00095e-14	-5.25246e-12	1.9581e-06	4.07693e-06
16.7089	4.65844e-10	-9.79036e-06	9.30877e-14	-1.51416e-11	1.37771e-06	3.98684e-06
16.7089	4.94516e-10	-9.79071e-06	9.88046e-14	-1.95125e-11	1.13165e-06	3.89774e-06
16.7089	5.33446e-10	-9.79105e-06	1.06567e-13	3.78903e-11	-2.93058e-06	3.81005e-06
16.7089	5.43903e-10	-9.79138e-06	1.08652e-13	-1.2699e-11	-3.63447e-06	3.72349e-06
16.7089	5.2068e-10	-9.79171e-06	1.04021e-13	4.51975e-12	3.74788e-07	3.63788e-06
16.7089	5.01362e-10	-9.79203e-06	1.0017e-13	1.002e-11	2.96544e-06	3.55363e-06
16.7089	5.08528e-10	-9.79234e-06	1.01599e-13	-1.22541e-11	1.55478e-06	3.47023e-06
16.7089	5.28851e-10	-9.79264e-06	1.05651e-13	-6.38482e-12	4.97464e-07	3.38766e-06
16.7089	5.52851e-10	-9.79294e-06	1.10436e-13	1.88356e-11	-2.00523e-06	3.30649e-06
16.7089	5.599e-10	-9.79323e-06	1.11842e-13	-1.05681e-11	-3.10433e-06	3.2258e-06
16.7089	5.42054e-10	-9.79351e-06	1.08283e-13	3.888e-12	3.6598e-07	3.14559e-06
16.7089	5.27494e-10	-9.79379e-06	1.0538e-13	8.8899e-12	1.78797e-06	3.06708e-06
16.7089	5.26835e-10	-9.79406e-06	1.05249e-13	9.65647e-14	-3.65414e-08	2.98934e-06
16.7089	5.25922e-10	-9.79432e-06	1.05067e-13	-3.04164e-13	-3.03e-07	2.91149e-06
16.7089	5.22858e-10	-9.79457e-06	1.04456e-13	-5.13869e-12	1.93712e-06	2.83482e-06
16.7089	5.3342e-10	-9.79482e-06	1.06562e-13	-1.87169e-11	1.6218e-06	2.75918e-06
16.7089	5.5473e-10	-9.79506e-06	1.10811e-13	-1.32787e-11	7.61852e-07	2.6835e-06
16.7089	5.80485e-10	-9.7953e-06	1.15946e-13	-2.26857e-10	6.39898e-06	2.6084e-06
16.7089	6.46649e-10	-9.79553e-06	1.29138e-13	-2.62961e-10	4.23865e-06	2.53476e-06
16.7089	7.37411e-10	-9.79575e-06	1.47236e-13	2.35595e-10	-3.71641e-06	2.46162e-06
16.7089	8.02977e-10	-9.79596e-06	1.60309e-13	2.08448e-10	-1.66143e-05	2.38837e-06
16.7089	7.68881e-10	-9.79617e-06	1.5351e-13	-7.0925e-10	-1.20157e-05	2.31616e-06
16.7089	6.67315e-10	-9.79638e-06	1.33259e-13	-5.94604e-10	-5.74882e-06	2.24549e-06
16.7089	5.37098e-10	-9.79657e-06	1.07295e-13	-1.39924e-09	-9.82764e-06	2.17541e-06
16.7089	3.58426e-10	-9.79676e-06	7.16696e-14	-8.78778e-10	-4.90392e-06	2.10556e-06
16.7089	1.60175e-10	-9.79695e-06	3.21402e-14	2.19104e-10	1.1615e-06	2.037e-06
16.7089	-2.57923e-11	-9.79712e-06	-4.93979e-15	2.19732e-09	1.47728e-05	1.97035e-06
16.7089	-1.34102e-10	-9.7973e-06	-2.65356e-14	1.13719e-09	2.9081e-05	1.90505e-06
16.7089	-1.02641e-10	-9.79746e-06	-2.02626e-14	-3.05455e-09	2.88749e-05	1.84099e-06
16.7089	5.83703e-11	-9.79762e-06	1.18413e-14	-8.96656e-09	3.40731e-05	1.77883e-06
16.7089	3.62873e-10	-9.79778e-06	7.25561e-14	-8.08342e-09	2.02598e-05	1.71897e-06
16.7089	7.42738e-10	-9.79793e-06	1.48298e-13	-7.64644e-09	1.56449e-05	1.66125e-06
16.7089	1.1737e-09	-9.79807e-06	2.34228e-13	4.62457e-09	-9.15799e-06	1.60575e-06
16.7089	1.55422e-09	-9.79821e-06	3.10098e-13	6.58095e-09	-1.47847e-05	1.55372e-06
16.7089	1.86621e-09	-9.79835e-06	3.72306e-13	7.37692e-09	-2.06979e-05	1.50566e-06
16.7089	2.09204e-09	-9.79848e-06	4.17335e-13	7.76676e-09	-3.63138e-05	1.46084e-06
16.7089	2.18061e-09	-9.79861e-06	4.34995e-13	1.13154e-09	-3.70073e-05	1.41872e-06
16.7089	2.13731e-09	-9.79873e-06	4.2636e-13	-6.31268e-09	-3.93662e-05	1.3791e-06
16.7089	1.96135e-09	-9.79885e-06	3.91276e-13	-1.19227e-08	-3.45449e-05	1.34235e-06
16.7089	1.67553e-09	-9.79897e-06	3.34287e-13	-3.93275e-10	-9.06769e-07	1.31174e-06
16.7089	1.39239e-09	-9.79908e-06	2.77832e-13	-9.92558e-10	-2.24749e-06	1.29001e-06
16.7089	1.10584e-09	-9.7992e-06	2.20697e-13	2.95373e-09	6.86739e-06	1.27572e-06
16.7089	8.43606e-10	-9.79931e-06	1.6841e-13	4.91181e-09	1.29027e-05	1.26667e-06
16.7089	6.2354e-10	-9.79942e-06	1.24531e-13	-5.526e-09	-1.43772e-05	1.26177e-06
16.7089	3.58679e-10	-9.79954e-06	7.17199e-14	7.79102e-09	2.1213e-05	1.2609e-06
16.7089	1.60475e-10	-9.79965e-06	3.22e-14	5.33465e-09	2.0233e-05	1.264e-06
16.7089	2.55434e-11	-9.79976e-06	5.29601e-15	4.5169e-09	3.95636e-05	1.27126e-06
16.7089	1.58087e-11	-9.79987e-06	3.35501e-15	-9.05224e-11	9.80006e-06	1.28344e-06
16.7089	3.75874e-11	-9.79999e-06	7.69742e-15	-5.38051e-10	9.40031e-06	1.30205e-06
16.7089	9.06046e-11	-9.8001e-06	1.82685e-14	-3.40472e-11	4.1694e-07	1.32852e-06
16.7089	1.46258e-10	-9.80022e-06	2.93652e-14	-1.0016e-09	9.41665e-06	1.36289e-06
16.7089	2.36025e-10	-9.80035e-06	4.72639e-14	8.77018e-10	-7.97409e-06	1.40486e-06
16.7089	3.00303e-10	-9.80047e-06	6.00803e-14	-1.15763e-10	1.24339e-06	1.45482e-06
16.7089	3.71626e-10	-9.8006e-06	7.43013e-14	8.63513e-10	-1.42272e-05	1.51302e-06
16.7089	3.91022e-10	-9.80074e-06	7.81687e-14	2.94687e-11	-1.35254e-06	1.58003e-06
16.7089	4.05855e-10	-9.80088e-06	8.11264e-14	-5.31281e-11	-9.5677e-06	1.65686e-06
16.7089	3.8083e-10	-9.80104e-06	7.61366e-14	-4.49432e-11	-1.36821e-06	1.74511e-06
16.7089	3.4828e-10	-9.80119e-06	6.96464e-14	-1.05213e-10	-2.47667e-06	1.84671e-06
16.7089	3.01987e-10	-9.80136e-06	6.04161e-14	1.27249e-11	2.63195e-07	1.96362e-06
16.7089	2.53978e-10	-9.80154e-06	5.08436e-14	-1.62678e-10	-2.96952e-06	2.09892e-06
16.7089	1.86403e-10	-9.80174e-06	3.73698e-14	7.834e-12	1.25029e-07	2.25672e-06
16.7089	1.14263e-10	-9.80194e-06	2.29858e-14	-7.30303e-11	-1.13474e-06	2.44192e-06
16.7089	2.87454e-11	-9.80217e-06	5.93446e-15	-6.64983e-11	-9.55992e-07	2.66154e-06
16.7089	-7.14618e-11	-9.80242e-06	-1.40458e-14	5.84642e-11	8.33728e-07	2.92545e-06
16.7089	-1.75675e-10	-9.80269e-06	-3.48249e-14	2.81736e-10	5.10854e-06	3.24966e-06
16.7089	-2.48298e-10	-9.80299e-06	-4.93051e-14	1.66431e-10	6.18199e-06	3.65892e-06
16.7089	-2.70544e-10	-9.80334e-06	-5.37408e-14	1.32679e-11	2.31508e-06	4.19907e-06
16.7089	-2.70244e-10	-9.80374e-06	-5.36809e-14	-1.65578e-12	-8.9156e-07	4.96554e-06
16.7089	-2.81967e-10	-9.80422e-06	-5.60183e-14	-2.38314e-11	-2.35836e-06	6.18275e-06
16.7089	-3.37925e-10	-9.80484e-06	-6.71759e-14	6.61992e-12	4.12523e-07	8.52814e-06
16.7089	-4.08982e-10	-9.80573e-06	-8.13439e-14	1.97714e-11	3.3525e-06	1.46578e-05
16.709	-3.82975e-10	-9.80744e-06	-7.61583e-14	-3.18951e-12	1.18086e-06	5.41277e-05
16.709	5.19832e-13	-9.81534e-06	3.06576e-16	-0.4	-1.72257e-06	0.0468845
16.6622	4.95067e-13	-1.52868e-06	3.04212e-16	0.4	-3.77251e-11	0.0930105
