16.7135	-7.52188e-12	-1.11476e-05	-1.42557e-15	-1.63177e-10	-8.15935e-06	0.0506943
16.7136	-1.7029e-09	-1.11557e-05	-3.72401e-13	-1.03763e-08	7.30992e-05	4.43518e-05
16.7136	-7.95269e-10	-1.11562e-05	-1.73797e-13	-4.38972e-08	8.26275e-05	4.2941e-06
16.7136	3.10608e-10	-1.11565e-05	6.81863e-14	1.17281e-08	-1.68581e-05	2.63274e-06
16.7136	1.05168e-09	-1.11567e-05	2.30346e-13	3.13919e-08	-6.34174e-05	2.14447e-06
16.7136	1.39169e-09	-1.11569e-05	3.04744e-13	1.01568e-08	-4.57159e-05	1.97595e-06
16.7136	1.49584e-09	-1.11571e-05	3.27533e-13	7.48309e-10	-8.68305e-06	1.91856e-06
16.7136	1.55728e-09	-1.11573e-05	3.40978e-13	-4.33254e-10	5.53423e-06	1.91011e-06
16.7136	1.64545e-09	-1.11575e-05	3.60271e-13	-1.28383e-09	1.07811e-05	1.92585e-06
16.7136	1.78695e-09	-1.11577e-05	3.91233e-13	7.87017e-11	-5.43427e-07	1.95456e-06
16.7136	1.92822e-09	-1.11579e-05	4.22145e-13	1.06637e-09	-8.78635e-06	1.99064e-06
16.7136	2.0281e-09	-1.11581e-05	4.44002e-13	7.04753e-10	-9.23499e-06	2.03115e-06
16.7136	2.08271e-09	-1.11583e-05	4.55951e-13	1.86946e-10	-4.43561e-06	2.07458e-06
16.7136	2.11525e-09	-1.11585e-05	4.63072e-13	8.90374e-11	-4.48861e-06	2.1201e-06
16.7136	2.12447e-09	-1.11587e-05	4.65088e-13	5.48547e-12	-2.61135e-06	2.16735e-06
16.7136	2.11958e-09	-1.11589e-05	4.64018e-13	-1.59033e-11	-1.78973e-06	2.21614e-06
16.7136	2.10455e-09	-1.11591e-05	4.60731e-13	-1.03951e-10	-4.30447e-06	2.26641e-06
16.7136	2.06453e-09	-1.11593e-05	4.51971e-13	-3.63412e-11	-9.74956e-07	2.31817e-06
16.7136	2.01786e-09	-1.11596e-05	4.41761e-13	-4.32119e-10	-7.4097e-06	2.37153e-06
16.7136	1.92569e-09	-1.11598e-05	4.21592e-13	-5.78481e-10	-6.25534e-06	2.42651e-06
16.7136	1.79299e-09	-1.116e-05	3.92555e-13	-5.66439e-10	-4.7235e-06	2.48308e-06
16.7136	1.62753e-09	-1.11603e-05	3.5635e-13	-5.18611e-10	-3.68013e-06	2.54131e-06
16.7136	1.43452e-09	-1.11605e-05	3.14116e-13	-8.10125e-10	-4.98275e-06	2.6013e-06
16.7136	1.20416e-09	-1.11608e-05	2.63711e-13	-3.9022e-10	-2.16282e-06	2.663e-06
16.7136	9.5376e-10	-1.1161e-05	2.08918e-13	-5.04076e-10	-2.62012e-06	2.72644e-06
16.7136	6.7931e-10	-1.11613e-05	1.48864e-13	2.13463e-10	1.08709e-06	2.79169e-06
16.7136	4.05952e-10	-1.11616e-05	8.9049e-14	1.0745e-09	6.01915e-06	2.85879e-06
16.7136	1.69542e-10	-1.11619e-05	3.73188e-14	6.87462e-10	4.51745e-06	2.92779e-06
16.7136	-3.91258e-11	-1.11622e-05	-8.34099e-15	2.99239e-10	2.21023e-06	2.99866e-06
16.7136	-2.36081e-10	-1.11625e-05	-5.14378e-14	7.757e-10	6.88871e-06	3.07143e-06
16.7136	-3.84294e-10	-1.11628e-05	-8.38691e-14	1.49837e-10	1.64042e-06	3.14611e-06
16.7136	-5.23052e-10	-1.11631e-05	-1.14232e-13	4.61439e-10	6.50689e-06	3.22261e-06
16.7136	-6.12133e-10	-1.11634e-05	-1.33724e-13	2.93548e-10	1.23414e-05	3.301e-06
16.7136	-6.0031e-10	-1.11637e-05	-1.31137e-13	-4.80865e-10	1.25272e-05	3.38123e-06
16.7136	-4.81036e-10	-1.11641e-05	-1.05038e-13	-1.96422e-09	1.73644e-05	3.46323e-06
16.7136	-2.06731e-10	-1.11644e-05	-4.50157e-14	-8.69208e-11	5.51321e-07	3.54705e-06
16.7136	7.91532e-11	-1.11647e-05	1.75403e-14	5.86287e-10	-3.92094e-06	3.63263e-06
16.7136	3.3589e-10	-1.11651e-05	7.37182e-14	5.95317e-10	-4.64721e-06	3.71996e-06
16.7136	5.55057e-10	-1.11655e-05	1.21675e-13	7.53442e-10	-7.76213e-06	3.80902e-06
16.7136	7.04671e-10	-1.11658e-05	1.54413e-13	4.76788e-10	-8.42371e-06	3.89971e-06
16.7136	7.74749e-10	-1.11662e-05	1.69747e-13	1.21421e-10	-8.50847e-06	3.99195e-06
16.7136	7.60575e-10	-1.11666e-05	1.66646e-13	-3.61687e-11	-2.65856e-06	4.08569e-06
16.7136	7.18601e-10	-1.1167e-05	1.57461e-13	-1.3863e-10	-4.42415e-06	4.18094e-06
16.7136	6.28878e-10	-1.11674e-05	1.37829e-13	-2.38934e-10	-4.46192e-06	4.27762e-06
16.7136	4.88831e-10	-1.11679e-05	1.07184e-13	-3.39932e-11	-5.17398e-07	4.37557e-06
16.7136	3.3987e-10	-1.11683e-05	7.45891e-14	2.35546e-10	4.12873e-06	4.47464e-06
16.7136	2.34257e-10	-1.11687e-05	5.14793e-14	1.80366e-10	5.45018e-06	4.5747e-06
16.7136	1.89314e-10	-1.11692e-05	4.16452e-14	3.60714e-11	3.01859e-06	4.67576e-06
16.7136	1.79053e-10	-1.11696e-05	3.94e-14	-4.21811e-12	2.45491e-06	4.77767e-06
16.7136	1.98206e-10	-1.11701e-05	4.35909e-14	-2.95379e-11	2.20947e-06	4.88024e-06
16.7136	2.45008e-10	-1.11706e-05	5.38318e-14	-5.93715e-11	2.38762e-06	4.98351e-06
16.7136	3.2285e-10	-1.11711e-05	7.08648e-14	4.11774e-11	-1.50955e-06	5.0877e-06
16.7137	3.82913e-10	-1.11716e-05	8.40074e-14	5.2201e-11	-3.64984e-06	5.19293e-06
16.7137	3.96345e-10	-1.11721e-05	8.69466e-14	-5.55727e-12	-2.85619e-06	5.29916e-06
16.7137	3.71831e-10	-1.11726e-05	8.15826e-14	-3.65706e-12	-3.8268e-07	5.40645e-06
16.7137	3.416e-10	-1.11732e-05	7.49674e-14	3.66738e-12	3.37109e-07	5.51505e-06
16.7137	3.15456e-10	-1.11737e-05	6.92469e-14	-3.73762e-13	-6.25209e-08	5.62509e-06
16.7137	2.87906e-10	-1.11742e-05	6.32184e-14	9.41693e-12	1.64353e-06	5.73625e-06
16.7137	2.83612e-10	-1.11748e-05	6.22789e-14	-1.72297e-12	1.22914e-06	5.84853e-06
16.7137	2.9738e-10	-1.11754e-05	6.52915e-14	1.95785e-12	-5.06972e-07	5.96252e-06
16.7137	3.03786e-10	-1.1176e-05	6.66933e-14	4.3971e-13	-7.44494e-07	6.07845e-06
16.7137	2.98895e-10	-1.11766e-05	6.56229e-14	8.81983e-16	-1.27809e-07	6.19537e-06
16.7137	2.91912e-10	-1.11772e-05	6.40949e-14	-1.57344e-12	-5.17133e-07	6.31185e-06
16.7137	2.76564e-10	-1.11778e-05	6.07366e-14	1.05215e-12	1.82881e-07	6.4267e-06
16.7137	2.63907e-10	-1.11784e-05	5.7967e-14	1.29325e-12	1.22366e-06	6.53938e-06
16.7137	2.71207e-10	-1.11791e-05	5.95644e-14	-4.33902e-13	2.46332e-07	6.64986e-06
16.7137	2.82757e-10	-1.11797e-05	6.20917e-14	1.4112e-12	-8.20775e-07	6.75857e-06
16.7137	2.80515e-10	-1.11804e-05	6.1601e-14	3.48818e-14	-2.03064e-07	6.86702e-06
16.7137	2.74722e-10	-1.11811e-05	6.03336e-14	5.52705e-13	3.71838e-07	6.97679e-06
16.7137	2.75375e-10	-1.11818e-05	6.04763e-14	2.15462e-13	-2.02524e-07	7.08855e-06
16.7137	2.7242e-10	-1.11825e-05	5.98296e-14	1.39366e-13	-1.27137e-07	7.20237e-06
16.7137	2.6711e-10	-1.11832e-05	5.86678e-14	4.95937e-13	3.47628e-07	7.31805e-06
16.7137	2.68125e-10	-1.11839e-05	5.889e-14	2.98901e-13	-2.14493e-08	7.43539e-06
16.7137	2.68755e-10	-1.11846e-05	5.90278e-14	-5.63801e-14	3.44871e-07	7.55478e-06
16.7137	2.75961e-10	-1.11854e-05	6.06045e-14	6.35428e-13	-4.81418e-07	7.6777e-06
16.7137	2.73969e-10	-1.11861e-05	6.01686e-14	-5.03615e-14	-2.89907e-07	7.80635e-06
16.7137	2.66238e-10	-1.11869e-05	5.84768e-14	5.50245e-13	1.47755e-07	7.94353e-06
16.7137	2.61327e-10	-1.11877e-05	5.74024e-14	4.48872e-13	1.513e-07	8.09267e-06
16.7137	2.59411e-10	-1.11885e-05	5.69831e-14	3.16975e-13	2.07662e-07	8.25622e-06
16.7137	2.61786e-10	-1.11893e-05	5.75028e-14	2.78429e-13	7.42923e-08	8.4327e-06
16.7137	2.65796e-10	-1.11901e-05	5.83801e-14	4.24407e-13	-1.39165e-07	8.6168e-06
16.7138	2.66863e-10	-1.11909e-05	5.86137e-14	-1.89488e-13	-5.15692e-07	8.80084e-06
16.7138	2.56489e-10	-1.11918e-05	5.63437e-14	2.88223e-13	-2.80348e-08	8.97602e-06
16.7138	2.45283e-10	-1.11927e-05	5.38917e-14	1.57043e-13	-7.67242e-08	9.13588e-06
16.7138	2.32124e-10	-1.11936e-05	5.10122e-14	1.18048e-12	5.38356e-07	9.27902e-06
16.7138	2.31351e-10	-1.11945e-05	5.08429e-14	-3.78828e-13	5.82048e-07	9.41027e-06
16.7138	2.44353e-10	-1.11954e-05	5.36879e-14	8.17041e-13	-1.94788e-07	9.54246e-06
16.7138	2.52863e-10	-1.11964e-05	5.555e-14	6.93709e-13	-3.91554e-07	9.6921e-06
16.7138	2.51949e-10	-1.11973e-05	5.53501e-14	1.50693e-13	-2.73432e-07	9.83859e-06
16.7138	2.44253e-10	-1.11983e-05	5.36662e-14	6.06571e-13	4.15611e-07	9.95192e-06
16.7138	2.46873e-10	-1.11993e-05	5.42394e-14	3.70745e-13	3.99674e-08	1.00407e-05
16.7138	2.50522e-10	-1.12002e-05	5.50378e-14	3.26916e-13	7.84116e-08	1.0124e-05
16.7138	2.56194e-10	-1.12012e-05	5.62789e-14	5.2324e-13	-2.5747e-07	1.02e-05
16.7138	2.55317e-10	-1.12022e-05	5.60869e-14	2.93165e-13	-1.78864e-07	1.02609e-05
16.7138	2.49834e-10	-1.12032e-05	5.48873e-14	-4.21643e-13	-4.00392e-07	1.03146e-05
16.7138	2.33972e-10	-1.12042e-05	5.14164e-14	1.09019e-12	2.92004e-07	1.0363e-05
16.7138	2.25624e-10	-1.12053e-05	4.95897e-14	6.67325e-13	3.14333e-07	1.0402e-05
16.7138	2.25436e-10	-1.12063e-05	4.95486e-14	3.52776e-13	1.58908e-07	1.04351e-05
16.7138	2.29399e-10	-1.12073e-05	5.04157e-14	4.60215e-13	-2.09885e-07	1.04631e-05
16.7138	2.27876e-10	-1.12083e-05	5.00823e-14	3.83086e-13	1.80267e-07	1.0484e-05
16.7138	2.31078e-10	-1.12093e-05	5.0783e-14	3.80966e-13	4.3624e-08	1.04998e-05
16.7139	2.3543e-10	-1.12104e-05	5.17353e-14	4.55672e-13	-6.43978e-08	1.05101e-05
16.7139	2.38093e-10	-1.12114e-05	5.23179e-14	4.35505e-13	-6.73571e-08	1.05144e-05
16.7139	2.38985e-10	-1.12124e-05	5.25132e-14	3.93419e-13	5.99191e-08	1.05133e-05
16.7139	2.41452e-10	-1.12134e-05	5.30529e-14	2.01729e-13	-3.98805e-07	1.05064e-05
16.7139	2.33446e-10	-1.12145e-05	5.13011e-14	3.62849e-13	-3.04394e-08	1.04939e-05
16.7139	2.24654e-10	-1.12155e-05	4.93772e-14	5.69866e-13	1.14399e-07	1.04757e-05
16.7139	2.18872e-10	-1.12165e-05	4.81122e-14	3.69585e-13	4.7565e-07	1.04512e-05
16.7139	2.25517e-10	-1.12175e-05	4.95662e-14	4.17357e-13	-7.16177e-09	1.04209e-05
16.7139	2.31955e-10	-1.12185e-05	5.09749e-14	5.48732e-13	-1.80475e-07	1.03846e-05
16.7139	2.33692e-10	-1.12195e-05	5.13549e-14	3.96018e-13	2.30912e-08	1.03426e-05
16.7139	2.36017e-10	-1.12205e-05	5.18636e-14	4.19712e-13	-1.2859e-07	1.02954e-05
16.7139	2.3503e-10	-1.12215e-05	5.16475e-14	3.98573e-13	8.77354e-08	1.02427e-05
16.7139	2.36288e-10	-1.12225e-05	5.19228e-14	3.97422e-13	4.46922e-09	1.01851e-05
16.7139	2.37652e-10	-1.12235e-05	5.22213e-14	3.52412e-13	8.87589e-08	1.01221e-05
16.7139	2.41246e-10	-1.12245e-05	5.30077e-14	3.52294e-13	4.90532e-08	1.00542e-05
16.7139	2.46044e-10	-1.12255e-05	5.40575e-14	4.38403e-13	-5.94207e-08	9.9818e-06
16.7139	2.49329e-10	-1.12265e-05	5.47763e-14	4.30799e-13	-1.28625e-07	9.90453e-06
16.7139	2.49415e-10	-1.12274e-05	5.47952e-14	2.90459e-13	-1.96943e-07	9.82347e-06
16.7139	2.44685e-10	-1.12284e-05	5.376e-14	4.73319e-13	2.10603e-07	9.73824e-06
16.7139	2.45101e-10	-1.12293e-05	5.3851e-14	2.4454e-13	2.13581e-07	9.64899e-06
16.714	2.5064e-10	-1.12303e-05	5.50632e-14	2.49379e-13	8.98579e-08	9.55626e-06
16.714	2.58262e-10	-1.12312e-05	5.67309e-14	6.18914e-13	-3.75127e-07	9.45981e-06
16.714	2.56979e-10	-1.12321e-05	5.64501e-14	3.43999e-13	-5.27429e-08	9.3594e-06
16.714	2.54483e-10	-1.1233e-05	5.59039e-14	2.61373e-13	-1.19564e-07	9.25624e-06
16.714	2.49263e-10	-1.12339e-05	5.47618e-14	4.84525e-13	2.48281e-07	9.15052e-06
16.714	2.49751e-10	-1.12348e-05	5.48685e-14	2.66894e-13	1.65064e-07	9.04159e-06
16.714	2.53941e-10	-1.12357e-05	5.57853e-14	-1.02396e-12	5.77485e-07	8.92994e-06
16.714	2.7089e-10	-1.12365e-05	5.94938e-14	1.72014e-12	-5.81906e-07	8.81636e-06
16.714	2.74877e-10	-1.12374e-05	6.03663e-14	3.23463e-13	-3.8073e-07	8.70105e-06
16.714	2.70585e-10	-1.12382e-05	5.94272e-14	3.33143e-13	-1.44613e-09	8.5837e-06
16.714	2.66321e-10	-1.12391e-05	5.84941e-14	3.09489e-13	4.19615e-07	8.46437e-06
16.714	2.70934e-10	-1.12399e-05	5.95034e-14	1.00543e-13	1.51949e-07	8.34334e-06
16.714	2.78626e-10	-1.12407e-05	6.11864e-14	9.76754e-14	1.05009e-07	8.22158e-06
16.714	2.88347e-10	-1.12415e-05	6.33135e-14	3.64317e-13	-2.0942e-08	8.09905e-06
16.714	2.975e-10	-1.12423e-05	6.53164e-14	4.46111e-13	-8.47087e-07	7.9752e-06
16.714	2.89755e-10	-1.1243e-05	6.36215e-14	6.71681e-13	3.08561e-07	7.85037e-06
16.714	2.88139e-10	-1.12438e-05	6.32681e-14	1.43736e-13	3.46979e-07	7.72513e-06
16.714	2.93197e-10	-1.12445e-05	6.43746e-14	-2.61162e-13	2.76813e-07	7.59953e-06
16.714	3.03386e-10	-1.12453e-05	6.66042e-14	4.4457e-13	-6.01761e-08	7.47389e-06
16.714	3.12292e-10	-1.1246e-05	6.85528e-14	8.63101e-13	-4.67778e-07	7.34867e-06
16.714	3.12526e-10	-1.12467e-05	6.8604e-14	1.95675e-13	1.72397e-07	7.22337e-06
16.714	3.15842e-10	-1.12474e-05	6.93296e-14	1.71026e-13	9.10956e-08	7.09799e-06
16.714	3.20703e-10	-1.12481e-05	7.03932e-14	2.19124e-13	3.54261e-08	6.97275e-06
16.714	3.26089e-10	-1.12488e-05	7.15716e-14	3.74228e-13	-5.44254e-07	6.84798e-06
16.7141	3.22145e-10	-1.12494e-05	7.07087e-14	3.43391e-13	8.65911e-08	6.72395e-06
16.7141	3.19715e-10	-1.12501e-05	7.0177e-14	2.66857e-13	2.77098e-07	6.60075e-06
16.7141	3.21861e-10	-1.12507e-05	7.06464e-14	2.75063e-13	-4.22195e-08	6.47814e-06
16.7141	3.23288e-10	-1.12513e-05	7.09588e-14	-2.67125e-12	9.95109e-07	6.3567e-06
16.7141	3.40354e-10	-1.1252e-05	7.46928e-14	-5.54988e-13	1.3829e-07	6.23658e-06
16.7141	3.59229e-10	-1.12526e-05	7.88229e-14	3.76202e-12	-9.3162e-07	6.117e-06
16.7141	3.63632e-10	-1.12532e-05	7.97864e-14	3.51292e-13	-4.83816e-07	5.99825e-06
16.7141	3.60766e-10	-1.12537e-05	7.91593e-14	-6.75892e-13	-4.3865e-07	5.88069e-06
16.7141	3.51571e-10	-1.12543e-05	7.71474e-14	1.12821e-12	8.24949e-07	5.76456e-06
16.7141	3.54329e-10	-1.12549e-05	7.77507e-14	-2.73501e-12	9.10893e-07	5.64952e-06
16.7141	3.69765e-10	-1.12554e-05	8.11283e-14	-4.43165e-12	6.50225e-07	5.53559e-06
16.7141	3.93796e-10	-1.12559e-05	8.63863e-14	7.38472e-12	-1.29808e-06	5.42333e-06
16.7141	3.99919e-10	-1.12565e-05	8.77261e-14	-2.02055e-12	-1.50461e-06	5.31237e-06
16.7141	3.86141e-10	-1.1257e-05	8.47114e-14	1.26378e-12	2.27163e-07	5.20266e-06
16.7141	3.75572e-10	-1.12575e-05	8.23988e-14	-8.12086e-13	1.85954e-06	5.09461e-06
16.7141	3.88658e-10	-1.1258e-05	8.52622e-14	1.15574e-12	-2.05659e-07	4.98766e-06
16.7141	3.98931e-10	-1.12584e-05	8.75099e-14	3.7744e-13	-4.64183e-08	4.882e-06
16.7141	4.08425e-10	-1.12589e-05	8.95873e-14	1.54813e-12	-5.15682e-07	4.77822e-06
16.7141	4.11623e-10	-1.12594e-05	9.0287e-14	2.8903e-13	-4.44503e-07	4.67557e-06
16.7141	4.09613e-10	-1.12598e-05	8.98472e-14	-5.31458e-14	-1.7615e-07	4.57407e-06
16.7141	4.05654e-10	-1.12603e-05	8.8981e-14	-3.47228e-12	1.60736e-06	4.47419e-06
16.7141	4.19562e-10	-1.12607e-05	9.20242e-14	-1.01375e-11	1.13093e-06	4.37532e-06
16.7141	4.45392e-10	-1.12611e-05	9.76759e-14	-1.30843e-11	9.28949e-07	4.27754e-06
16.7141	4.80463e-10	-1.12615e-05	1.0535e-13	2.55947e-11	-2.40565e-06	4.18131e-06
16.7141	4.89883e-10	-1.12619e-05	1.07411e-13	-8.49591e-12	-2.98346e-06	4.08631e-06
16.7141	4.68962e-10	-1.12623e-05	1.02833e-13	3.1054e-12	3.07655e-07	3.99236e-06
16.7141	4.51559e-10	-1.12627e-05	9.90253e-14	6.81022e-12	2.43426e-06	3.8999e-06
16.7141	4.58015e-10	-1.12631e-05	1.00438e-13	-8.20033e-12	1.27629e-06	3.80837e-06
16.7141	4.76324e-10	-1.12635e-05	1.04444e-13	-4.24666e-12	4.08356e-07	3.71776e-06
16.7141	4.97945e-10	-1.12638e-05	1.09175e-13	1.27465e-11	-1.64605e-06	3.62868e-06
16.7141	5.04295e-10	-1.12642e-05	1.10564e-13	-7.06828e-12	-2.54828e-06	3.54013e-06
16.7141	4.88217e-10	-1.12645e-05	1.07046e-13	2.67153e-12	3.00425e-07	3.4521e-06
16.7141	4.75101e-10	-1.12648e-05	1.04176e-13	6.04075e-12	1.4677e-06	3.36594e-06
16.7141	4.74507e-10	-1.12652e-05	1.04046e-13	1.14093e-13	-2.99961e-08	3.28062e-06
16.7141	4.73685e-10	-1.12655e-05	1.03867e-13	-1.57175e-13	-2.48726e-07	3.19519e-06
16.7141	4.70925e-10	-1.12658e-05	1.03263e-13	-3.41614e-12	1.59014e-06	3.11105e-06
16.7141	4.80439e-10	-1.12661e-05	1.05344e-13	-1.2567e-11	1.3313e-06	3.02804e-06
16.7141	4.99637e-10	-1.12664e-05	1.09545e-13	-8.90375e-12	6.25387e-07	2.94498e-06
16.7141	5.22839e-10	-1.12667e-05	1.14622e-13	-1.52823e-10	5.25278e-06	2.86257e-06
16.7141	5.82444e-10	-1.12669e-05	1.27664e-13	-1.77152e-10	3.47942e-06	2.78175e-06
16.7141	6.64208e-10	-1.12672e-05	1.45555e-13	1.58794e-10	-3.05072e-06	2.70148e-06
16.7141	7.23274e-10	-1.12675e-05	1.58479e-13	1.405e-10	-1.36384e-05	2.6211e-06
16.7141	6.92559e-10	-1.12677e-05	1.51758e-13	-4.77883e-10	-9.86342e-06	2.54185e-06
16.7141	6.01061e-10	-1.1268e-05	1.31737e-13	-4.00632e-10	-4.71908e-06	2.46429e-06
16.7141	4.83753e-10	-1.12682e-05	1.06069e-13	-9.42831e-10	-8.06729e-06	2.38739e-06
16.7141	3.22794e-10	-1.12684e-05	7.08501e-14	-5.92121e-10	-4.02551e-06	2.31073e-06
16.7141	1.44196e-10	-1.12686e-05	3.17714e-14	1.47673e-10	9.53439e-07	2.23549e-06
16.7142	-2.33357e-11	-1.12689e-05	-4.88573e-15	1.48068e-09	1.21267e-05	2.16235e-06
16.7142	-1.20908e-10	-1.12691e-05	-2.62354e-14	7.66312e-10	2.38719e-05	2.09068e-06
16.7142	-9.2566e-11	-1.12693e-05	-2.00339e-14	-2.05825e-09	2.37028e-05	2.02038e-06
16.7142	5.24835e-11	-1.12695e-05	1.17042e-14	-6.042e-09	2.79699e-05	1.95217e-06
16.7142	3.26799e-10	-1.12696e-05	7.17266e-14	-5.44691e-09	1.66308e-05	1.88647e-06
16.7142	6.69008e-10	-1.12698e-05	1.46604e-13	-5.15246e-09	1.28426e-05	1.82313e-06
16.7142	1.05725e-09	-1.127e-05	2.31555e-13	3.11625e-09	-7.51759e-06	1.76222e-06
16.7142	1.40004e-09	-1.12702e-05	3.0656e-13	4.43453e-09	-1.21365e-05	1.70512e-06
16.7142	1.6811e-09	-1.12703e-05	3.68059e-13	4.9709e-09	-1.69904e-05	1.65237e-06
16.7142	1.88455e-09	-1.12705e-05	4.12574e-13	5.23358e-09	-2.98092e-05	1.60318e-06
16.7142	1.96434e-09	-1.12706e-05	4.30034e-13	7.62498e-10	-3.03785e-05	1.55696e-06
16.7142	1.92533e-09	-1.12708e-05	4.21497e-13	-4.25372e-09	-3.23148e-05	1.51348e-06
16.7142	1.76681e-09	-1.12709e-05	3.86813e-13	-8.03396e-09	-2.83571e-05	1.47315e-06
16.7142	1.50933e-09	-1.12711e-05	3.30473e-13	-2.64977e-10	-7.44329e-07	1.43956e-06
16.7142	1.25426e-09	-1.12712e-05	2.74662e-13	-6.68809e-10	-1.84493e-06	1.41572e-06
16.7142	9.96115e-10	-1.12714e-05	2.18178e-13	1.99036e-09	5.63729e-06	1.40002e-06
16.7142	7.59876e-10	-1.12715e-05	1.66487e-13	3.3098e-09	1.05916e-05	1.39009e-06
16.7142	5.61626e-10	-1.12716e-05	1.23108e-13	-3.72362e-09	-1.18019e-05	1.38472e-06
16.7142	3.23022e-10	-1.12718e-05	7.09e-14	5.24992e-09	1.74133e-05	1.38377e-06
16.7142	1.44466e-10	-1.12719e-05	3.18306e-14	3.59472e-09	1.66088e-05	1.38716e-06
16.7142	2.29109e-11	-1.1272e-05	5.23338e-15	3.04369e-09	3.24768e-05	1.39513e-06
16.7142	1.41412e-11	-1.12722e-05	3.31451e-15	-6.09762e-11	8.04465e-06	1.4085e-06
16.7142	3.37609e-11	-1.12723e-05	7.60744e-15	-3.62538e-10	7.71651e-06	1.42893e-06
16.7142	8.15223e-11	-1.12724e-05	1.8058e-14	-2.292e-11	3.42256e-07	1.45797e-06
16.7142	1.31658e-10	-1.12726e-05	2.90282e-14	-6.74893e-10	7.72992e-06	1.4957e-06
16.7142	2.12527e-10	-1.12727e-05	4.67227e-14	5.90994e-10	-6.54575e-06	1.54176e-06
16.7142	2.70433e-10	-1.12729e-05	5.93931e-14	-7.79816e-11	1.02067e-06	1.59659e-06
16.7142	3.34685e-10	-1.12731e-05	7.34519e-14	5.81896e-10	-1.16788e-05	1.66046e-06
16.7142	3.52158e-10	-1.12732e-05	7.72752e-14	1.98841e-11	-1.11027e-06	1.734e-06
16.7142	3.65521e-10	-1.12734e-05	8.01992e-14	-3.57716e-11	-7.85391e-06	1.81831e-06
16.7142	3.42977e-10	-1.12736e-05	7.52663e-14	-3.02548e-11	-1.12313e-06	1.91516e-06
16.7142	3.13654e-10	-1.12738e-05	6.88501e-14	-7.08653e-11	-2.03305e-06	2.02666e-06
16.7142	2.7195e-10	-1.1274e-05	5.9725e-14	8.60818e-12	2.1605e-07	2.15496e-06
16.7142	2.287e-10	-1.12742e-05	5.02616e-14	-1.09583e-10	-2.43761e-06	2.30344e-06
16.7142	1.67824e-10	-1.12744e-05	3.69415e-14	5.31781e-12	1.02632e-07	2.47662e-06
16.7142	1.02835e-10	-1.12747e-05	2.27215e-14	-4.91685e-11	-9.31478e-07	2.67987e-06
16.7142	2.57954e-11	-1.12749e-05	5.86453e-15	-4.4763e-11	-7.84752e-07	2.92088e-06
16.7142	-6.44778e-11	-1.12752e-05	-1.38879e-14	3.94466e-11	6.84389e-07	3.21051e-06
16.7142	-1.5836e-10	-1.12756e-05	-3.443e-14	1.89902e-10	4.19349e-06	3.56631e-06
16.7142	-2.23784e-10	-1.12759e-05	-4.87452e-14	1.12213e-10	5.07466e-06	4.01545e-06
16.7142	-2.43824e-10	-1.12763e-05	-5.31302e-14	9.01545e-12	1.90039e-06	4.60824e-06
16.7142	-2.43554e-10	-1.12768e-05	-5.30711e-14	-1.02564e-12	-7.31861e-07	5.44939e-06
16.7142	-2.54115e-10	-1.12774e-05	-5.53818e-14	-1.59431e-11	-1.93593e-06	6.78522e-06
16.7142	-3.04526e-10	-1.12782e-05	-6.64122e-14	4.62888e-12	3.3863e-07	9.35914e-06
16.7142	-3.68539e-10	-1.12792e-05	-8.04186e-14	1.36421e-11	2.75199e-06	1.60861e-05
16.7142	-3.4511e-10	-1.12813e-05	-7.52923e-14	-6.68809e-13	9.69342e-07	5.94021e-05
16.7143	3.67993e-13	-1.12908e-05	3.00815e-16	-0.4	-1.41402e-06	0.0514363
16.6629	3.44417e-13	-1.30848e-06	2.98233e-16	0.4	-3.0968e-11	0.10204
