16.6138	-4.08165e-09	-2.44154e-07	-2.62574e-13	-3.39419e-05	-0.00368453	0.00289104
16.6138	-4.76218e-08	-2.44179e-07	-8.02171e-13	-0.00208264	0.0327044	2.52406e-06
16.6138	-2.43121e-08	-2.44181e-07	-5.13281e-13	-0.00814137	0.0342095	2.50481e-07
16.6138	4.08895e-09	-2.44182e-07	-1.61292e-13	0.00207596	-0.00660915	1.57063e-07
16.6138	2.31212e-08	-2.44183e-07	7.45842e-14	0.00591202	-0.026573	1.25349e-07
16.6138	3.18532e-08	-2.44183e-07	1.82804e-13	0.00203298	-0.0203139	1.13082e-07
16.6138	3.45279e-08	-2.44184e-07	2.15954e-13	0.000152269	-0.00391279	1.09183e-07
16.6138	3.61059e-08	-2.44184e-07	2.35511e-13	-8.82301e-05	0.002495	1.08684e-07
16.6138	3.83703e-08	-2.44185e-07	2.63575e-13	-0.000260708	0.00484781	1.09675e-07
16.6138	4.20042e-08	-2.44186e-07	3.08612e-13	1.59499e-05	-0.000244087	1.11379e-07
16.6138	4.56323e-08	-2.44186e-07	3.53578e-13	0.000216483	-0.00394999	1.13367e-07
16.6138	4.81976e-08	-2.44187e-07	3.8537e-13	0.000143473	-0.00416353	1.1557e-07
16.6138	4.96001e-08	-2.44188e-07	4.02753e-13	3.80948e-05	-0.00200217	1.17989e-07
16.6138	5.04358e-08	-2.44188e-07	4.13111e-13	1.81429e-05	-0.00202702	1.2056e-07
16.6138	5.06724e-08	-2.44189e-07	4.16044e-13	1.10156e-06	-0.00117941	1.23242e-07
16.6138	5.05469e-08	-2.4419e-07	4.14489e-13	-3.26182e-06	-0.000808311	1.26017e-07
16.6138	5.0161e-08	-2.4419e-07	4.09707e-13	-2.12182e-05	-0.00194373	1.28883e-07
16.6138	4.9133e-08	-2.44191e-07	3.96967e-13	-7.42893e-06	-0.000440165	1.31836e-07
16.6138	4.79346e-08	-2.44192e-07	3.82115e-13	-8.80647e-05	-0.00334299	1.34903e-07
16.6138	4.55675e-08	-2.44192e-07	3.52779e-13	-0.000117697	-0.00281761	1.38102e-07
16.6138	4.21595e-08	-2.44193e-07	3.10542e-13	-0.000115073	-0.00212432	1.41404e-07
16.6138	3.79102e-08	-2.44194e-07	2.57879e-13	-0.000105164	-0.00165198	1.44798e-07
16.6138	3.29534e-08	-2.44195e-07	1.96447e-13	-0.000163927	-0.00223216	1.48318e-07
16.6138	2.70373e-08	-2.44196e-07	1.23127e-13	-7.88508e-05	-0.000967388	1.51927e-07
16.6138	2.06065e-08	-2.44196e-07	4.34274e-14	-0.000101672	-0.00116986	1.55617e-07
16.6138	1.35581e-08	-2.44197e-07	-4.39259e-14	4.29998e-05	0.000485103	1.59364e-07
16.6138	6.53779e-09	-2.44198e-07	-1.30932e-13	0.000217055	0.00269257	1.63089e-07
16.6138	4.66349e-10	-2.44199e-07	-2.06178e-13	0.000139179	0.00202537	1.66875e-07
16.6138	-4.89261e-09	-2.442e-07	-2.72593e-13	6.06882e-05	0.000992874	1.70828e-07
16.6138	-9.95077e-09	-2.44201e-07	-3.35281e-13	0.000157579	0.00309908	1.74878e-07
16.6138	-1.37571e-08	-2.44202e-07	-3.82454e-13	3.04724e-05	0.000739283	1.79048e-07
16.6138	-1.73207e-08	-2.44203e-07	-4.26619e-13	9.39416e-05	0.00293404	1.83345e-07
16.6138	-1.96085e-08	-2.44204e-07	-4.54971e-13	5.98255e-05	0.00557251	1.8773e-07
16.6138	-1.93048e-08	-2.44205e-07	-4.51207e-13	-9.80447e-05	0.00565478	1.92313e-07
16.6138	-1.62416e-08	-2.44206e-07	-4.13243e-13	-0.000398911	0.00781052	1.97225e-07
16.6138	-9.19693e-09	-2.44207e-07	-3.25934e-13	-1.76262e-05	0.000247134	2.02206e-07
16.6138	-1.85487e-09	-2.44208e-07	-2.34939e-13	0.000118751	-0.00175886	2.07032e-07
16.6138	4.73862e-09	-2.44209e-07	-1.53222e-13	0.000120793	-0.00208835	2.11882e-07
16.6138	1.03673e-08	-2.4421e-07	-8.34631e-14	0.000153201	-0.0034955	2.16804e-07
16.6138	1.42096e-08	-2.44212e-07	-3.58417e-14	9.71211e-05	-0.00380071	2.21827e-07
16.6138	1.60094e-08	-2.44213e-07	-1.3536e-14	2.47319e-05	-0.00384246	2.27005e-07
16.6138	1.56454e-08	-2.44214e-07	-1.80461e-14	-7.41023e-06	-0.00120065	2.32327e-07
16.6138	1.45674e-08	-2.44215e-07	-3.14049e-14	-2.83033e-05	-0.00199757	2.37765e-07
16.6138	1.22632e-08	-2.44217e-07	-5.99615e-14	-4.87304e-05	-0.00201347	2.43308e-07
16.6138	8.66656e-09	-2.44218e-07	-1.04536e-13	-6.95655e-06	-0.000233246	2.48916e-07
16.6138	4.84098e-09	-2.44219e-07	-1.51947e-13	4.79597e-05	0.00186275	2.54525e-07
16.6138	2.12867e-09	-2.44221e-07	-1.85561e-13	3.67417e-05	0.00246077	2.60161e-07
16.6138	9.74478e-10	-2.44222e-07	-1.99865e-13	7.31951e-06	0.00136327	2.6588e-07
16.6138	7.10981e-10	-2.44224e-07	-2.03129e-13	-8.99286e-07	0.00110876	2.71669e-07
16.6138	1.20288e-09	-2.44225e-07	-1.97032e-13	-6.06466e-06	0.00099785	2.77506e-07
16.6138	2.40486e-09	-2.44227e-07	-1.82134e-13	-1.21491e-05	0.00107816	2.83392e-07
16.6138	4.404e-09	-2.44228e-07	-1.57357e-13	8.35667e-06	-0.000681628	2.89319e-07
16.6138	5.94654e-09	-2.4423e-07	-1.38238e-13	1.06058e-05	-0.00164834	2.95289e-07
16.6138	6.29154e-09	-2.44231e-07	-1.33961e-13	-1.17626e-06	-0.00128999	3.01323e-07
16.6138	5.662e-09	-2.44233e-07	-1.41763e-13	-7.89677e-07	-0.000172836	3.07425e-07
16.6138	4.88562e-09	-2.44235e-07	-1.51383e-13	7.03471e-07	0.000152253	3.136e-07
16.6138	4.21424e-09	-2.44237e-07	-1.59703e-13	-1.21705e-07	-2.82356e-05	3.19857e-07
16.6138	3.50671e-09	-2.44238e-07	-1.68471e-13	1.87443e-06	0.000742294	3.26175e-07
16.6138	3.39647e-09	-2.4424e-07	-1.69836e-13	-3.98827e-07	0.000555142	3.32558e-07
16.6138	3.75009e-09	-2.44242e-07	-1.65452e-13	3.51211e-07	-0.000228975	3.39042e-07
16.6138	3.91464e-09	-2.44244e-07	-1.63411e-13	4.06113e-08	-0.000336251	3.45633e-07
16.6138	3.78904e-09	-2.44246e-07	-1.64967e-13	-4.98842e-08	-5.77253e-05	3.5228e-07
16.6138	3.60973e-09	-2.44248e-07	-1.67188e-13	-3.71929e-07	-0.000233566	3.58903e-07
16.6138	3.2156e-09	-2.4425e-07	-1.72071e-13	1.62709e-07	8.26015e-05	3.65434e-07
16.6138	2.89057e-09	-2.44252e-07	-1.76098e-13	2.10916e-07	0.000552667	3.71843e-07
16.6138	3.07808e-09	-2.44254e-07	-1.73773e-13	-1.42208e-07	0.000111258	3.78124e-07
16.6138	3.37474e-09	-2.44256e-07	-1.70095e-13	2.33382e-07	-0.000370705	3.84305e-07
16.6138	3.31718e-09	-2.44258e-07	-1.70807e-13	-4.82869e-08	-9.17152e-05	3.90471e-07
16.6138	3.16845e-09	-2.4426e-07	-1.72648e-13	5.64152e-08	0.000167942	3.96712e-07
16.6138	3.18523e-09	-2.44262e-07	-1.72439e-13	-1.32395e-08	-9.14703e-05	4.03068e-07
16.6138	3.10938e-09	-2.44264e-07	-1.73377e-13	-2.96852e-08	-5.74216e-05	4.09539e-07
16.6138	2.97305e-09	-2.44267e-07	-1.75066e-13	4.2079e-08	0.000157007	4.16116e-07
16.6138	2.99916e-09	-2.44269e-07	-1.7474e-13	9.71604e-10	-9.68769e-06	4.22788e-07
16.6138	3.01537e-09	-2.44271e-07	-1.74538e-13	-7.2504e-08	0.000155762	4.29576e-07
16.6138	3.20045e-09	-2.44274e-07	-1.72243e-13	6.7687e-08	-0.000217434	4.36567e-07
16.6138	3.14933e-09	-2.44276e-07	-1.72875e-13	-7.32769e-08	-0.000130938	4.43882e-07
16.6138	2.95081e-09	-2.44278e-07	-1.75333e-13	4.80579e-08	6.6734e-05	4.5168e-07
16.6138	2.82473e-09	-2.44281e-07	-1.76894e-13	2.6136e-08	6.83351e-05	4.6016e-07
16.6138	2.77557e-09	-2.44283e-07	-1.77502e-13	-2.14293e-09	9.37914e-05	4.69461e-07
16.6138	2.8366e-09	-2.44286e-07	-1.76744e-13	-1.14494e-08	3.35549e-05	4.79496e-07
16.6138	2.93962e-09	-2.44289e-07	-1.75465e-13	1.68428e-08	-6.28549e-05	4.89963e-07
16.6138	2.96706e-09	-2.44291e-07	-1.75123e-13	-1.09809e-07	-0.000232914	5.00429e-07
16.6138	2.70068e-09	-2.44294e-07	-1.78423e-13	-1.37439e-08	-1.26626e-05	5.10389e-07
16.6138	2.41293e-09	-2.44297e-07	-1.81987e-13	-4.17103e-08	-3.46522e-05	5.19479e-07
16.6138	2.07502e-09	-2.443e-07	-1.86173e-13	1.65936e-07	0.00024315	5.27618e-07
16.6138	2.0552e-09	-2.44303e-07	-1.86417e-13	-1.53167e-07	0.000262884	5.35081e-07
16.6138	2.38916e-09	-2.44306e-07	-1.82276e-13	8.97275e-08	-8.79755e-05	5.42596e-07
16.6138	2.60775e-09	-2.44309e-07	-1.79565e-13	6.3286e-08	-0.000176848	5.51103e-07
16.6138	2.58433e-09	-2.44312e-07	-1.79853e-13	-4.85352e-08	-0.000123497	5.59433e-07
16.6138	2.38674e-09	-2.44315e-07	-1.823e-13	4.36372e-08	0.000187713	5.65877e-07
16.6138	2.45406e-09	-2.44318e-07	-1.81463e-13	-5.08932e-09	1.8051e-05	5.70928e-07
16.6138	2.54781e-09	-2.44321e-07	-1.80299e-13	-1.47189e-08	3.54155e-05	5.7566e-07
16.6138	2.69353e-09	-2.44324e-07	-1.78491e-13	2.4819e-08	-0.000116288	5.79985e-07
16.6138	2.67104e-09	-2.44327e-07	-1.78768e-13	-2.25596e-08	-8.07849e-05	5.83442e-07
16.6138	2.53029e-09	-2.4433e-07	-1.8051e-13	-1.68782e-07	-0.00018084	5.86497e-07
16.6138	2.12296e-09	-2.44334e-07	-1.85556e-13	1.39234e-07	0.000131887	5.89253e-07
16.6138	1.90862e-09	-2.44337e-07	-1.88211e-13	5.26792e-08	0.000141969	5.91468e-07
16.6138	1.90384e-09	-2.4434e-07	-1.88268e-13	-1.17198e-08	7.17717e-05	5.9335e-07
16.6138	2.00567e-09	-2.44343e-07	-1.87003e-13	1.0023e-08	-9.4796e-05	5.94942e-07
16.6138	1.96658e-09	-2.44347e-07	-1.87486e-13	-5.88569e-09	8.14189e-05	5.96128e-07
16.6138	2.04887e-09	-2.4435e-07	-1.86464e-13	-6.40516e-09	1.97026e-05	5.97028e-07
16.6138	2.16069e-09	-2.44353e-07	-1.85076e-13	8.77318e-09	-2.90852e-05	5.97613e-07
16.6138	2.22912e-09	-2.44356e-07	-1.84226e-13	4.65063e-09	-3.04225e-05	5.97852e-07
16.6138	2.25208e-09	-2.4436e-07	-1.83939e-13	-3.90971e-09	2.70629e-05	5.97795e-07
16.6138	2.31547e-09	-2.44363e-07	-1.83151e-13	-4.29023e-08	-0.000180124	5.97398e-07
16.6138	2.10992e-09	-2.44366e-07	-1.85696e-13	-9.93726e-09	-1.37472e-05	5.96687e-07
16.6138	1.88417e-09	-2.44369e-07	-1.88492e-13	3.24509e-08	5.16687e-05	5.95653e-07
16.6138	1.73574e-09	-2.44373e-07	-1.90329e-13	-8.20498e-09	0.000214831	5.94258e-07
16.6138	1.90644e-09	-2.44376e-07	-1.88212e-13	1.83477e-09	-3.23484e-06	5.92534e-07
16.6138	2.07182e-09	-2.44379e-07	-1.8616e-13	2.89627e-08	-8.15131e-05	5.90473e-07
16.6138	2.11647e-09	-2.44382e-07	-1.85604e-13	-1.85227e-09	1.04294e-05	5.88083e-07
16.6138	2.17623e-09	-2.44385e-07	-1.84861e-13	3.39646e-09	-5.80789e-05	5.854e-07
16.6138	2.15091e-09	-2.44389e-07	-1.85173e-13	-4.89311e-10	3.96264e-05	5.82406e-07
16.6138	2.18327e-09	-2.44392e-07	-1.8477e-13	-2.35056e-10	2.01852e-06	5.79127e-07
16.6138	2.21835e-09	-2.44395e-07	-1.84333e-13	-8.88884e-09	4.00888e-05	5.75545e-07
16.6138	2.31069e-09	-2.44398e-07	-1.83187e-13	-8.36014e-09	2.21555e-05	5.71684e-07
16.6138	2.43396e-09	-2.44401e-07	-1.81657e-13	9.81303e-09	-2.68384e-05	5.67568e-07
16.6138	2.51836e-09	-2.44404e-07	-1.80609e-13	8.90594e-09	-5.80944e-05	5.63174e-07
16.6138	2.52062e-09	-2.44407e-07	-1.80579e-13	-1.90633e-08	-8.8951e-05	5.58564e-07
16.6138	2.39918e-09	-2.4441e-07	-1.82082e-13	1.89185e-08	9.51207e-05	5.53717e-07
16.6138	2.4099e-09	-2.44413e-07	-1.81947e-13	-2.70179e-08	9.64659e-05	5.48643e-07
16.6138	2.55222e-09	-2.44416e-07	-1.80181e-13	-2.52729e-08	4.05856e-05	5.43369e-07
16.6138	2.74799e-09	-2.44419e-07	-1.77753e-13	5.09299e-08	-0.00016943	5.37884e-07
16.6138	2.71509e-09	-2.44422e-07	-1.78159e-13	-4.34828e-09	-2.38219e-05	5.32175e-07
16.6138	2.65102e-09	-2.44425e-07	-1.78951e-13	-2.03637e-08	-5.40019e-05	5.2631e-07
16.6138	2.51702e-09	-2.44428e-07	-1.8061e-13	2.59883e-08	0.000112139	5.20298e-07
16.6138	2.52958e-09	-2.44431e-07	-1.80452e-13	-1.75182e-08	7.45528e-05	5.14104e-07
16.6138	2.63724e-09	-2.44433e-07	-1.79116e-13	-2.7998e-07	0.000260827	5.07755e-07
16.6138	3.07253e-09	-2.44436e-07	-1.73719e-13	2.80811e-07	-0.000262824	5.01297e-07
16.6138	3.17497e-09	-2.44439e-07	-1.72448e-13	-3.18564e-09	-0.000171961	4.94741e-07
16.6138	3.06479e-09	-2.44442e-07	-1.73812e-13	-2.94119e-10	-6.5355e-07	4.88066e-07
16.6138	2.95532e-09	-2.44444e-07	-1.75167e-13	-4.19118e-09	0.000189524	4.81282e-07
16.6138	3.07381e-09	-2.44447e-07	-1.73696e-13	-4.58091e-08	6.86284e-05	4.74403e-07
16.6138	3.27139e-09	-2.44449e-07	-1.71246e-13	-4.54223e-08	4.74313e-05	4.67476e-07
16.6138	3.52107e-09	-2.44452e-07	-1.6815e-13	9.95817e-09	-9.46079e-06	4.60508e-07
16.6138	3.75619e-09	-2.44454e-07	-1.65234e-13	2.7711e-08	-0.000382596	4.53468e-07
16.6138	3.5573e-09	-2.44457e-07	-1.67697e-13	7.46506e-08	0.000139365	4.46369e-07
16.6138	3.51585e-09	-2.44459e-07	-1.68209e-13	-3.20578e-08	0.000156717	4.39247e-07
16.6138	3.64576e-09	-2.44462e-07	-1.66598e-13	-1.13639e-07	0.000125026	4.32105e-07
16.6138	3.90748e-09	-2.44464e-07	-1.63353e-13	3.13533e-08	-2.71802e-05	4.24962e-07
16.6138	4.13621e-09	-2.44466e-07	-1.60516e-13	1.17763e-07	-0.000211277	4.17842e-07
16.6138	4.14226e-09	-2.44469e-07	-1.6044e-13	-1.74308e-08	7.78651e-05	4.10718e-07
16.6138	4.22746e-09	-2.44471e-07	-1.59383e-13	-2.14521e-08	4.11447e-05	4.03588e-07
16.6138	4.35231e-09	-2.44473e-07	-1.57834e-13	-1.06279e-08	1.6e-05	3.96467e-07
16.6138	4.49067e-09	-2.44475e-07	-1.56118e-13	2.20495e-08	-0.000245819	3.89373e-07
16.6138	4.38941e-09	-2.44477e-07	-1.57371e-13	1.6703e-08	3.91102e-05	3.8232e-07
16.6138	4.32704e-09	-2.44479e-07	-1.58143e-13	2.05395e-09	0.000125155	3.75315e-07
16.6138	4.38216e-09	-2.44481e-07	-1.57458e-13	4.74442e-09	-1.90689e-05	3.68342e-07
16.6138	4.41885e-09	-2.44483e-07	-1.57002e-13	-5.95421e-07	0.000449454	3.61437e-07
16.6138	4.85714e-09	-2.44485e-07	-1.51569e-13	-1.62674e-07	6.24576e-05	3.54609e-07
16.6138	5.34192e-09	-2.44487e-07	-1.4556e-13	7.19001e-07	-0.000420776	3.47809e-07
16.6138	5.45502e-09	-2.44489e-07	-1.44156e-13	2.41476e-08	-0.000218522	3.41056e-07
16.6138	5.38144e-09	-2.44491e-07	-1.45067e-13	-1.84471e-07	-0.000198121	3.34372e-07
16.6138	5.14533e-09	-2.44493e-07	-1.47992e-13	1.84403e-07	0.000372598	3.27769e-07
16.6138	5.21617e-09	-2.44494e-07	-1.47113e-13	-6.02777e-07	0.000411416	3.21228e-07
16.6138	5.61262e-09	-2.44496e-07	-1.42199e-13	-9.47947e-07	0.000293675	3.14751e-07
16.6138	6.22977e-09	-2.44498e-07	-1.34549e-13	1.46357e-06	-0.000586288	3.08368e-07
16.6138	6.38704e-09	-2.445e-07	-1.32599e-13	-4.54173e-07	-0.00067957	3.02058e-07
16.6138	6.03324e-09	-2.44501e-07	-1.36982e-13	2.16551e-07	0.000102593	2.95819e-07
16.6139	5.76185e-09	-2.44503e-07	-1.40345e-13	-2.06147e-07	0.000839891	2.89674e-07
16.6139	6.09794e-09	-2.44504e-07	-1.36178e-13	1.96277e-07	-9.28924e-05	2.83595e-07
16.6139	6.36177e-09	-2.44506e-07	-1.32908e-13	3.83236e-08	-2.09612e-05	2.77587e-07
16.6139	6.60561e-09	-2.44507e-07	-1.29885e-13	2.78013e-07	-0.000232917	2.71686e-07
16.6139	6.68776e-09	-2.44509e-07	-1.28865e-13	2.19648e-08	-0.000200765	2.65849e-07
16.6139	6.63615e-09	-2.4451e-07	-1.29504e-13	-4.70532e-08	-7.95611e-05	2.60077e-07
16.6139	6.53451e-09	-2.44512e-07	-1.30763e-13	-7.43875e-07	0.000725983	2.54399e-07
16.6139	6.8917e-09	-2.44513e-07	-1.26335e-13	-2.10271e-06	0.000510788	2.48779e-07
16.6139	7.55505e-09	-2.44514e-07	-1.18113e-13	-2.70292e-06	0.000419543	2.43222e-07
16.6139	8.45575e-09	-2.44516e-07	-1.06949e-13	5.18811e-06	-0.0010865	2.37748e-07
16.6139	8.69768e-09	-2.44517e-07	-1.0395e-13	-1.76526e-06	-0.00134751	2.32344e-07
16.6139	8.16043e-09	-2.44518e-07	-1.10608e-13	6.01872e-07	0.000138954	2.27004e-07
16.6139	7.71352e-09	-2.44519e-07	-1.16146e-13	1.35823e-06	0.00109946	2.21745e-07
16.6139	7.87933e-09	-2.44521e-07	-1.1409e-13	-1.70305e-06	0.000576441	2.16541e-07
16.6139	8.34952e-09	-2.44522e-07	-1.08262e-13	-8.95773e-07	0.000184442	2.1139e-07
16.6139	8.90479e-09	-2.44523e-07	-1.01379e-13	2.57169e-06	-0.000743459	2.06325e-07
16.6139	9.06788e-09	-2.44524e-07	-9.93572e-14	-1.46982e-06	-0.00115097	2.01288e-07
16.6139	8.65501e-09	-2.44525e-07	-1.04473e-13	5.17805e-07	0.000135723	1.96284e-07
16.6139	8.31819e-09	-2.44526e-07	-1.08647e-13	1.20554e-06	0.00066289	1.91386e-07
16.6139	8.30294e-09	-2.44527e-07	-1.08835e-13	-2.64527e-09	-1.35478e-05	1.86532e-07
16.6139	8.28185e-09	-2.44528e-07	-1.09096e-13	-5.729e-08	-0.000112339	1.81676e-07
16.6139	8.21097e-09	-2.44529e-07	-1.09974e-13	-7.21584e-07	0.000718208	1.76892e-07
16.6139	8.45533e-09	-2.4453e-07	-1.06945e-13	-2.58761e-06	0.000601283	1.72172e-07
16.6139	8.94836e-09	-2.44531e-07	-1.00834e-13	-1.83963e-06	0.000282458	1.67451e-07
16.6139	9.54423e-09	-2.44532e-07	-9.34483e-14	-3.11893e-05	0.00237183	1.62778e-07
16.6139	1.1075e-08	-2.44533e-07	-7.44767e-14	-3.61319e-05	0.00157027	1.58209e-07
16.6139	1.31748e-08	-2.44534e-07	-4.84521e-14	3.23463e-05	-0.00137678	1.53647e-07
16.6139	1.46917e-08	-2.44534e-07	-2.96521e-14	2.86307e-05	-0.00615901	1.49052e-07
16.6139	1.39029e-08	-2.44535e-07	-3.94275e-14	-9.74179e-05	-0.00445142	1.4457e-07
16.6139	1.15531e-08	-2.44536e-07	-6.85486e-14	-8.15704e-05	-0.00212686	1.40221e-07
16.6139	8.54053e-09	-2.44537e-07	-1.05884e-13	-0.00019153	-0.00362833	1.35937e-07
16.6139	4.40692e-09	-2.44538e-07	-1.57114e-13	-0.000119997	-0.00180597	1.31677e-07
16.6139	-1.79667e-10	-2.44538e-07	-2.13957e-13	2.98657e-05	0.000427172	1.27418e-07
16.6139	-4.48204e-09	-2.44539e-07	-2.67278e-13	0.000300592	0.00545187	1.23147e-07
16.6139	-6.98779e-09	-2.4454e-07	-2.98332e-13	0.000156094	0.0107749	1.18929e-07
16.6139	-6.25993e-09	-2.4454e-07	-2.89311e-13	-0.000418486	0.0106772	1.15004e-07
16.6139	-2.5349e-09	-2.44541e-07	-2.43145e-13	-0.00121343	0.0124489	1.11574e-07
16.6139	4.50984e-09	-2.44541e-07	-1.55836e-13	-0.00107512	0.00727029	1.08443e-07
16.6139	1.32981e-08	-2.44542e-07	-4.69177e-14	-0.00100122	0.00552625	1.05354e-07
16.6139	2.32686e-08	-2.44543e-07	7.66514e-14	0.000603837	-0.00322545	1.01945e-07
16.6139	3.20718e-08	-2.44543e-07	1.85755e-13	0.000868468	-0.00526343	9.82746e-08
16.6139	3.92898e-08	-2.44544e-07	2.75211e-13	0.000987613	-0.00747649	9.47879e-08
16.6139	4.45145e-08	-2.44544e-07	3.39963e-13	0.0010559	-0.0133307	9.14963e-08
16.6139	4.65637e-08	-2.44545e-07	3.6536e-13	0.000155229	-0.0137101	8.85849e-08
16.6139	4.55618e-08	-2.44545e-07	3.52943e-13	-0.000861505	-0.0145091	8.62601e-08
16.6139	4.1491e-08	-2.44546e-07	3.02492e-13	-0.00159704	-0.0124931	8.44822e-08
16.6139	3.48785e-08	-2.44546e-07	2.20541e-13	-5.20709e-05	-0.000323781	8.29043e-08
16.6139	2.8328e-08	-2.44546e-07	1.39358e-13	-0.000131321	-0.000801973	8.15673e-08
16.6139	2.16987e-08	-2.44547e-07	5.71973e-14	0.00039112	0.00245276	8.06102e-08
16.6139	1.56318e-08	-2.44547e-07	-1.79919e-14	0.000655453	0.00464469	7.98289e-08
16.6139	1.05405e-08	-2.44548e-07	-8.10901e-14	-0.000737061	-0.005173	7.95357e-08
16.6139	4.41292e-09	-2.44548e-07	-1.57032e-13	0.00104135	0.00765017	7.94186e-08
16.6139	-1.72572e-10	-2.44549e-07	-2.13862e-13	0.000722613	0.00739469	7.92615e-08
16.6139	-3.29423e-09	-2.44549e-07	-2.5255e-13	0.000617982	0.0146194	7.94489e-08
16.6139	-3.51944e-09	-2.44549e-07	-2.55341e-13	-1.24487e-05	0.00363325	8.00895e-08
16.6139	-3.01558e-09	-2.4455e-07	-2.49096e-13	-7.39094e-05	0.00348273	8.12698e-08
16.6139	-1.78901e-09	-2.4455e-07	-2.33894e-13	-4.68723e-06	0.000154575	8.29366e-08
16.6139	-5.01453e-10	-2.44551e-07	-2.17937e-13	-0.000137354	0.00348301	8.51122e-08
16.6139	1.57533e-09	-2.44551e-07	-1.92198e-13	0.000120245	-0.00294912	8.77371e-08
16.6139	3.06244e-09	-2.44552e-07	-1.73767e-13	-1.58967e-05	0.000460285	9.08337e-08
16.6139	4.7125e-09	-2.44552e-07	-1.53317e-13	0.000118577	-0.00527054	9.44426e-08
16.6139	5.16124e-09	-2.44553e-07	-1.47755e-13	4.04165e-06	-0.000501395	9.85955e-08
16.6139	5.50443e-09	-2.44553e-07	-1.43501e-13	-7.31028e-06	-0.00354714	1.03392e-07
16.6139	4.92548e-09	-2.44554e-07	-1.50676e-13	-6.18745e-06	-0.000507262	1.08902e-07
16.6139	4.17243e-09	-2.44554e-07	-1.60008e-13	-1.44665e-05	-0.000917832	1.15247e-07
16.6139	3.10144e-09	-2.44555e-07	-1.73281e-13	1.73575e-06	9.74412e-05	1.22547e-07
16.6139	1.99076e-09	-2.44556e-07	-1.87046e-13	-2.23576e-05	-0.00110018	1.30998e-07
16.6139	4.27403e-10	-2.44557e-07	-2.06421e-13	1.06175e-06	4.62471e-05	1.40855e-07
16.6139	-1.24156e-09	-2.44557e-07	-2.27105e-13	-1.00436e-05	-0.000420334	1.52417e-07
16.6139	-3.22002e-09	-2.44558e-07	-2.51624e-13	-9.14825e-06	-0.000354141	1.66132e-07
16.6139	-5.53831e-09	-2.44559e-07	-2.80355e-13	8.0132e-06	0.000308846	1.82606e-07
16.6139	-7.94928e-09	-2.4456e-07	-3.10235e-13	3.86844e-05	0.00189285	2.02819e-07
16.6139	-9.62942e-09	-2.44561e-07	-3.31057e-13	2.28526e-05	0.00229168	2.28328e-07
16.6139	-1.01441e-08	-2.44563e-07	-3.37434e-13	1.79934e-06	0.000858329	2.6202e-07
16.6139	-1.01371e-08	-2.44564e-07	-3.37347e-13	-2.56812e-07	-0.00033056	3.09843e-07
16.6139	-1.04083e-08	-2.44566e-07	-3.40706e-13	-3.3132e-06	-0.000874368	3.858e-07
16.6139	-1.17029e-08	-2.44568e-07	-3.56749e-13	8.55383e-07	0.000152942	5.32155e-07
16.6139	-1.33467e-08	-2.44572e-07	-3.7712e-13	2.614e-06	0.00124297	9.14636e-07
16.6139	-1.27449e-08	-2.44578e-07	-3.69657e-13	-9.18953e-07	0.000437817	3.37751e-06
16.6139	-3.87227e-09	-2.44609e-07	-2.59674e-13	-0.399999	-0.000638728	0.00293323
16.6109	-4.3476e-09	-2.12686e-07	-2.86961e-13	0.4	5.08538e-08	0.00581913
