16.6229	-4.58942e-10	-3.94144e-07	-3.74387e-14	-6.46505e-06	-0.00160809	0.00426129
16.6229	-2.84664e-08	-3.942e-07	-5.49387e-13	-0.000401832	0.0143812	3.71808e-06
16.6229	-1.34724e-08	-3.94203e-07	-2.7531e-13	-0.00167349	0.0160085	3.61724e-07
16.6229	4.79659e-09	-3.94205e-07	5.86314e-14	0.000442953	-0.00323071	2.22778e-07
16.6229	1.70391e-08	-3.94207e-07	2.82414e-13	0.00120054	-0.0123174	1.80716e-07
16.6229	2.2656e-08	-3.94208e-07	3.85085e-13	0.000393104	-0.00898202	1.65824e-07
16.6229	2.43765e-08	-3.9421e-07	4.16534e-13	2.90537e-05	-0.0017107	1.60835e-07
16.6229	2.53915e-08	-3.94211e-07	4.35089e-13	-1.68281e-05	0.00109045	1.60122e-07
16.6229	2.68481e-08	-3.94212e-07	4.61713e-13	-4.98294e-05	0.00212304	1.61467e-07
16.6229	2.91856e-08	-3.94214e-07	5.04441e-13	3.04934e-06	-0.000106935	1.63894e-07
16.6229	3.15194e-08	-3.94215e-07	5.47101e-13	4.13853e-05	-0.00173027	1.66901e-07
16.6229	3.31695e-08	-3.94216e-07	5.77263e-13	2.73628e-05	-0.00181949	1.70268e-07
16.6229	3.40717e-08	-3.94218e-07	5.93754e-13	7.25807e-06	-0.000874138	1.73894e-07
16.6229	3.46092e-08	-3.94219e-07	6.03581e-13	3.45532e-06	-0.000884645	1.77703e-07
16.6229	3.47614e-08	-3.9422e-07	6.06363e-13	2.0975e-07	-0.000514682	1.81663e-07
16.6229	3.46807e-08	-3.94222e-07	6.04887e-13	-6.21183e-07	-0.00035274	1.85754e-07
16.6229	3.44325e-08	-3.94223e-07	6.0035e-13	-4.04145e-06	-0.00084836	1.89968e-07
16.6229	3.37712e-08	-3.94225e-07	5.88262e-13	-1.41498e-06	-0.000192118	1.9431e-07
16.6229	3.30003e-08	-3.94227e-07	5.74172e-13	-1.67862e-05	-0.00146013	1.98792e-07
16.6229	3.14777e-08	-3.94228e-07	5.46339e-13	-2.24636e-05	-0.00123225	2.03419e-07
16.6229	2.92855e-08	-3.9423e-07	5.06267e-13	-2.19887e-05	-0.000930175	2.08186e-07
16.6229	2.65521e-08	-3.94232e-07	4.56304e-13	-2.01268e-05	-0.000724504	2.1309e-07
16.6229	2.33636e-08	-3.94233e-07	3.98021e-13	-3.14263e-05	-0.000980585	2.18148e-07
16.6229	1.95581e-08	-3.94235e-07	3.2846e-13	-1.51329e-05	-0.000425445	2.23347e-07
16.6229	1.54214e-08	-3.94237e-07	2.52846e-13	-1.95442e-05	-0.000515321	2.28688e-07
16.6229	1.08875e-08	-3.94239e-07	1.69971e-13	8.27105e-06	0.000213823	2.34167e-07
16.6229	6.37169e-09	-3.94241e-07	8.74249e-14	4.16598e-05	0.0011842	2.39768e-07
16.6229	2.46622e-09	-3.94243e-07	1.60365e-14	2.666e-05	0.000889017	2.45512e-07
16.6229	-9.80949e-10	-3.94245e-07	-4.69746e-14	1.16094e-05	0.000435242	2.51429e-07
16.6229	-4.23462e-09	-3.94247e-07	-1.06449e-13	3.01042e-05	0.00135667	2.57506e-07
16.6229	-6.68309e-09	-3.94249e-07	-1.51204e-13	5.8132e-06	0.00032318	2.63742e-07
16.6229	-8.97536e-09	-3.94251e-07	-1.93105e-13	1.79142e-05	0.00128207	2.7014e-07
16.6229	-1.0447e-08	-3.94253e-07	-2.20004e-13	1.13971e-05	0.00243228	2.76691e-07
16.6229	-1.02517e-08	-3.94255e-07	-2.16434e-13	-1.86821e-05	0.00246876	2.83421e-07
16.6229	-8.28125e-09	-3.94258e-07	-1.80417e-13	-7.62424e-05	0.00341976	2.90364e-07
16.6229	-3.74976e-09	-3.9426e-07	-9.75851e-14	-3.37682e-06	0.000108496	2.97448e-07
16.6229	9.73024e-10	-3.94262e-07	-1.12567e-14	2.27402e-05	-0.00077181	3.04611e-07
16.6229	5.21429e-09	-3.94265e-07	6.62699e-14	2.30972e-05	-0.000915046	3.11899e-07
16.6229	8.83491e-09	-3.94267e-07	1.32452e-13	2.92454e-05	-0.00152901	3.19324e-07
16.6229	1.13065e-08	-3.9427e-07	1.77631e-13	1.85113e-05	-0.00165993	3.26887e-07
16.6229	1.24642e-08	-3.94273e-07	1.98792e-13	4.71037e-06	-0.00167693	3.34599e-07
16.6229	1.22301e-08	-3.94275e-07	1.94513e-13	-1.41128e-06	-0.000523976	3.42454e-07
16.6229	1.15367e-08	-3.94278e-07	1.81838e-13	-5.39134e-06	-0.000871924	3.50443e-07
16.6229	1.00544e-08	-3.94281e-07	1.54745e-13	-9.28672e-06	-0.000879278	3.58559e-07
16.6229	7.74087e-09	-3.94284e-07	1.12455e-13	-1.32637e-06	-0.000101909	3.66781e-07
16.6229	5.28006e-09	-3.94287e-07	6.74734e-14	9.14092e-06	0.00081356	3.75078e-07
16.6229	3.53534e-09	-3.9429e-07	3.55818e-14	6.99895e-06	0.00107413	3.83449e-07
16.6229	2.7929e-09	-3.94293e-07	2.20108e-14	1.39399e-06	0.000594938	3.91912e-07
16.6229	2.62339e-09	-3.94296e-07	1.89125e-14	-1.71225e-07	0.000483846	4.00452e-07
16.6229	2.93979e-09	-3.943e-07	2.46963e-14	-1.15495e-06	0.000435471	4.0905e-07
16.6229	3.71296e-09	-3.94303e-07	3.88292e-14	-2.3139e-06	0.000470562	4.1771e-07
16.6229	4.99889e-09	-3.94306e-07	6.23352e-14	1.59164e-06	-0.000297504	4.26444e-07
16.6229	5.99113e-09	-3.9431e-07	8.04725e-14	2.01978e-06	-0.000719354	4.3526e-07
16.6229	6.21303e-09	-3.94313e-07	8.4529e-14	-2.24034e-07	-0.000562937	4.44162e-07
16.6229	5.80807e-09	-3.94317e-07	7.71268e-14	-1.50386e-07	-7.54237e-05	4.53154e-07
16.6229	5.30865e-09	-3.94321e-07	6.7998e-14	1.33971e-07	6.64427e-05	4.62258e-07
16.6229	4.87677e-09	-3.94324e-07	6.01039e-14	-2.31784e-08	-1.23222e-05	4.71481e-07
16.6229	4.42164e-09	-3.94328e-07	5.17847e-14	3.56973e-07	0.000323929	4.80797e-07
16.6229	4.35071e-09	-3.94332e-07	5.04885e-14	-7.5936e-08	0.000242256	4.90206e-07
16.6229	4.57816e-09	-3.94336e-07	5.46463e-14	6.68763e-08	-9.99211e-05	4.99761e-07
16.6229	4.68399e-09	-3.9434e-07	5.65811e-14	7.72567e-09	-0.000146735	5.09478e-07
16.6229	4.60319e-09	-3.94344e-07	5.51043e-14	-9.50107e-09	-2.51908e-05	5.19278e-07
16.6229	4.48783e-09	-3.94348e-07	5.29959e-14	-7.08326e-08	-0.000101924	5.29039e-07
16.6229	4.23429e-09	-3.94353e-07	4.83617e-14	3.0987e-08	3.60461e-05	5.38667e-07
16.6229	4.0252e-09	-3.94357e-07	4.45399e-14	4.01783e-08	0.000241176	5.48113e-07
16.6229	4.1458e-09	-3.94362e-07	4.67447e-14	-2.70779e-08	4.85507e-05	5.57371e-07
16.6229	4.33661e-09	-3.94366e-07	5.02328e-14	4.44342e-08	-0.00016177	5.66483e-07
16.6229	4.29957e-09	-3.94371e-07	4.95559e-14	-9.1976e-09	-4.00231e-05	5.75573e-07
16.6229	4.20388e-09	-3.94375e-07	4.78072e-14	1.07474e-08	7.32874e-05	5.84772e-07
16.6229	4.21466e-09	-3.9438e-07	4.80045e-14	-2.52347e-09	-3.99163e-05	5.9414e-07
16.6229	4.16585e-09	-3.94385e-07	4.71125e-14	-5.65444e-09	-2.5058e-05	6.0368e-07
16.6229	4.07814e-09	-3.9439e-07	4.55095e-14	8.01712e-09	6.85155e-05	6.13375e-07
16.6229	4.09492e-09	-3.94395e-07	4.58165e-14	1.84805e-10	-4.22756e-06	6.2321e-07
16.6229	4.10533e-09	-3.944e-07	4.6007e-14	-1.38031e-08	6.79723e-05	6.33216e-07
16.6229	4.22436e-09	-3.94405e-07	4.81832e-14	1.28843e-08	-9.4885e-05	6.4352e-07
16.6229	4.19146e-09	-3.9441e-07	4.75822e-14	-1.39575e-08	-5.71392e-05	6.54303e-07
16.6229	4.06374e-09	-3.94415e-07	4.52479e-14	9.15342e-09	2.91217e-05	6.65799e-07
16.6229	3.98263e-09	-3.94421e-07	4.37654e-14	4.97885e-09	2.98204e-05	6.78298e-07
16.6229	3.95098e-09	-3.94426e-07	4.31874e-14	-4.05741e-10	4.09291e-05	6.92008e-07
16.6229	3.99022e-09	-3.94432e-07	4.39049e-14	-2.17946e-09	1.46428e-05	7.06799e-07
16.6229	4.05647e-09	-3.94438e-07	4.51161e-14	3.20588e-09	-2.74289e-05	7.22229e-07
16.6229	4.0741e-09	-3.94444e-07	4.54388e-14	-2.0917e-08	-0.00010164	7.37655e-07
16.6229	3.90272e-09	-3.9445e-07	4.23066e-14	-2.61743e-09	-5.52546e-06	7.52337e-07
16.6229	3.71761e-09	-3.94456e-07	3.89233e-14	-7.94399e-09	-1.5122e-05	7.65735e-07
16.6229	3.50022e-09	-3.94462e-07	3.49499e-14	3.16056e-08	0.000106107	7.77733e-07
16.6229	3.48745e-09	-3.94468e-07	3.47169e-14	-2.91616e-08	0.000114719	7.88734e-07
16.6229	3.70225e-09	-3.94475e-07	3.86436e-14	1.70851e-08	-3.83917e-05	7.99812e-07
16.6229	3.84283e-09	-3.94481e-07	4.12137e-14	1.20472e-08	-7.71736e-05	8.12354e-07
16.6229	3.82775e-09	-3.94488e-07	4.09384e-14	-9.24568e-09	-5.38922e-05	8.24631e-07
16.6229	3.70062e-09	-3.94494e-07	3.8615e-14	8.3146e-09	8.19149e-05	8.3413e-07
16.6229	3.74391e-09	-3.94501e-07	3.94066e-14	-9.68713e-10	7.87737e-06	8.41575e-07
16.6229	3.80419e-09	-3.94508e-07	4.05088e-14	-2.80203e-09	1.54547e-05	8.48548e-07
16.6229	3.89789e-09	-3.94515e-07	4.22221e-14	4.72347e-09	-5.07464e-05	8.54925e-07
16.6229	3.8834e-09	-3.94522e-07	4.19576e-14	-4.29803e-09	-3.52533e-05	8.60022e-07
16.6229	3.79284e-09	-3.94529e-07	4.03026e-14	-3.21456e-08	-7.89156e-05	8.64527e-07
16.6229	3.53081e-09	-3.94535e-07	3.55133e-14	2.65174e-08	5.75528e-05	8.68586e-07
16.6229	3.3929e-09	-3.94542e-07	3.2993e-14	1.00355e-08	6.19536e-05	8.7185e-07
16.6229	3.3898e-09	-3.9455e-07	3.29367e-14	-2.23e-09	3.13201e-05	8.74627e-07
16.6229	3.45528e-09	-3.94557e-07	3.4134e-14	1.90637e-09	-4.13675e-05	8.76972e-07
16.6229	3.43011e-09	-3.94564e-07	3.36744e-14	-1.11877e-09	3.553e-05	8.78721e-07
16.6229	3.48302e-09	-3.94571e-07	3.46418e-14	-1.21925e-09	8.59805e-06	8.80046e-07
16.6229	3.55492e-09	-3.94578e-07	3.59566e-14	1.67002e-09	-1.26925e-05	8.8091e-07
16.6229	3.59891e-09	-3.94585e-07	3.67611e-14	8.84899e-10	-1.32759e-05	8.81263e-07
16.6229	3.61366e-09	-3.94592e-07	3.70311e-14	-7.43829e-10	1.18098e-05	8.81179e-07
16.6229	3.65441e-09	-3.94599e-07	3.77764e-14	-8.17433e-09	-7.86029e-05	8.80596e-07
16.6229	3.52217e-09	-3.94606e-07	3.53595e-14	-1.89284e-09	-5.99958e-06	8.79545e-07
16.6229	3.37692e-09	-3.94613e-07	3.2705e-14	6.18106e-09	2.25477e-05	8.78019e-07
16.6229	3.28142e-09	-3.9462e-07	3.09597e-14	-1.55711e-09	9.37489e-05	8.75965e-07
16.6229	3.3912e-09	-3.94627e-07	3.29668e-14	3.49349e-10	-1.41164e-06	8.73425e-07
16.6229	3.49756e-09	-3.94634e-07	3.49113e-14	5.51341e-09	-3.5571e-05	8.70385e-07
16.6229	3.52626e-09	-3.94641e-07	3.54363e-14	-3.5244e-10	4.55119e-06	8.66863e-07
16.6229	3.56467e-09	-3.94648e-07	3.61389e-14	6.4538e-10	-2.53447e-05	8.62908e-07
16.6229	3.54836e-09	-3.94655e-07	3.58412e-14	-9.21672e-11	1.72924e-05	8.58494e-07
16.6229	3.56915e-09	-3.94662e-07	3.62216e-14	-4.46841e-11	8.80873e-07	8.5366e-07
16.6229	3.59169e-09	-3.94669e-07	3.6634e-14	-1.69169e-09	1.74941e-05	8.48381e-07
16.6229	3.65107e-09	-3.94676e-07	3.77198e-14	-1.59145e-09	9.66827e-06	8.42692e-07
16.6229	3.73033e-09	-3.94682e-07	3.91691e-14	1.86805e-09	-1.17117e-05	8.36621e-07
16.6229	3.7846e-09	-3.94689e-07	4.01614e-14	1.69457e-09	-2.53516e-05	8.30145e-07
16.6229	3.78603e-09	-3.94696e-07	4.0188e-14	-3.63246e-09	-3.8817e-05	8.2335e-07
16.6229	3.70789e-09	-3.94702e-07	3.876e-14	3.60508e-09	4.15093e-05	8.16205e-07
16.6229	3.71477e-09	-3.94709e-07	3.88861e-14	-5.14265e-09	4.20963e-05	8.08726e-07
16.6229	3.80629e-09	-3.94715e-07	4.05593e-14	-4.81174e-09	1.7711e-05	8.00952e-07
16.6229	3.9322e-09	-3.94722e-07	4.28612e-14	9.69451e-09	-7.39367e-05	7.92867e-07
16.6229	3.91101e-09	-3.94728e-07	4.24743e-14	-8.28612e-10	-1.03955e-05	7.84452e-07
16.6229	3.86978e-09	-3.94734e-07	4.1721e-14	-3.87924e-09	-2.35657e-05	7.75805e-07
16.6229	3.78356e-09	-3.94741e-07	4.01453e-14	4.95183e-09	4.89357e-05	7.66945e-07
16.6229	3.79162e-09	-3.94747e-07	4.02931e-14	-3.33416e-09	3.25338e-05	7.57814e-07
16.6229	3.86084e-09	-3.94753e-07	4.15588e-14	-5.33104e-08	0.000113821	7.48455e-07
16.6229	4.14083e-09	-3.94759e-07	4.66769e-14	5.34687e-08	-0.000114692	7.38936e-07
16.6229	4.2067e-09	-3.94765e-07	4.78814e-14	-6.10872e-10	-7.5041e-05	7.29271e-07
16.6229	4.1358e-09	-3.9477e-07	4.65858e-14	-5.59877e-11	-2.85131e-07	7.19434e-07
16.6229	4.06537e-09	-3.94776e-07	4.52987e-14	-7.93451e-10	8.27053e-05	7.09433e-07
16.6229	4.14157e-09	-3.94782e-07	4.66919e-14	-8.72188e-09	2.99486e-05	6.9929e-07
16.623	4.26864e-09	-3.94787e-07	4.90149e-14	-8.64825e-09	2.06974e-05	6.89083e-07
16.623	4.42923e-09	-3.94793e-07	5.19508e-14	1.89574e-09	-4.12768e-06	6.78812e-07
16.623	4.58045e-09	-3.94798e-07	5.47152e-14	5.26776e-09	-0.000166959	6.68432e-07
16.623	4.4525e-09	-3.94804e-07	5.23767e-14	1.42193e-08	6.08167e-05	6.57969e-07
16.623	4.42582e-09	-3.94809e-07	5.18892e-14	-6.10092e-09	6.83891e-05	6.47471e-07
16.623	4.50936e-09	-3.94814e-07	5.34167e-14	-2.1637e-08	5.4559e-05	6.36945e-07
16.623	4.6777e-09	-3.94819e-07	5.6494e-14	5.96956e-09	-1.18602e-05	6.26415e-07
16.623	4.82481e-09	-3.94824e-07	5.91834e-14	2.24209e-08	-9.21985e-05	6.15919e-07
16.623	4.82868e-09	-3.94829e-07	5.92544e-14	-3.31745e-09	3.39793e-05	6.05417e-07
16.623	4.88347e-09	-3.94834e-07	6.02562e-14	-4.08405e-09	1.79546e-05	5.94907e-07
16.623	4.96377e-09	-3.94839e-07	6.17243e-14	-2.02365e-09	6.98275e-06	5.84411e-07
16.623	5.05275e-09	-3.94843e-07	6.3351e-14	4.19304e-09	-0.000107272	5.73954e-07
16.623	4.9876e-09	-3.94848e-07	6.21604e-14	3.18168e-09	1.70667e-05	5.63559e-07
16.623	4.94746e-09	-3.94852e-07	6.1427e-14	3.9427e-10	5.46157e-05	5.53231e-07
16.623	4.9829e-09	-3.94857e-07	6.20751e-14	9.03043e-10	-8.32149e-06	5.42955e-07
16.623	5.00649e-09	-3.94861e-07	6.25065e-14	-1.13376e-07	0.000196135	5.32777e-07
16.623	5.2884e-09	-3.94865e-07	6.76599e-14	-3.09777e-08	2.72564e-05	5.22709e-07
16.623	5.60022e-09	-3.9487e-07	7.33598e-14	1.36911e-07	-0.000183621	5.12687e-07
16.623	5.67297e-09	-3.94874e-07	7.46898e-14	4.59308e-09	-9.53595e-05	5.02734e-07
16.623	5.62562e-09	-3.94878e-07	7.38245e-14	-3.51344e-08	-8.64577e-05	4.9288e-07
16.623	5.47373e-09	-3.94882e-07	7.10484e-14	3.51257e-08	0.000162597	4.83147e-07
16.623	5.51928e-09	-3.94885e-07	7.18812e-14	-1.14778e-07	0.000179537	4.73504e-07
16.623	5.77428e-09	-3.94889e-07	7.65427e-14	-1.80514e-07	0.000128157	4.63955e-07
16.623	6.17126e-09	-3.94893e-07	8.37992e-14	2.78699e-07	-0.00025585	4.54547e-07
16.623	6.27241e-09	-3.94896e-07	8.56484e-14	-8.65068e-08	-0.000296555	4.45248e-07
16.623	6.04481e-09	-3.949e-07	8.14883e-14	4.12422e-08	4.47719e-05	4.36052e-07
16.623	5.87022e-09	-3.94903e-07	7.82972e-14	-3.92363e-08	0.000366515	4.26994e-07
16.623	6.0864e-09	-3.94907e-07	8.2249e-14	3.73742e-08	-4.05361e-05	4.18032e-07
16.623	6.2561e-09	-3.9491e-07	8.53511e-14	7.29747e-09	-9.14707e-06	4.09175e-07
16.623	6.41294e-09	-3.94913e-07	8.82181e-14	5.29369e-08	-0.000101642	4.00476e-07
16.623	6.46577e-09	-3.94917e-07	8.9184e-14	4.17796e-09	-8.7611e-05	3.91875e-07
16.623	6.43257e-09	-3.9492e-07	8.85773e-14	-8.96241e-09	-3.47194e-05	3.83367e-07
16.623	6.36717e-09	-3.94923e-07	8.73821e-14	-1.4164e-07	0.000316808	3.74996e-07
16.623	6.59693e-09	-3.94926e-07	9.1582e-14	-4.00419e-07	0.000222905	3.6671e-07
16.623	7.02362e-09	-3.94929e-07	9.93817e-14	-5.14747e-07	0.000183094	3.58514e-07
16.623	7.60298e-09	-3.94932e-07	1.09972e-13	9.87999e-07	-0.000474148	3.50448e-07
16.623	7.7586e-09	-3.94934e-07	1.12817e-13	-3.362e-07	-0.000588037	3.42485e-07
16.623	7.413e-09	-3.94937e-07	1.065e-13	1.14621e-07	6.06384e-05	3.34612e-07
16.623	7.12551e-09	-3.9494e-07	1.01245e-13	2.58682e-07	0.000479791	3.26862e-07
16.623	7.23216e-09	-3.94942e-07	1.03194e-13	-3.24304e-07	0.000251553	3.1919e-07
16.623	7.5346e-09	-3.94945e-07	1.08723e-13	-1.70586e-07	8.04911e-05	3.11596e-07
16.623	7.89177e-09	-3.94947e-07	1.15252e-13	4.89724e-07	-0.00032444	3.0413e-07
16.623	7.99667e-09	-3.9495e-07	1.17169e-13	-2.79919e-07	-0.000502264	2.96709e-07
16.623	7.73108e-09	-3.94952e-07	1.12315e-13	9.85942e-08	5.92182e-05	2.89331e-07
16.623	7.51442e-09	-3.94954e-07	1.08355e-13	2.29597e-07	0.00028928	2.8211e-07
16.623	7.5046e-09	-3.94957e-07	1.08175e-13	-5.04084e-10	-5.91223e-06	2.74957e-07
16.623	7.49103e-09	-3.94959e-07	1.07927e-13	-1.09128e-08	-4.90236e-05	2.67797e-07
16.623	7.44543e-09	-3.94961e-07	1.07094e-13	-1.37394e-07	0.000313415	2.60746e-07
16.623	7.6026e-09	-3.94963e-07	1.09967e-13	-4.92758e-07	0.000262397	2.53789e-07
16.623	7.91974e-09	-3.94965e-07	1.15764e-13	-3.50323e-07	0.000123263	2.46828e-07
16.623	8.30303e-09	-3.94967e-07	1.2277e-13	-5.94086e-06	0.00103527	2.39924e-07
16.623	9.28767e-09	-3.94969e-07	1.40769e-13	-6.88522e-06	0.000685691	2.33157e-07
16.623	1.06384e-08	-3.94971e-07	1.65458e-13	6.16384e-06	-0.000601201	2.2643e-07
16.623	1.16141e-08	-3.94973e-07	1.83294e-13	5.45389e-06	-0.00268804	2.19686e-07
16.623	1.11067e-08	-3.94974e-07	1.74019e-13	-1.85654e-05	-0.00194378	2.13052e-07
16.623	9.59521e-09	-3.94976e-07	1.46391e-13	-1.55608e-05	-0.000929737	2.06569e-07
16.623	7.65736e-09	-3.94978e-07	1.10969e-13	-3.66021e-05	-0.00158883	2.00147e-07
16.623	4.9984e-09	-3.94979e-07	6.23655e-14	-2.29748e-05	-0.000792342	1.9375e-07
16.623	2.04806e-09	-3.94981e-07	8.43611e-15	5.72289e-06	0.000187575	1.87449e-07
16.623	-7.1946e-10	-3.94982e-07	-4.21515e-14	5.74676e-05	0.00238813	1.81288e-07
16.623	-2.33129e-09	-3.94984e-07	-7.16142e-14	2.97579e-05	0.00470451	1.75241e-07
16.623	-1.8631e-09	-3.94985e-07	-6.3056e-14	-7.99107e-05	0.00466941	1.69368e-07
16.623	5.33032e-10	-3.94986e-07	-1.92568e-14	-0.000234025	0.00549746	1.63778e-07
16.623	5.06457e-09	-3.94988e-07	6.35755e-14	-0.000210261	0.00325731	1.58443e-07
16.623	1.07177e-08	-3.94989e-07	1.66909e-13	-0.000198297	0.00250773	1.5328e-07
16.623	1.71312e-08	-3.9499e-07	2.84142e-13	0.000119863	-0.0014671	1.4819e-07
16.623	2.27939e-08	-3.94991e-07	3.87651e-13	0.000170917	-0.00237337	1.43284e-07
16.623	2.74368e-08	-3.94992e-07	4.7252e-13	0.000192135	-0.00333216	1.38725e-07
16.623	3.07977e-08	-3.94993e-07	5.33953e-13	0.000202883	-0.00586422	1.34463e-07
16.623	3.21158e-08	-3.94995e-07	5.58047e-13	2.96078e-05	-0.00598672	1.30508e-07
16.623	3.14713e-08	-3.94996e-07	5.46267e-13	-0.000165018	-0.00636189	1.26907e-07
16.623	2.88528e-08	-3.94997e-07	4.98402e-13	-0.000310566	-0.00556268	1.23672e-07
16.623	2.45993e-08	-3.94998e-07	4.20652e-13	-1.02206e-05	-0.000145632	1.2095e-07
16.623	2.03856e-08	-3.94999e-07	3.43631e-13	-2.58048e-05	-0.000361121	1.18956e-07
16.623	1.61213e-08	-3.94999e-07	2.65683e-13	7.67829e-05	0.00110339	1.17623e-07
16.623	1.22188e-08	-3.95e-07	1.94348e-13	0.000127847	0.0020758	1.16731e-07
16.623	8.94378e-09	-3.95001e-07	1.34485e-13	-0.000143835	-0.00231299	1.16283e-07
16.623	5.00218e-09	-3.95002e-07	6.24359e-14	0.000202863	0.00341412	1.16185e-07
16.623	2.05254e-09	-3.95003e-07	8.51939e-15	0.000139252	0.00326457	1.16371e-07
16.623	4.4525e-11	-3.95004e-07	-2.81852e-14	0.000118134	0.00639707	1.16964e-07
16.623	-1.00343e-10	-3.95005e-07	-3.08332e-14	-2.37084e-06	0.00158557	1.18052e-07
16.623	2.23762e-10	-3.95006e-07	-2.49088e-14	-1.40843e-05	0.00152074	1.19769e-07
16.623	1.01275e-09	-3.95007e-07	-1.04867e-14	-8.92724e-07	6.74635e-05	1.22206e-07
16.623	1.84097e-09	-3.95008e-07	4.65237e-15	-2.62079e-05	0.00152283	1.25377e-07
16.623	3.17687e-09	-3.95009e-07	2.90713e-14	2.29455e-05	-0.00128955	1.2924e-07
16.623	4.13345e-09	-3.9501e-07	4.65568e-14	-3.03097e-06	0.000201111	1.33829e-07
16.623	5.19485e-09	-3.95011e-07	6.59583e-14	2.25986e-05	-0.00230151	1.39175e-07
16.623	5.4835e-09	-3.95012e-07	7.12346e-14	7.69771e-07	-0.000218836	1.45331e-07
16.623	5.70425e-09	-3.95014e-07	7.52698e-14	-1.39247e-06	-0.00154799	1.52398e-07
16.623	5.33183e-09	-3.95015e-07	6.84624e-14	-1.17833e-06	-0.000221365	1.60516e-07
16.623	4.84743e-09	-3.95016e-07	5.96081e-14	-2.75588e-06	-0.00040067	1.69863e-07
16.623	4.15851e-09	-3.95018e-07	4.70153e-14	3.30981e-07	4.25782e-05	1.80618e-07
16.623	3.44405e-09	-3.95019e-07	3.39558e-14	-4.26047e-06	-0.000480421	1.93064e-07
16.623	2.43842e-09	-3.95021e-07	1.55738e-14	2.02929e-07	2.02549e-05	2.07582e-07
16.623	1.36484e-09	-3.95022e-07	-4.04999e-15	-1.91417e-06	-0.000183576	2.24618e-07
16.623	9.21926e-11	-3.95024e-07	-2.73127e-14	-1.7432e-06	-0.000154637	2.44822e-07
16.623	-1.39906e-09	-3.95026e-07	-5.45714e-14	1.52681e-06	0.00013485	2.69097e-07
16.623	-2.94994e-09	-3.95029e-07	-8.29197e-14	7.37081e-06	0.000826444	2.98912e-07
16.623	-4.0307e-09	-3.95031e-07	-1.02675e-13	4.35262e-06	0.00100019	3.36548e-07
16.623	-4.36175e-09	-3.95034e-07	-1.08726e-13	3.42682e-07	0.000374567	3.86227e-07
16.623	-4.35728e-09	-3.95037e-07	-1.08644e-13	-4.89126e-08	-0.00014425	4.56726e-07
16.623	-4.53173e-09	-3.95041e-07	-1.11833e-13	-6.30978e-07	-0.00038157	5.68684e-07
16.623	-5.36449e-09	-3.95046e-07	-1.27054e-13	1.62903e-07	6.67441e-05	7.84411e-07
16.623	-6.42194e-09	-3.95054e-07	-1.46383e-13	4.97828e-07	0.000542417	1.34821e-06
16.623	-6.03489e-09	-3.95068e-07	-1.39308e-13	-1.74988e-07	0.000191058	4.9786e-06
16.623	-3.2776e-10	-3.95134e-07	-3.49826e-14	-0.4	-0.00027871	0.00432348
16.6187	-3.87318e-10	-3.25684e-07	-4.01564e-14	0.4	-6.06649e-10	0.00857718
