16.6628	-2.41147e-11	-2.24754e-06	-1.64741e-15	-2.00599e-08	-8.95785e-05	0.016476
16.6628	-6.05989e-09	-2.24838e-06	-4.2948e-13	-1.25068e-06	0.000802527	1.43824e-05
16.6628	-2.8286e-09	-2.24844e-06	-2.00437e-13	-5.29067e-06	0.000907089	1.39251e-06
16.6628	1.10847e-09	-2.24847e-06	7.86335e-14	1.41346e-06	-0.000185063	8.53766e-07
16.6628	3.74681e-09	-2.24849e-06	2.65646e-13	3.78349e-06	-0.000696206	6.95415e-07
16.6628	4.95727e-09	-2.24851e-06	3.51447e-13	1.22418e-06	-0.000501895	6.40759e-07
16.6628	5.32805e-09	-2.24853e-06	3.77729e-13	9.0185e-08	-9.53279e-05	6.22149e-07
16.6628	5.5468e-09	-2.24855e-06	3.93234e-13	-5.22296e-08	6.07585e-05	6.19407e-07
16.6628	5.86069e-09	-2.24857e-06	4.15484e-13	-1.54749e-07	0.000118362	6.2451e-07
16.6628	6.36444e-09	-2.24859e-06	4.51191e-13	9.47659e-09	-5.96604e-06	6.33822e-07
16.6628	6.86739e-09	-2.24861e-06	4.86841e-13	1.28521e-07	-9.64623e-05	6.45522e-07
16.6628	7.22299e-09	-2.24863e-06	5.12048e-13	8.49345e-08	-0.000101388	6.58658e-07
16.6628	7.41741e-09	-2.24865e-06	5.25829e-13	2.25229e-08	-4.86971e-05	6.72742e-07
16.6628	7.53327e-09	-2.24868e-06	5.34041e-13	1.07216e-08	-4.92789e-05	6.87502e-07
16.6628	7.56606e-09	-2.2487e-06	5.36365e-13	6.50802e-10	-2.86691e-05	7.02825e-07
16.6628	7.54866e-09	-2.24872e-06	5.35132e-13	-1.92743e-09	-1.96488e-05	7.18645e-07
16.6628	7.49517e-09	-2.24874e-06	5.3134e-13	-1.25402e-08	-4.72574e-05	7.34946e-07
16.6628	7.35266e-09	-2.24877e-06	5.21239e-13	-4.39124e-09	-1.07036e-05	7.5173e-07
16.6628	7.18654e-09	-2.24879e-06	5.09463e-13	-5.2095e-08	-8.13485e-05	7.69037e-07
16.6628	6.85839e-09	-2.24881e-06	4.86204e-13	-6.97367e-08	-6.86755e-05	7.86863e-07
16.6628	6.38596e-09	-2.24884e-06	4.52716e-13	-6.82847e-08	-5.18571e-05	8.05209e-07
16.6628	5.7969e-09	-2.24886e-06	4.10962e-13	-6.25214e-08	-4.04032e-05	8.24092e-07
16.6628	5.10976e-09	-2.24889e-06	3.62256e-13	-9.7657e-08	-5.47035e-05	8.43546e-07
16.6628	4.28965e-09	-2.24892e-06	3.04124e-13	-4.70459e-08	-2.37446e-05	8.63553e-07
16.6628	3.39818e-09	-2.24894e-06	2.40934e-13	-6.07692e-08	-2.87651e-05	8.84126e-07
16.6628	2.4211e-09	-2.24897e-06	1.71676e-13	2.57148e-08	1.19344e-05	9.05283e-07
16.6628	1.44791e-09	-2.249e-06	1.02694e-13	1.29497e-07	6.60822e-05	9.27045e-07
16.6628	6.06256e-10	-2.24903e-06	4.3035e-14	8.28462e-08	4.95954e-05	9.49418e-07
16.6628	-1.36629e-10	-2.24906e-06	-9.62271e-15	3.60525e-08	2.42648e-05	9.72398e-07
16.6628	-8.37815e-10	-2.24909e-06	-5.93247e-14	9.34816e-08	7.56291e-05	9.95998e-07
16.6628	-1.36547e-09	-2.24912e-06	-9.67265e-14	1.80447e-08	1.80094e-05	1.02021e-06
16.6628	-1.85947e-09	-2.24916e-06	-1.31743e-13	5.56024e-08	7.14369e-05	1.04502e-06
16.6628	-2.17661e-09	-2.24919e-06	-1.54222e-13	3.5366e-08	0.000135492	1.07044e-06
16.6628	-2.13452e-09	-2.24922e-06	-1.51239e-13	-5.79755e-08	0.000137532	1.09646e-06
16.6628	-1.70989e-09	-2.24926e-06	-1.2114e-13	-2.36766e-07	0.000190638	1.12305e-06
16.6628	-7.33327e-10	-2.24929e-06	-5.19183e-14	-1.0493e-08	6.05243e-06	1.15023e-06
16.6628	2.8446e-10	-2.24933e-06	2.02252e-14	7.06481e-08	-4.30464e-05	1.17798e-06
16.6628	1.19848e-09	-2.24937e-06	8.50132e-14	7.17362e-08	-5.10199e-05	1.2063e-06
16.6628	1.97874e-09	-2.2494e-06	1.40321e-13	9.07951e-08	-8.52178e-05	1.23518e-06
16.6628	2.51139e-09	-2.24944e-06	1.78076e-13	5.74492e-08	-9.24811e-05	1.26459e-06
16.6628	2.76087e-09	-2.24948e-06	1.9576e-13	1.46159e-08	-9.34117e-05	1.2945e-06
16.6628	2.71041e-09	-2.24952e-06	1.92183e-13	-4.37897e-09	-2.91874e-05	1.32489e-06
16.6628	2.56098e-09	-2.24957e-06	1.81591e-13	-1.67293e-08	-4.85713e-05	1.35578e-06
16.6628	2.24155e-09	-2.24961e-06	1.58949e-13	-2.88194e-08	-4.89859e-05	1.38713e-06
16.6629	1.74297e-09	-2.24965e-06	1.23608e-13	-4.11811e-09	-5.68034e-06	1.4189e-06
16.6629	1.21265e-09	-2.2497e-06	8.60176e-14	2.83694e-08	4.5328e-05	1.45102e-06
16.6629	8.3665e-10	-2.24974e-06	5.93659e-14	2.1718e-08	5.98359e-05	1.48347e-06
16.6629	6.76648e-10	-2.24979e-06	4.80246e-14	4.32544e-09	3.31401e-05	1.51624e-06
16.6629	6.40118e-10	-2.24984e-06	4.54352e-14	-5.31197e-10	2.69517e-05	1.54929e-06
16.6629	7.08304e-10	-2.24989e-06	5.02684e-14	-3.58352e-09	2.42571e-05	1.58255e-06
16.6629	8.74925e-10	-2.24994e-06	6.20789e-14	-7.1799e-09	2.6213e-05	1.61603e-06
16.6629	1.15205e-09	-2.24999e-06	8.17224e-14	4.93892e-09	-1.65728e-05	1.64982e-06
16.6629	1.36588e-09	-2.25004e-06	9.68794e-14	6.26712e-09	-4.00705e-05	1.68394e-06
16.6629	1.4137e-09	-2.2501e-06	1.00269e-13	-6.95089e-10	-3.13573e-05	1.71839e-06
16.6629	1.32643e-09	-2.25015e-06	9.40829e-14	-4.66552e-10	-4.20132e-06	1.75318e-06
16.6629	1.2188e-09	-2.25021e-06	8.64539e-14	4.15756e-10	3.70103e-06	1.7884e-06
16.6629	1.12573e-09	-2.25026e-06	7.98566e-14	-7.18494e-11	-6.86409e-07	1.82408e-06
16.6629	1.02764e-09	-2.25032e-06	7.29041e-14	1.10771e-09	1.80439e-05	1.86013e-06
16.6629	1.01236e-09	-2.25038e-06	7.18207e-14	-2.3553e-10	1.34944e-05	1.89654e-06
16.6629	1.06138e-09	-2.25044e-06	7.52951e-14	2.07577e-10	-5.56589e-06	1.9335e-06
16.6629	1.08418e-09	-2.2505e-06	7.69117e-14	2.40431e-11	-8.17358e-06	1.97109e-06
16.6629	1.06677e-09	-2.25056e-06	7.56773e-14	-2.9401e-11	-1.40318e-06	2.00901e-06
16.6629	1.04191e-09	-2.25063e-06	7.39151e-14	-2.19702e-10	-5.67746e-06	2.04678e-06
16.6629	9.87267e-10	-2.25069e-06	7.0042e-14	9.62277e-11	2.00781e-06	2.08402e-06
16.6629	9.42205e-10	-2.25076e-06	6.68479e-14	1.24761e-10	1.34342e-05	2.12056e-06
16.6629	9.68195e-10	-2.25082e-06	6.86901e-14	-8.39297e-11	2.7044e-06	2.15638e-06
16.6629	1.00931e-09	-2.25089e-06	7.16048e-14	1.37951e-10	-9.01105e-06	2.19164e-06
16.6629	1.00133e-09	-2.25096e-06	7.10389e-14	-2.84518e-11	-2.22938e-06	2.2268e-06
16.6629	9.8071e-10	-2.25103e-06	6.95772e-14	3.34394e-11	4.08231e-06	2.2624e-06
16.6629	9.83032e-10	-2.2511e-06	6.97418e-14	-7.7406e-12	-2.22345e-06	2.29864e-06
16.6629	9.72512e-10	-2.25117e-06	6.89961e-14	-1.74533e-11	-1.3958e-06	2.33554e-06
16.6629	9.53608e-10	-2.25125e-06	6.76562e-14	2.49722e-11	3.81651e-06	2.37306e-06
16.6629	9.57223e-10	-2.25132e-06	6.79124e-14	6.68568e-13	-2.35486e-07	2.41111e-06
16.6629	9.59465e-10	-2.2514e-06	6.80713e-14	-4.27287e-11	3.78624e-06	2.44982e-06
16.6629	9.85118e-10	-2.25148e-06	6.98897e-14	4.0072e-11	-5.28536e-06	2.48968e-06
16.6629	9.78027e-10	-2.25156e-06	6.9387e-14	-4.32094e-11	-3.18281e-06	2.5314e-06
16.6629	9.50502e-10	-2.25164e-06	6.7436e-14	2.85044e-11	1.62216e-06	2.57588e-06
16.6629	9.33019e-10	-2.25172e-06	6.61968e-14	1.55535e-11	1.66108e-06	2.62424e-06
16.6629	9.26199e-10	-2.2518e-06	6.57133e-14	-1.15118e-12	2.27987e-06	2.67727e-06
16.6629	9.34654e-10	-2.25188e-06	6.63126e-14	-6.65338e-12	8.15636e-07	2.7345e-06
16.6629	9.48929e-10	-2.25197e-06	6.73245e-14	1.00568e-11	-1.52786e-06	2.7942e-06
16.6629	9.52728e-10	-2.25206e-06	6.75938e-14	-6.47924e-11	-5.66165e-06	2.85388e-06
16.6629	9.15795e-10	-2.25215e-06	6.49759e-14	-8.00635e-12	-3.07785e-07	2.91068e-06
16.6629	8.75901e-10	-2.25224e-06	6.21481e-14	-2.4532e-11	-8.42336e-07	2.96252e-06
16.6629	8.29051e-10	-2.25234e-06	5.88272e-14	9.81892e-11	5.91047e-06	3.00894e-06
16.6629	8.26298e-10	-2.25243e-06	5.86321e-14	-9.03575e-11	6.39016e-06	3.0515e-06
16.6629	8.72587e-10	-2.25253e-06	6.19132e-14	5.31324e-11	-2.13853e-06	3.09436e-06
16.6629	9.02883e-10	-2.25262e-06	6.40606e-14	3.75012e-11	-4.29878e-06	3.14288e-06
16.6629	8.99631e-10	-2.25272e-06	6.38301e-14	-2.85637e-11	-3.00195e-06	3.19038e-06
16.6629	8.72233e-10	-2.25282e-06	6.18881e-14	2.5929e-11	4.56289e-06	3.22713e-06
16.6629	8.8156e-10	-2.25293e-06	6.25492e-14	-2.87717e-12	4.38792e-07	3.25593e-06
16.6629	8.94549e-10	-2.25303e-06	6.34699e-14	-8.56412e-12	8.60861e-07	3.28291e-06
16.6629	9.14743e-10	-2.25313e-06	6.49012e-14	1.4784e-11	-2.82671e-06	3.30759e-06
16.6629	9.11619e-10	-2.25324e-06	6.46798e-14	-1.32066e-11	-1.9637e-06	3.3273e-06
16.6629	8.921e-10	-2.25334e-06	6.32963e-14	-9.96128e-11	-4.39581e-06	3.34473e-06
16.6629	8.35629e-10	-2.25344e-06	5.92934e-14	8.24125e-11	3.20584e-06	3.36044e-06
16.6629	8.05909e-10	-2.25355e-06	5.71868e-14	3.1273e-11	3.45099e-06	3.37307e-06
16.6629	8.0524e-10	-2.25366e-06	5.71394e-14	-6.78503e-12	1.74462e-06	3.38381e-06
16.6629	8.1935e-10	-2.25376e-06	5.81395e-14	6.04662e-12	-2.30429e-06	3.39288e-06
16.6629	8.13924e-10	-2.25387e-06	5.77549e-14	-3.33645e-12	1.97912e-06	3.39965e-06
16.6629	8.25324e-10	-2.25398e-06	5.8563e-14	-3.64914e-12	4.78939e-07	3.40478e-06
16.6629	8.40819e-10	-2.25408e-06	5.96613e-14	5.315e-12	-7.07011e-07	3.40812e-06
16.6629	8.50298e-10	-2.25419e-06	6.03332e-14	2.8788e-12	-7.39499e-07	3.40949e-06
16.6629	8.53475e-10	-2.2543e-06	6.05584e-14	-2.17379e-12	6.57839e-07	3.40916e-06
16.6629	8.62256e-10	-2.2544e-06	6.11808e-14	-2.52329e-11	-4.3784e-06	3.40691e-06
16.6629	8.33754e-10	-2.25451e-06	5.91605e-14	-5.73992e-12	-3.34189e-07	3.40284e-06
16.6629	8.02453e-10	-2.25462e-06	5.69418e-14	1.93125e-11	1.25596e-06	3.39694e-06
16.6629	7.8187e-10	-2.25472e-06	5.54828e-14	-4.6948e-12	5.22207e-06	3.38899e-06
16.6629	8.05527e-10	-2.25483e-06	5.71597e-14	1.21617e-12	-7.86286e-08	3.37916e-06
16.6629	8.28446e-10	-2.25493e-06	5.87843e-14	1.72373e-11	-1.9814e-06	3.36741e-06
16.6629	8.3463e-10	-2.25504e-06	5.92226e-14	-9.62107e-13	2.53515e-07	3.35378e-06
16.6629	8.42908e-10	-2.25514e-06	5.98093e-14	2.13206e-12	-1.41177e-06	3.33848e-06
16.6629	8.39391e-10	-2.25525e-06	5.956e-14	-1.55372e-13	9.63231e-07	3.3214e-06
16.6629	8.4387e-10	-2.25535e-06	5.98775e-14	-9.4442e-15	4.90673e-08	3.3027e-06
16.6629	8.48727e-10	-2.25545e-06	6.02218e-14	-5.11995e-12	9.74469e-07	3.28227e-06
16.6629	8.61522e-10	-2.25556e-06	6.11287e-14	-4.81011e-12	5.38547e-07	3.26027e-06
16.6629	8.78603e-10	-2.25566e-06	6.23394e-14	5.92215e-12	-6.52372e-07	3.23678e-06
16.6629	8.90297e-10	-2.25576e-06	6.31683e-14	5.38232e-12	-1.41215e-06	3.21172e-06
16.6629	8.90604e-10	-2.25586e-06	6.31901e-14	-1.11479e-11	-2.16221e-06	3.18543e-06
16.663	8.73762e-10	-2.25596e-06	6.19963e-14	1.13107e-11	2.31218e-06	3.1578e-06
16.663	8.75243e-10	-2.25606e-06	6.21013e-14	-1.58327e-11	2.34488e-06	3.12886e-06
16.663	8.94965e-10	-2.25616e-06	6.34992e-14	-1.48079e-11	9.86535e-07	3.09878e-06
16.663	9.22098e-10	-2.25625e-06	6.54225e-14	3.01965e-11	-4.11846e-06	3.06751e-06
16.663	9.17531e-10	-2.25635e-06	6.50988e-14	-2.45306e-12	-5.79058e-07	3.03495e-06
16.663	9.08644e-10	-2.25644e-06	6.44688e-14	-1.19204e-11	-1.31267e-06	3.00149e-06
16.663	8.90062e-10	-2.25654e-06	6.31517e-14	1.54822e-11	2.72585e-06	2.96721e-06
16.663	8.91799e-10	-2.25663e-06	6.32748e-14	-1.02296e-11	1.81222e-06	2.93189e-06
16.663	9.06716e-10	-2.25672e-06	6.43321e-14	-1.65293e-10	6.34014e-06	2.89568e-06
16.663	9.67053e-10	-2.25681e-06	6.86089e-14	1.66009e-10	-6.38867e-06	2.85885e-06
16.663	9.81249e-10	-2.2569e-06	6.96152e-14	-1.78854e-12	-4.17999e-06	2.82146e-06
16.663	9.65969e-10	-2.25699e-06	6.85321e-14	-6.5282e-14	-1.58786e-08	2.7834e-06
16.663	9.50788e-10	-2.25707e-06	6.74561e-14	-2.35174e-12	4.6069e-06	2.74471e-06
16.663	9.67209e-10	-2.25716e-06	6.862e-14	-2.69558e-11	1.66823e-06	2.70546e-06
16.663	9.94593e-10	-2.25724e-06	7.0561e-14	-2.67286e-11	1.15288e-06	2.66598e-06
16.663	1.0292e-09	-2.25733e-06	7.30141e-14	5.98409e-12	-2.29921e-07	2.62625e-06
16.663	1.06179e-09	-2.25741e-06	7.5324e-14	1.64383e-11	-9.30006e-06	2.58608e-06
16.663	1.03421e-09	-2.25749e-06	7.33694e-14	4.4221e-11	3.38766e-06	2.54561e-06
16.663	1.02846e-09	-2.25757e-06	7.29617e-14	-1.88296e-11	3.80945e-06	2.50499e-06
16.663	1.04647e-09	-2.25764e-06	7.42379e-14	-6.70373e-11	3.0391e-06	2.46426e-06
16.663	1.08274e-09	-2.25772e-06	7.68092e-14	1.86167e-11	-6.60666e-07	2.42352e-06
16.663	1.11444e-09	-2.2578e-06	7.90564e-14	6.96558e-11	-5.13569e-06	2.38292e-06
16.663	1.11528e-09	-2.25787e-06	7.91155e-14	-1.02008e-11	1.89273e-06	2.34229e-06
16.663	1.12708e-09	-2.25794e-06	7.99523e-14	-1.25818e-11	1.00013e-06	2.30163e-06
16.663	1.14439e-09	-2.25801e-06	8.11789e-14	-6.1905e-12	3.88942e-07	2.26102e-06
16.663	1.16356e-09	-2.25808e-06	8.2538e-14	1.30917e-11	-5.97532e-06	2.22056e-06
16.663	1.14952e-09	-2.25815e-06	8.15428e-14	9.95764e-12	9.50676e-07	2.18034e-06
16.663	1.14087e-09	-2.25822e-06	8.09296e-14	1.30869e-12	3.04223e-06	2.14039e-06
16.663	1.14851e-09	-2.25829e-06	8.14709e-14	2.88315e-12	-4.63524e-07	2.10063e-06
16.663	1.15359e-09	-2.25835e-06	8.18312e-14	-3.51691e-10	1.09252e-05	2.06125e-06
16.663	1.21435e-09	-2.25842e-06	8.61375e-14	-9.60387e-11	1.51828e-06	2.0223e-06
16.663	1.28154e-09	-2.25848e-06	9.09007e-14	4.24875e-10	-1.02282e-05	1.98352e-06
16.663	1.29722e-09	-2.25854e-06	9.20118e-14	1.43231e-11	-5.31177e-06	1.94502e-06
16.663	1.28702e-09	-2.2586e-06	9.12885e-14	-1.08943e-10	-4.81589e-06	1.9069e-06
16.663	1.25428e-09	-2.25866e-06	8.89683e-14	1.09066e-10	9.05704e-06	1.86924e-06
16.663	1.2641e-09	-2.25872e-06	8.9664e-14	-3.56051e-10	1.00006e-05	1.83193e-06
16.663	1.31905e-09	-2.25877e-06	9.35593e-14	-5.60027e-10	7.13877e-06	1.79499e-06
16.663	1.4046e-09	-2.25883e-06	9.96233e-14	8.64803e-10	-1.42515e-05	1.75859e-06
16.663	1.4264e-09	-2.25888e-06	1.01168e-13	-2.6836e-10	-1.65189e-05	1.72261e-06
16.663	1.37735e-09	-2.25894e-06	9.76917e-14	1.28038e-10	2.49401e-06	1.68703e-06
16.663	1.33972e-09	-2.25899e-06	9.50247e-14	-1.21664e-10	2.04158e-05	1.652e-06
16.663	1.38631e-09	-2.25904e-06	9.83269e-14	1.16023e-10	-2.25793e-06	1.61732e-06
16.663	1.42288e-09	-2.25909e-06	1.00919e-13	2.27077e-11	-5.09612e-07	1.58305e-06
16.663	1.45668e-09	-2.25914e-06	1.03315e-13	1.64305e-10	-5.66163e-06	1.5494e-06
16.663	1.46807e-09	-2.25919e-06	1.04122e-13	1.30186e-11	-4.88017e-06	1.51612e-06
16.663	1.46091e-09	-2.25924e-06	1.03615e-13	-2.77519e-11	-1.93394e-06	1.4832e-06
16.663	1.44682e-09	-2.25928e-06	1.02616e-13	-4.39412e-10	1.76471e-05	1.45082e-06
16.663	1.49633e-09	-2.25933e-06	1.06125e-13	-1.24235e-09	1.24164e-05	1.41875e-06
16.663	1.58829e-09	-2.25937e-06	1.12643e-13	-1.59709e-09	1.01989e-05	1.38705e-06
16.663	1.71314e-09	-2.25941e-06	1.21493e-13	3.06559e-09	-2.64115e-05	1.35584e-06
16.663	1.74668e-09	-2.25946e-06	1.2387e-13	-1.04314e-09	-3.27552e-05	1.32504e-06
16.663	1.6722e-09	-2.2595e-06	1.18591e-13	3.55697e-10	3.37773e-06	1.29457e-06
16.663	1.61024e-09	-2.25954e-06	1.14199e-13	8.02707e-10	2.67256e-05	1.26459e-06
16.663	1.63323e-09	-2.25958e-06	1.15829e-13	-1.00619e-09	1.40123e-05	1.23491e-06
16.663	1.6984e-09	-2.25961e-06	1.20449e-13	-5.2921e-10	4.48331e-06	1.20553e-06
16.663	1.77538e-09	-2.25965e-06	1.25904e-13	1.51951e-09	-1.80719e-05	1.17664e-06
16.663	1.79798e-09	-2.25969e-06	1.27507e-13	-8.68487e-10	-2.79773e-05	1.14793e-06
16.663	1.74075e-09	-2.25972e-06	1.2345e-13	3.05936e-10	3.29833e-06	1.11939e-06
16.663	1.69405e-09	-2.25976e-06	1.2014e-13	7.12455e-10	1.61138e-05	1.09145e-06
16.663	1.69194e-09	-2.25979e-06	1.1999e-13	-1.5231e-12	-3.29323e-07	1.06378e-06
16.663	1.68901e-09	-2.25982e-06	1.19783e-13	-3.38218e-11	-2.73075e-06	1.03608e-06
16.663	1.67918e-09	-2.25986e-06	1.19086e-13	-4.26253e-10	1.74581e-05	1.0088e-06
16.663	1.71305e-09	-2.25989e-06	1.21487e-13	-1.52888e-09	1.46162e-05	9.81879e-07
16.663	1.7814e-09	-2.25992e-06	1.26331e-13	-1.08693e-09	6.86607e-06	9.54946e-07
16.663	1.864e-09	-2.25995e-06	1.32186e-13	-1.84341e-08	5.76699e-05	9.28223e-07
16.663	2.0762e-09	-2.25998e-06	1.47227e-13	-2.13664e-08	3.82003e-05	9.02016e-07
16.663	2.36728e-09	-2.26e-06	1.6786e-13	1.91279e-08	-3.34935e-05	8.75987e-07
16.663	2.57756e-09	-2.26003e-06	1.82765e-13	1.69233e-08	-0.000149735	8.49921e-07
16.663	2.46821e-09	-2.26006e-06	1.75014e-13	-5.76147e-08	-0.00010829	8.24227e-07
16.663	2.14247e-09	-2.26008e-06	1.51925e-13	-4.83022e-08	-5.18103e-05	7.99077e-07
16.663	1.72485e-09	-2.26011e-06	1.22323e-13	-1.13657e-07	-8.85702e-05	7.7414e-07
16.663	1.15183e-09	-2.26013e-06	8.1706e-14	-7.13837e-08	-4.41961e-05	7.49284e-07
16.663	5.16008e-10	-2.26015e-06	3.66378e-14	1.77902e-08	1.0468e-05	7.24884e-07
16.663	-8.04121e-11	-2.26018e-06	-5.63777e-15	1.78467e-07	0.000133138	7.01167e-07
16.663	-4.27774e-10	-2.2602e-06	-3.02596e-14	9.23594e-08	0.000262089	6.77927e-07
16.663	-3.26876e-10	-2.26022e-06	-2.31076e-14	-2.48105e-07	0.000260231	6.55131e-07
16.663	1.89508e-10	-2.26024e-06	1.34948e-14	-7.2829e-07	0.000307078	6.33014e-07
16.663	1.16609e-09	-2.26026e-06	8.27167e-14	-6.56547e-07	0.000182585	6.11715e-07
16.663	2.38437e-09	-2.26028e-06	1.69071e-13	-6.2106e-07	0.000140995	5.91176e-07
16.663	3.76653e-09	-2.2603e-06	2.67041e-13	3.75608e-07	-8.25335e-05	5.71426e-07
16.663	4.98688e-09	-2.26031e-06	3.53543e-13	5.345e-07	-0.000133241	5.52908e-07
16.663	5.98747e-09	-2.26033e-06	4.24467e-13	5.99168e-07	-0.000186536	5.35803e-07
16.663	6.71175e-09	-2.26035e-06	4.75805e-13	6.30829e-07	-0.000327271	5.19852e-07
16.663	6.99582e-09	-2.26036e-06	4.95941e-13	9.19017e-08	-0.000333524	5.04862e-07
16.663	6.85693e-09	-2.26038e-06	4.86096e-13	-5.12736e-07	-0.000354781	4.90765e-07
16.663	6.29261e-09	-2.26039e-06	4.46096e-13	-9.68384e-07	-0.000311327	4.77689e-07
16.663	5.37595e-09	-2.26041e-06	3.81121e-13	-3.19559e-08	-8.17439e-06	4.66797e-07
16.663	4.46788e-09	-2.26042e-06	3.16755e-13	-8.06075e-08	-2.02514e-05	4.59066e-07
16.663	3.54888e-09	-2.26044e-06	2.51614e-13	2.39894e-07	6.18884e-05	4.53978e-07
16.663	2.70786e-09	-2.26045e-06	1.92001e-13	3.98943e-07	0.000116283	4.50756e-07
16.663	2.00208e-09	-2.26047e-06	1.41974e-13	-4.48835e-07	-0.00012957	4.49015e-07
16.663	1.15264e-09	-2.26048e-06	8.17634e-14	6.32793e-07	0.000191176	4.48705e-07
16.663	5.1697e-10	-2.26049e-06	3.6706e-14	4.33291e-07	0.000182347	4.49804e-07
16.663	8.4228e-11	-2.26051e-06	6.03228e-15	3.66871e-07	0.000356561	4.52387e-07
16.663	5.30077e-11	-2.26052e-06	3.8193e-15	-7.35659e-09	8.83218e-05	4.56723e-07
16.663	1.22855e-10	-2.26054e-06	8.77021e-15	-4.37064e-08	8.47194e-05	4.63346e-07
16.663	2.92888e-10	-2.26055e-06	2.08225e-14	-2.76958e-09	3.75748e-06	4.72764e-07
16.663	4.71374e-10	-2.26057e-06	3.34741e-14	-8.13569e-08	8.48663e-05	4.84997e-07
16.663	7.59269e-10	-2.26058e-06	5.38806e-14	7.12296e-08	-7.18656e-05	4.99932e-07
16.663	9.65419e-10	-2.2606e-06	6.84929e-14	-9.40739e-09	1.1206e-05	5.17711e-07
16.663	1.19416e-09	-2.26061e-06	8.47065e-14	7.01322e-08	-0.000128221	5.38421e-07
16.663	1.25636e-09	-2.26063e-06	8.91158e-14	2.38843e-09	-1.21897e-05	5.62267e-07
16.663	1.30394e-09	-2.26065e-06	9.24879e-14	-4.32066e-09	-8.62278e-05	5.89608e-07
16.663	1.22368e-09	-2.26067e-06	8.6799e-14	-3.65609e-09	-1.23307e-05	6.21011e-07
16.663	1.11929e-09	-2.26069e-06	7.93994e-14	-8.55183e-09	-2.23208e-05	6.57166e-07
16.663	9.70818e-10	-2.26071e-06	6.88757e-14	1.0272e-09	2.37219e-06	6.98769e-07
16.663	8.16848e-10	-2.26073e-06	5.79619e-14	-1.32201e-08	-2.67625e-05	7.46916e-07
16.663	6.00126e-10	-2.26076e-06	4.26002e-14	6.28891e-10	1.12685e-06	8.03073e-07
16.663	3.68763e-10	-2.26078e-06	2.62007e-14	-5.93983e-09	-1.02267e-05	8.68976e-07
16.663	9.4497e-11	-2.26081e-06	6.76018e-15	-5.41011e-09	-8.61589e-06	9.47129e-07
16.663	-2.2688e-10	-2.26084e-06	-1.60197e-14	4.73892e-09	7.51391e-06	1.04104e-06
16.663	-5.61104e-10	-2.26088e-06	-3.97102e-14	2.28726e-08	4.60402e-05	1.15642e-06
16.663	-7.94016e-10	-2.26091e-06	-5.62195e-14	1.35057e-08	5.57144e-05	1.30205e-06
16.663	-8.65361e-10	-2.26096e-06	-6.12766e-14	1.06335e-09	2.08644e-05	1.49427e-06
16.663	-8.64399e-10	-2.26101e-06	-6.12084e-14	-1.51695e-10	-8.03509e-06	1.76702e-06
16.663	-9.01996e-10	-2.26107e-06	-6.38733e-14	-1.9577e-09	-2.12545e-05	2.20018e-06
16.663	-1.08146e-09	-2.26115e-06	-7.65942e-14	5.05592e-10	3.71781e-06	3.0348e-06
16.663	-1.30935e-09	-2.26126e-06	-9.27475e-14	1.54494e-09	3.0214e-05	5.21608e-06
16.663	-1.22594e-09	-2.26147e-06	-8.68353e-14	-5.41695e-10	1.06424e-05	1.92617e-05
16.6631	3.9742e-12	-2.26246e-06	3.43732e-16	-0.4	-1.55245e-05	0.0167166
16.6464	3.90053e-12	-1.21722e-06	3.30059e-16	0.4	-3.39469e-10	0.0331633
