16.6551	-3.08995e-11	-1.6681e-06	-1.75355e-15	-5.20199e-08	-0.00014425	0.0131791
16.6551	-7.80409e-09	-1.66864e-06	-4.42231e-13	-3.24313e-06	0.00129231	1.15023e-05
16.6551	-3.64267e-09	-1.66868e-06	-2.06419e-13	-1.37182e-05	0.00146058	1.11368e-06
16.6551	1.4277e-09	-1.6687e-06	8.09001e-14	3.66479e-06	-0.000297969	6.8283e-07
16.6551	4.82549e-09	-1.66871e-06	2.7344e-13	9.81036e-06	-0.00112103	5.56172e-07
16.6551	6.38438e-09	-1.66873e-06	3.61777e-13	3.17441e-06	-0.0008082	5.12449e-07
16.6551	6.86189e-09	-1.66874e-06	3.88835e-13	2.33861e-07	-0.000153508	4.97563e-07
16.6551	7.14361e-09	-1.66875e-06	4.04799e-13	-1.35439e-07	9.78408e-05	4.9537e-07
16.6551	7.54786e-09	-1.66876e-06	4.27707e-13	-4.01283e-07	0.000190599	4.99452e-07
16.6551	8.19662e-09	-1.66878e-06	4.64469e-13	2.4571e-08	-9.60605e-06	5.06899e-07
16.6551	8.84433e-09	-1.66879e-06	5.01173e-13	3.33272e-07	-0.000155335	5.16255e-07
16.6551	9.3023e-09	-1.6688e-06	5.27124e-13	2.20246e-07	-0.000163266	5.26761e-07
16.6551	9.55269e-09	-1.66882e-06	5.41313e-13	5.84049e-08	-7.84181e-05	5.38025e-07
16.6551	9.70189e-09	-1.66883e-06	5.49767e-13	2.78025e-08	-7.93548e-05	5.49829e-07
16.6551	9.74413e-09	-1.66884e-06	5.52161e-13	1.68756e-09	-4.61665e-05	5.62083e-07
16.6551	9.72172e-09	-1.66886e-06	5.50891e-13	-4.99813e-09	-3.16409e-05	5.74735e-07
16.6551	9.65283e-09	-1.66887e-06	5.46987e-13	-3.25186e-08	-7.60997e-05	5.87772e-07
16.6551	9.4693e-09	-1.66889e-06	5.36587e-13	-1.13873e-08	-1.72363e-05	6.01194e-07
16.6551	9.25535e-09	-1.6689e-06	5.24464e-13	-1.35089e-07	-0.000130996	6.15036e-07
16.6551	8.83275e-09	-1.66892e-06	5.00516e-13	-1.80838e-07	-0.00011059	6.29293e-07
16.6551	8.22433e-09	-1.66893e-06	4.66039e-13	-1.77069e-07	-8.35054e-05	6.43965e-07
16.6551	7.46571e-09	-1.66895e-06	4.23051e-13	-1.62128e-07	-6.50626e-05	6.59068e-07
16.6551	6.58077e-09	-1.66897e-06	3.72905e-13	-2.53235e-07	-8.80894e-05	6.74626e-07
16.6551	5.5246e-09	-1.66898e-06	3.13056e-13	-1.21995e-07	-3.82361e-05	6.90627e-07
16.6551	4.37651e-09	-1.669e-06	2.47998e-13	-1.57583e-07	-4.6321e-05	7.07081e-07
16.6551	3.11818e-09	-1.66902e-06	1.76693e-13	6.66839e-08	1.92188e-05	7.24001e-07
16.6551	1.86485e-09	-1.66904e-06	1.05671e-13	3.35799e-07	0.000106412	7.41405e-07
16.6551	7.80925e-10	-1.66906e-06	4.42495e-14	2.1483e-07	7.9864e-05	7.59297e-07
16.6551	-1.75801e-10	-1.66908e-06	-9.96453e-15	9.3489e-08	3.90742e-05	7.77675e-07
16.6551	-1.07882e-09	-1.6691e-06	-6.11355e-14	2.4241e-07	0.000121787	7.96549e-07
16.6551	-1.75837e-09	-1.66912e-06	-9.96428e-14	4.67919e-08	2.90007e-05	8.15913e-07
16.6551	-2.39457e-09	-1.66914e-06	-1.35694e-13	1.44184e-07	0.000115036	8.35754e-07
16.6551	-2.803e-09	-1.66916e-06	-1.58838e-13	9.17088e-08	0.000218186	8.56084e-07
16.6551	-2.74879e-09	-1.66918e-06	-1.55766e-13	-1.50338e-07	0.000221471	8.76889e-07
16.6551	-2.20193e-09	-1.6692e-06	-1.24777e-13	-6.13963e-07	0.000306987	8.98157e-07
16.6551	-9.4426e-10	-1.66922e-06	-5.35102e-14	-2.72103e-08	9.7465e-06	9.19895e-07
16.6551	3.66499e-10	-1.66925e-06	2.07656e-14	1.832e-07	-6.93183e-05	9.42091e-07
16.6551	1.54362e-09	-1.66927e-06	8.74684e-14	1.8602e-07	-8.21579e-05	9.64737e-07
16.6551	2.54848e-09	-1.6693e-06	1.4441e-13	2.35444e-07	-0.000137228	9.87833e-07
16.6551	3.23445e-09	-1.66932e-06	1.83282e-13	1.48973e-07	-0.000148924	1.01135e-06
16.6551	3.55575e-09	-1.66935e-06	2.01489e-13	3.7901e-08	-0.000150423	1.03527e-06
16.6551	3.49077e-09	-1.66937e-06	1.97806e-13	-1.13554e-08	-4.70012e-05	1.05958e-06
16.6551	3.29832e-09	-1.6694e-06	1.86901e-13	-4.33814e-08	-7.82154e-05	1.08428e-06
16.6551	2.88695e-09	-1.66943e-06	1.6359e-13	-7.47327e-08	-7.8883e-05	1.10936e-06
16.6551	2.24484e-09	-1.66945e-06	1.27204e-13	-1.06789e-08	-9.14714e-06	1.13476e-06
16.6551	1.56187e-09	-1.66948e-06	8.85025e-14	7.35655e-08	7.29926e-05	1.16045e-06
16.6551	1.07764e-09	-1.66951e-06	6.10631e-14	5.63175e-08	9.6355e-05	1.1864e-06
16.6551	8.71579e-10	-1.66954e-06	4.93866e-14	1.12164e-08	5.33663e-05	1.21261e-06
16.6551	8.24534e-10	-1.66957e-06	4.67207e-14	-1.37758e-09	4.34009e-05	1.23904e-06
16.6551	9.12347e-10	-1.66961e-06	5.16967e-14	-9.29269e-09	3.90618e-05	1.26564e-06
16.6551	1.12693e-09	-1.66964e-06	6.38563e-14	-1.86185e-08	4.22113e-05	1.29242e-06
16.6551	1.48383e-09	-1.66967e-06	8.40804e-14	1.28072e-08	-2.66876e-05	1.31944e-06
16.6551	1.75921e-09	-1.6697e-06	9.96853e-14	1.62514e-08	-6.45265e-05	1.34673e-06
16.6551	1.8208e-09	-1.66974e-06	1.03175e-13	-1.80259e-09	-5.04953e-05	1.37428e-06
16.6551	1.7084e-09	-1.66977e-06	9.68062e-14	-1.20996e-09	-6.76548e-06	1.4021e-06
16.6551	1.56979e-09	-1.66981e-06	8.89517e-14	1.07799e-09	5.95985e-06	1.43027e-06
16.6551	1.44993e-09	-1.66984e-06	8.21594e-14	-1.86446e-10	-1.10535e-06	1.4588e-06
16.6551	1.32361e-09	-1.66988e-06	7.50015e-14	2.87232e-09	2.90564e-05	1.48763e-06
16.6551	1.30393e-09	-1.66992e-06	7.3886e-14	-6.10897e-10	2.17303e-05	1.51675e-06
16.6551	1.36705e-09	-1.66996e-06	7.74631e-14	5.38139e-10	-8.96289e-06	1.54631e-06
16.6551	1.39642e-09	-1.67e-06	7.91275e-14	6.22067e-11	-1.31621e-05	1.57638e-06
16.6551	1.374e-09	-1.67003e-06	7.78566e-14	-7.63837e-11	-2.25957e-06	1.6067e-06
16.6551	1.34198e-09	-1.67008e-06	7.60423e-14	-5.69862e-10	-9.14254e-06	1.63691e-06
16.6551	1.27161e-09	-1.67012e-06	7.20548e-14	2.49383e-10	3.23321e-06	1.66669e-06
16.6551	1.21358e-09	-1.67016e-06	6.87662e-14	3.23372e-10	2.16334e-05	1.69591e-06
16.6551	1.24705e-09	-1.6702e-06	7.0663e-14	-2.17795e-10	4.35496e-06	1.72456e-06
16.6551	1.3e-09	-1.67025e-06	7.36638e-14	3.57569e-10	-1.45107e-05	1.75276e-06
16.6551	1.28972e-09	-1.67029e-06	7.30811e-14	-7.39374e-11	-3.59003e-06	1.78088e-06
16.6551	1.26317e-09	-1.67033e-06	7.15762e-14	8.65525e-11	6.57383e-06	1.80935e-06
16.6551	1.26616e-09	-1.67038e-06	7.17457e-14	-2.02356e-11	-3.58047e-06	1.83833e-06
16.6551	1.25261e-09	-1.67043e-06	7.0978e-14	-4.54247e-11	-2.24769e-06	1.86785e-06
16.6551	1.22826e-09	-1.67047e-06	6.95984e-14	6.45881e-11	6.14582e-06	1.89785e-06
16.6551	1.23292e-09	-1.67052e-06	6.98623e-14	1.56262e-12	-3.79208e-07	1.92828e-06
16.6551	1.23581e-09	-1.67057e-06	7.00259e-14	-1.10975e-10	6.09707e-06	1.95924e-06
16.6551	1.26884e-09	-1.67062e-06	7.18979e-14	1.03736e-10	-8.51113e-06	1.99112e-06
16.6551	1.25971e-09	-1.67067e-06	7.13804e-14	-1.12228e-10	-5.12535e-06	2.02448e-06
16.6551	1.22426e-09	-1.67072e-06	6.93717e-14	7.37331e-11	2.61221e-06	2.06005e-06
16.6551	1.20175e-09	-1.67077e-06	6.80959e-14	4.01458e-11	2.67487e-06	2.09873e-06
16.6551	1.19296e-09	-1.67083e-06	6.75982e-14	-3.17562e-12	3.67133e-06	2.14114e-06
16.6551	1.20385e-09	-1.67088e-06	6.82152e-14	-1.74476e-11	1.31344e-06	2.18691e-06
16.6551	1.22224e-09	-1.67093e-06	6.92569e-14	2.58798e-11	-2.46035e-06	2.23465e-06
16.6551	1.22713e-09	-1.67099e-06	6.95342e-14	-1.68219e-10	-9.11709e-06	2.28238e-06
16.6551	1.17956e-09	-1.67105e-06	6.68389e-14	-2.09685e-11	-4.95633e-07	2.32781e-06
16.6551	1.12819e-09	-1.67111e-06	6.39275e-14	-6.38252e-11	-1.35643e-06	2.36927e-06
16.6552	1.06785e-09	-1.67117e-06	6.05085e-14	2.54405e-10	9.51776e-06	2.40639e-06
16.6552	1.06431e-09	-1.67123e-06	6.03077e-14	-2.34526e-10	1.02902e-05	2.44042e-06
16.6552	1.12392e-09	-1.67129e-06	6.36857e-14	1.3756e-10	-3.44373e-06	2.4747e-06
16.6552	1.16294e-09	-1.67135e-06	6.58966e-14	9.70228e-11	-6.92242e-06	2.51351e-06
16.6552	1.15875e-09	-1.67142e-06	6.56593e-14	-7.42958e-11	-4.8341e-06	2.5515e-06
16.6552	1.12346e-09	-1.67148e-06	6.36599e-14	6.70094e-11	7.34773e-06	2.58089e-06
16.6552	1.13547e-09	-1.67154e-06	6.43405e-14	-7.69112e-12	7.06597e-07	2.60392e-06
16.6552	1.1522e-09	-1.67161e-06	6.52884e-14	-2.244e-11	1.38626e-06	2.6255e-06
16.6552	1.17821e-09	-1.67168e-06	6.67621e-14	3.81033e-11	-4.55191e-06	2.64523e-06
16.6552	1.17419e-09	-1.67174e-06	6.65341e-14	-3.44813e-11	-3.1622e-06	2.661e-06
16.6552	1.14905e-09	-1.67181e-06	6.51097e-14	-2.58546e-10	-7.07868e-06	2.67494e-06
16.6552	1.07632e-09	-1.67188e-06	6.09886e-14	2.1347e-10	5.16245e-06	2.6875e-06
16.6552	1.03805e-09	-1.67194e-06	5.88197e-14	8.08576e-11	5.55721e-06	2.6976e-06
16.6552	1.03719e-09	-1.67201e-06	5.87708e-14	-1.78332e-11	2.8094e-06	2.70619e-06
16.6552	1.05536e-09	-1.67208e-06	5.98005e-14	1.54406e-11	-3.71065e-06	2.71345e-06
16.6552	1.04837e-09	-1.67215e-06	5.94046e-14	-8.89127e-12	3.18702e-06	2.71886e-06
16.6552	1.06305e-09	-1.67221e-06	6.02366e-14	-9.70254e-12	7.71247e-07	2.72296e-06
16.6552	1.08301e-09	-1.67228e-06	6.13673e-14	1.35424e-11	-1.13852e-06	2.72563e-06
16.6552	1.09521e-09	-1.67235e-06	6.20591e-14	7.22523e-12	-1.19083e-06	2.72673e-06
16.6552	1.09931e-09	-1.67242e-06	6.22909e-14	-5.87689e-12	1.05934e-06	2.72646e-06
16.6552	1.11061e-09	-1.67249e-06	6.29317e-14	-6.56724e-11	-7.05064e-06	2.72466e-06
16.6552	1.07391e-09	-1.67256e-06	6.08518e-14	-1.51238e-11	-5.38152e-07	2.72141e-06
16.6552	1.0336e-09	-1.67262e-06	5.85674e-14	4.98413e-11	2.02251e-06	2.71669e-06
16.6552	1.00709e-09	-1.67269e-06	5.70654e-14	-1.24124e-11	8.40922e-06	2.71034e-06
16.6552	1.03756e-09	-1.67276e-06	5.87918e-14	2.91618e-12	-1.26617e-07	2.70248e-06
16.6552	1.06707e-09	-1.67283e-06	6.04644e-14	4.44623e-11	-3.1907e-06	2.69307e-06
16.6552	1.07504e-09	-1.67289e-06	6.09156e-14	-2.73049e-12	4.08241e-07	2.68217e-06
16.6552	1.0857e-09	-1.67296e-06	6.15197e-14	5.29431e-12	-2.27341e-06	2.66994e-06
16.6552	1.08117e-09	-1.67303e-06	6.12631e-14	-6.36043e-13	1.55111e-06	2.65628e-06
16.6552	1.08694e-09	-1.67309e-06	6.15899e-14	-2.56345e-13	7.90142e-08	2.64132e-06
16.6552	1.09319e-09	-1.67316e-06	6.19444e-14	-1.3507e-11	1.56921e-06	2.62499e-06
16.6552	1.10967e-09	-1.67323e-06	6.28781e-14	-1.27019e-11	8.67236e-07	2.60739e-06
16.6552	1.13167e-09	-1.67329e-06	6.41247e-14	1.51299e-11	-1.05053e-06	2.5886e-06
16.6552	1.14673e-09	-1.67335e-06	6.4978e-14	1.3732e-11	-2.27402e-06	2.56856e-06
16.6552	1.14712e-09	-1.67342e-06	6.50005e-14	-2.91314e-11	-3.48185e-06	2.54754e-06
16.6552	1.12543e-09	-1.67348e-06	6.37714e-14	2.91091e-11	3.72335e-06	2.52543e-06
16.6552	1.12734e-09	-1.67355e-06	6.38795e-14	-4.12757e-11	3.77601e-06	2.50229e-06
16.6552	1.15274e-09	-1.67361e-06	6.53187e-14	-3.86161e-11	1.58864e-06	2.47824e-06
16.6552	1.18768e-09	-1.67367e-06	6.72988e-14	7.80889e-11	-6.63205e-06	2.45323e-06
16.6552	1.1818e-09	-1.67373e-06	6.69655e-14	-6.57359e-12	-9.32471e-07	2.42719e-06
16.6552	1.17036e-09	-1.67379e-06	6.6317e-14	-3.11212e-11	-2.11382e-06	2.40043e-06
16.6552	1.14642e-09	-1.67385e-06	6.49609e-14	3.99397e-11	4.3895e-06	2.37302e-06
16.6552	1.14866e-09	-1.67391e-06	6.50876e-14	-2.67317e-11	2.91825e-06	2.34476e-06
16.6552	1.16787e-09	-1.67397e-06	6.61763e-14	-4.28832e-10	1.02097e-05	2.31581e-06
16.6552	1.24558e-09	-1.67403e-06	7.05795e-14	4.30285e-10	-1.02878e-05	2.28635e-06
16.6552	1.26386e-09	-1.67408e-06	7.16155e-14	-4.83528e-12	-6.73113e-06	2.25645e-06
16.6552	1.24418e-09	-1.67414e-06	7.05004e-14	-3.63871e-13	-2.5571e-08	2.22602e-06
16.6552	1.22463e-09	-1.67419e-06	6.93925e-14	-6.29013e-12	7.41861e-06	2.19507e-06
16.6552	1.24578e-09	-1.67425e-06	7.05909e-14	-7.00892e-11	2.68639e-06	2.16368e-06
16.6552	1.28104e-09	-1.6743e-06	7.25892e-14	-6.94972e-11	1.85651e-06	2.1321e-06
16.6552	1.32561e-09	-1.67435e-06	7.51148e-14	1.53341e-11	-3.70248e-07	2.10033e-06
16.6552	1.36758e-09	-1.67441e-06	7.7493e-14	4.24459e-11	-1.49761e-05	2.06821e-06
16.6552	1.33207e-09	-1.67446e-06	7.54806e-14	1.14494e-10	5.45523e-06	2.03584e-06
16.6552	1.32466e-09	-1.67451e-06	7.50609e-14	-4.90026e-11	6.13444e-06	2.00336e-06
16.6552	1.34785e-09	-1.67456e-06	7.63748e-14	-1.74009e-10	4.89394e-06	1.97078e-06
16.6552	1.39457e-09	-1.67461e-06	7.90221e-14	4.81064e-11	-1.06388e-06	1.9382e-06
16.6552	1.43539e-09	-1.67466e-06	8.13357e-14	1.80461e-10	-8.27013e-06	1.90573e-06
16.6552	1.43647e-09	-1.6747e-06	8.13966e-14	-2.66157e-11	3.04791e-06	1.87323e-06
16.6552	1.45167e-09	-1.67475e-06	8.22581e-14	-3.27871e-11	1.61053e-06	1.84072e-06
16.6552	1.47396e-09	-1.67479e-06	8.35209e-14	-1.62106e-11	6.2632e-07	1.80824e-06
16.6552	1.49865e-09	-1.67484e-06	8.49202e-14	3.37937e-11	-9.6222e-06	1.77588e-06
16.6552	1.48057e-09	-1.67488e-06	8.38956e-14	2.56696e-11	1.5309e-06	1.74372e-06
16.6552	1.46943e-09	-1.67493e-06	8.32643e-14	3.24441e-12	4.89898e-06	1.71177e-06
16.6552	1.47927e-09	-1.67497e-06	8.38217e-14	7.33003e-12	-7.46424e-07	1.67997e-06
16.6552	1.48581e-09	-1.67501e-06	8.41925e-14	-9.12131e-10	1.75931e-05	1.64848e-06
16.6552	1.56405e-09	-1.67505e-06	8.86262e-14	-2.49182e-10	2.4449e-06	1.61733e-06
16.6552	1.65059e-09	-1.67509e-06	9.35301e-14	1.10162e-09	-1.64707e-05	1.58631e-06
16.6552	1.67078e-09	-1.67513e-06	9.46741e-14	3.7006e-11	-8.55368e-06	1.55552e-06
16.6552	1.65764e-09	-1.67517e-06	9.39294e-14	-2.82638e-10	-7.75515e-06	1.52503e-06
16.6552	1.61548e-09	-1.67521e-06	9.15406e-14	2.82693e-10	1.45848e-05	1.49491e-06
16.6552	1.62812e-09	-1.67524e-06	9.22569e-14	-9.2342e-10	1.61042e-05	1.46508e-06
16.6552	1.6989e-09	-1.67528e-06	9.62673e-14	-1.45236e-09	1.14957e-05	1.43553e-06
16.6552	1.80907e-09	-1.67532e-06	1.02511e-13	2.24244e-09	-2.29496e-05	1.40642e-06
16.6552	1.83715e-09	-1.67535e-06	1.04101e-13	-6.96016e-10	-2.66009e-05	1.37765e-06
16.6552	1.77398e-09	-1.67539e-06	1.00522e-13	3.31902e-10	4.01615e-06	1.3492e-06
16.6552	1.72552e-09	-1.67542e-06	9.7776e-14	-3.15608e-10	3.2876e-05	1.32118e-06
16.6552	1.78552e-09	-1.67545e-06	1.01176e-13	3.00753e-10	-3.636e-06	1.29344e-06
16.6552	1.83262e-09	-1.67548e-06	1.03845e-13	5.87745e-11	-8.20645e-07	1.26604e-06
16.6552	1.87615e-09	-1.67551e-06	1.06311e-13	4.25958e-10	-9.11706e-06	1.23913e-06
16.6552	1.89081e-09	-1.67555e-06	1.07142e-13	3.36536e-11	-7.85866e-06	1.21251e-06
16.6552	1.88159e-09	-1.67558e-06	1.0662e-13	-7.20683e-11	-3.11429e-06	1.18618e-06
16.6552	1.86344e-09	-1.6756e-06	1.05591e-13	-1.13956e-09	2.84175e-05	1.16028e-06
16.6552	1.92721e-09	-1.67563e-06	1.09205e-13	-3.2217e-09	1.99944e-05	1.13464e-06
16.6552	2.04563e-09	-1.67566e-06	1.15915e-13	-4.1416e-09	1.64236e-05	1.10928e-06
16.6552	2.20643e-09	-1.67569e-06	1.25027e-13	7.94945e-09	-4.25311e-05	1.08433e-06
16.6552	2.24962e-09	-1.67572e-06	1.27474e-13	-2.7051e-09	-5.27465e-05	1.05969e-06
16.6552	2.1537e-09	-1.67574e-06	1.22039e-13	9.22284e-10	5.43924e-06	1.03533e-06
16.6552	2.07391e-09	-1.67577e-06	1.17518e-13	2.08145e-09	4.3037e-05	1.01135e-06
16.6552	2.10351e-09	-1.67579e-06	1.19195e-13	-2.60929e-09	2.25643e-05	9.87614e-07
16.6552	2.18745e-09	-1.67582e-06	1.23951e-13	-1.3724e-09	7.21959e-06	9.64116e-07
16.6552	2.28657e-09	-1.67584e-06	1.29568e-13	3.94024e-09	-2.91016e-05	9.41015e-07
16.6552	2.31569e-09	-1.67586e-06	1.31218e-13	-2.25219e-09	-4.50526e-05	9.18053e-07
16.6552	2.24198e-09	-1.67589e-06	1.27041e-13	7.93255e-10	5.31135e-06	8.95225e-07
16.6552	2.18184e-09	-1.67591e-06	1.23634e-13	1.84743e-09	2.59485e-05	8.7288e-07
16.6552	2.17912e-09	-1.67593e-06	1.23479e-13	-4.02352e-12	-5.30318e-07	8.50754e-07
16.6552	2.17535e-09	-1.67595e-06	1.23266e-13	-8.7777e-11	-4.39739e-06	8.286e-07
16.6552	2.16269e-09	-1.67597e-06	1.22549e-13	-1.10541e-09	2.81132e-05	8.06779e-07
16.6552	2.20631e-09	-1.67599e-06	1.25021e-13	-3.96467e-09	2.35369e-05	7.85252e-07
16.6552	2.29433e-09	-1.67601e-06	1.30008e-13	-2.81862e-09	1.10566e-05	7.63714e-07
16.6552	2.40071e-09	-1.67603e-06	1.36036e-13	-4.78025e-08	9.28674e-05	7.42342e-07
16.6552	2.67399e-09	-1.67605e-06	1.51522e-13	-5.54064e-08	6.15151e-05	7.21382e-07
16.6552	3.04886e-09	-1.67607e-06	1.72764e-13	4.96017e-08	-5.39357e-05	7.00566e-07
16.6552	3.31967e-09	-1.67608e-06	1.8811e-13	4.38844e-08	-0.000241122	6.79721e-07
16.6552	3.17884e-09	-1.6761e-06	1.8013e-13	-1.49403e-07	-0.000174382	6.59171e-07
16.6552	2.75934e-09	-1.67612e-06	1.56358e-13	-1.25255e-07	-8.34312e-05	6.39058e-07
16.6552	2.22151e-09	-1.67613e-06	1.25881e-13	-2.94729e-07	-0.000142626	6.19115e-07
16.6553	1.48354e-09	-1.67615e-06	8.40637e-14	-1.85106e-07	-7.11691e-05	5.99237e-07
16.6553	6.64698e-10	-1.67616e-06	3.76634e-14	4.61313e-08	1.68564e-05	5.79724e-07
16.6553	-1.03401e-10	-1.67618e-06	-5.8616e-15	4.62788e-07	0.000214394	5.60756e-07
16.6553	-5.50751e-10	-1.67619e-06	-3.12111e-14	2.39501e-07	0.000422048	5.42169e-07
16.6553	-4.20809e-10	-1.6762e-06	-2.38478e-14	-6.4337e-07	0.000419055	5.23938e-07
16.6553	2.44215e-10	-1.67622e-06	1.38364e-14	-1.88854e-06	0.000494488	5.06252e-07
16.6553	1.5019e-09	-1.67623e-06	8.51043e-14	-1.70246e-06	0.00029401	4.89221e-07
16.6553	3.07086e-09	-1.67624e-06	1.74011e-13	-1.61044e-06	0.00022704	4.72797e-07
16.6553	4.85087e-09	-1.67625e-06	2.74877e-13	9.73978e-07	-0.000132902	4.57003e-07
16.6553	6.42251e-09	-1.67626e-06	3.63935e-13	1.38597e-06	-0.000214551	4.42191e-07
16.6553	7.71112e-09	-1.67627e-06	4.36955e-13	1.5537e-06	-0.000300378	4.28509e-07
16.6553	8.64388e-09	-1.67628e-06	4.89811e-13	1.63581e-06	-0.000527008	4.15751e-07
16.6553	9.00972e-09	-1.6763e-06	5.10541e-13	2.38314e-07	-0.000537081	4.03761e-07
16.6553	8.83085e-09	-1.67631e-06	5.00405e-13	-1.32959e-06	-0.000571311	3.92488e-07
16.6553	8.10409e-09	-1.67631e-06	4.59223e-13	-2.51109e-06	-0.000501325	3.82032e-07
16.6553	6.92357e-09	-1.67632e-06	3.92328e-13	-8.28701e-08	-1.3164e-05	3.73323e-07
16.6553	5.75412e-09	-1.67633e-06	3.2606e-13	-2.09018e-07	-3.26099e-05	3.6714e-07
16.6553	4.57058e-09	-1.67634e-06	2.58994e-13	6.22066e-07	9.96581e-05	3.63071e-07
16.6553	3.48748e-09	-1.67635e-06	1.97619e-13	1.03447e-06	0.000187244	3.60493e-07
16.6553	2.57854e-09	-1.67636e-06	1.46113e-13	-1.16384e-06	-0.00020864	3.59101e-07
16.6553	1.48458e-09	-1.67637e-06	8.41228e-14	1.64087e-06	0.000307844	3.58853e-07
16.6553	6.65938e-10	-1.67638e-06	3.77337e-14	1.12358e-06	0.000293635	3.5973e-07
16.6553	1.08631e-10	-1.67639e-06	6.15339e-15	9.51346e-07	0.000574177	3.61795e-07
16.6553	6.84236e-11	-1.6764e-06	3.87501e-15	-1.90768e-08	0.000142227	3.65262e-07
16.6553	1.58376e-10	-1.67641e-06	8.97224e-15	-1.13337e-07	0.000136426	3.70558e-07
16.6553	3.77353e-10	-1.67642e-06	2.13808e-14	-7.1814e-09	6.05029e-06	3.78091e-07
16.6553	6.07217e-10	-1.67642e-06	3.44062e-14	-2.10971e-07	0.000136663	3.87874e-07
16.6553	9.77982e-10	-1.67643e-06	5.54159e-14	1.84709e-07	-0.000115727	3.99819e-07
16.6553	1.24347e-09	-1.67644e-06	7.04601e-14	-2.43949e-08	1.80453e-05	4.14037e-07
16.6553	1.53805e-09	-1.67646e-06	8.71529e-14	1.81863e-07	-0.000206478	4.306e-07
16.6553	1.61817e-09	-1.67647e-06	9.16925e-14	6.19348e-09	-1.96293e-05	4.4967e-07
16.6553	1.67943e-09	-1.67648e-06	9.51642e-14	-1.12041e-08	-0.000138855	4.71536e-07
16.6553	1.57607e-09	-1.67649e-06	8.93072e-14	-9.48086e-09	-1.98566e-05	4.9665e-07
16.6553	1.44163e-09	-1.6765e-06	8.16889e-14	-2.2176e-08	-3.59436e-05	5.25565e-07
16.6553	1.25043e-09	-1.67652e-06	7.08542e-14	2.6633e-09	3.81952e-06	5.58837e-07
16.6553	1.05213e-09	-1.67653e-06	5.96179e-14	-3.42815e-08	-4.30959e-05	5.97342e-07
16.6553	7.73029e-10	-1.67655e-06	4.38021e-14	1.63052e-09	1.81433e-06	6.42253e-07
16.6553	4.75068e-10	-1.67656e-06	2.69179e-14	-1.54028e-08	-1.64681e-05	6.94959e-07
16.6553	1.21856e-10	-1.67658e-06	6.9028e-15	-1.40292e-08	-1.38743e-05	7.57462e-07
16.6553	-2.9203e-10	-1.6766e-06	-1.65504e-14	1.22885e-08	1.20997e-05	8.32569e-07
16.6553	-7.2246e-10	-1.67662e-06	-4.09411e-14	5.9312e-08	7.41397e-05	9.24837e-07
16.6553	-1.02242e-09	-1.67665e-06	-5.79383e-14	3.50223e-08	8.97184e-05	1.04131e-06
16.6553	-1.1143e-09	-1.67667e-06	-6.31449e-14	2.7573e-09	3.35984e-05	1.19504e-06
16.6553	-1.11306e-09	-1.67671e-06	-6.30747e-14	-3.93503e-10	-1.29391e-05	1.41317e-06
16.6553	-1.16148e-09	-1.67675e-06	-6.58183e-14	-5.07679e-09	-3.42266e-05	1.75958e-06
16.6553	-1.3926e-09	-1.67679e-06	-7.89152e-14	1.31082e-09	5.98687e-06	2.42706e-06
16.6553	-1.68609e-09	-1.67687e-06	-9.55459e-14	4.00579e-09	4.86544e-05	4.17153e-06
16.6553	-1.57867e-09	-1.677e-06	-8.9459e-14	-1.40693e-09	1.71377e-05	1.54044e-05
16.6553	5.2759e-12	-1.67764e-06	2.96752e-16	-0.4	-2.49995e-05	0.0133715
16.6419	5.10942e-12	-1.00976e-06	2.61179e-16	0.4	-5.44411e-10	0.0265271
