16.6075	-2.25083e-08	-1.70675e-07	-1.03381e-12	-0.000118661	-0.0068886	0.0021571
16.6075	-8.32683e-08	-1.70689e-07	-1.59537e-12	-0.00700553	0.0597933	1.88709e-06
16.6075	-5.0739e-08	-1.7069e-07	-1.2947e-12	-0.0231461	0.0528866	1.97902e-07
16.6075	-1.11047e-08	-1.7069e-07	-9.28351e-13	0.00535823	-0.00912596	1.29882e-07
16.6075	1.54553e-08	-1.70691e-07	-6.82853e-13	0.0172921	-0.0419855	9.95232e-08
16.6075	2.76409e-08	-1.70691e-07	-5.70219e-13	0.00679451	-0.0365285	8.56988e-08
16.6075	3.13736e-08	-1.70692e-07	-5.35717e-13	0.000529507	-0.00727641	8.16274e-08
16.6075	3.35758e-08	-1.70692e-07	-5.15361e-13	-0.000307208	0.00464505	8.12209e-08
16.6075	3.67358e-08	-1.70692e-07	-4.86151e-13	-0.000901698	0.00896768	8.214e-08
16.6075	4.1807e-08	-1.70693e-07	-4.39276e-13	5.4801e-05	-0.000448377	8.3542e-08
16.6075	4.68701e-08	-1.70693e-07	-3.92476e-13	0.000748662	-0.00730503	8.49084e-08
16.6075	5.045e-08	-1.70693e-07	-3.59385e-13	0.00049953	-0.00775222	8.63659e-08
16.6075	5.24073e-08	-1.70694e-07	-3.41293e-13	0.000133078	-0.00373962	8.80749e-08
16.6075	5.35736e-08	-1.70694e-07	-3.30511e-13	6.34487e-05	-0.0037901	8.99628e-08
16.6075	5.39038e-08	-1.70694e-07	-3.27458e-13	3.855e-06	-0.00220591	9.19542e-08
16.6075	5.37287e-08	-1.70695e-07	-3.29075e-13	-1.14092e-05	-0.00151177	9.40258e-08
16.6075	5.31903e-08	-1.70695e-07	-3.3405e-13	-7.41888e-05	-0.00363388	9.61778e-08
16.6075	5.17557e-08	-1.70695e-07	-3.47309e-13	-2.59606e-05	-0.00082239	9.83983e-08
16.6075	5.00833e-08	-1.70696e-07	-3.62765e-13	-0.000307188	-0.00623574	1.00749e-07
16.6075	4.678e-08	-1.70696e-07	-3.93296e-13	-0.000409008	-0.00523568	1.03272e-07
16.6075	4.20241e-08	-1.70697e-07	-4.37254e-13	-0.000398155	-0.00393005	1.05892e-07
16.6075	3.60942e-08	-1.70697e-07	-4.92063e-13	-0.000362346	-0.00304335	1.08582e-07
16.6075	2.91768e-08	-1.70698e-07	-5.55999e-13	-0.00056213	-0.00409274	1.11406e-07
16.6075	2.09209e-08	-1.70698e-07	-6.32308e-13	-0.000269191	-0.00176574	1.14286e-07
16.6075	1.19466e-08	-1.70698e-07	-7.15257e-13	-0.000345839	-0.00212757	1.17192e-07
16.6075	2.11045e-09	-1.70699e-07	-8.06171e-13	0.000146121	0.000881353	1.20056e-07
16.6075	-7.68655e-09	-1.70699e-07	-8.96723e-13	0.000741216	0.00491653	1.22665e-07
16.6075	-1.61593e-08	-1.707e-07	-9.75036e-13	0.000478413	0.00372247	1.25239e-07
16.6075	-2.36378e-08	-1.707e-07	-1.04416e-12	0.000209337	0.0018311	1.28048e-07
16.6075	-3.06966e-08	-1.70701e-07	-1.1094e-12	0.000545899	0.00574093	1.30906e-07
16.6075	-3.60084e-08	-1.70702e-07	-1.1585e-12	0.000105897	0.0013736	1.33872e-07
16.6075	-4.09814e-08	-1.70702e-07	-1.20446e-12	0.000327342	0.00546688	1.36979e-07
16.6075	-4.41739e-08	-1.70703e-07	-1.23397e-12	0.000209033	0.0104156	1.40122e-07
16.6075	-4.37501e-08	-1.70703e-07	-1.23005e-12	-0.000342353	0.010562	1.43577e-07
16.6075	-3.94753e-08	-1.70704e-07	-1.19053e-12	-0.00138019	0.0144616	1.47703e-07
16.6075	-2.96443e-08	-1.70704e-07	-1.09966e-12	-6.04255e-05	0.000452958	1.51818e-07
16.6075	-1.93982e-08	-1.70705e-07	-1.00495e-12	0.000408408	-0.00323424	1.55344e-07
16.6075	-1.01968e-08	-1.70706e-07	-9.19903e-13	0.000417343	-0.00385787	1.58748e-07
16.6075	-2.34187e-09	-1.70706e-07	-8.47297e-13	0.000531971	-0.00649056	1.62161e-07
16.6075	3.02032e-09	-1.70707e-07	-7.97731e-13	0.000338827	-0.00709068	1.6566e-07
16.6075	5.53194e-09	-1.70708e-07	-7.74514e-13	8.64828e-05	-0.00718496	1.69399e-07
16.6075	5.02405e-09	-1.70708e-07	-7.79205e-13	-2.59177e-05	-0.00224534	1.73352e-07
16.6075	3.5198e-09	-1.70709e-07	-7.93107e-13	-9.89314e-05	-0.00373338	1.77449e-07
16.6075	3.04255e-10	-1.7071e-07	-8.22826e-13	-0.000170087	-0.00375761	1.81673e-07
16.6075	-4.71489e-09	-1.70711e-07	-8.69215e-13	-2.42455e-05	-0.000434636	1.85926e-07
16.6075	-1.00535e-08	-1.70711e-07	-9.18558e-13	0.000167344	0.00347528	1.90067e-07
16.6075	-1.38385e-08	-1.70712e-07	-9.5354e-13	0.000128406	0.00459849	1.94172e-07
16.6075	-1.54492e-08	-1.70713e-07	-9.68424e-13	2.5601e-05	0.00254954	1.98385e-07
16.6075	-1.58168e-08	-1.70714e-07	-9.7182e-13	-3.14732e-06	0.00207379	2.02697e-07
16.6075	-1.51303e-08	-1.70714e-07	-9.65471e-13	-2.12145e-05	0.00186612	2.07061e-07
16.6075	-1.34528e-08	-1.70715e-07	-9.49963e-13	-4.24806e-05	0.00201554	2.11478e-07
16.6075	-1.06629e-08	-1.70716e-07	-9.24172e-13	2.92178e-05	-0.00127415	2.15907e-07
16.6075	-8.51019e-09	-1.70717e-07	-9.04271e-13	3.70967e-05	-0.0030825	2.20334e-07
16.6075	-8.02867e-09	-1.70718e-07	-8.99817e-13	-4.1132e-06	-0.00241276	2.24823e-07
16.6075	-8.90712e-09	-1.70719e-07	-9.07933e-13	-2.76204e-06	-0.000323234	2.2938e-07
16.6075	-9.9905e-09	-1.7072e-07	-9.17944e-13	2.46052e-06	0.00028474	2.33987e-07
16.6075	-1.09273e-08	-1.70721e-07	-9.26599e-13	-4.25746e-07	-5.28129e-05	2.38654e-07
16.6075	-1.19146e-08	-1.70722e-07	-9.35721e-13	6.55631e-06	0.00138835	2.43365e-07
16.6075	-1.20684e-08	-1.70723e-07	-9.37139e-13	-1.39594e-06	0.00103833	2.48125e-07
16.6075	-1.15748e-08	-1.70724e-07	-9.32573e-13	1.22896e-06	-0.000428273	2.52964e-07
16.6075	-1.13451e-08	-1.70725e-07	-9.30446e-13	1.4249e-07	-0.000628921	2.57881e-07
16.6075	-1.15203e-08	-1.70726e-07	-9.32061e-13	-1.74438e-07	-0.000107967	2.6284e-07
16.6075	-1.17704e-08	-1.70727e-07	-9.34369e-13	-1.30083e-06	-0.000436854	2.67783e-07
16.6075	-1.23204e-08	-1.70728e-07	-9.39448e-13	5.69094e-07	0.000154492	2.72656e-07
16.6075	-1.27739e-08	-1.70729e-07	-9.43636e-13	7.37163e-07	0.0010337	2.77437e-07
16.6075	-1.25121e-08	-1.7073e-07	-9.41212e-13	-4.97637e-07	0.000208096	2.82122e-07
16.6075	-1.2098e-08	-1.70731e-07	-9.3738e-13	8.16925e-07	-0.000693364	2.86735e-07
16.6075	-1.21782e-08	-1.70733e-07	-9.38118e-13	-1.6881e-07	-0.000171544	2.91335e-07
16.6075	-1.23857e-08	-1.70734e-07	-9.40031e-13	1.9715e-07	0.000314118	2.95991e-07
16.6075	-1.23622e-08	-1.70735e-07	-9.39809e-13	-4.62017e-08	-0.000171085	3.00733e-07
16.6075	-1.24679e-08	-1.70736e-07	-9.40782e-13	-1.03778e-07	-0.000107401	3.05562e-07
16.6075	-1.26581e-08	-1.70738e-07	-9.42535e-13	1.47011e-07	0.000293665	3.10469e-07
16.6075	-1.26215e-08	-1.70739e-07	-9.42192e-13	3.41114e-09	-1.81197e-05	3.15446e-07
16.6075	-1.25988e-08	-1.7074e-07	-9.41978e-13	-2.53841e-07	0.000291337	3.20511e-07
16.6075	-1.23404e-08	-1.70741e-07	-9.39584e-13	2.37067e-07	-0.000406687	3.25728e-07
16.6075	-1.24116e-08	-1.70743e-07	-9.40238e-13	-2.56185e-07	-0.000244905	3.31186e-07
16.6075	-1.26886e-08	-1.70744e-07	-9.42792e-13	1.6804e-07	0.000124818	3.37004e-07
16.6075	-1.28644e-08	-1.70745e-07	-9.44413e-13	9.13477e-08	0.000127813	3.4333e-07
16.6075	-1.29329e-08	-1.70747e-07	-9.4504e-13	-7.61455e-09	0.000175427	3.5027e-07
16.6075	-1.28476e-08	-1.70748e-07	-9.44247e-13	-4.00961e-08	6.27605e-05	3.57757e-07
16.6075	-1.27037e-08	-1.7075e-07	-9.42912e-13	5.90012e-08	-0.000117563	3.65567e-07
16.6075	-1.26653e-08	-1.70751e-07	-9.42551e-13	-3.8386e-07	-0.00043564	3.73376e-07
16.6075	-1.30369e-08	-1.70753e-07	-9.4598e-13	-4.8063e-08	-2.36828e-05	3.80808e-07
16.6075	-1.34383e-08	-1.70754e-07	-9.49685e-13	-1.45877e-07	-6.48143e-05	3.8759e-07
16.6075	-1.39098e-08	-1.70756e-07	-9.54036e-13	5.80199e-07	0.000454786	3.93661e-07
16.6075	-1.39373e-08	-1.70758e-07	-9.54285e-13	-5.36161e-07	0.000491693	3.9923e-07
16.6075	-1.34711e-08	-1.70759e-07	-9.4997e-13	3.14004e-07	-0.000164546	4.04838e-07
16.6075	-1.31659e-08	-1.70761e-07	-9.47143e-13	2.21621e-07	-0.000330776	4.11184e-07
16.6075	-1.31985e-08	-1.70763e-07	-9.47437e-13	-1.69641e-07	-0.000230989	4.17399e-07
16.6075	-1.34741e-08	-1.70764e-07	-9.49979e-13	1.52425e-07	0.000351098	4.22206e-07
16.6075	-1.338e-08	-1.70766e-07	-9.49102e-13	-1.78274e-08	3.37631e-05	4.25975e-07
16.6075	-1.3249e-08	-1.70768e-07	-9.47886e-13	-5.15358e-08	6.62397e-05	4.29506e-07
16.6075	-1.30455e-08	-1.70769e-07	-9.45998e-13	8.69712e-08	-0.000217504	4.32734e-07
16.6075	-1.30767e-08	-1.70771e-07	-9.4628e-13	-7.88203e-08	-0.000151099	4.35313e-07
16.6075	-1.3273e-08	-1.70773e-07	-9.48088e-13	-5.90236e-07	-0.000338243	4.37593e-07
16.6075	-1.38413e-08	-1.70775e-07	-9.53334e-13	4.86928e-07	0.000246682	4.39649e-07
16.6075	-1.41403e-08	-1.70777e-07	-9.56091e-13	1.84112e-07	0.000265538	4.41301e-07
16.6075	-1.41468e-08	-1.70778e-07	-9.56145e-13	-4.10903e-08	0.000134241	4.42705e-07
16.6075	-1.40045e-08	-1.7078e-07	-9.54823e-13	3.5183e-08	-0.000177306	4.43892e-07
16.6075	-1.40589e-08	-1.70782e-07	-9.55319e-13	-2.06922e-08	0.000152285	4.44778e-07
16.6075	-1.3944e-08	-1.70784e-07	-9.5425e-13	-2.24331e-08	3.68528e-05	4.4545e-07
16.6075	-1.37878e-08	-1.70786e-07	-9.52799e-13	3.07286e-08	-5.4401e-05	4.45885e-07
16.6075	-1.36921e-08	-1.70787e-07	-9.51909e-13	1.63078e-08	-5.69022e-05	4.46064e-07
16.6075	-1.36599e-08	-1.70789e-07	-9.51604e-13	-1.37117e-08	5.06184e-05	4.46022e-07
16.6075	-1.35713e-08	-1.70791e-07	-9.50779e-13	-1.49862e-07	-0.000336902	4.45725e-07
16.6075	-1.3858e-08	-1.70793e-07	-9.53422e-13	-3.47468e-08	-2.57125e-05	4.45195e-07
16.6075	-1.41729e-08	-1.70795e-07	-9.56326e-13	1.13459e-07	9.664e-05	4.44423e-07
16.6075	-1.43799e-08	-1.70796e-07	-9.58232e-13	-2.89731e-08	0.000401819	4.43382e-07
16.6075	-1.41415e-08	-1.70798e-07	-9.56022e-13	6.42205e-09	-6.0498e-06	4.42096e-07
16.6075	-1.39106e-08	-1.708e-07	-9.53881e-13	1.01425e-07	-0.000152462	4.40559e-07
16.6075	-1.38481e-08	-1.70802e-07	-9.53297e-13	-6.49311e-09	1.95072e-05	4.38777e-07
16.6075	-1.37646e-08	-1.70804e-07	-9.52519e-13	1.19548e-08	-0.00010863	4.36772e-07
16.6075	-1.37998e-08	-1.70805e-07	-9.52837e-13	-1.76152e-09	7.41171e-05	4.34539e-07
16.6075	-1.37545e-08	-1.70807e-07	-9.52412e-13	-8.24926e-10	3.77551e-06	4.32094e-07
16.6075	-1.37054e-08	-1.70809e-07	-9.51952e-13	-3.1147e-08	7.49821e-05	4.2942e-07
16.6075	-1.35764e-08	-1.70811e-07	-9.50753e-13	-2.92752e-08	4.14401e-05	4.26539e-07
16.6075	-1.34042e-08	-1.70812e-07	-9.49155e-13	3.43637e-08	-5.01988e-05	4.23467e-07
16.6075	-1.32863e-08	-1.70814e-07	-9.48059e-13	3.12293e-08	-0.00010866	4.20191e-07
16.6075	-1.3283e-08	-1.70816e-07	-9.48022e-13	-6.65792e-08	-0.000166374	4.16751e-07
16.6075	-1.34523e-08	-1.70817e-07	-9.49581e-13	6.60646e-08	0.000177913	4.13134e-07
16.6075	-1.34372e-08	-1.70819e-07	-9.49435e-13	-9.46391e-08	0.000180428	4.09349e-07
16.6075	-1.32385e-08	-1.70821e-07	-9.47592e-13	-8.84669e-08	7.59127e-05	4.05414e-07
16.6075	-1.29651e-08	-1.70822e-07	-9.4506e-13	1.78386e-07	-0.000316902	4.0132e-07
16.6075	-1.30109e-08	-1.70824e-07	-9.45477e-13	-1.51818e-08	-4.45557e-05	3.97062e-07
16.6075	-1.31002e-08	-1.70826e-07	-9.46296e-13	-7.1173e-08	-0.000101006	3.92686e-07
16.6075	-1.32871e-08	-1.70827e-07	-9.48018e-13	9.07766e-08	0.000209744	3.882e-07
16.6075	-1.32694e-08	-1.70829e-07	-9.47849e-13	-6.13789e-08	0.000139443	3.83579e-07
16.6075	-1.3119e-08	-1.7083e-07	-9.46453e-13	-9.79795e-07	0.000487848	3.78842e-07
16.6075	-1.25115e-08	-1.70832e-07	-9.40831e-13	9.82706e-07	-0.000491582	3.74024e-07
16.6075	-1.23684e-08	-1.70833e-07	-9.39503e-13	-1.09293e-08	-0.000321634	3.69131e-07
16.6075	-1.2522e-08	-1.70835e-07	-9.40918e-13	-1.02697e-09	-1.22098e-06	3.64152e-07
16.6075	-1.26747e-08	-1.70836e-07	-9.42323e-13	-1.49023e-08	0.000354484	3.5909e-07
16.6075	-1.25092e-08	-1.70838e-07	-9.40789e-13	-1.60341e-07	0.00012836	3.53956e-07
16.6075	-1.22333e-08	-1.70839e-07	-9.38234e-13	-1.58964e-07	8.87154e-05	3.4879e-07
16.6075	-1.18848e-08	-1.70841e-07	-9.35007e-13	3.48524e-08	-1.7697e-05	3.43591e-07
16.6075	-1.15566e-08	-1.70842e-07	-9.31968e-13	9.74154e-08	-0.000715605	3.38337e-07
16.6075	-1.1834e-08	-1.70843e-07	-9.34527e-13	2.60985e-07	0.00026067	3.3304e-07
16.6075	-1.18917e-08	-1.70845e-07	-9.35056e-13	-1.12347e-07	0.000293123	3.27728e-07
16.6075	-1.17103e-08	-1.70846e-07	-9.33374e-13	-3.97705e-07	0.000233847	3.22399e-07
16.6075	-1.1345e-08	-1.70847e-07	-9.29993e-13	1.09711e-07	-5.08334e-05	3.17068e-07
16.6075	-1.10257e-08	-1.70849e-07	-9.27037e-13	4.12253e-07	-0.000395174	3.11756e-07
16.6075	-1.10171e-08	-1.7085e-07	-9.26953e-13	-6.10769e-08	0.000145638	3.06442e-07
16.6075	-1.08981e-08	-1.70851e-07	-9.25849e-13	-7.50995e-08	7.69571e-05	3.01122e-07
16.6075	-1.07238e-08	-1.70852e-07	-9.24233e-13	-3.72005e-08	2.99263e-05	2.95809e-07
16.6075	-1.05306e-08	-1.70853e-07	-9.22443e-13	7.74462e-08	-0.000459778	2.90516e-07
16.6075	-1.06718e-08	-1.70855e-07	-9.23744e-13	5.83836e-08	7.3151e-05	2.85253e-07
16.6075	-1.07588e-08	-1.70856e-07	-9.24543e-13	7.02835e-09	0.000234089	2.80026e-07
16.6075	-1.06818e-08	-1.70857e-07	-9.23827e-13	1.66217e-08	-3.56666e-05	2.74824e-07
16.6075	-1.06305e-08	-1.70858e-07	-9.23349e-13	-2.08354e-06	0.000840647	2.69674e-07
16.6075	-1.00187e-08	-1.70859e-07	-9.17691e-13	-5.69191e-07	0.000116824	2.64579e-07
16.6075	-9.34213e-09	-1.7086e-07	-9.11433e-13	2.51585e-06	-0.000787012	2.59505e-07
16.6075	-9.1842e-09	-1.70861e-07	-9.09969e-13	8.47512e-08	-0.000408721	2.54466e-07
16.6075	-9.2868e-09	-1.70862e-07	-9.10914e-13	-6.45099e-07	-0.000370564	2.49479e-07
16.6075	-9.61621e-09	-1.70863e-07	-9.13955e-13	6.44641e-07	0.000696904	2.44552e-07
16.6075	-9.51728e-09	-1.70864e-07	-9.13037e-13	-2.10924e-06	0.000769504	2.39672e-07
16.6075	-8.96394e-09	-1.70865e-07	-9.07919e-13	-3.31657e-06	0.000549276	2.34841e-07
16.6075	-8.10262e-09	-1.70866e-07	-8.99954e-13	5.12077e-06	-0.00109657	2.30079e-07
16.6075	-7.88307e-09	-1.70867e-07	-8.97921e-13	-1.58799e-06	-0.00127105	2.25371e-07
16.6075	-8.37673e-09	-1.70868e-07	-9.02481e-13	7.57415e-07	0.000191882	2.20715e-07
16.6075	-8.7554e-09	-1.70869e-07	-9.05977e-13	-7.22233e-07	0.00157092	2.16129e-07
16.6075	-8.2863e-09	-1.7087e-07	-9.01638e-13	6.86787e-07	-0.000173751	2.11594e-07
16.6075	-7.91805e-09	-1.70871e-07	-8.98231e-13	1.3408e-07	-3.92009e-05	2.07112e-07
16.6075	-7.5777e-09	-1.70871e-07	-8.95082e-13	9.72876e-07	-0.000435643	2.02708e-07
16.6075	-7.46299e-09	-1.70872e-07	-8.94019e-13	7.70923e-08	-0.000375512	1.98352e-07
16.6075	-7.53494e-09	-1.70873e-07	-8.94681e-13	-1.64503e-07	-0.000148805	1.94046e-07
16.6075	-7.67671e-09	-1.70874e-07	-8.95989e-13	-2.60321e-06	0.00135786	1.89812e-07
16.6075	-7.17818e-09	-1.70875e-07	-8.91378e-13	-7.35639e-06	0.000955332	1.85621e-07
16.6075	-6.2524e-09	-1.70875e-07	-8.82818e-13	-9.45476e-06	0.000784577	1.81479e-07
16.6075	-4.99541e-09	-1.70876e-07	-8.71197e-13	1.81494e-05	-0.00203199	1.77394e-07
16.6075	-4.65772e-09	-1.70877e-07	-8.68073e-13	-6.17365e-06	-0.00252033	1.73357e-07
16.6075	-5.40742e-09	-1.70877e-07	-8.75e-13	2.10544e-06	0.000259905	1.69374e-07
16.6075	-6.03103e-09	-1.70878e-07	-8.80762e-13	4.74996e-06	0.00205639	1.65448e-07
16.6075	-5.79958e-09	-1.70879e-07	-8.7862e-13	-5.95831e-06	0.00107812	1.61565e-07
16.6075	-5.14337e-09	-1.70879e-07	-8.72552e-13	-3.13373e-06	0.000344953	1.57725e-07
16.6075	-4.36843e-09	-1.7088e-07	-8.65387e-13	8.99713e-06	-0.00139049	1.53944e-07
16.6075	-4.14078e-09	-1.70881e-07	-8.6328e-13	-5.14032e-06	-0.00215274	1.50185e-07
16.6075	-4.7169e-09	-1.70881e-07	-8.68603e-13	1.81114e-06	0.000253831	1.46452e-07
16.6075	-5.18689e-09	-1.70882e-07	-8.72945e-13	4.21656e-06	0.00123985	1.42796e-07
16.6075	-5.20812e-09	-1.70882e-07	-8.7314e-13	-9.2378e-09	-2.53415e-05	1.39173e-07
16.6075	-5.23751e-09	-1.70883e-07	-8.73409e-13	-2.00283e-07	-0.00021012	1.35549e-07
16.6075	-5.33637e-09	-1.70884e-07	-8.74321e-13	-2.52526e-06	0.00134333	1.31981e-07
16.6075	-4.99532e-09	-1.70884e-07	-8.71167e-13	-9.05203e-06	0.00112451	1.28464e-07
16.6075	-4.30725e-09	-1.70885e-07	-8.64805e-13	-6.43552e-06	0.000528267	1.24945e-07
16.6075	-3.47565e-09	-1.70885e-07	-8.57116e-13	-0.000109029	0.00443317	1.21482e-07
16.6075	-1.33945e-09	-1.70886e-07	-8.3737e-13	-0.000126148	0.00293117	1.18122e-07
16.6075	1.59092e-09	-1.70886e-07	-8.10282e-13	0.000112919	-0.00256969	1.14718e-07
16.6075	3.70781e-09	-1.70887e-07	-7.90714e-13	0.000100075	-0.0115155	1.11245e-07
16.6075	2.60706e-09	-1.70887e-07	-8.00887e-13	-0.000340025	-0.00830964	1.07947e-07
16.6075	-6.7204e-10	-1.70887e-07	-8.31194e-13	-0.000283785	-0.00395637	1.04815e-07
16.6075	-4.87612e-09	-1.70888e-07	-8.70051e-13	-0.000662947	-0.00671588	1.01783e-07
16.6075	-1.06446e-08	-1.70888e-07	-9.23368e-13	-0.000412853	-0.00332222	9.87846e-08
16.6075	-1.70453e-08	-1.70889e-07	-9.82528e-13	0.000102605	0.00078465	9.56456e-08
16.6075	-2.30493e-08	-1.70889e-07	-1.03802e-12	0.00103896	0.0100794	9.22522e-08
16.6075	-2.65461e-08	-1.70889e-07	-1.07034e-12	0.000544183	0.0201196	8.88389e-08
16.6075	-2.55303e-08	-1.7089e-07	-1.06095e-12	-0.00145183	0.0198393	8.60421e-08
16.6075	-2.03319e-08	-1.7089e-07	-1.0129e-12	-0.00408555	0.0224632	8.43073e-08
16.6075	-1.05008e-08	-1.7089e-07	-9.22031e-13	-0.00347515	0.0125742	8.30683e-08
16.6075	1.76345e-09	-1.70891e-07	-8.0867e-13	-0.00312172	0.00921627	8.16756e-08
16.6075	1.56775e-08	-1.70891e-07	-6.80061e-13	0.0018705	-0.00534273	7.92246e-08
16.6075	2.79626e-08	-1.70891e-07	-5.66507e-13	0.00275733	-0.00893816	7.57328e-08
16.6075	3.80355e-08	-1.70892e-07	-4.73402e-13	0.00324118	-0.0131294	7.2257e-08
16.6075	4.53267e-08	-1.70892e-07	-4.06008e-13	0.00359481	-0.0243315	6.88963e-08
16.6075	4.81864e-08	-1.70892e-07	-3.79574e-13	0.000540426	-0.0255935	6.62028e-08
16.6075	4.67882e-08	-1.70892e-07	-3.92497e-13	-0.00296029	-0.0267429	6.47418e-08
16.6075	4.11074e-08	-1.70893e-07	-4.45004e-13	-0.00524908	-0.0220063	6.43531e-08
16.6075	3.18795e-08	-1.70893e-07	-5.30297e-13	-0.000166731	-0.000554299	6.37742e-08
16.6075	2.27382e-08	-1.70893e-07	-6.1479e-13	-0.000417679	-0.00136375	6.28116e-08
16.6075	1.34868e-08	-1.70893e-07	-7.00301e-13	0.00125012	0.00419181	6.19823e-08
16.6075	5.02038e-09	-1.70894e-07	-7.78555e-13	0.00213395	0.00808736	6.10065e-08
16.6075	-2.08457e-09	-1.70894e-07	-8.44226e-13	-0.00239636	-0.0089956	6.08104e-08
16.6075	-1.06358e-08	-1.70894e-07	-9.23265e-13	0.0034043	0.013383	6.06123e-08
16.6075	-1.70349e-08	-1.70894e-07	-9.82411e-13	0.00243788	0.0133495	5.98571e-08
16.6075	-2.13912e-08	-1.70895e-07	-1.02268e-12	0.00213696	0.0271184	5.95067e-08
16.6075	-2.17055e-08	-1.70895e-07	-1.02558e-12	-4.35351e-05	0.00679447	5.97633e-08
16.6075	-2.10023e-08	-1.70895e-07	-1.01908e-12	-0.000258054	0.0065025	6.06779e-08
16.6075	-1.92906e-08	-1.70895e-07	-1.00326e-12	-1.63764e-05	0.000288735	6.19501e-08
16.6075	-1.74938e-08	-1.70896e-07	-9.86648e-13	-0.000477593	0.006476	6.36314e-08
16.6075	-1.45955e-08	-1.70896e-07	-9.59859e-13	0.000418006	-0.00548191	6.56011e-08
16.6075	-1.25202e-08	-1.70896e-07	-9.40675e-13	-5.53709e-05	0.000857179	6.78739e-08
16.6075	-1.02175e-08	-1.70896e-07	-9.1939e-13	0.00041377	-0.00983705	7.05233e-08
16.6075	-9.59125e-09	-1.70897e-07	-9.13601e-13	1.41372e-05	-0.000937637	7.35693e-08
16.6075	-9.1123e-09	-1.70897e-07	-9.09173e-13	-2.55645e-05	-0.00663389	7.7149e-08
16.6075	-9.92022e-09	-1.70897e-07	-9.16639e-13	-2.16288e-05	-0.000948054	8.12676e-08
16.6075	-1.09711e-08	-1.70898e-07	-9.26351e-13	-5.05618e-05	-0.00171518	8.60153e-08
16.6075	-1.24656e-08	-1.70898e-07	-9.40164e-13	6.06596e-06	0.000182067	9.147e-08
16.6075	-1.40156e-08	-1.70898e-07	-9.54489e-13	-7.80971e-05	-0.00205474	9.77902e-08
16.6075	-1.61972e-08	-1.70899e-07	-9.74653e-13	3.71357e-06	8.64816e-05	1.05162e-07
16.6075	-1.85263e-08	-1.70899e-07	-9.96178e-13	-3.50609e-05	-0.000784522	1.13802e-07
16.6075	-2.12872e-08	-1.709e-07	-1.0217e-12	-3.19216e-05	-0.00066069	1.24057e-07
16.6075	-2.45224e-08	-1.709e-07	-1.0516e-12	2.79584e-05	0.000576132	1.36359e-07
16.6075	-2.78869e-08	-1.70901e-07	-1.08269e-12	0.000135109	0.0035348	1.51407e-07
16.6075	-3.02315e-08	-1.70901e-07	-1.10436e-12	7.99031e-05	0.00428451	1.70385e-07
16.6075	-3.09497e-08	-1.70902e-07	-1.111e-12	6.29357e-06	0.00160539	1.95497e-07
16.6075	-3.09399e-08	-1.70903e-07	-1.1109e-12	-8.98007e-07	-0.000618276	2.31177e-07
16.6075	-3.13182e-08	-1.70904e-07	-1.1144e-12	-1.15889e-05	-0.00163532	2.87856e-07
16.6075	-3.31247e-08	-1.70905e-07	-1.13109e-12	2.99194e-06	0.00028603	3.97061e-07
16.6075	-3.54186e-08	-1.70907e-07	-1.15229e-12	9.14271e-06	0.00232477	6.82429e-07
16.6075	-3.45785e-08	-1.70911e-07	-1.14451e-12	-3.21533e-06	0.000818877	2.52002e-06
16.6075	-2.21951e-08	-1.70928e-07	-1.02998e-12	-0.399996	-0.00119493	0.00218858
16.6053	-2.43276e-08	-1.53173e-07	-1.11531e-12	0.4	3.63871e-07	0.00434184
