16.6176	-1.54938e-09	-2.99287e-07	-1.14731e-13	-1.67288e-05	-0.00258674	0.00341145
16.6176	-3.76172e-08	-2.99323e-07	-6.4233e-13	-0.00103476	0.0230681	2.97722e-06
16.6176	-1.8308e-08	-2.99325e-07	-3.5987e-13	-0.00420614	0.0250752	2.91839e-07
16.6176	5.21878e-09	-2.99327e-07	-1.57151e-14	0.00109743	-0.00497624	1.80988e-07
16.6176	2.09847e-08	-2.99328e-07	2.14912e-13	0.00303187	-0.0193659	1.45894e-07
16.6176	2.8218e-08	-2.99328e-07	3.20723e-13	0.00101143	-0.0143777	1.33008e-07
16.6176	3.04337e-08	-2.99329e-07	3.53135e-13	7.51297e-05	-0.00275	1.28787e-07
16.6176	3.17409e-08	-2.9933e-07	3.72257e-13	-4.35215e-05	0.00175314	1.28209e-07
16.6176	3.36166e-08	-2.99331e-07	3.99696e-13	-0.000128774	0.00341077	1.2932e-07
16.6176	3.66269e-08	-2.99332e-07	4.43731e-13	7.88086e-06	-0.0001718	1.31288e-07
16.6176	3.96323e-08	-2.99333e-07	4.87695e-13	0.000106942	-0.00277951	1.33673e-07
16.6176	4.17573e-08	-2.99333e-07	5.18781e-13	7.07683e-05	-0.00292533	1.36332e-07
16.6176	4.29191e-08	-2.99334e-07	5.35776e-13	1.87792e-05	-0.00140596	1.39217e-07
16.6176	4.36114e-08	-2.99335e-07	5.45903e-13	8.94131e-06	-0.00142305	1.42261e-07
16.6176	4.38074e-08	-2.99336e-07	5.4877e-13	5.4279e-07	-0.000827941	1.45429e-07
16.6176	4.37034e-08	-2.99337e-07	5.4725e-13	-1.60743e-06	-0.000567427	1.48703e-07
16.6176	4.33838e-08	-2.99338e-07	5.42574e-13	-1.04577e-05	-0.00136465	1.52081e-07
16.6176	4.25322e-08	-2.99339e-07	5.30117e-13	-3.66115e-06	-0.00030901	1.55559e-07
16.6176	4.15395e-08	-2.9934e-07	5.15596e-13	-4.34244e-05	-0.0023481	1.59159e-07
16.6176	3.95786e-08	-2.99341e-07	4.86912e-13	-5.8081e-05	-0.00198062	1.6289e-07
16.6176	3.67555e-08	-2.99342e-07	4.45615e-13	-5.68303e-05	-0.00149446	1.66736e-07
16.6176	3.32354e-08	-2.99343e-07	3.94123e-13	-5.19865e-05	-0.00116331	1.70691e-07
16.6176	2.91293e-08	-2.99344e-07	3.34058e-13	-8.11196e-05	-0.00157347	1.74779e-07
16.6176	2.42286e-08	-2.99346e-07	2.6237e-13	-3.90516e-05	-0.000682492	1.78978e-07
16.6176	1.89014e-08	-2.99347e-07	1.84443e-13	-5.03902e-05	-0.000825932	1.83283e-07
16.6176	1.30627e-08	-2.99348e-07	9.90333e-14	2.1316e-05	0.000342562	1.87683e-07
16.6176	7.24725e-09	-2.99349e-07	1.39632e-14	0.000107495	0.0018995	1.92134e-07
16.6176	2.2178e-09	-2.9935e-07	-5.96084e-14	6.88372e-05	0.00142697	1.96683e-07
16.6176	-2.22144e-09	-2.99352e-07	-1.24546e-13	2.99886e-05	0.000698893	2.01391e-07
16.6176	-6.4115e-09	-2.99353e-07	-1.85839e-13	7.78143e-05	0.00217996	2.06225e-07
16.6176	-9.56462e-09	-2.99354e-07	-2.31964e-13	1.50325e-05	0.000519519	2.11192e-07
16.6176	-1.25166e-08	-2.99356e-07	-2.75145e-13	4.63336e-05	0.00206136	2.16293e-07
16.6176	-1.44117e-08	-2.99357e-07	-3.02867e-13	2.9489e-05	0.00391241	2.21511e-07
16.6176	-1.41602e-08	-2.99358e-07	-2.99188e-13	-4.83342e-05	0.00397073	2.26907e-07
16.6176	-1.16227e-08	-2.9936e-07	-2.62068e-13	-0.000197031	0.0054944	2.32554e-07
16.6176	-5.78708e-09	-2.99361e-07	-1.76703e-13	-8.71748e-06	0.000174113	2.38303e-07
16.6176	2.94905e-10	-2.99363e-07	-8.7734e-14	5.87236e-05	-0.00123899	2.44022e-07
16.6176	5.75679e-09	-2.99365e-07	-7.83591e-15	5.96796e-05	-0.00146977	2.49815e-07
16.6176	1.04194e-08	-2.99366e-07	6.03705e-14	7.56117e-05	-0.00245746	2.55708e-07
16.6176	1.36024e-08	-2.99368e-07	1.06932e-13	4.78875e-05	-0.00266945	2.61715e-07
16.6176	1.50932e-08	-2.9937e-07	1.28741e-13	1.21888e-05	-0.00269753	2.67865e-07
16.6176	1.47917e-08	-2.99371e-07	1.2433e-13	-3.65194e-06	-0.000842878	2.7415e-07
16.6176	1.38987e-08	-2.99373e-07	1.11268e-13	-1.39501e-05	-0.00140249	2.80554e-07
16.6176	1.19899e-08	-2.99375e-07	8.33466e-14	-2.40255e-05	-0.00141409	2.87067e-07
16.6176	9.01055e-09	-2.99377e-07	3.97638e-14	-3.43091e-06	-0.000163868	2.93662e-07
16.6176	5.84152e-09	-2.99379e-07	-6.59298e-15	2.36475e-05	0.00130835	3.00296e-07
16.6176	3.59469e-09	-2.99381e-07	-3.94596e-14	1.81094e-05	0.00172772	3.06978e-07
16.6176	2.63858e-09	-2.99383e-07	-5.34454e-14	3.60725e-06	0.000957039	3.13743e-07
16.6176	2.4203e-09	-2.99385e-07	-5.6638e-14	-4.43117e-07	0.000778341	3.20579e-07
16.6176	2.82777e-09	-2.99387e-07	-5.0677e-14	-2.98874e-06	0.000700514	3.27463e-07
16.6176	3.82345e-09	-2.99389e-07	-3.61114e-14	-5.9875e-06	0.000756925	3.344e-07
16.6176	5.47948e-09	-2.99391e-07	-1.18861e-14	4.11853e-06	-0.000478548	3.41394e-07
16.6176	6.75728e-09	-2.99393e-07	6.8064e-15	5.22665e-06	-0.00115717	3.48446e-07
16.6176	7.04305e-09	-2.99396e-07	1.09873e-14	-5.79718e-07	-0.000905573	3.5557e-07
16.6176	6.52155e-09	-2.99398e-07	3.35916e-15	-3.89153e-07	-0.000121328	3.62769e-07
16.6176	5.8784e-09	-2.994e-07	-6.04835e-15	3.46678e-07	0.000106882	3.70057e-07
16.6176	5.32223e-09	-2.99403e-07	-1.41835e-14	-5.9982e-08	-1.98229e-05	3.7744e-07
16.6176	4.73613e-09	-2.99405e-07	-2.27566e-14	9.23747e-07	0.00052109	3.84897e-07
16.6176	4.6448e-09	-2.99408e-07	-2.4092e-14	-1.96518e-07	0.000389707	3.9243e-07
16.6176	4.93771e-09	-2.9941e-07	-1.98066e-14	1.73066e-07	-0.000160739	4.0008e-07
16.6176	5.07401e-09	-2.99413e-07	-1.78122e-14	2e-08	-0.000236047	4.07857e-07
16.6176	4.96996e-09	-2.99415e-07	-1.93337e-14	-2.45851e-08	-4.05229e-05	4.15702e-07
16.6176	4.82141e-09	-2.99418e-07	-2.1506e-14	-1.83294e-07	-0.000163961	4.23517e-07
16.6176	4.49491e-09	-2.99421e-07	-2.62815e-14	8.01849e-08	5.79854e-05	4.31224e-07
16.6176	4.22564e-09	-2.99424e-07	-3.02197e-14	1.0396e-07	0.00038797	4.38786e-07
16.6176	4.38096e-09	-2.99427e-07	-2.79469e-14	-7.00747e-08	7.8102e-05	4.46198e-07
16.6176	4.6267e-09	-2.99429e-07	-2.43516e-14	1.14995e-07	-0.000260233	4.53493e-07
16.6176	4.579e-09	-2.99432e-07	-2.50486e-14	-2.37992e-08	-6.43835e-05	4.60769e-07
16.6176	4.45579e-09	-2.99435e-07	-2.68503e-14	2.78078e-08	0.000117894	4.68133e-07
16.6176	4.46967e-09	-2.99438e-07	-2.66464e-14	-6.52796e-09	-6.42116e-05	4.75633e-07
16.6176	4.40682e-09	-2.99441e-07	-2.7565e-14	-1.46312e-08	-4.031e-05	4.8327e-07
16.6176	4.29388e-09	-2.99445e-07	-2.92165e-14	2.07427e-08	0.000110218	4.91031e-07
16.6176	4.31549e-09	-2.99448e-07	-2.88996e-14	4.78429e-10	-6.80072e-06	4.98904e-07
16.6176	4.3289e-09	-2.99451e-07	-2.87026e-14	-3.57234e-08	0.000109344	5.06915e-07
16.6176	4.48221e-09	-2.99454e-07	-2.64592e-14	3.33471e-08	-0.000152638	5.15163e-07
16.6176	4.43985e-09	-2.99458e-07	-2.7078e-14	-3.61158e-08	-9.19175e-05	5.23795e-07
16.6176	4.27538e-09	-2.99461e-07	-2.94831e-14	2.36854e-08	4.68469e-05	5.32998e-07
16.6176	4.17093e-09	-2.99464e-07	-3.10102e-14	1.28825e-08	4.79709e-05	5.43005e-07
16.6176	4.13019e-09	-2.99468e-07	-3.16053e-14	-1.0523e-09	6.5841e-05	5.5398e-07
16.6176	4.18073e-09	-2.99472e-07	-3.08652e-14	-5.64084e-09	2.35553e-05	5.65821e-07
16.6176	4.26605e-09	-2.99475e-07	-2.96162e-14	8.29759e-09	-4.41237e-05	5.78173e-07
16.6176	4.28877e-09	-2.99479e-07	-2.9283e-14	-5.41227e-08	-0.000163504	5.90523e-07
16.6176	4.06808e-09	-2.99483e-07	-3.25103e-14	-6.77323e-09	-8.88878e-06	6.02277e-07
16.6176	3.82971e-09	-2.99487e-07	-3.59964e-14	-2.05565e-08	-2.43261e-05	6.13002e-07
16.6176	3.54976e-09	-2.99491e-07	-4.00905e-14	8.17824e-08	0.00017069	6.22606e-07
16.6176	3.53333e-09	-2.99495e-07	-4.03299e-14	-7.54701e-08	0.000184543	6.31413e-07
16.6176	3.80996e-09	-2.99499e-07	-3.62824e-14	4.42144e-08	-6.1759e-05	6.40281e-07
16.6176	3.99101e-09	-2.99503e-07	-3.36329e-14	3.11798e-08	-0.000124146	6.50321e-07
16.6176	3.9716e-09	-2.99507e-07	-3.39159e-14	-2.39229e-08	-8.66943e-05	6.60149e-07
16.6176	3.8079e-09	-2.99512e-07	-3.63095e-14	2.15118e-08	0.000131773	6.67754e-07
16.6176	3.86365e-09	-2.99516e-07	-3.54929e-14	-2.50731e-09	1.2672e-05	6.73714e-07
16.6176	3.94129e-09	-2.9952e-07	-3.43561e-14	-7.25195e-09	2.48612e-05	6.79297e-07
16.6176	4.06198e-09	-2.99525e-07	-3.25896e-14	1.2226e-08	-8.16335e-05	6.84402e-07
16.6176	4.04333e-09	-2.99529e-07	-3.28614e-14	-1.11205e-08	-5.67106e-05	6.88481e-07
16.6176	3.92671e-09	-2.99533e-07	-3.45662e-14	-8.31817e-08	-0.000126948	6.92087e-07
16.6176	3.58928e-09	-2.99538e-07	-3.95012e-14	6.86184e-08	9.25833e-05	6.95338e-07
16.6176	3.4117e-09	-2.99542e-07	-4.20978e-14	2.59659e-08	9.9662e-05	6.9795e-07
16.6176	3.40772e-09	-2.99547e-07	-4.21549e-14	-5.77258e-09	5.03833e-05	7.00173e-07
16.6176	3.49206e-09	-2.99551e-07	-4.09201e-14	4.93553e-09	-6.65463e-05	7.02051e-07
16.6176	3.45965e-09	-2.99556e-07	-4.1393e-14	-2.89717e-09	5.71556e-05	7.03451e-07
16.6176	3.5278e-09	-2.9956e-07	-4.03951e-14	-3.15568e-09	1.38313e-05	7.04513e-07
16.6176	3.62041e-09	-2.99565e-07	-3.90393e-14	4.32228e-09	-2.04178e-05	7.05203e-07
16.6176	3.67707e-09	-2.9957e-07	-3.82093e-14	2.29061e-09	-2.13564e-05	7.05486e-07
16.6176	3.69607e-09	-2.99574e-07	-3.79303e-14	-1.92559e-09	1.8998e-05	7.05418e-07
16.6176	3.74857e-09	-2.99579e-07	-3.71613e-14	-2.11491e-08	-0.000126445	7.04952e-07
16.6176	3.57827e-09	-2.99583e-07	-3.96513e-14	-4.89787e-09	-9.65104e-06	7.04111e-07
16.6176	3.39124e-09	-2.99588e-07	-4.23862e-14	1.59938e-08	3.62713e-05	7.0289e-07
16.6176	3.26827e-09	-2.99592e-07	-4.4184e-14	-4.03472e-09	0.00015081	7.01245e-07
16.6176	3.40966e-09	-2.99597e-07	-4.21146e-14	9.03996e-10	-2.2707e-06	6.99211e-07
16.6176	3.54663e-09	-2.99601e-07	-4.01099e-14	1.42695e-08	-5.72217e-05	6.96777e-07
16.6176	3.5836e-09	-2.99606e-07	-3.9568e-14	-9.12361e-10	7.32136e-06	6.93957e-07
16.6176	3.63308e-09	-2.9961e-07	-3.88431e-14	1.67147e-09	-4.0771e-05	6.90792e-07
16.6176	3.61209e-09	-2.99615e-07	-3.91491e-14	-2.39536e-10	2.78175e-05	6.87258e-07
16.6176	3.63887e-09	-2.99619e-07	-3.87562e-14	-1.15739e-10	1.41699e-06	6.83389e-07
16.6176	3.66791e-09	-2.99623e-07	-3.83304e-14	-4.37876e-09	2.81421e-05	6.79163e-07
16.6176	3.74439e-09	-2.99628e-07	-3.72106e-14	-4.11895e-09	1.55531e-05	6.74607e-07
16.6176	3.84648e-09	-2.99632e-07	-3.57162e-14	4.83476e-09	-1.88404e-05	6.69749e-07
16.6176	3.91638e-09	-2.99636e-07	-3.46927e-14	4.38652e-09	-4.0782e-05	6.64565e-07
16.6176	3.91823e-09	-2.99641e-07	-3.46645e-14	-9.39792e-09	-6.24433e-05	6.59123e-07
16.6176	3.81761e-09	-2.99645e-07	-3.61354e-14	9.3268e-09	6.67744e-05	6.53404e-07
16.6176	3.82648e-09	-2.99649e-07	-3.60047e-14	-1.33105e-08	6.77185e-05	6.47417e-07
16.6176	3.94435e-09	-2.99653e-07	-3.42795e-14	-1.24528e-08	2.84909e-05	6.41194e-07
16.6176	4.10651e-09	-2.99657e-07	-3.19064e-14	2.50913e-08	-0.000118939	6.34722e-07
16.6176	4.07923e-09	-2.99661e-07	-3.23044e-14	-2.14376e-09	-1.67229e-05	6.27985e-07
16.6176	4.02614e-09	-2.99665e-07	-3.308e-14	-1.00373e-08	-3.7909e-05	6.21062e-07
16.6176	3.91512e-09	-2.99669e-07	-3.47032e-14	1.28114e-08	7.87207e-05	6.1397e-07
16.6176	3.92551e-09	-2.99673e-07	-3.45502e-14	-8.62992e-09	5.23357e-05	6.0666e-07
16.6176	4.01467e-09	-2.99677e-07	-3.3245e-14	-1.37963e-07	0.0001831	5.99168e-07
16.6176	4.37524e-09	-2.99681e-07	-2.79696e-14	1.38372e-07	-0.000184501	5.91547e-07
16.6176	4.46009e-09	-2.99685e-07	-2.67276e-14	-1.57666e-09	-0.000120715	5.8381e-07
16.6176	4.3688e-09	-2.99688e-07	-2.80621e-14	-1.44934e-10	-4.58727e-07	5.75935e-07
16.6176	4.2781e-09	-2.99692e-07	-2.9388e-14	-2.05791e-09	0.000133045	5.67929e-07
16.6176	4.37624e-09	-2.99696e-07	-2.79515e-14	-2.25719e-08	4.81769e-05	5.5981e-07
16.6176	4.53989e-09	-2.99699e-07	-2.55567e-14	-2.23815e-08	3.32958e-05	5.51638e-07
16.6176	4.74671e-09	-2.99703e-07	-2.25305e-14	4.90657e-09	-6.64087e-06	5.43415e-07
16.6176	4.94146e-09	-2.99706e-07	-1.96808e-14	1.36408e-08	-0.00026858	5.35107e-07
16.6176	4.77669e-09	-2.9971e-07	-2.20902e-14	3.6793e-08	9.78334e-05	5.2673e-07
16.6176	4.74234e-09	-2.99713e-07	-2.2592e-14	-1.57918e-08	0.000110015	5.18326e-07
16.6176	4.84994e-09	-2.99716e-07	-2.10172e-14	-5.5995e-08	8.7767e-05	5.09899e-07
16.6176	5.06672e-09	-2.9972e-07	-1.78452e-14	1.54488e-08	-1.90792e-05	5.01469e-07
16.6176	5.25619e-09	-2.99723e-07	-1.50729e-14	5.80254e-08	-0.000148316	4.93068e-07
16.6176	5.26118e-09	-2.99726e-07	-1.49991e-14	-8.58678e-09	5.46611e-05	4.84661e-07
16.6176	5.33175e-09	-2.99729e-07	-1.39661e-14	-1.05697e-08	2.88829e-05	4.76246e-07
16.6176	5.43516e-09	-2.99732e-07	-1.24526e-14	-5.23686e-09	1.12322e-05	4.67845e-07
16.6176	5.54976e-09	-2.99735e-07	-1.07756e-14	1.08562e-08	-0.000172563	4.59473e-07
16.6176	5.46587e-09	-2.99738e-07	-1.2002e-14	8.23265e-09	2.7455e-05	4.5115e-07
16.6176	5.41419e-09	-2.99741e-07	-1.27573e-14	1.0172e-09	8.78579e-05	4.42884e-07
16.6176	5.45984e-09	-2.99744e-07	-1.20889e-14	2.33729e-09	-1.33864e-05	4.34657e-07
16.6176	5.49022e-09	-2.99746e-07	-1.16438e-14	-2.93403e-07	0.000315514	4.26509e-07
16.6176	5.85327e-09	-2.99749e-07	-6.33231e-15	-8.01649e-08	4.38461e-05	4.18449e-07
16.6176	6.25484e-09	-2.99752e-07	-4.57493e-16	3.54306e-07	-0.000295383	4.10426e-07
16.6176	6.34852e-09	-2.99754e-07	9.13585e-16	1.18912e-08	-0.000153401	4.02458e-07
16.6176	6.28756e-09	-2.99757e-07	2.23722e-17	-9.09155e-08	-0.000139081	3.9457e-07
16.6176	6.09196e-09	-2.99759e-07	-2.83825e-15	9.08887e-08	0.000261563	3.86778e-07
16.6176	6.15063e-09	-2.99762e-07	-1.97949e-15	-2.9703e-07	0.000288812	3.79059e-07
16.6176	6.47903e-09	-2.99764e-07	2.82503e-15	-4.67141e-07	0.000206162	3.71415e-07
16.6176	6.99025e-09	-2.99767e-07	1.03039e-14	7.21228e-07	-0.000411575	3.63883e-07
16.6176	7.12052e-09	-2.99769e-07	1.22101e-14	-2.23844e-07	-0.000477055	3.56439e-07
16.6176	6.82743e-09	-2.99771e-07	7.9232e-15	1.06721e-07	7.2021e-05	3.49076e-07
16.6176	6.6026e-09	-2.99774e-07	4.6349e-15	-1.01553e-07	0.000589597	3.41825e-07
16.6176	6.881e-09	-2.99776e-07	8.70791e-15	9.67169e-08	-6.52075e-05	3.34651e-07
16.6176	7.09954e-09	-2.99778e-07	1.19053e-14	1.88855e-08	-1.47151e-05	3.27561e-07
16.6176	7.30152e-09	-2.9978e-07	1.48604e-14	1.36995e-07	-0.000163507	3.20597e-07
16.6176	7.36957e-09	-2.99782e-07	1.58563e-14	1.08165e-08	-0.000140936	3.13711e-07
16.6176	7.32681e-09	-2.99784e-07	1.52313e-14	-2.31909e-08	-5.58518e-05	3.069e-07
16.6176	7.24261e-09	-2.99786e-07	1.4e-14	-3.6655e-07	0.000509636	3.00199e-07
16.6176	7.53849e-09	-2.99788e-07	1.83287e-14	-1.0362e-06	0.000358575	2.93566e-07
16.6176	8.08798e-09	-2.9979e-07	2.63672e-14	-1.33203e-06	0.00029453	2.87007e-07
16.6176	8.83409e-09	-2.99792e-07	3.72819e-14	2.55671e-06	-0.000762732	2.80548e-07
16.6176	9.03449e-09	-2.99793e-07	4.02139e-14	-8.69975e-07	-0.000945949	2.74173e-07
16.6176	8.58943e-09	-2.99795e-07	3.37039e-14	2.96614e-07	9.7548e-05	2.67872e-07
16.6176	8.21922e-09	-2.99797e-07	2.82887e-14	6.69377e-07	0.000771816	2.61666e-07
16.6176	8.35656e-09	-2.99798e-07	3.02982e-14	-8.39244e-07	0.000404663	2.55524e-07
16.6176	8.74605e-09	-2.998e-07	3.59961e-14	-4.41432e-07	0.000129479	2.49445e-07
16.6176	9.20602e-09	-2.99802e-07	4.2725e-14	1.26731e-06	-0.000521911	2.4347e-07
16.6176	9.34111e-09	-2.99803e-07	4.47015e-14	-7.24358e-07	-0.000807974	2.37527e-07
16.6176	8.99909e-09	-2.99805e-07	3.96987e-14	2.55156e-07	9.52683e-05	2.31621e-07
16.6176	8.72007e-09	-2.99806e-07	3.56175e-14	5.94126e-07	0.000465351	2.25841e-07
16.6176	8.70744e-09	-2.99808e-07	3.5433e-14	-1.30414e-09	-9.51071e-06	2.20114e-07
16.6176	8.68996e-09	-2.99809e-07	3.51777e-14	-2.82369e-08	-7.88618e-05	2.14383e-07
16.6176	8.63124e-09	-2.9981e-07	3.43191e-14	-3.55568e-07	0.00050418	2.08737e-07
16.6176	8.83365e-09	-2.99812e-07	3.72804e-14	-1.27516e-06	0.000422102	2.03168e-07
16.6176	9.24206e-09	-2.99813e-07	4.32549e-14	-9.06548e-07	0.000198284	1.97596e-07
16.6176	9.73566e-09	-2.99814e-07	5.04758e-14	-1.53722e-05	0.00166524	1.92075e-07
16.6176	1.10037e-08	-2.99815e-07	6.90248e-14	-1.78131e-05	0.00110278	1.86667e-07
16.6176	1.27431e-08	-2.99817e-07	9.44699e-14	1.59467e-05	-0.000966891	1.81282e-07
16.6176	1.39997e-08	-2.99818e-07	1.12851e-13	1.41118e-05	-0.00432392	1.75875e-07
16.6176	1.33462e-08	-2.99819e-07	1.03293e-13	-4.80304e-05	-0.00312616	1.70572e-07
16.6176	1.13997e-08	-2.9982e-07	7.48196e-14	-4.02406e-05	-0.00149462	1.65403e-07
16.6176	8.90419e-09	-2.99821e-07	3.83144e-14	-9.45973e-05	-0.00255267	1.60294e-07
16.6176	5.48e-09	-2.99822e-07	-1.17752e-14	-5.93289e-05	-0.00127194	1.55208e-07
16.6176	1.68057e-09	-2.99823e-07	-6.73538e-14	1.4775e-05	0.000301041	1.50172e-07
16.6176	-1.88342e-09	-2.99824e-07	-1.19488e-13	0.000148493	0.00383621	1.45199e-07
16.6176	-3.95913e-09	-2.99825e-07	-1.49852e-13	7.69758e-05	0.00756645	1.40307e-07
16.6176	-3.35619e-09	-2.99826e-07	-1.41032e-13	-0.00020658	0.00750543	1.35632e-07
16.6176	-2.7046e-10	-2.99827e-07	-9.5893e-14	-0.000602744	0.00880436	1.31316e-07
16.6176	5.56523e-09	-2.99827e-07	-1.05271e-14	-0.000538687	0.00518823	1.27261e-07
16.6176	1.28452e-08	-2.99828e-07	9.59667e-14	-0.000505639	0.00397526	1.23312e-07
16.6176	2.11045e-08	-2.99829e-07	2.16786e-13	0.00030539	-0.00232368	1.19257e-07
16.6176	2.83969e-08	-2.9983e-07	3.23461e-13	0.000436878	-0.00377141	1.15178e-07
16.6176	3.43761e-08	-2.9983e-07	4.10926e-13	0.000493201	-0.00531774	1.11354e-07
16.6176	3.87042e-08	-2.99831e-07	4.74237e-13	0.000523267	-0.00940527	1.07764e-07
16.6176	4.04017e-08	-2.99832e-07	4.99069e-13	7.65734e-05	-0.00962827	1.04498e-07
16.6176	3.95717e-08	-2.99833e-07	4.86928e-13	-0.000426099	-0.0102158	1.01667e-07
16.6176	3.61995e-08	-2.99833e-07	4.376e-13	-0.000797378	-0.00888107	9.9262e-08
16.6176	3.07219e-08	-2.99834e-07	3.57472e-13	-2.61733e-05	-0.000231833	9.72013e-08
16.6176	2.52956e-08	-2.99834e-07	2.78095e-13	-6.59788e-05	-0.000573973	9.56121e-08
16.6176	1.9804e-08	-2.99835e-07	1.97763e-13	0.000196435	0.00175478	9.45218e-08
16.6176	1.47784e-08	-2.99836e-07	1.24247e-13	0.000327902	0.00330975	9.37299e-08
16.6176	1.05609e-08	-2.99836e-07	6.25524e-14	-0.000368835	-0.00368723	9.33764e-08
16.6176	5.48491e-09	-2.99837e-07	-1.16998e-14	0.000520516	0.0054462	9.32751e-08
16.6176	1.68639e-09	-2.99837e-07	-6.72653e-14	0.000358748	0.00522869	9.32983e-08
16.6176	-8.99526e-10	-2.99838e-07	-1.05092e-13	0.000305273	0.0102803	9.36781e-08
16.6176	-1.08608e-09	-2.99839e-07	-1.07821e-13	-6.13501e-06	0.00255059	9.45066e-08
16.6176	-6.68702e-10	-2.99839e-07	-1.01716e-13	-3.64379e-05	0.0024458	9.58876e-08
16.6176	3.47359e-10	-2.9984e-07	-8.68523e-14	-2.30995e-06	0.000108516	9.78447e-08
16.6176	1.41394e-09	-2.9984e-07	-7.125e-14	-6.77704e-05	0.00244797	1.00394e-07
16.6176	3.13429e-09	-2.99841e-07	-4.6084e-14	5.93312e-05	-0.00207284	1.03488e-07
16.6176	4.36617e-09	-2.99842e-07	-2.80637e-14	-7.83839e-06	0.000323308	1.07155e-07
16.6176	5.73304e-09	-2.99843e-07	-8.06868e-15	5.84622e-05	-0.00370139	1.11427e-07
16.6176	6.10477e-09	-2.99843e-07	-2.63082e-15	1.99191e-06	-0.000352016	1.16344e-07
16.6176	6.38905e-09	-2.99844e-07	1.52792e-15	-3.6031e-06	-0.00249015	1.22003e-07
16.6176	5.90946e-09	-2.99845e-07	-5.48748e-15	-3.04919e-06	-0.000356096	1.28502e-07
16.6176	5.28565e-09	-2.99846e-07	-1.46125e-14	-7.13075e-06	-0.000644464	1.35987e-07
16.6176	4.39846e-09	-2.99847e-07	-2.75902e-14	8.5639e-07	6.84846e-05	1.44599e-07
16.6176	3.47839e-09	-2.99848e-07	-4.1049e-14	-1.10228e-05	-0.00077267	1.54565e-07
16.6176	2.18334e-09	-2.99849e-07	-5.9993e-14	5.24786e-07	3.25616e-05	1.66191e-07
16.6176	8.00804e-10	-2.9985e-07	-8.02168e-14	-4.95229e-06	-0.000295242	1.79831e-07
16.6176	-8.38105e-10	-2.99851e-07	-1.04191e-13	-4.50996e-06	-0.0002487	1.96009e-07
16.6176	-2.75853e-09	-2.99852e-07	-1.32283e-13	3.95056e-06	0.000216901	2.15445e-07
16.6176	-4.75573e-09	-2.99854e-07	-1.61498e-13	1.907e-05	0.0013292	2.39307e-07
16.6176	-6.14752e-09	-2.99855e-07	-1.81857e-13	1.12629e-05	0.00160887	2.69425e-07
16.6176	-6.57385e-09	-2.99857e-07	-1.88093e-13	8.86758e-07	0.000602548	3.09191e-07
16.6176	-6.56809e-09	-2.99859e-07	-1.88008e-13	-1.26567e-07	-0.000232049	3.65626e-07
16.6176	-6.79274e-09	-2.99862e-07	-1.91294e-13	-1.6328e-06	-0.000613812	4.55255e-07
16.6176	-7.86515e-09	-2.99865e-07	-2.06981e-13	4.21551e-07	0.000107368	6.27955e-07
16.6176	-9.22691e-09	-2.9987e-07	-2.269e-13	1.28823e-06	0.00087256	1.0793e-06
16.6176	-8.72845e-09	-2.99879e-07	-2.19606e-13	-4.5284e-07	0.000307346	3.98557e-06
16.6176	-1.37873e-09	-2.99921e-07	-1.12082e-13	-0.399999	-0.000448362	0.00346124
16.6142	-1.57591e-09	-2.55446e-07	-1.25658e-13	0.4	1.29609e-08	0.00686662
