16.6482	-3.97163e-11	-1.26119e-06	-1.98583e-15	-1.29117e-07	-0.000227259	0.0106512
16.6482	-9.93576e-09	-1.26154e-06	-4.54966e-13	-8.04927e-06	0.00203593	9.29485e-06
16.6482	-4.63785e-09	-1.26156e-06	-2.1246e-13	-3.40414e-05	0.0023006	9.00006e-07
16.6482	1.81723e-09	-1.26158e-06	8.30139e-14	9.09307e-06	-0.000469276	5.51849e-07
16.6482	6.14295e-09	-1.26159e-06	2.81019e-13	2.43452e-05	-0.00176583	4.49464e-07
16.6482	8.12757e-09	-1.2616e-06	3.71863e-13	7.87861e-06	-0.00127322	4.1411e-07
16.6482	8.73549e-09	-1.2616e-06	3.99689e-13	5.80452e-07	-0.000241844	4.02074e-07
16.6482	9.09414e-09	-1.26161e-06	4.16106e-13	-3.36163e-07	0.000154143	4.00302e-07
16.6482	9.6088e-09	-1.26162e-06	4.39664e-13	-9.95994e-07	0.000300277	4.03601e-07
16.6482	1.04347e-08	-1.26163e-06	4.7747e-13	6.09946e-08	-1.51359e-05	4.0962e-07
16.6482	1.12593e-08	-1.26164e-06	5.15215e-13	8.27185e-07	-0.00024472	4.17181e-07
16.6482	1.18424e-08	-1.26165e-06	5.41903e-13	5.46655e-07	-0.000257216	4.25669e-07
16.6482	1.21611e-08	-1.26165e-06	5.56494e-13	1.44963e-07	-0.000123543	4.3477e-07
16.6482	1.23511e-08	-1.26166e-06	5.65189e-13	6.90068e-08	-0.000125019	4.44309e-07
16.6482	1.24049e-08	-1.26167e-06	5.6765e-13	4.18856e-09	-7.2733e-05	4.54212e-07
16.6482	1.23763e-08	-1.26168e-06	5.66344e-13	-1.24056e-08	-4.98485e-05	4.64436e-07
16.6482	1.22886e-08	-1.26169e-06	5.6233e-13	-8.07127e-08	-0.000119891	4.7497e-07
16.6482	1.2055e-08	-1.2617e-06	5.51635e-13	-2.82631e-08	-2.71544e-05	4.85817e-07
16.6482	1.17826e-08	-1.26171e-06	5.39167e-13	-3.35295e-07	-0.000206378	4.97003e-07
16.6482	1.12446e-08	-1.26172e-06	5.1454e-13	-4.48843e-07	-0.000174228	5.08524e-07
16.6482	1.047e-08	-1.26173e-06	4.79084e-13	-4.39488e-07	-0.000131557	5.20381e-07
16.6482	9.5042e-09	-1.26174e-06	4.34876e-13	-4.02405e-07	-0.000102502	5.32586e-07
16.6482	8.37759e-09	-1.26175e-06	3.83307e-13	-6.28524e-07	-0.000138777	5.45159e-07
16.6482	7.03298e-09	-1.26176e-06	3.21759e-13	-3.02791e-07	-6.0238e-05	5.58091e-07
16.6482	5.57135e-09	-1.26177e-06	2.54854e-13	-3.91118e-07	-7.29749e-05	5.71387e-07
16.6482	3.96937e-09	-1.26179e-06	1.81526e-13	1.65508e-07	3.02775e-05	5.85061e-07
16.6482	2.37376e-09	-1.2618e-06	1.08488e-13	8.33451e-07	0.000167644	5.99123e-07
16.6482	9.93817e-10	-1.26181e-06	4.53231e-14	5.33201e-07	0.000125818	6.1358e-07
16.6482	-2.2419e-10	-1.26182e-06	-1.04298e-14	2.3205e-07	6.15611e-05	6.28431e-07
16.6482	-1.37383e-09	-1.26184e-06	-6.30531e-14	6.01659e-07	0.000191865	6.43682e-07
16.6482	-2.23896e-09	-1.26185e-06	-1.02653e-13	1.1614e-07	4.56894e-05	6.59329e-07
16.6482	-3.0489e-09	-1.26186e-06	-1.39728e-13	3.57869e-07	0.000181233	6.75362e-07
16.6482	-3.56887e-09	-1.26188e-06	-1.63529e-13	2.27625e-07	0.00034374	6.9179e-07
16.6482	-3.49986e-09	-1.26189e-06	-1.6037e-13	-3.73145e-07	0.000348916	7.08602e-07
16.6482	-2.80365e-09	-1.2619e-06	-1.28501e-13	-1.52387e-06	0.000483638	7.25791e-07
16.6482	-1.20251e-09	-1.26192e-06	-5.52114e-14	-6.75317e-08	1.53539e-05	7.43359e-07
16.6482	4.66212e-10	-1.26193e-06	2.11726e-14	4.547e-07	-0.000109205	7.61295e-07
16.6482	1.9648e-09	-1.26195e-06	8.97687e-14	4.61705e-07	-0.000129434	7.79594e-07
16.6482	3.24409e-09	-1.26197e-06	1.48327e-13	5.84377e-07	-0.000216194	7.98256e-07
16.6482	4.1174e-09	-1.26198e-06	1.88302e-13	3.69756e-07	-0.000234622	8.1726e-07
16.6482	4.52645e-09	-1.262e-06	2.07025e-13	9.40716e-08	-0.000236984	8.36588e-07
16.6482	4.44371e-09	-1.26202e-06	2.03238e-13	-2.81846e-08	-7.4048e-05	8.56233e-07
16.6482	4.19871e-09	-1.26203e-06	1.92023e-13	-1.07674e-07	-0.000123224	8.76194e-07
16.6482	3.67499e-09	-1.26205e-06	1.68051e-13	-1.85488e-07	-0.000124275	8.96457e-07
16.6482	2.85753e-09	-1.26207e-06	1.30632e-13	-2.65062e-08	-1.44113e-05	9.16986e-07
16.6482	1.98803e-09	-1.26209e-06	9.08321e-14	1.82592e-07	0.000114996	9.37745e-07
16.6482	1.37156e-09	-1.26211e-06	6.26139e-14	1.39782e-07	0.000151803	9.58715e-07
16.6482	1.10923e-09	-1.26213e-06	5.06059e-14	2.78393e-08	8.40758e-05	9.79892e-07
16.6482	1.04933e-09	-1.26215e-06	4.78644e-14	-3.41928e-09	6.83758e-05	1.00125e-06
16.6482	1.16113e-09	-1.26217e-06	5.29817e-14	-2.30649e-08	6.15399e-05	1.02275e-06
16.6482	1.43432e-09	-1.26219e-06	6.54864e-14	-4.6212e-08	6.65016e-05	1.04439e-06
16.6482	1.88868e-09	-1.26221e-06	8.62845e-14	3.17878e-08	-4.2045e-05	1.06622e-06
16.6482	2.23927e-09	-1.26223e-06	1.02332e-13	4.03364e-08	-0.000101658	1.08827e-06
16.6482	2.31768e-09	-1.26225e-06	1.05921e-13	-4.47418e-09	-7.95528e-05	1.11054e-06
16.6482	2.17459e-09	-1.26228e-06	9.93715e-14	-3.00327e-09	-1.06587e-05	1.13302e-06
16.6482	1.99812e-09	-1.2623e-06	9.12941e-14	2.67552e-09	9.38946e-06	1.15578e-06
16.6482	1.84552e-09	-1.26232e-06	8.4309e-14	-4.62858e-10	-1.7414e-06	1.17884e-06
16.6482	1.68471e-09	-1.26235e-06	7.69479e-14	7.12912e-09	4.57769e-05	1.20214e-06
16.6482	1.65965e-09	-1.26237e-06	7.58008e-14	-1.51637e-09	3.42349e-05	1.22566e-06
16.6482	1.74001e-09	-1.2624e-06	7.94794e-14	1.33558e-09	-1.41206e-05	1.24955e-06
16.6482	1.77741e-09	-1.26242e-06	8.1191e-14	1.54295e-10	-2.07362e-05	1.27385e-06
16.6482	1.74885e-09	-1.26245e-06	7.98841e-14	-1.89694e-10	-3.55984e-06	1.29835e-06
16.6482	1.70809e-09	-1.26247e-06	7.80183e-14	-1.41453e-09	-1.44036e-05	1.32276e-06
16.6482	1.61851e-09	-1.2625e-06	7.39176e-14	6.1887e-10	5.09377e-06	1.34683e-06
16.6482	1.54462e-09	-1.26253e-06	7.05357e-14	8.02509e-10	3.40824e-05	1.37044e-06
16.6482	1.58724e-09	-1.26256e-06	7.24863e-14	-5.40689e-10	6.86102e-06	1.39359e-06
16.6482	1.65466e-09	-1.26259e-06	7.55723e-14	8.87385e-10	-2.28609e-05	1.41638e-06
16.6482	1.64157e-09	-1.26261e-06	7.49731e-14	-1.83634e-10	-5.65591e-06	1.4391e-06
16.6483	1.60776e-09	-1.26264e-06	7.34255e-14	2.14707e-10	1.03567e-05	1.46211e-06
16.6483	1.61156e-09	-1.26267e-06	7.35998e-14	-5.03472e-11	-5.64086e-06	1.48553e-06
16.6483	1.59432e-09	-1.2627e-06	7.28103e-14	-1.1287e-10	-3.54113e-06	1.50938e-06
16.6483	1.56332e-09	-1.26273e-06	7.13916e-14	1.60185e-10	9.68242e-06	1.53362e-06
16.6483	1.56925e-09	-1.26277e-06	7.16629e-14	3.75067e-12	-5.97422e-07	1.55821e-06
16.6483	1.57292e-09	-1.2628e-06	7.18311e-14	-2.75575e-10	9.60563e-06	1.58323e-06
16.6483	1.61498e-09	-1.26283e-06	7.37563e-14	2.57344e-10	-1.34089e-05	1.60899e-06
16.6483	1.60336e-09	-1.26286e-06	7.32242e-14	-2.78688e-10	-8.07473e-06	1.63595e-06
16.6483	1.55823e-09	-1.2629e-06	7.11585e-14	1.82872e-10	4.1154e-06	1.6647e-06
16.6483	1.52956e-09	-1.26293e-06	6.98464e-14	9.95044e-11	4.21413e-06	1.69595e-06
16.6483	1.51838e-09	-1.26296e-06	6.93346e-14	-8.02422e-12	5.78399e-06	1.73023e-06
16.6483	1.53224e-09	-1.263e-06	6.99691e-14	-4.34511e-11	2.06925e-06	1.76721e-06
16.6483	1.55565e-09	-1.26304e-06	7.10404e-14	6.40865e-11	-3.87616e-06	1.80579e-06
16.6483	1.56188e-09	-1.26307e-06	7.13255e-14	-4.17677e-10	-1.43635e-05	1.84436e-06
16.6483	1.50132e-09	-1.26311e-06	6.85538e-14	-5.21992e-11	-7.80845e-07	1.88107e-06
16.6483	1.43592e-09	-1.26315e-06	6.55598e-14	-1.58573e-10	-2.13699e-06	1.91457e-06
16.6483	1.3591e-09	-1.26319e-06	6.20437e-14	6.31284e-10	1.49948e-05	1.94457e-06
16.6483	1.35459e-09	-1.26323e-06	6.18372e-14	-5.82264e-10	1.62117e-05	1.97207e-06
16.6483	1.43048e-09	-1.26327e-06	6.53111e-14	3.41267e-10	-5.42542e-06	1.99977e-06
16.6483	1.48015e-09	-1.26331e-06	6.75847e-14	2.40648e-10	-1.09059e-05	2.03113e-06
16.6483	1.47482e-09	-1.26335e-06	6.73407e-14	-1.84574e-10	-7.61588e-06	2.06183e-06
16.6483	1.4299e-09	-1.26339e-06	6.52845e-14	1.66149e-10	1.1576e-05	2.08558e-06
16.6483	1.44519e-09	-1.26343e-06	6.59845e-14	-1.92614e-11	1.11321e-06	2.10419e-06
16.6483	1.46649e-09	-1.26348e-06	6.69593e-14	-5.58705e-11	2.184e-06	2.12163e-06
16.6483	1.4996e-09	-1.26352e-06	6.84748e-14	9.43998e-11	-7.17131e-06	2.13757e-06
16.6483	1.49448e-09	-1.26356e-06	6.82404e-14	-8.57591e-11	-4.98188e-06	2.15032e-06
16.6483	1.46248e-09	-1.26361e-06	6.67755e-14	-6.41899e-10	-1.11521e-05	2.16158e-06
16.6483	1.36989e-09	-1.26365e-06	6.25374e-14	5.29665e-10	8.13317e-06	2.17173e-06
16.6483	1.32116e-09	-1.26369e-06	6.0307e-14	2.00515e-10	8.75511e-06	2.17989e-06
16.6483	1.32006e-09	-1.26374e-06	6.02568e-14	-4.44409e-11	4.42606e-06	2.18684e-06
16.6483	1.3432e-09	-1.26378e-06	6.13157e-14	3.81458e-11	-5.84594e-06	2.1927e-06
16.6483	1.3343e-09	-1.26383e-06	6.09085e-14	-2.22472e-11	5.02099e-06	2.19707e-06
16.6483	1.35299e-09	-1.26387e-06	6.17641e-14	-2.42612e-11	1.21506e-06	2.20038e-06
16.6483	1.3784e-09	-1.26391e-06	6.2927e-14	3.34339e-11	-1.79368e-06	2.20254e-06
16.6483	1.39394e-09	-1.26396e-06	6.36384e-14	1.77541e-11	-1.8761e-06	2.20343e-06
16.6483	1.39915e-09	-1.264e-06	6.38768e-14	-1.47657e-11	1.66893e-06	2.20322e-06
16.6483	1.41354e-09	-1.26405e-06	6.45358e-14	-1.63181e-10	-1.11079e-05	2.20176e-06
16.6483	1.36681e-09	-1.26409e-06	6.23968e-14	-3.77166e-11	-8.47833e-07	2.19913e-06
16.6483	1.31549e-09	-1.26414e-06	6.00476e-14	1.2353e-10	3.18636e-06	2.19532e-06
16.6483	1.28175e-09	-1.26418e-06	5.8503e-14	-3.0986e-11	1.32483e-05	2.19018e-06
16.6483	1.32053e-09	-1.26423e-06	6.02784e-14	7.06069e-12	-1.99474e-07	2.18383e-06
16.6483	1.35811e-09	-1.26427e-06	6.19985e-14	1.10181e-10	-5.0268e-06	2.17623e-06
16.6483	1.36825e-09	-1.26431e-06	6.24625e-14	-6.95304e-12	6.43163e-07	2.16742e-06
16.6483	1.38182e-09	-1.26436e-06	6.30837e-14	1.29657e-11	-3.58164e-06	2.15753e-06
16.6483	1.37606e-09	-1.2644e-06	6.28198e-14	-1.75273e-12	2.4437e-06	2.1465e-06
16.6483	1.3834e-09	-1.26444e-06	6.3156e-14	-8.09256e-13	1.24483e-07	2.13441e-06
16.6483	1.39136e-09	-1.26449e-06	6.35205e-14	-3.36969e-11	2.47221e-06	2.12121e-06
16.6483	1.41234e-09	-1.26453e-06	6.44807e-14	-3.16975e-11	1.36629e-06	2.10699e-06
16.6483	1.44035e-09	-1.26457e-06	6.57627e-14	3.73837e-11	-1.65506e-06	2.09181e-06
16.6483	1.45952e-09	-1.26461e-06	6.66402e-14	3.39153e-11	-3.58261e-06	2.07562e-06
16.6483	1.46002e-09	-1.26466e-06	6.66633e-14	-7.24721e-11	-5.48548e-06	2.05863e-06
16.6483	1.43241e-09	-1.2647e-06	6.53994e-14	7.20849e-11	5.86596e-06	2.04077e-06
16.6483	1.43484e-09	-1.26474e-06	6.55105e-14	-1.02612e-10	5.94892e-06	2.02206e-06
16.6483	1.46717e-09	-1.26478e-06	6.69906e-14	-9.60089e-11	2.50282e-06	2.00263e-06
16.6483	1.51166e-09	-1.26482e-06	6.90269e-14	1.9366e-10	-1.04485e-05	1.98242e-06
16.6483	1.50417e-09	-1.26486e-06	6.86842e-14	-1.64746e-11	-1.46906e-06	1.96137e-06
16.6483	1.4896e-09	-1.2649e-06	6.80173e-14	-7.74009e-11	-3.33022e-06	1.93975e-06
16.6483	1.45913e-09	-1.26494e-06	6.66227e-14	9.89771e-11	6.91543e-06	1.9176e-06
16.6483	1.46198e-09	-1.26498e-06	6.6753e-14	-6.65025e-11	4.59756e-06	1.89477e-06
16.6483	1.48644e-09	-1.26501e-06	6.78725e-14	-1.06453e-09	1.60849e-05	1.87137e-06
16.6483	1.58536e-09	-1.26505e-06	7.24007e-14	1.06784e-09	-1.6208e-05	1.84757e-06
16.6483	1.60864e-09	-1.26509e-06	7.34661e-14	-1.21486e-11	-1.06046e-05	1.8234e-06
16.6483	1.58359e-09	-1.26512e-06	7.23194e-14	-1.04838e-12	-4.02849e-08	1.79881e-06
16.6483	1.5587e-09	-1.26516e-06	7.11801e-14	-1.57558e-11	1.16877e-05	1.7738e-06
16.6483	1.58562e-09	-1.2652e-06	7.24125e-14	-1.74106e-10	4.23227e-06	1.74844e-06
16.6483	1.63052e-09	-1.26523e-06	7.44676e-14	-1.72634e-10	2.92483e-06	1.72292e-06
16.6483	1.68726e-09	-1.26527e-06	7.70649e-14	3.79225e-11	-5.83301e-07	1.69724e-06
16.6483	1.74069e-09	-1.2653e-06	7.95105e-14	1.05218e-10	-2.35941e-05	1.67129e-06
16.6483	1.69548e-09	-1.26533e-06	7.7441e-14	2.84046e-10	8.59444e-06	1.64513e-06
16.6483	1.68605e-09	-1.26537e-06	7.70094e-14	-1.21757e-10	9.66451e-06	1.61888e-06
16.6483	1.71557e-09	-1.2654e-06	7.83606e-14	-4.32027e-10	7.71016e-06	1.59256e-06
16.6483	1.77504e-09	-1.26543e-06	8.1083e-14	1.19275e-10	-1.67608e-06	1.56623e-06
16.6483	1.82702e-09	-1.26546e-06	8.34623e-14	4.47789e-10	-1.30292e-05	1.53999e-06
16.6483	1.82839e-09	-1.26549e-06	8.35249e-14	-6.61832e-11	4.80183e-06	1.51373e-06
16.6483	1.84775e-09	-1.26552e-06	8.4411e-14	-8.14991e-11	2.53731e-06	1.48745e-06
16.6483	1.87612e-09	-1.26555e-06	8.57096e-14	-4.03533e-11	9.8674e-07	1.46121e-06
16.6483	1.90755e-09	-1.26558e-06	8.71486e-14	8.37621e-11	-1.51593e-05	1.43506e-06
16.6483	1.88453e-09	-1.26561e-06	8.60949e-14	6.35995e-11	2.41185e-06	1.40907e-06
16.6483	1.87035e-09	-1.26564e-06	8.54457e-14	7.94142e-12	7.7181e-06	1.38325e-06
16.6483	1.88287e-09	-1.26567e-06	8.60188e-14	1.80842e-11	-1.17595e-06	1.35756e-06
16.6483	1.89121e-09	-1.26569e-06	8.64003e-14	-2.26406e-09	2.77171e-05	1.33211e-06
16.6483	1.99081e-09	-1.26572e-06	9.09597e-14	-6.18587e-10	3.85183e-06	1.30694e-06
16.6483	2.10099e-09	-1.26575e-06	9.60029e-14	2.73418e-09	-2.59488e-05	1.28188e-06
16.6483	2.12669e-09	-1.26577e-06	9.71793e-14	9.17494e-11	-1.34759e-05	1.25699e-06
16.6483	2.10996e-09	-1.2658e-06	9.64135e-14	-7.01619e-10	-1.22179e-05	1.23235e-06
16.6483	2.05629e-09	-1.26582e-06	9.39569e-14	7.0156e-10	2.29776e-05	1.20802e-06
16.6483	2.07238e-09	-1.26585e-06	9.46935e-14	-2.29207e-09	2.53715e-05	1.18391e-06
16.6483	2.16249e-09	-1.26587e-06	9.88178e-14	-3.6049e-09	1.81109e-05	1.16003e-06
16.6483	2.30275e-09	-1.26589e-06	1.05238e-13	5.56573e-09	-3.61559e-05	1.13651e-06
16.6483	2.33849e-09	-1.26592e-06	1.06874e-13	-1.72763e-09	-4.19083e-05	1.11326e-06
16.6483	2.25807e-09	-1.26594e-06	1.03193e-13	8.23704e-10	6.32721e-06	1.09027e-06
16.6483	2.19638e-09	-1.26596e-06	1.00369e-13	-7.83438e-10	5.17946e-05	1.06762e-06
16.6483	2.27276e-09	-1.26598e-06	1.03866e-13	7.46399e-10	-5.72834e-06	1.04521e-06
16.6483	2.33272e-09	-1.266e-06	1.0661e-13	1.45799e-10	-1.29289e-06	1.02307e-06
16.6483	2.38814e-09	-1.26602e-06	1.09147e-13	1.05717e-09	-1.43635e-05	1.00132e-06
16.6483	2.40681e-09	-1.26604e-06	1.10001e-13	8.34507e-11	-1.23809e-05	9.79807e-07
16.6483	2.39507e-09	-1.26606e-06	1.09464e-13	-1.78954e-10	-4.9064e-06	9.58537e-07
16.6483	2.37197e-09	-1.26608e-06	1.08406e-13	-2.82852e-09	4.47705e-05	9.37605e-07
16.6483	2.45315e-09	-1.2661e-06	1.12122e-13	-7.99647e-09	3.15002e-05	9.16886e-07
16.6483	2.60391e-09	-1.26612e-06	1.19023e-13	-1.02797e-08	2.58745e-05	8.96395e-07
16.6483	2.80862e-09	-1.26614e-06	1.28394e-13	1.97308e-08	-6.70056e-05	8.7623e-07
16.6483	2.8636e-09	-1.26615e-06	1.3091e-13	-6.71425e-09	-8.30995e-05	8.56321e-07
16.6483	2.74149e-09	-1.26617e-06	1.25321e-13	2.2891e-09	8.56931e-06	8.36633e-07
16.6483	2.63991e-09	-1.26619e-06	1.20671e-13	5.16618e-09	6.78026e-05	8.17256e-07
16.6483	2.67759e-09	-1.2662e-06	1.22396e-13	-6.47646e-09	3.5549e-05	7.98075e-07
16.6483	2.78446e-09	-1.26622e-06	1.27288e-13	-3.40643e-09	1.13741e-05	7.79087e-07
16.6483	2.91065e-09	-1.26623e-06	1.33064e-13	9.77979e-09	-4.58482e-05	7.6042e-07
16.6483	2.94772e-09	-1.26625e-06	1.34761e-13	-5.59011e-09	-7.09782e-05	7.41864e-07
16.6483	2.85388e-09	-1.26626e-06	1.30465e-13	1.96884e-09	8.36778e-06	7.23416e-07
16.6483	2.77732e-09	-1.26628e-06	1.26961e-13	4.58535e-09	4.08806e-05	7.05361e-07
16.6483	2.77385e-09	-1.26629e-06	1.26802e-13	-1.00418e-11	-8.35496e-07	6.87481e-07
16.6483	2.76905e-09	-1.26631e-06	1.26583e-13	-2.17919e-10	-6.92786e-06	6.69578e-07
16.6483	2.75294e-09	-1.26632e-06	1.25845e-13	-2.74372e-09	4.42909e-05	6.51946e-07
16.6483	2.80848e-09	-1.26633e-06	1.28387e-13	-9.84051e-09	3.70811e-05	6.3455e-07
16.6483	2.92053e-09	-1.26635e-06	1.33516e-13	-6.99607e-09	1.74193e-05	6.17145e-07
16.6483	3.05596e-09	-1.26636e-06	1.39715e-13	-1.18648e-07	0.000146308	5.99874e-07
16.6483	3.40387e-09	-1.26637e-06	1.5564e-13	-1.37521e-07	9.6914e-05	5.82937e-07
16.6483	3.88112e-09	-1.26638e-06	1.77486e-13	1.23114e-07	-8.49735e-05	5.66117e-07
16.6483	4.22588e-09	-1.26639e-06	1.93267e-13	1.08923e-07	-0.000379875	5.49272e-07
16.6483	4.0466e-09	-1.2664e-06	1.8506e-13	-3.70825e-07	-0.00027473	5.32666e-07
16.6483	3.51253e-09	-1.26641e-06	1.60614e-13	-3.10886e-07	-0.000131441	5.16413e-07
16.6483	2.82782e-09	-1.26642e-06	1.29273e-13	-7.31524e-07	-0.000224699	5.00298e-07
16.6483	1.88831e-09	-1.26643e-06	8.62679e-14	-4.59426e-07	-0.00011212	4.84237e-07
16.6483	8.4585e-10	-1.26644e-06	3.85506e-14	1.14479e-07	2.65517e-05	4.68468e-07
16.6483	-1.32015e-10	-1.26645e-06	-6.20981e-15	1.14866e-06	0.000337767	4.53139e-07
16.6483	-7.01535e-10	-1.26646e-06	-3.22788e-14	5.9445e-07	0.000664914	4.38119e-07
16.6483	-5.36106e-10	-1.26647e-06	-2.47065e-14	-1.59687e-06	0.000660198	4.23387e-07
16.6483	3.10535e-10	-1.26648e-06	1.40473e-14	-4.68727e-06	0.000779016	4.09099e-07
16.6483	1.91169e-09	-1.26649e-06	8.7338e-14	-4.22526e-06	0.000463162	3.95341e-07
16.6483	3.90913e-09	-1.2665e-06	1.78768e-13	-3.99674e-06	0.000357651	3.82074e-07
16.6483	6.17526e-09	-1.2665e-06	2.82497e-13	2.41715e-06	-0.000209353	3.69311e-07
16.6483	8.1761e-09	-1.26651e-06	3.74083e-13	3.43975e-06	-0.000337986	3.57339e-07
16.6483	9.81662e-09	-1.26652e-06	4.49176e-13	3.85611e-06	-0.000473202	3.46279e-07
16.6483	1.10041e-08	-1.26652e-06	5.03531e-13	4.06005e-06	-0.000830255	3.35964e-07
16.6483	1.14699e-08	-1.26653e-06	5.2485e-13	5.91505e-07	-0.000846145	3.26273e-07
16.6483	1.12421e-08	-1.26654e-06	5.14427e-13	-3.30006e-06	-0.00090006	3.17164e-07
16.6483	1.03169e-08	-1.26654e-06	4.72076e-13	-6.23225e-06	-0.000789765	3.0872e-07
16.6483	8.814e-09	-1.26655e-06	4.03282e-13	-2.05678e-07	-2.07383e-05	3.01685e-07
16.6483	7.32518e-09	-1.26656e-06	3.35133e-13	-5.18805e-07	-5.13766e-05	2.96689e-07
16.6483	5.81842e-09	-1.26656e-06	2.66163e-13	1.54392e-06	0.000156999	2.934e-07
16.6483	4.43952e-09	-1.26657e-06	2.03046e-13	2.56742e-06	0.000294973	2.91315e-07
16.6483	3.28235e-09	-1.26657e-06	1.50078e-13	-2.88852e-06	-0.000328682	2.9019e-07
16.6483	1.88964e-09	-1.26658e-06	8.63287e-14	4.07249e-06	0.000484968	2.8999e-07
16.6483	8.47428e-10	-1.26659e-06	3.86228e-14	2.78864e-06	0.000462587	2.90696e-07
16.6483	1.37922e-10	-1.26659e-06	6.1462e-15	2.36126e-06	0.000904582	2.92361e-07
16.6483	8.67345e-11	-1.2666e-06	3.80317e-15	-4.73492e-08	0.000224071	2.95162e-07
16.6483	2.01252e-10	-1.2666e-06	9.04508e-15	-2.81308e-07	0.000214932	2.99443e-07
16.6483	4.80032e-10	-1.26661e-06	2.18058e-14	-1.78267e-08	9.53305e-06	3.05529e-07
16.6483	7.72671e-10	-1.26662e-06	3.52009e-14	-5.23633e-07	0.000215302	3.13435e-07
16.6483	1.24469e-09	-1.26662e-06	5.6807e-14	4.5845e-07	-0.00018232	3.23087e-07
16.6483	1.58268e-09	-1.26663e-06	7.22782e-14	-6.0547e-08	2.84284e-05	3.34577e-07
16.6483	1.95772e-09	-1.26664e-06	8.94447e-14	4.51391e-07	-0.000325295	3.47961e-07
16.6483	2.05971e-09	-1.26664e-06	9.41132e-14	1.53724e-08	-3.09248e-05	3.63371e-07
16.6483	2.1377e-09	-1.26665e-06	9.76835e-14	-2.78091e-08	-0.000218759	3.81041e-07
16.6483	2.00612e-09	-1.26666e-06	9.16602e-14	-2.35321e-08	-3.12832e-05	4.01335e-07
16.6483	1.83496e-09	-1.26667e-06	8.38257e-14	-5.50419e-08	-5.66272e-05	4.24701e-07
16.6484	1.59154e-09	-1.26668e-06	7.26835e-14	6.61055e-09	6.01762e-06	4.51587e-07
16.6484	1.33909e-09	-1.26668e-06	6.11282e-14	-8.50886e-08	-6.78958e-05	4.82703e-07
16.6484	9.83766e-10	-1.2667e-06	4.48635e-14	4.0473e-09	2.85861e-06	5.18995e-07
16.6484	6.04433e-10	-1.26671e-06	2.75001e-14	-3.82305e-08	-2.59448e-05	5.61586e-07
16.6484	1.54759e-10	-1.26672e-06	6.91689e-15	-3.4821e-08	-2.18582e-05	6.12093e-07
16.6484	-3.72157e-10	-1.26673e-06	-1.72019e-14	3.05007e-08	1.90626e-05	6.72787e-07
16.6484	-9.20137e-10	-1.26674e-06	-4.22849e-14	1.47215e-07	0.000116803	7.47346e-07
16.6484	-1.30201e-09	-1.26676e-06	-5.97646e-14	8.69269e-08	0.000141347	8.41466e-07
16.6484	-1.41898e-09	-1.26678e-06	-6.5119e-14	6.84367e-09	5.29327e-05	9.65689e-07
16.6484	-1.41741e-09	-1.2668e-06	-6.50468e-14	-9.76795e-10	-2.0385e-05	1.14196e-06
16.6484	-1.47905e-09	-1.26682e-06	-6.78683e-14	-1.2601e-08	-5.39224e-05	1.42189e-06
16.6484	-1.77329e-09	-1.26686e-06	-8.13369e-14	3.25333e-09	9.43203e-06	1.96127e-06
16.6484	-2.14693e-09	-1.2669e-06	-9.84396e-14	9.94219e-09	7.66527e-05	3.37095e-06
16.6484	-2.01018e-09	-1.26699e-06	-9.21799e-14	-3.49373e-09	2.69997e-05	1.24481e-05
16.6484	6.34188e-12	-1.26741e-06	1.23436e-16	-0.4	-3.93856e-05	0.0108067
16.6376	5.89166e-12	-8.31685e-07	3.28887e-17	0.4	-8.48749e-10	0.021439
