16.6444	-4.65948e-11	-1.07482e-06	-2.26923e-15	-2.18501e-07	-0.000295635	0.00941655
16.6444	-1.14271e-08	-1.07509e-06	-4.62684e-13	-1.3621e-05	0.00264842	8.21691e-06
16.6444	-5.33448e-09	-1.07511e-06	-2.16198e-13	-5.75922e-05	0.00299208	7.95683e-07
16.6444	2.08891e-09	-1.07512e-06	8.41256e-14	1.53817e-05	-0.000610222	4.87913e-07
16.6444	7.06351e-09	-1.07513e-06	2.8538e-13	4.119e-05	-0.00229666	3.97368e-07
16.6444	9.34584e-09	-1.07514e-06	3.77715e-13	1.33321e-05	-0.00165623	3.6609e-07
16.6444	1.0045e-08	-1.07514e-06	4.05999e-13	9.82283e-07	-0.000314608	3.55445e-07
16.6444	1.04574e-08	-1.07515e-06	4.22685e-13	-5.68878e-07	0.00020052	3.53878e-07
16.6444	1.10493e-08	-1.07516e-06	4.46629e-13	-1.68548e-06	0.000390619	3.56795e-07
16.6444	1.19991e-08	-1.07516e-06	4.85056e-13	1.03227e-07	-1.96914e-05	3.62117e-07
16.6444	1.29474e-08	-1.07517e-06	5.23421e-13	1.3998e-06	-0.000318344	3.688e-07
16.6444	1.36179e-08	-1.07518e-06	5.50547e-13	9.25091e-07	-0.000334605	3.76303e-07
16.6444	1.39845e-08	-1.07518e-06	5.65377e-13	2.45315e-07	-0.000160713	3.84348e-07
16.6444	1.42029e-08	-1.07519e-06	5.74215e-13	1.16779e-07	-0.000162635	3.9278e-07
16.6444	1.42647e-08	-1.0752e-06	5.76716e-13	7.08819e-09	-9.46165e-05	4.01535e-07
16.6444	1.42319e-08	-1.0752e-06	5.75389e-13	-2.09937e-08	-6.48468e-05	4.10573e-07
16.6444	1.41311e-08	-1.07521e-06	5.71309e-13	-1.36588e-07	-0.000155963	4.19886e-07
16.6444	1.38624e-08	-1.07522e-06	5.60438e-13	-4.78294e-08	-3.53248e-05	4.29475e-07
16.6444	1.35491e-08	-1.07523e-06	5.47766e-13	-5.6741e-07	-0.000268471	4.39363e-07
16.6444	1.29304e-08	-1.07523e-06	5.22735e-13	-7.5956e-07	-0.000226647	4.49549e-07
16.6444	1.20397e-08	-1.07524e-06	4.86697e-13	-7.43727e-07	-0.000171138	4.60032e-07
16.6444	1.0929e-08	-1.07525e-06	4.41763e-13	-6.80968e-07	-0.00013334	4.70822e-07
16.6444	9.63337e-09	-1.07526e-06	3.89347e-13	-1.06363e-06	-0.00018053	4.81938e-07
16.6444	8.08705e-09	-1.07527e-06	3.26789e-13	-5.12376e-07	-7.83574e-05	4.9337e-07
16.6444	6.40617e-09	-1.07528e-06	2.58786e-13	-6.61864e-07	-9.49288e-05	5.05126e-07
16.6444	4.56388e-09	-1.07529e-06	1.84254e-13	2.80068e-07	3.93847e-05	5.17214e-07
16.6444	2.72892e-09	-1.0753e-06	1.10018e-13	1.4104e-06	0.00021808	5.29645e-07
16.6444	1.14198e-09	-1.07531e-06	4.58162e-14	9.02301e-07	0.000163669	5.42424e-07
16.6444	-2.5874e-10	-1.07531e-06	-1.08517e-14	3.9269e-07	8.0083e-05	5.55552e-07
16.6444	-1.58083e-09	-1.07532e-06	-6.43387e-14	1.01816e-06	0.00024959	5.69033e-07
16.6444	-2.57574e-09	-1.07534e-06	-1.04589e-13	1.96541e-07	5.94362e-05	5.82865e-07
16.6444	-3.50717e-09	-1.07535e-06	-1.42272e-13	6.05611e-07	0.00023576	5.97038e-07
16.6444	-4.10515e-09	-1.07536e-06	-1.66463e-13	3.85203e-07	0.000447163	6.1156e-07
16.6444	-4.02578e-09	-1.07537e-06	-1.63253e-13	-6.31463e-07	0.000453895	6.26423e-07
16.6444	-3.22513e-09	-1.07538e-06	-1.30861e-13	-2.57878e-06	0.000629146	6.4162e-07
16.6444	-1.38382e-09	-1.07539e-06	-5.63683e-14	-1.1428e-07	1.99731e-05	6.57152e-07
16.6444	5.35227e-10	-1.0754e-06	2.12694e-14	7.69465e-07	-0.00014206	6.73008e-07
16.6444	2.25861e-09	-1.07541e-06	9.09913e-14	7.81319e-07	-0.000168375	6.89184e-07
16.6444	3.72981e-09	-1.07543e-06	1.50511e-13	9.88919e-07	-0.00028124	7.05681e-07
16.6445	4.73412e-09	-1.07544e-06	1.91141e-13	6.25729e-07	-0.000305213	7.22479e-07
16.6445	5.20452e-09	-1.07545e-06	2.10172e-13	1.59195e-07	-0.000308286	7.39565e-07
16.6445	5.10938e-09	-1.07547e-06	2.06323e-13	-4.7696e-08	-9.63271e-05	7.56932e-07
16.6445	4.82762e-09	-1.07548e-06	1.94924e-13	-1.82215e-07	-0.0001603	7.74578e-07
16.6445	4.22534e-09	-1.07549e-06	1.70558e-13	-3.13897e-07	-0.000161666	7.92492e-07
16.6445	3.28525e-09	-1.07551e-06	1.32526e-13	-4.48555e-08	-1.87471e-05	8.1064e-07
16.6445	2.28533e-09	-1.07552e-06	9.20722e-14	3.08995e-07	0.000149594	8.28991e-07
16.6445	1.57638e-09	-1.07554e-06	6.33909e-14	2.3655e-07	0.000197476	8.47529e-07
16.6445	1.2747e-09	-1.07555e-06	5.11858e-14	4.71117e-08	0.000109372	8.66249e-07
16.6445	1.20582e-09	-1.07557e-06	4.83993e-14	-5.78639e-09	8.89484e-05	8.8513e-07
16.6445	1.33439e-09	-1.07558e-06	5.36006e-14	-3.90323e-08	8.00558e-05	9.04133e-07
16.6445	1.64855e-09	-1.0756e-06	6.63106e-14	-7.82035e-08	8.65103e-05	9.23264e-07
16.6445	2.17108e-09	-1.07562e-06	8.745e-14	5.37937e-08	-5.46952e-05	9.42568e-07
16.6445	2.57426e-09	-1.07563e-06	1.03761e-13	6.82604e-08	-0.000132245	9.62063e-07
16.6445	2.66442e-09	-1.07565e-06	1.07409e-13	-7.57159e-09	-0.000103488	9.81743e-07
16.6445	2.49987e-09	-1.07567e-06	1.00752e-13	-5.08241e-09	-1.38657e-05	1.00162e-06
16.6445	2.29694e-09	-1.07569e-06	9.25418e-14	4.52769e-09	1.22145e-05	1.02174e-06
16.6445	2.12145e-09	-1.07571e-06	8.54421e-14	-7.83316e-10	-2.26532e-06	1.04212e-06
16.6445	1.93651e-09	-1.07572e-06	7.79602e-14	1.20644e-08	5.95501e-05	1.06272e-06
16.6445	1.90769e-09	-1.07574e-06	7.67942e-14	-2.56616e-09	4.45354e-05	1.08352e-06
16.6445	2.00011e-09	-1.07576e-06	8.05332e-14	2.26013e-09	-1.83691e-05	1.10464e-06
16.6445	2.04311e-09	-1.07578e-06	8.22729e-14	2.6107e-10	-2.69752e-05	1.12611e-06
16.6445	2.01027e-09	-1.0758e-06	8.09445e-14	-3.21056e-10	-4.63091e-06	1.14777e-06
16.6445	1.9634e-09	-1.07582e-06	7.90481e-14	-2.39382e-09	-1.87373e-05	1.16935e-06
16.6445	1.86037e-09	-1.07584e-06	7.48802e-14	1.04725e-09	6.62636e-06	1.19063e-06
16.6445	1.77541e-09	-1.07587e-06	7.14428e-14	1.35802e-09	4.43369e-05	1.21151e-06
16.6445	1.82441e-09	-1.07589e-06	7.34254e-14	-9.15042e-10	8.92535e-06	1.23197e-06
16.6445	1.90195e-09	-1.07591e-06	7.6562e-14	1.50166e-09	-2.97392e-05	1.25211e-06
16.6445	1.88689e-09	-1.07593e-06	7.5953e-14	-3.10805e-10	-7.35763e-06	1.2722e-06
16.6445	1.84801e-09	-1.07596e-06	7.438e-14	3.63297e-10	1.34728e-05	1.29254e-06
16.6445	1.85239e-09	-1.07598e-06	7.45571e-14	-8.52487e-11	-7.33805e-06	1.31324e-06
16.6445	1.83255e-09	-1.076e-06	7.37547e-14	-1.91055e-10	-4.60657e-06	1.33433e-06
16.6445	1.79691e-09	-1.07603e-06	7.23127e-14	2.71027e-10	1.25956e-05	1.35576e-06
16.6445	1.80373e-09	-1.07605e-06	7.25885e-14	6.29739e-12	-7.77171e-07	1.3775e-06
16.6445	1.80795e-09	-1.07608e-06	7.27595e-14	-4.664e-10	1.24957e-05	1.39962e-06
16.6445	1.85632e-09	-1.0761e-06	7.47163e-14	4.35446e-10	-1.74433e-05	1.42239e-06
16.6445	1.84295e-09	-1.07613e-06	7.41754e-14	-4.71669e-10	-1.05042e-05	1.44622e-06
16.6445	1.79105e-09	-1.07615e-06	7.20758e-14	3.09416e-10	5.35361e-06	1.47164e-06
16.6445	1.75809e-09	-1.07618e-06	7.07422e-14	1.68335e-10	5.48206e-06	1.49926e-06
16.6445	1.74523e-09	-1.07621e-06	7.0222e-14	-1.36348e-11	7.52425e-06	1.52956e-06
16.6445	1.76117e-09	-1.07623e-06	7.08669e-14	-7.35881e-11	2.69185e-06	1.56226e-06
16.6445	1.78809e-09	-1.07626e-06	7.19559e-14	1.08394e-10	-5.0424e-06	1.59636e-06
16.6445	1.79525e-09	-1.07629e-06	7.22456e-14	-7.06885e-10	-1.86851e-05	1.63046e-06
16.6445	1.72561e-09	-1.07632e-06	6.94284e-14	-8.8394e-11	-1.01576e-06	1.66291e-06
16.6445	1.65039e-09	-1.07635e-06	6.63852e-14	-2.68412e-10	-2.77997e-06	1.69253e-06
16.6445	1.56206e-09	-1.07638e-06	6.28115e-14	1.06825e-09	1.95063e-05	1.71905e-06
16.6445	1.55687e-09	-1.07641e-06	6.26016e-14	-9.85416e-10	2.10894e-05	1.74336e-06
16.6445	1.64414e-09	-1.07644e-06	6.61325e-14	5.77454e-10	-7.0578e-06	1.76785e-06
16.6445	1.70127e-09	-1.07647e-06	6.84435e-14	4.07179e-10	-1.41873e-05	1.79557e-06
16.6445	1.69514e-09	-1.07651e-06	6.81954e-14	-3.12416e-10	-9.90731e-06	1.82271e-06
16.6445	1.64348e-09	-1.07654e-06	6.61055e-14	2.81104e-10	1.50589e-05	1.8437e-06
16.6445	1.66106e-09	-1.07657e-06	6.6817e-14	-3.26625e-11	1.44814e-06	1.86016e-06
16.6445	1.68555e-09	-1.07661e-06	6.78078e-14	-9.46164e-11	2.84111e-06	1.87557e-06
16.6445	1.72363e-09	-1.07664e-06	6.93482e-14	1.59683e-10	-9.32899e-06	1.88967e-06
16.6445	1.71774e-09	-1.07667e-06	6.91099e-14	-1.45197e-10	-6.48081e-06	1.90093e-06
16.6445	1.68094e-09	-1.07671e-06	6.7621e-14	-1.08634e-09	-1.45075e-05	1.91089e-06
16.6445	1.57446e-09	-1.07674e-06	6.33134e-14	8.96271e-10	1.05803e-05	1.91986e-06
16.6445	1.51842e-09	-1.07678e-06	6.10463e-14	3.39257e-10	1.13893e-05	1.92708e-06
16.6445	1.51716e-09	-1.07681e-06	6.09953e-14	-7.52758e-11	5.75776e-06	1.93322e-06
16.6445	1.54377e-09	-1.07684e-06	6.20716e-14	6.44838e-11	-7.60484e-06	1.9384e-06
16.6445	1.53354e-09	-1.07688e-06	6.16578e-14	-3.77185e-11	6.53168e-06	1.94226e-06
16.6445	1.55503e-09	-1.07691e-06	6.25274e-14	-4.11266e-11	1.58064e-06	1.94519e-06
16.6445	1.58425e-09	-1.07695e-06	6.37094e-14	5.65095e-11	-2.33335e-06	1.9471e-06
16.6445	1.60212e-09	-1.07698e-06	6.44324e-14	2.99749e-11	-2.44057e-06	1.94789e-06
16.6445	1.60811e-09	-1.07702e-06	6.46747e-14	-2.50577e-11	2.17107e-06	1.9477e-06
16.6445	1.62467e-09	-1.07705e-06	6.53446e-14	-2.76216e-10	-1.445e-05	1.94641e-06
16.6445	1.57093e-09	-1.07709e-06	6.31705e-14	-6.38971e-11	-1.10293e-06	1.94409e-06
16.6445	1.51191e-09	-1.07712e-06	6.07828e-14	2.08978e-10	4.14507e-06	1.94071e-06
16.6445	1.4731e-09	-1.07716e-06	5.92128e-14	-5.25068e-11	1.72344e-05	1.93617e-06
16.6445	1.5177e-09	-1.07719e-06	6.10174e-14	1.18796e-11	-2.59495e-07	1.93056e-06
16.6445	1.56092e-09	-1.07723e-06	6.27656e-14	1.86388e-10	-6.53924e-06	1.92384e-06
16.6445	1.57258e-09	-1.07726e-06	6.32373e-14	-1.1835e-11	8.36674e-07	1.91606e-06
16.6445	1.58818e-09	-1.07729e-06	6.38688e-14	2.18734e-11	-4.65927e-06	1.90731e-06
16.6445	1.58155e-09	-1.07733e-06	6.36005e-14	-3.03407e-12	3.17895e-06	1.89756e-06
16.6445	1.59e-09	-1.07736e-06	6.39422e-14	-1.43706e-12	1.61937e-07	1.88687e-06
16.6445	1.59916e-09	-1.0774e-06	6.43127e-14	-5.70916e-11	3.21604e-06	1.8752e-06
16.6445	1.62328e-09	-1.07743e-06	6.52887e-14	-5.37077e-11	1.77737e-06	1.86263e-06
16.6445	1.65549e-09	-1.07746e-06	6.65917e-14	6.31976e-11	-2.15302e-06	1.84921e-06
16.6445	1.67754e-09	-1.07749e-06	6.74837e-14	5.73285e-11	-4.66054e-06	1.8349e-06
16.6445	1.67812e-09	-1.07753e-06	6.75071e-14	-1.22708e-10	-7.13594e-06	1.81988e-06
16.6445	1.64636e-09	-1.07756e-06	6.62225e-14	1.21923e-10	7.63089e-06	1.80409e-06
16.6445	1.64915e-09	-1.07759e-06	6.63354e-14	-1.73712e-10	7.7388e-06	1.78755e-06
16.6445	1.68634e-09	-1.07762e-06	6.78398e-14	-1.62537e-10	3.25587e-06	1.77037e-06
16.6445	1.7375e-09	-1.07765e-06	6.99096e-14	3.27664e-10	-1.35922e-05	1.7525e-06
16.6445	1.72889e-09	-1.07769e-06	6.95612e-14	-2.79415e-11	-1.91107e-06	1.7339e-06
16.6445	1.71213e-09	-1.07772e-06	6.88833e-14	-1.31045e-10	-4.33221e-06	1.71479e-06
16.6445	1.67709e-09	-1.07775e-06	6.74659e-14	1.67436e-10	8.99612e-06	1.6952e-06
16.6445	1.68037e-09	-1.07778e-06	6.75984e-14	-1.12601e-10	5.98086e-06	1.67502e-06
16.6445	1.7085e-09	-1.07781e-06	6.87363e-14	-1.80154e-09	2.09244e-05	1.65434e-06
16.6445	1.82226e-09	-1.07784e-06	7.33388e-14	1.80702e-09	-2.10846e-05	1.63329e-06
16.6445	1.84903e-09	-1.07786e-06	7.44217e-14	-2.06158e-11	-1.37952e-05	1.61193e-06
16.6445	1.82022e-09	-1.07789e-06	7.32561e-14	-1.83095e-12	-5.241e-08	1.59019e-06
16.6445	1.79159e-09	-1.07792e-06	7.20981e-14	-2.67194e-11	1.52042e-05	1.56808e-06
16.6445	1.82256e-09	-1.07795e-06	7.33507e-14	-2.9469e-10	5.50565e-06	1.54566e-06
16.6445	1.87419e-09	-1.07798e-06	7.54396e-14	-2.922e-10	3.80485e-06	1.5231e-06
16.6445	1.93944e-09	-1.078e-06	7.80795e-14	6.41229e-11	-7.58812e-07	1.5004e-06
16.6445	2.00088e-09	-1.07803e-06	8.05653e-14	1.78005e-10	-3.06931e-05	1.47746e-06
16.6445	1.94889e-09	-1.07806e-06	7.84618e-14	4.80634e-10	1.11803e-05	1.45433e-06
16.6445	1.93805e-09	-1.07808e-06	7.80231e-14	-2.06098e-10	1.25723e-05	1.43113e-06
16.6445	1.97199e-09	-1.07811e-06	7.93965e-14	-7.31161e-10	1.003e-05	1.40786e-06
16.6445	2.04039e-09	-1.07813e-06	8.21636e-14	2.01798e-10	-2.18038e-06	1.38459e-06
16.6445	2.10017e-09	-1.07816e-06	8.4582e-14	7.57736e-10	-1.69494e-05	1.36139e-06
16.6445	2.10174e-09	-1.07818e-06	8.46456e-14	-1.12048e-10	6.24659e-06	1.33818e-06
16.6445	2.124e-09	-1.0782e-06	8.55462e-14	-1.37966e-10	3.30072e-06	1.31495e-06
16.6445	2.15663e-09	-1.07823e-06	8.68661e-14	-6.83357e-11	1.28364e-06	1.29175e-06
16.6445	2.19278e-09	-1.07825e-06	8.83288e-14	1.41704e-10	-1.97204e-05	1.26863e-06
16.6445	2.16631e-09	-1.07827e-06	8.72578e-14	1.07584e-10	3.13752e-06	1.24565e-06
16.6445	2.15e-09	-1.07829e-06	8.65979e-14	1.33953e-11	1.00403e-05	1.22283e-06
16.6445	2.1644e-09	-1.07832e-06	8.71805e-14	3.05609e-11	-1.52977e-06	1.20011e-06
16.6445	2.17398e-09	-1.07834e-06	8.75682e-14	-3.83146e-09	3.60565e-05	1.17762e-06
16.6445	2.28853e-09	-1.07836e-06	9.22025e-14	-1.04687e-09	5.01078e-06	1.15536e-06
16.6445	2.41523e-09	-1.07838e-06	9.73284e-14	4.62696e-09	-3.37561e-05	1.13321e-06
16.6445	2.44479e-09	-1.0784e-06	9.85242e-14	1.55226e-10	-1.75305e-05	1.11121e-06
16.6445	2.42555e-09	-1.07842e-06	9.77458e-14	-1.18738e-09	-1.58939e-05	1.08943e-06
16.6445	2.36383e-09	-1.07844e-06	9.52488e-14	1.1872e-09	2.9891e-05	1.06792e-06
16.6445	2.38234e-09	-1.07846e-06	9.59976e-14	-3.87886e-09	3.30051e-05	1.0466e-06
16.6445	2.48596e-09	-1.07848e-06	1.0019e-13	-6.10052e-09	2.356e-05	1.0255e-06
16.6445	2.64726e-09	-1.07849e-06	1.06715e-13	9.41873e-09	-4.70344e-05	1.0047e-06
16.6445	2.68836e-09	-1.07851e-06	1.08378e-13	-2.92366e-09	-5.45175e-05	9.84145e-07
16.6445	2.59588e-09	-1.07853e-06	1.04637e-13	1.3939e-09	8.23091e-06	9.63821e-07
16.6445	2.52493e-09	-1.07855e-06	1.01767e-13	-1.32583e-09	6.73783e-05	9.43803e-07
16.6445	2.61278e-09	-1.07856e-06	1.0532e-13	1.26308e-09	-7.45186e-06	9.2399e-07
16.6445	2.68173e-09	-1.07858e-06	1.0811e-13	2.46697e-10	-1.68186e-06	9.04416e-07
16.6445	2.74546e-09	-1.07859e-06	1.10688e-13	1.78899e-09	-1.86851e-05	8.85189e-07
16.6445	2.76692e-09	-1.07861e-06	1.11557e-13	1.41192e-10	-1.61061e-05	8.66173e-07
16.6445	2.75343e-09	-1.07863e-06	1.11011e-13	-3.02869e-10	-6.38261e-06	8.4737e-07
16.6445	2.72686e-09	-1.07864e-06	1.09936e-13	-4.78667e-09	5.82408e-05	8.28866e-07
16.6445	2.82022e-09	-1.07865e-06	1.13713e-13	-1.35323e-08	4.09779e-05	8.10549e-07
16.6445	2.9936e-09	-1.07867e-06	1.20727e-13	-1.73962e-08	3.36596e-05	7.92434e-07
16.6445	3.22901e-09	-1.07868e-06	1.30251e-13	3.33901e-08	-8.71661e-05	7.74608e-07
16.6445	3.29224e-09	-1.0787e-06	1.32809e-13	-1.13624e-08	-0.000108102	7.57009e-07
16.6445	3.15181e-09	-1.07871e-06	1.27128e-13	3.87373e-09	1.11475e-05	7.39604e-07
16.6445	3.035e-09	-1.07872e-06	1.22402e-13	8.74259e-09	8.82028e-05	7.22474e-07
16.6445	3.07833e-09	-1.07874e-06	1.24155e-13	-1.096e-08	4.62448e-05	7.05518e-07
16.6445	3.20122e-09	-1.07875e-06	1.29127e-13	-5.76467e-09	1.47964e-05	6.88732e-07
16.6445	3.34635e-09	-1.07876e-06	1.34998e-13	1.65501e-08	-5.96428e-05	6.72229e-07
16.6445	3.38898e-09	-1.07877e-06	1.36723e-13	-9.46003e-09	-9.23338e-05	6.55826e-07
16.6445	3.28106e-09	-1.07878e-06	1.32356e-13	3.33179e-09	1.08854e-05	6.39518e-07
16.6445	3.19302e-09	-1.0788e-06	1.28795e-13	7.75966e-09	5.31806e-05	6.23556e-07
16.6445	3.18903e-09	-1.07881e-06	1.28633e-13	-1.7015e-11	-1.08687e-06	6.07749e-07
16.6445	3.18351e-09	-1.07882e-06	1.2841e-13	-3.68802e-10	-9.0123e-06	5.91923e-07
16.6445	3.16498e-09	-1.07883e-06	1.2766e-13	-4.64316e-09	5.7617e-05	5.76336e-07
16.6445	3.22885e-09	-1.07884e-06	1.30244e-13	-1.66529e-08	4.82379e-05	5.60958e-07
16.6445	3.35771e-09	-1.07885e-06	1.35458e-13	-1.18394e-08	2.26604e-05	5.45571e-07
16.6445	3.51346e-09	-1.07886e-06	1.41758e-13	-2.00785e-07	0.000190328	5.30304e-07
16.6445	3.91355e-09	-1.07887e-06	1.57945e-13	-2.32724e-07	0.000126073	5.15331e-07
16.6445	4.4624e-09	-1.07888e-06	1.80149e-13	2.08344e-07	-0.00011054	5.00461e-07
16.6445	4.85887e-09	-1.07888e-06	1.96189e-13	1.84327e-07	-0.00049417	4.8557e-07
16.6445	4.6527e-09	-1.07889e-06	1.87848e-13	-6.27539e-07	-0.000357389	4.7089e-07
16.6445	4.03852e-09	-1.0789e-06	1.63e-13	-5.26102e-07	-0.000170987	4.56523e-07
16.6445	3.25109e-09	-1.07891e-06	1.31144e-13	-1.23793e-06	-0.000292303	4.42278e-07
16.6445	2.17065e-09	-1.07892e-06	8.74337e-14	-7.77464e-07	-0.000145851	4.28079e-07
16.6445	9.71816e-10	-1.07892e-06	3.89333e-14	1.93729e-07	3.45401e-05	4.1414e-07
16.6445	-1.52735e-10	-1.07893e-06	-6.56178e-15	1.94384e-06	0.000439389	4.00588e-07
16.6445	-8.07687e-10	-1.07894e-06	-3.30587e-14	1.00597e-06	0.000864969	3.87308e-07
16.6445	-6.17442e-10	-1.07895e-06	-2.53621e-14	-2.70232e-06	0.000858831	3.74285e-07
16.6445	3.562e-10	-1.07895e-06	1.40278e-14	-7.9318e-06	0.00101336	3.61658e-07
16.6445	2.19754e-09	-1.07896e-06	8.85214e-14	-7.14984e-06	0.000602477	3.49501e-07
16.6445	4.49461e-09	-1.07896e-06	1.81452e-13	-6.76252e-06	0.000465185	3.37777e-07
16.6445	7.10067e-09	-1.07897e-06	2.86883e-13	4.08978e-06	-0.000272296	3.26495e-07
16.6445	9.40165e-09	-1.07898e-06	3.79972e-13	5.82046e-06	-0.000439636	3.15908e-07
16.6445	1.12883e-08	-1.07898e-06	4.56298e-13	6.52511e-06	-0.00061553	3.06126e-07
16.6445	1.26539e-08	-1.07899e-06	5.11546e-13	6.87057e-06	-0.00108004	2.97004e-07
16.6445	1.31895e-08	-1.07899e-06	5.33215e-13	1.00098e-06	-0.00110073	2.88434e-07
16.6446	1.29276e-08	-1.079e-06	5.2262e-13	-5.58449e-06	-0.00117085	2.80383e-07
16.6446	1.18636e-08	-1.079e-06	4.79574e-13	-1.0546e-05	-0.00102732	2.72923e-07
16.6446	1.01352e-08	-1.07901e-06	4.09651e-13	-3.47992e-07	-2.69724e-05	2.66706e-07
16.6446	8.42308e-09	-1.07901e-06	3.40383e-13	-8.77868e-07	-6.68274e-05	2.62289e-07
16.6446	6.6903e-09	-1.07902e-06	2.70282e-13	2.61249e-06	0.000204216	2.59381e-07
16.6446	5.10456e-09	-1.07902e-06	2.06128e-13	4.34442e-06	0.000383691	2.57537e-07
16.6446	3.77381e-09	-1.07903e-06	1.52291e-13	-4.88777e-06	-0.000427539	2.56542e-07
16.6446	2.17218e-09	-1.07903e-06	8.74956e-14	6.89127e-06	0.000630836	2.56364e-07
16.6446	9.7363e-10	-1.07903e-06	3.90067e-14	4.71899e-06	0.000601747	2.56985e-07
16.6446	1.57694e-10	-1.07904e-06	5.99705e-15	3.99587e-06	0.00117674	2.58456e-07
16.6446	9.88286e-11	-1.07904e-06	3.61556e-15	-8.01282e-08	0.000291489	2.60931e-07
16.6446	2.30525e-10	-1.07905e-06	8.9435e-15	-4.76049e-07	0.000279599	2.64715e-07
16.6446	5.51123e-10	-1.07905e-06	2.19137e-14	-3.01677e-08	1.24013e-05	2.70096e-07
16.6446	8.87659e-10	-1.07906e-06	3.55287e-14	-8.86133e-07	0.000280082	2.77085e-07
16.6446	1.43048e-09	-1.07906e-06	5.74893e-14	7.75825e-07	-0.000237175	2.85618e-07
16.6446	1.81918e-09	-1.07907e-06	7.32145e-14	-1.02464e-07	3.69823e-05	2.95775e-07
16.6446	2.25047e-09	-1.07907e-06	9.06627e-14	7.63878e-07	-0.000423167	3.07606e-07
16.6446	2.36776e-09	-1.07908e-06	9.54079e-14	2.60146e-08	-4.02297e-05	3.21229e-07
16.6446	2.45746e-09	-1.07908e-06	9.90367e-14	-4.70609e-08	-0.000284578	3.36849e-07
16.6446	2.30613e-09	-1.07909e-06	9.29146e-14	-3.98227e-08	-4.06954e-05	3.5479e-07
16.6446	2.1093e-09	-1.0791e-06	8.49515e-14	-9.31461e-08	-7.3665e-05	3.75446e-07
16.6446	1.82936e-09	-1.0791e-06	7.36264e-14	1.11864e-08	7.82786e-06	3.99214e-07
16.6446	1.53905e-09	-1.07911e-06	6.18815e-14	-1.43993e-07	-8.83235e-05	4.26721e-07
16.6446	1.13042e-09	-1.07912e-06	4.53499e-14	6.84854e-09	3.71838e-06	4.58804e-07
16.6446	6.94185e-10	-1.07913e-06	2.77014e-14	-6.46955e-08	-3.37503e-05	4.96456e-07
16.6446	1.77057e-10	-1.07914e-06	6.78041e-15	-5.89268e-08	-2.84348e-05	5.41106e-07
16.6446	-4.289e-10	-1.07915e-06	-1.77343e-14	5.16141e-08	2.47973e-05	5.9476e-07
16.6446	-1.05908e-09	-1.07916e-06	-4.3229e-14	2.49128e-07	0.000151946	6.60672e-07
16.6446	-1.49824e-09	-1.07917e-06	-6.09955e-14	1.47105e-07	0.000183875	7.43877e-07
16.6446	-1.63276e-09	-1.07919e-06	-6.64378e-14	1.15813e-08	6.88588e-05	8.53693e-07
16.6446	-1.63094e-09	-1.0792e-06	-6.63643e-14	-1.65305e-09	-2.65183e-05	1.00952e-06
16.6446	-1.70183e-09	-1.07922e-06	-6.92322e-14	-2.13244e-08	-7.01463e-05	1.25698e-06
16.6446	-2.04021e-09	-1.07925e-06	-8.29219e-14	5.50548e-09	1.22699e-05	1.73381e-06
16.6446	-2.4699e-09	-1.07928e-06	-1.00305e-13	1.68248e-08	9.97157e-05	2.98e-06
16.6446	-2.31263e-09	-1.07935e-06	-9.39428e-14	-5.91301e-09	3.51232e-05	1.10044e-05
16.6446	6.3771e-12	-1.07968e-06	-1.24451e-16	-0.4	-5.12358e-05	0.00955402
16.635	5.53375e-12	-7.39337e-07	-2.80422e-16	0.4	-1.0904e-09	0.0189538
