16.6065	-2.93924e-08	-1.61069e-07	-1.26541e-12	-0.000145402	-0.00762516	0.00205689
16.6065	-9.35328e-08	-1.61082e-07	-1.83062e-12	-0.00848345	0.0657376	1.80057e-06
16.6065	-5.91935e-08	-1.61083e-07	-1.52799e-12	-0.0267576	0.055476	1.9185e-07
16.6065	-1.73539e-08	-1.61083e-07	-1.15925e-12	0.00603535	-0.00928642	1.27431e-07
16.6065	1.06839e-08	-1.61084e-07	-9.12147e-13	0.0201292	-0.0442714	9.66195e-08
16.6065	2.35476e-08	-1.61084e-07	-7.98777e-13	0.00821166	-0.0399545	8.21108e-08
16.6065	2.74879e-08	-1.61084e-07	-7.64049e-13	0.000647737	-0.00804082	7.78847e-08
16.6065	2.98126e-08	-1.61085e-07	-7.4356e-13	-0.000375954	0.00513485	7.74867e-08
16.6065	3.31485e-08	-1.61085e-07	-7.14159e-13	-0.0011012	0.0098937	7.8417e-08
16.6065	3.85019e-08	-1.61085e-07	-6.66978e-13	6.68466e-05	-0.000494036	7.97933e-08
16.6065	4.38468e-08	-1.61086e-07	-6.19872e-13	0.000914199	-0.00805808	8.1061e-08
16.6065	4.76259e-08	-1.61086e-07	-5.86565e-13	0.000611327	-0.00857027	8.23948e-08
16.6065	4.9692e-08	-1.61086e-07	-5.68354e-13	0.000163028	-0.00413825	8.39967e-08
16.6065	5.09232e-08	-1.61087e-07	-5.57501e-13	7.77522e-05	-0.00419537	8.57867e-08
16.6065	5.12718e-08	-1.61087e-07	-5.54428e-13	4.72541e-06	-0.00244211	8.7682e-08
16.6065	5.1087e-08	-1.61087e-07	-5.56055e-13	-1.39825e-05	-0.0016736	8.96586e-08
16.6065	5.05186e-08	-1.61088e-07	-5.61063e-13	-9.09109e-05	-0.00402238	9.17149e-08
16.6065	4.90042e-08	-1.61088e-07	-5.74408e-13	-3.18062e-05	-0.000910127	9.38374e-08
16.6065	4.72388e-08	-1.61088e-07	-5.89964e-13	-0.000376151	-0.00689756	9.60978e-08
16.6065	4.37517e-08	-1.61089e-07	-6.20695e-13	-0.000500214	-0.00578417	9.85437e-08
16.6065	3.87312e-08	-1.61089e-07	-6.64939e-13	-0.000486328	-0.00433619	1.0109e-07
16.6065	3.24713e-08	-1.61089e-07	-7.20106e-13	-0.000441954	-0.00335301	1.03702e-07
16.6065	2.51691e-08	-1.6109e-07	-7.84459e-13	-0.000684664	-0.00450288	1.06454e-07
16.6065	1.64538e-08	-1.6109e-07	-8.61265e-13	-0.000327461	-0.00194021	1.09255e-07
16.6065	6.98014e-09	-1.61091e-07	-9.44755e-13	-0.000420076	-0.00233434	1.12072e-07
16.6065	-3.40324e-09	-1.61091e-07	-1.03626e-12	0.000177469	0.000966913	1.14824e-07
16.6065	-1.37453e-08	-1.61092e-07	-1.12741e-12	0.000901544	0.00540183	1.17261e-07
16.6065	-2.26895e-08	-1.61092e-07	-1.20623e-12	0.000583156	0.0040987	1.19641e-07
16.6065	-3.05841e-08	-1.61092e-07	-1.2758e-12	0.000255437	0.00201826	1.22277e-07
16.6065	-3.80356e-08	-1.61093e-07	-1.34147e-12	0.00066699	0.00633628	1.24953e-07
16.6065	-4.3643e-08	-1.61093e-07	-1.39089e-12	0.000129513	0.00151745	1.27737e-07
16.6065	-4.88926e-08	-1.61094e-07	-1.43715e-12	0.000400699	0.00604503	1.3067e-07
16.6065	-5.22628e-08	-1.61094e-07	-1.46685e-12	0.000256094	0.0115283	1.33629e-07
16.6065	-5.18154e-08	-1.61095e-07	-1.4629e-12	-0.000419351	0.0116879	1.36934e-07
16.6065	-4.73028e-08	-1.61095e-07	-1.42313e-12	-0.00168566	0.0159587	1.41006e-07
16.6065	-3.69247e-08	-1.61096e-07	-1.33167e-12	-7.36556e-05	0.000498732	1.45051e-07
16.6065	-2.61085e-08	-1.61097e-07	-1.23634e-12	0.000497891	-0.00356157	1.4839e-07
16.6065	-1.63951e-08	-1.61097e-07	-1.15073e-12	0.000509502	-0.00425434	1.51572e-07
16.6065	-8.10311e-09	-1.61098e-07	-1.07765e-12	0.000650452	-0.00716897	1.54747e-07
16.6065	-2.44255e-09	-1.61098e-07	-1.02776e-12	0.000414917	-0.00784372	1.58009e-07
16.6065	2.08835e-10	-1.61099e-07	-1.00439e-12	0.000105978	-0.00795355	1.61538e-07
16.6065	-3.27295e-10	-1.611e-07	-1.00911e-12	-3.1763e-05	-0.00248565	1.65302e-07
16.6065	-1.91523e-09	-1.611e-07	-1.02311e-12	-0.000121218	-0.00413208	1.69219e-07
16.6065	-5.30967e-09	-1.61101e-07	-1.05302e-12	-0.000208307	-0.004157	1.73275e-07
16.6065	-1.06081e-08	-1.61102e-07	-1.09971e-12	-2.96873e-05	-0.000480719	1.7735e-07
16.6065	-1.62437e-08	-1.61102e-07	-1.14937e-12	0.000204933	0.00384435	1.81285e-07
16.6065	-2.02393e-08	-1.61103e-07	-1.18458e-12	0.000157327	0.00508947	1.8517e-07
16.6065	-2.19395e-08	-1.61104e-07	-1.19956e-12	3.13746e-05	0.00282242	1.89172e-07
16.6065	-2.23276e-08	-1.61104e-07	-1.20298e-12	-3.8579e-06	0.00229584	1.93281e-07
16.6065	-2.16029e-08	-1.61105e-07	-1.19659e-12	-2.59994e-05	0.0020658	1.97445e-07
16.6065	-1.98321e-08	-1.61106e-07	-1.18098e-12	-5.20574e-05	0.00223104	2.01664e-07
16.6065	-1.68869e-08	-1.61107e-07	-1.15502e-12	3.58039e-05	-0.00141035	2.05889e-07
16.6065	-1.46144e-08	-1.61108e-07	-1.13499e-12	4.54634e-05	-0.00341234	2.10103e-07
16.6065	-1.4106e-08	-1.61108e-07	-1.1305e-12	-5.04057e-06	-0.00267109	2.14379e-07
16.6065	-1.50334e-08	-1.61109e-07	-1.13867e-12	-3.38502e-06	-0.000357832	2.18725e-07
16.6065	-1.6177e-08	-1.6111e-07	-1.14875e-12	3.01549e-06	0.000315219	2.23119e-07
16.6065	-1.71659e-08	-1.61111e-07	-1.15746e-12	-5.21822e-07	-5.84716e-05	2.27568e-07
16.6065	-1.82081e-08	-1.61112e-07	-1.16664e-12	8.03513e-06	0.001537	2.3206e-07
16.6065	-1.83704e-08	-1.61113e-07	-1.16807e-12	-1.71111e-06	0.00114951	2.36599e-07
16.6065	-1.78494e-08	-1.61114e-07	-1.16347e-12	1.50631e-06	-0.000474127	2.41212e-07
16.6065	-1.76068e-08	-1.61115e-07	-1.16133e-12	1.74786e-07	-0.000696262	2.459e-07
16.6065	-1.77918e-08	-1.61116e-07	-1.16295e-12	-2.1377e-07	-0.000119529	2.50629e-07
16.6065	-1.80558e-08	-1.61117e-07	-1.16528e-12	-1.59419e-06	-0.000483623	2.55343e-07
16.6065	-1.86363e-08	-1.61118e-07	-1.17039e-12	6.97428e-07	0.000171029	2.59989e-07
16.6065	-1.9115e-08	-1.61119e-07	-1.1746e-12	9.03236e-07	0.00114438	2.64548e-07
16.6065	-1.88386e-08	-1.6112e-07	-1.17216e-12	-6.09956e-07	0.000230377	2.69016e-07
16.6065	-1.84015e-08	-1.61121e-07	-1.1683e-12	1.00139e-06	-0.000767604	2.73414e-07
16.6065	-1.84861e-08	-1.61122e-07	-1.16904e-12	-2.06856e-07	-0.000189911	2.77801e-07
16.6065	-1.87051e-08	-1.61123e-07	-1.17097e-12	2.41556e-07	0.000347751	2.8224e-07
16.6065	-1.86802e-08	-1.61124e-07	-1.17074e-12	-5.65849e-08	-0.000189403	2.86762e-07
16.6065	-1.87918e-08	-1.61125e-07	-1.17172e-12	-1.27167e-07	-0.000118902	2.91367e-07
16.6065	-1.89925e-08	-1.61126e-07	-1.17349e-12	1.8011e-07	0.000325108	2.96045e-07
16.6065	-1.89539e-08	-1.61127e-07	-1.17314e-12	4.18499e-09	-2.006e-05	3.00791e-07
16.6065	-1.89299e-08	-1.61128e-07	-1.17292e-12	-3.11179e-07	0.000322531	3.05621e-07
16.6065	-1.86571e-08	-1.6113e-07	-1.17051e-12	2.90647e-07	-0.000450233	3.10595e-07
16.6065	-1.87323e-08	-1.61131e-07	-1.17117e-12	-3.13925e-07	-0.000271127	3.158e-07
16.6065	-1.90246e-08	-1.61132e-07	-1.17374e-12	2.05922e-07	0.000138183	3.21348e-07
16.6065	-1.92101e-08	-1.61133e-07	-1.17537e-12	1.11926e-07	0.000141498	3.2738e-07
16.6065	-1.92824e-08	-1.61135e-07	-1.176e-12	-9.37305e-09	0.00019421	3.33997e-07
16.6065	-1.91923e-08	-1.61136e-07	-1.1752e-12	-4.91575e-08	6.94813e-05	3.41137e-07
16.6065	-1.90404e-08	-1.61137e-07	-1.17385e-12	7.23403e-08	-0.000130151	3.48583e-07
16.6065	-1.89998e-08	-1.61139e-07	-1.17349e-12	-4.70359e-07	-0.000482284	3.5603e-07
16.6065	-1.93921e-08	-1.6114e-07	-1.17694e-12	-5.89044e-08	-2.62201e-05	3.63117e-07
16.6065	-1.98158e-08	-1.61141e-07	-1.18067e-12	-1.78776e-07	-7.17549e-05	3.69582e-07
16.6065	-2.03134e-08	-1.61143e-07	-1.18505e-12	7.10995e-07	0.000503482	3.75373e-07
16.6065	-2.03424e-08	-1.61144e-07	-1.18529e-12	-6.57242e-07	0.000544341	3.80684e-07
16.6065	-1.98503e-08	-1.61146e-07	-1.18095e-12	3.84888e-07	-0.000182165	3.86029e-07
16.6065	-1.95281e-08	-1.61147e-07	-1.1781e-12	2.71698e-07	-0.000366193	3.92082e-07
16.6065	-1.95624e-08	-1.61149e-07	-1.1784e-12	-2.0786e-07	-0.000255722	3.98007e-07
16.6065	-1.98533e-08	-1.6115e-07	-1.18095e-12	1.86732e-07	0.000388691	4.02592e-07
16.6065	-1.97539e-08	-1.61152e-07	-1.18007e-12	-2.18574e-08	3.73785e-05	4.06186e-07
16.6065	-1.96156e-08	-1.61154e-07	-1.17885e-12	-6.31787e-08	7.33325e-05	4.09552e-07
16.6065	-1.94008e-08	-1.61155e-07	-1.17694e-12	1.06644e-07	-0.000240793	4.1263e-07
16.6065	-1.94337e-08	-1.61157e-07	-1.17723e-12	-9.65683e-08	-0.000167278	4.15089e-07
16.6065	-1.96408e-08	-1.61158e-07	-1.17904e-12	-7.23314e-07	-0.000374457	4.17263e-07
16.6065	-2.02407e-08	-1.6116e-07	-1.18432e-12	5.9672e-07	0.000273093	4.19224e-07
16.6065	-2.05563e-08	-1.61162e-07	-1.1871e-12	2.25588e-07	0.00029397	4.20799e-07
16.6065	-2.05631e-08	-1.61163e-07	-1.18715e-12	-5.03919e-08	0.000148615	4.22138e-07
16.6065	-2.04129e-08	-1.61165e-07	-1.18582e-12	4.31619e-08	-0.000196291	4.2327e-07
16.6065	-2.04703e-08	-1.61167e-07	-1.18632e-12	-2.53963e-08	0.000168591	4.24114e-07
16.6065	-2.03488e-08	-1.61168e-07	-1.18524e-12	-2.75022e-08	4.07977e-05	4.24755e-07
16.6065	-2.01839e-08	-1.6117e-07	-1.18378e-12	3.76733e-08	-6.02251e-05	4.2517e-07
16.6065	-2.00829e-08	-1.61172e-07	-1.18288e-12	2.00004e-08	-6.29951e-05	4.25341e-07
16.6065	-2.00489e-08	-1.61173e-07	-1.18257e-12	-1.6817e-08	5.60382e-05	4.25301e-07
16.6065	-1.99553e-08	-1.61175e-07	-1.18174e-12	-1.83595e-07	-0.000372975	4.25018e-07
16.6065	-2.02579e-08	-1.61176e-07	-1.1844e-12	-4.25786e-08	-2.84646e-05	4.24512e-07
16.6065	-2.05903e-08	-1.61178e-07	-1.18732e-12	1.39034e-07	0.000106987	4.23777e-07
16.6065	-2.08087e-08	-1.6118e-07	-1.18924e-12	-3.56027e-08	0.000444842	4.22784e-07
16.6065	-2.0557e-08	-1.61181e-07	-1.18701e-12	7.87142e-09	-6.6968e-06	4.21557e-07
16.6065	-2.03132e-08	-1.61183e-07	-1.18485e-12	1.24343e-07	-0.000168787	4.20091e-07
16.6065	-2.02472e-08	-1.61185e-07	-1.18426e-12	-7.96261e-09	2.15959e-05	4.18392e-07
16.6065	-2.0159e-08	-1.61186e-07	-1.18348e-12	1.46773e-08	-0.000120262	4.16481e-07
16.6065	-2.01961e-08	-1.61188e-07	-1.1838e-12	-2.1762e-09	8.20529e-05	4.14351e-07
16.6065	-2.01482e-08	-1.61189e-07	-1.18337e-12	-1.01194e-09	4.17986e-06	4.1202e-07
16.6065	-2.00964e-08	-1.61191e-07	-1.1829e-12	-3.81913e-08	8.30103e-05	4.09471e-07
16.6065	-1.99601e-08	-1.61193e-07	-1.1817e-12	-3.589e-08	4.58776e-05	4.06723e-07
16.6065	-1.97783e-08	-1.61194e-07	-1.18009e-12	4.21283e-08	-5.55739e-05	4.03794e-07
16.6065	-1.96538e-08	-1.61196e-07	-1.17898e-12	3.83003e-08	-0.000120294	4.0067e-07
16.6065	-1.96503e-08	-1.61197e-07	-1.17894e-12	-8.15612e-08	-0.000184188	3.9739e-07
16.6065	-1.9829e-08	-1.61199e-07	-1.18051e-12	8.09277e-08	0.000196963	3.93941e-07
16.6065	-1.9813e-08	-1.612e-07	-1.18036e-12	-1.16032e-07	0.000199747	3.90332e-07
16.6065	-1.96032e-08	-1.61202e-07	-1.17851e-12	-1.08446e-07	8.40424e-05	3.86579e-07
16.6065	-1.93146e-08	-1.61203e-07	-1.17596e-12	2.18706e-07	-0.000350834	3.82676e-07
16.6065	-1.93629e-08	-1.61205e-07	-1.17637e-12	-1.85967e-08	-4.93266e-05	3.78616e-07
16.6065	-1.94571e-08	-1.61206e-07	-1.1772e-12	-8.72071e-08	-0.000111821	3.74442e-07
16.6065	-1.96543e-08	-1.61208e-07	-1.17893e-12	1.11208e-07	0.000232202	3.70165e-07
16.6065	-1.96356e-08	-1.61209e-07	-1.17876e-12	-7.52595e-08	0.000154374	3.65758e-07
16.6065	-1.94769e-08	-1.61211e-07	-1.17735e-12	-1.20095e-06	0.000540079	3.61242e-07
16.6065	-1.88354e-08	-1.61212e-07	-1.17169e-12	1.20452e-06	-0.000544214	3.56648e-07
16.6065	-1.86843e-08	-1.61213e-07	-1.17035e-12	-1.33192e-08	-0.000356073	3.51982e-07
16.6065	-1.88465e-08	-1.61215e-07	-1.17178e-12	-1.25871e-09	-1.35206e-06	3.47235e-07
16.6065	-1.90076e-08	-1.61216e-07	-1.17319e-12	-1.83472e-08	0.00039244	3.42407e-07
16.6065	-1.88329e-08	-1.61217e-07	-1.17164e-12	-1.96545e-07	0.000142103	3.37513e-07
16.6065	-1.85417e-08	-1.61219e-07	-1.16907e-12	-1.94847e-07	9.82137e-05	3.32587e-07
16.6065	-1.81737e-08	-1.6122e-07	-1.16582e-12	4.27152e-08	-1.95899e-05	3.27629e-07
16.6065	-1.78272e-08	-1.61221e-07	-1.16276e-12	1.19562e-07	-0.000792227	3.22618e-07
16.6065	-1.812e-08	-1.61222e-07	-1.16534e-12	3.19805e-07	0.000288581	3.17568e-07
16.6065	-1.81809e-08	-1.61224e-07	-1.16587e-12	-1.37763e-07	0.000324509	3.12502e-07
16.6065	-1.79894e-08	-1.61225e-07	-1.16417e-12	-4.87484e-07	0.000258885	3.07421e-07
16.6065	-1.76037e-08	-1.61226e-07	-1.16077e-12	1.34476e-07	-5.62772e-05	3.02338e-07
16.6065	-1.72666e-08	-1.61227e-07	-1.15779e-12	5.05351e-07	-0.000437486	2.97273e-07
16.6065	-1.72575e-08	-1.61228e-07	-1.15771e-12	-7.48906e-08	0.000161232	2.92205e-07
16.6065	-1.71319e-08	-1.61229e-07	-1.15659e-12	-9.206e-08	8.51965e-05	2.87132e-07
16.6065	-1.69478e-08	-1.6123e-07	-1.15497e-12	-4.56014e-08	3.31314e-05	2.82066e-07
16.6065	-1.67439e-08	-1.61232e-07	-1.15316e-12	9.50263e-08	-0.000509008	2.77019e-07
16.6065	-1.68929e-08	-1.61233e-07	-1.15447e-12	7.1539e-08	8.09841e-05	2.72001e-07
16.6065	-1.69846e-08	-1.61234e-07	-1.15528e-12	8.55921e-09	0.000259153	2.67017e-07
16.6065	-1.69033e-08	-1.61235e-07	-1.15455e-12	2.03802e-08	-3.94858e-05	2.62056e-07
16.6065	-1.68491e-08	-1.61236e-07	-1.15407e-12	-2.5538e-06	0.000930656	2.57146e-07
16.6065	-1.62033e-08	-1.61237e-07	-1.14838e-12	-6.97621e-07	0.00012933	2.52288e-07
16.6065	-1.54891e-08	-1.61238e-07	-1.14208e-12	3.08362e-06	-0.000871275	2.47449e-07
16.6065	-1.53223e-08	-1.61239e-07	-1.1406e-12	1.03968e-07	-0.000452484	2.42644e-07
16.6065	-1.54306e-08	-1.6124e-07	-1.14155e-12	-7.9055e-07	-0.00041024	2.37889e-07
16.6065	-1.57783e-08	-1.6124e-07	-1.14461e-12	7.89911e-07	0.000771522	2.33191e-07
16.6065	-1.56739e-08	-1.61241e-07	-1.14369e-12	-2.58526e-06	0.000851893	2.28538e-07
16.6065	-1.50897e-08	-1.61242e-07	-1.13854e-12	-4.06491e-06	0.000608082	2.23932e-07
16.6065	-1.41804e-08	-1.61243e-07	-1.13052e-12	6.27626e-06	-0.00121398	2.19391e-07
16.6065	-1.39487e-08	-1.61244e-07	-1.12847e-12	-1.94596e-06	-0.00140715	2.14901e-07
16.6065	-1.44698e-08	-1.61245e-07	-1.13306e-12	9.28262e-07	0.00021243	2.10462e-07
16.6065	-1.48695e-08	-1.61246e-07	-1.13658e-12	-8.8555e-07	0.00173912	2.06089e-07
16.6065	-1.43743e-08	-1.61246e-07	-1.13221e-12	8.41761e-07	-0.000192352	2.01764e-07
16.6065	-1.39855e-08	-1.61247e-07	-1.12878e-12	1.64368e-07	-4.34062e-05	1.97491e-07
16.6065	-1.36262e-08	-1.61248e-07	-1.12561e-12	1.19244e-06	-0.000482281	1.93291e-07
16.6065	-1.35051e-08	-1.61249e-07	-1.12454e-12	9.45756e-08	-0.000415721	1.89136e-07
16.6065	-1.3581e-08	-1.61249e-07	-1.12521e-12	-2.01586e-07	-0.000164741	1.85031e-07
16.6065	-1.37307e-08	-1.6125e-07	-1.12652e-12	-3.1908e-06	0.00150324	1.80994e-07
16.6065	-1.32044e-08	-1.61251e-07	-1.12188e-12	-9.01593e-06	0.00105759	1.76999e-07
16.6065	-1.22271e-08	-1.61251e-07	-1.11326e-12	-1.15878e-05	0.00086857	1.73051e-07
16.6065	-1.09001e-08	-1.61252e-07	-1.10157e-12	2.22439e-05	-0.00224951	1.69154e-07
16.6065	-1.05436e-08	-1.61253e-07	-1.09842e-12	-7.56578e-06	-0.00279017	1.65305e-07
16.6065	-1.1335e-08	-1.61253e-07	-1.10539e-12	2.5803e-06	0.000287724	1.61507e-07
16.6065	-1.19933e-08	-1.61254e-07	-1.11119e-12	5.82107e-06	0.00227656	1.57762e-07
16.6065	-1.1749e-08	-1.61255e-07	-1.10903e-12	-7.30264e-06	0.00119354	1.5406e-07
16.6065	-1.10562e-08	-1.61255e-07	-1.10293e-12	-3.84088e-06	0.000381895	1.50399e-07
16.6065	-1.02381e-08	-1.61256e-07	-1.09571e-12	1.10272e-05	-0.00153936	1.46793e-07
16.6065	-9.9978e-09	-1.61256e-07	-1.09359e-12	-6.29944e-06	-0.00238322	1.43208e-07
16.6065	-1.0606e-08	-1.61257e-07	-1.09895e-12	2.21965e-06	0.000281005	1.39649e-07
16.6065	-1.11021e-08	-1.61257e-07	-1.10332e-12	5.16752e-06	0.0013726	1.36162e-07
16.6065	-1.11245e-08	-1.61258e-07	-1.10352e-12	-1.13155e-08	-2.80535e-05	1.32708e-07
16.6065	-1.11555e-08	-1.61258e-07	-1.10379e-12	-2.45428e-07	-0.000232623	1.29251e-07
16.6065	-1.12599e-08	-1.61259e-07	-1.1047e-12	-3.09526e-06	0.00148716	1.25849e-07
16.6065	-1.08998e-08	-1.61259e-07	-1.10153e-12	-1.10941e-05	0.00124488	1.22497e-07
16.6065	-1.01734e-08	-1.6126e-07	-1.09512e-12	-7.88739e-06	0.000584819	1.19142e-07
16.6065	-9.29556e-09	-1.6126e-07	-1.08739e-12	-0.000133594	0.00490674	1.15847e-07
16.6065	-7.04049e-09	-1.61261e-07	-1.06751e-12	-0.000154508	0.00324294	1.12659e-07
16.6065	-3.94706e-09	-1.61261e-07	-1.04024e-12	0.000138301	-0.00284291	1.09413e-07
16.6065	-1.71237e-09	-1.61262e-07	-1.02055e-12	0.000122618	-0.012747	1.06088e-07
16.6065	-2.87436e-09	-1.61262e-07	-1.03079e-12	-0.000416438	-0.00919371	1.02955e-07
16.6065	-6.3359e-09	-1.61262e-07	-1.06129e-12	-0.000347188	-0.00437228	1.00005e-07
16.6065	-1.07739e-08	-1.61263e-07	-1.1004e-12	-0.000809843	-0.00741097	9.71617e-08
16.6065	-1.68633e-08	-1.61263e-07	-1.15407e-12	-0.000503313	-0.00365849	9.43569e-08
16.6065	-2.36201e-08	-1.61263e-07	-1.21361e-12	0.000124989	0.000863385	9.13752e-08
16.6065	-2.99582e-08	-1.61264e-07	-1.26947e-12	0.00126859	0.0111184	8.80776e-08
16.6065	-3.36496e-08	-1.61264e-07	-1.302e-12	0.00066622	0.022262	8.47436e-08
16.6065	-3.25773e-08	-1.61264e-07	-1.29255e-12	-0.00177468	0.0219179	8.21165e-08
16.6065	-2.70896e-08	-1.61265e-07	-1.24418e-12	-0.00494872	0.0245951	8.0706e-08
16.6065	-1.67115e-08	-1.61265e-07	-1.15272e-12	-0.00415702	0.0135898	7.98471e-08
16.6065	-3.76481e-09	-1.61265e-07	-1.03862e-12	-0.00369599	0.00985773	7.87838e-08
16.6065	1.09234e-08	-1.61266e-07	-9.09169e-13	0.00220959	-0.00570109	7.64715e-08
16.6065	2.38921e-08	-1.61266e-07	-7.94873e-13	0.00328222	-0.00961165	7.29242e-08
16.6065	3.45254e-08	-1.61266e-07	-7.0116e-13	0.00389525	-0.0142564	6.93557e-08
16.6065	4.22223e-08	-1.61266e-07	-6.33325e-13	0.00436877	-0.0267329	6.58839e-08
16.6065	4.52412e-08	-1.61267e-07	-6.06719e-13	0.000661332	-0.0283164	6.31601e-08
16.6065	4.37652e-08	-1.61267e-07	-6.19726e-13	-0.00360808	-0.0294721	6.18478e-08
16.6065	3.77683e-08	-1.61267e-07	-6.72576e-13	-0.00631162	-0.0239185	6.17539e-08
16.6065	2.8027e-08	-1.61267e-07	-7.58425e-13	-0.000198581	-0.000596335	6.13781e-08
16.6065	1.8377e-08	-1.61268e-07	-8.4347e-13	-0.000497524	-0.00146735	6.04704e-08
16.6065	8.61089e-09	-1.61268e-07	-9.29539e-13	0.00149067	0.00451511	5.96458e-08
16.6065	-3.26591e-10	-1.61268e-07	-1.0083e-12	0.00255872	0.00876023	5.86013e-08
16.6065	-7.82687e-09	-1.61268e-07	-1.0744e-12	-0.00287262	-0.0097416	5.84202e-08
16.6065	-1.68538e-08	-1.61269e-07	-1.15396e-12	0.00408719	0.0145173	5.81985e-08
16.6065	-2.3609e-08	-1.61269e-07	-1.21349e-12	0.00295429	0.0146165	5.72912e-08
16.6065	-2.82077e-08	-1.61269e-07	-1.25402e-12	0.00260959	0.0299445	5.6811e-08
16.6065	-2.85395e-08	-1.61269e-07	-1.25694e-12	-5.33539e-05	0.00752164	5.6989e-08
16.6065	-2.77972e-08	-1.61269e-07	-1.2504e-12	-0.000316077	0.00719466	5.78708e-08
16.6065	-2.59902e-08	-1.6127e-07	-1.23447e-12	-2.00491e-05	0.000319299	5.90934e-08
16.6065	-2.40934e-08	-1.6127e-07	-1.21775e-12	-0.000584234	0.00715621	6.07142e-08
16.6065	-2.10339e-08	-1.6127e-07	-1.19079e-12	0.000511291	-0.006057	6.25951e-08
16.6065	-1.88431e-08	-1.6127e-07	-1.17148e-12	-6.77577e-05	0.000947488	6.47514e-08
16.6065	-1.64123e-08	-1.61271e-07	-1.15006e-12	0.000506706	-0.010883	6.7265e-08
16.6065	-1.57512e-08	-1.61271e-07	-1.14423e-12	1.73251e-05	-0.00103792	7.01529e-08
16.6065	-1.52455e-08	-1.61271e-07	-1.13977e-12	-3.13266e-05	-0.00734395	7.3567e-08
16.6065	-1.60984e-08	-1.61271e-07	-1.14729e-12	-2.65059e-05	-0.00104947	7.74963e-08
16.6065	-1.72077e-08	-1.61272e-07	-1.15706e-12	-6.1944e-05	-0.00189808	8.20276e-08
16.6065	-1.87854e-08	-1.61272e-07	-1.17096e-12	7.42548e-06	0.000201318	8.72316e-08
16.6065	-2.04216e-08	-1.61272e-07	-1.18538e-12	-9.56664e-05	-0.00227357	9.32623e-08
16.6065	-2.27247e-08	-1.61273e-07	-1.20568e-12	4.55183e-06	9.57514e-05	1.00298e-07
16.6065	-2.51833e-08	-1.61273e-07	-1.22734e-12	-4.29493e-05	-0.000868088	1.08539e-07
16.6065	-2.80978e-08	-1.61274e-07	-1.25303e-12	-3.90831e-05	-0.000730681	1.18325e-07
16.6065	-3.1513e-08	-1.61274e-07	-1.28312e-12	3.42306e-05	0.000637165	1.30058e-07
16.6065	-3.50647e-08	-1.61275e-07	-1.31442e-12	0.000165508	0.00391139	1.44397e-07
16.6065	-3.75398e-08	-1.61275e-07	-1.33623e-12	9.79133e-05	0.00474264	1.62477e-07
16.6065	-3.82978e-08	-1.61276e-07	-1.34291e-12	7.71299e-06	0.00177727	1.86416e-07
16.6065	-3.82875e-08	-1.61277e-07	-1.34281e-12	-1.10047e-06	-0.000684478	2.20437e-07
16.6065	-3.86869e-08	-1.61278e-07	-1.34633e-12	-1.42027e-05	-0.00181037	2.74486e-07
16.6065	-4.05938e-08	-1.61279e-07	-1.36313e-12	3.66662e-06	0.000316634	3.78619e-07
16.6065	-4.30153e-08	-1.61281e-07	-1.38446e-12	1.12047e-05	0.00257367	6.50727e-07
16.6065	-4.21284e-08	-1.61284e-07	-1.37663e-12	-3.94091e-06	0.000906551	2.40296e-06
16.6065	-2.90556e-08	-1.61299e-07	-1.26135e-12	-0.399996	-0.00132295	0.00208691
16.6044	-3.17457e-08	-1.45158e-07	-1.36212e-12	0.4	4.87062e-07	0.00414014
