16.6097	-1.23332e-08	-1.93947e-07	-6.46685e-13	-7.5828e-05	-0.00550694	0.00239541
16.6097	-6.62622e-08	-1.93965e-07	-1.20028e-12	-0.00456383	0.048336	2.09344e-06
16.6097	-3.73904e-08	-1.93966e-07	-9.0388e-13	-0.0163441	0.0463515	2.13715e-07
16.6097	-2.21234e-09	-1.93967e-07	-5.42746e-13	0.0039612	-0.00843872	1.37284e-07
16.6097	2.13614e-08	-1.93967e-07	-3.00741e-13	0.0120534	-0.0364363	1.07215e-07
16.6097	3.21769e-08	-1.93967e-07	-1.89709e-13	0.00444077	-0.0297765	9.44272e-08
16.6097	3.54899e-08	-1.93968e-07	-1.55697e-13	0.000339264	-0.00583241	9.05543e-08
16.6097	3.74444e-08	-1.93968e-07	-1.35631e-13	-0.000196712	0.0037212	9.01216e-08
16.6097	4.02491e-08	-1.93969e-07	-1.06838e-13	-0.000579351	0.00720764	9.10414e-08
16.6097	4.47502e-08	-1.93969e-07	-6.06295e-14	3.53297e-05	-0.000361665	9.2525e-08
16.6097	4.9244e-08	-1.93969e-07	-1.44954e-14	0.000481046	-0.00587202	9.41082e-08
16.6097	5.24214e-08	-1.9397e-07	1.81241e-14	0.000319874	-0.00621016	9.58308e-08
16.6097	5.41586e-08	-1.9397e-07	3.59587e-14	8.50748e-05	-0.00299106	9.77821e-08
16.6097	5.51938e-08	-1.93971e-07	4.65865e-14	4.05393e-05	-0.00302979	9.98965e-08
16.6097	5.54868e-08	-1.93971e-07	4.9596e-14	2.46211e-06	-0.00176309	1.02114e-07
16.6097	5.53314e-08	-1.93972e-07	4.80012e-14	-7.28917e-06	-0.00120836	1.04412e-07
16.6097	5.48535e-08	-1.93972e-07	4.30959e-14	-4.74042e-05	-0.002905	1.06795e-07
16.6097	5.35802e-08	-1.93973e-07	3.00254e-14	-1.65942e-05	-0.000657709	1.09251e-07
16.6097	5.20959e-08	-1.93973e-07	1.47886e-14	-0.000196521	-0.00499076	1.11827e-07
16.6097	4.91639e-08	-1.93974e-07	-1.53094e-14	-0.000262168	-0.00419861	1.14552e-07
16.6097	4.49427e-08	-1.93974e-07	-5.86426e-14	-0.00025576	-0.00315846	1.17373e-07
16.6097	3.96795e-08	-1.93975e-07	-1.12673e-13	-0.000233253	-0.00245108	1.20273e-07
16.6097	3.35399e-08	-1.93975e-07	-1.757e-13	-0.000362736	-0.00330418	1.23298e-07
16.6097	2.62122e-08	-1.93976e-07	-2.50924e-13	-0.000174074	-0.0014286	1.26391e-07
16.6097	1.82469e-08	-1.93976e-07	-3.32694e-13	-0.000224117	-0.00172502	1.29532e-07
16.6097	9.51668e-09	-1.93977e-07	-4.22316e-13	9.47822e-05	0.000715281	1.32675e-07
16.6097	8.21184e-10	-1.93978e-07	-5.11582e-13	0.000479229	0.00397691	1.35667e-07
16.6097	-6.69899e-09	-1.93978e-07	-5.88781e-13	0.000308397	0.00300218	1.38667e-07
16.6097	-1.33367e-08	-1.93979e-07	-6.56922e-13	0.000134668	0.00147382	1.41865e-07
16.6097	-1.96018e-08	-1.93979e-07	-7.21237e-13	0.000350437	0.00461064	1.4513e-07
16.6097	-2.43164e-08	-1.9398e-07	-7.69635e-13	6.78748e-05	0.00110152	1.48504e-07
16.6097	-2.87302e-08	-1.93981e-07	-8.14946e-13	0.000209535	0.004378	1.52011e-07
16.6097	-3.15639e-08	-1.93982e-07	-8.44034e-13	0.000133615	0.0083276	1.55574e-07
16.6097	-3.11877e-08	-1.93982e-07	-8.40171e-13	-0.00021891	0.00844771	1.5939e-07
16.6097	-2.73936e-08	-1.93983e-07	-8.0122e-13	-0.000886598	0.0116175	1.63713e-07
16.6097	-1.86679e-08	-1.93984e-07	-7.11642e-13	-3.89901e-05	0.000365688	1.68061e-07
16.6097	-9.57389e-09	-1.93984e-07	-6.18282e-13	0.000263127	-0.00260705	1.72018e-07
16.6097	-1.40707e-09	-1.93985e-07	-5.34441e-13	0.000268287	-0.0031028	1.75917e-07
16.6097	5.56469e-09	-1.93986e-07	-4.62868e-13	0.000341112	-0.00520672	1.79853e-07
16.6097	1.0324e-08	-1.93987e-07	-4.14008e-13	0.000216752	-0.00567465	1.83878e-07
16.6097	1.25532e-08	-1.93988e-07	-3.91122e-13	5.52581e-05	-0.00574339	1.881e-07
16.6097	1.21024e-08	-1.93989e-07	-3.95748e-13	-1.65582e-05	-0.00179472	1.925e-07
16.6097	1.07672e-08	-1.93989e-07	-4.09453e-13	-6.32262e-05	-0.00298512	1.97027e-07
16.6097	7.91318e-09	-1.9399e-07	-4.3875e-13	-0.000108779	-0.00300666	2.01668e-07
16.6097	3.45833e-09	-1.93991e-07	-4.84481e-13	-1.55177e-05	-0.000348043	2.06352e-07
16.6097	-1.28006e-09	-1.93992e-07	-5.33123e-13	0.000107043	0.00278122	2.10976e-07
16.6097	-4.63955e-09	-1.93993e-07	-5.67609e-13	8.20685e-05	0.00367701	2.1559e-07
16.6097	-6.06912e-09	-1.93994e-07	-5.82283e-13	1.6356e-05	0.00203787	2.20299e-07
16.6097	-6.39546e-09	-1.93995e-07	-5.85631e-13	-2.01014e-06	0.0016575	2.25092e-07
16.6097	-5.78616e-09	-1.93996e-07	-5.79374e-13	-1.35526e-05	0.0014916	2.29933e-07
16.6097	-4.29733e-09	-1.93997e-07	-5.64087e-13	-2.71443e-05	0.00161137	2.34824e-07
16.6097	-1.82114e-09	-1.93998e-07	-5.38665e-13	1.86706e-05	-0.00101871	2.39738e-07
16.6097	8.95214e-11	-1.93999e-07	-5.19048e-13	2.36996e-05	-0.00246391	2.4467e-07
16.6097	5.16869e-10	-1.94e-07	-5.14659e-13	-2.62806e-06	-0.00192842	2.49663e-07
16.6097	-2.62852e-10	-1.94002e-07	-5.22661e-13	-1.76467e-06	-0.000258374	2.5472e-07
16.6097	-1.22445e-09	-1.94003e-07	-5.3253e-13	1.57198e-06	0.000227596	2.59836e-07
16.6097	-2.056e-09	-1.94004e-07	-5.41064e-13	-2.71948e-07	-4.22058e-05	2.6502e-07
16.6097	-2.93232e-09	-1.94005e-07	-5.50058e-13	4.18858e-06	0.00110966	2.70254e-07
16.6097	-3.06882e-09	-1.94006e-07	-5.51457e-13	-8.91526e-07	0.000829895	2.75541e-07
16.6097	-2.63079e-09	-1.94008e-07	-5.46957e-13	7.84981e-07	-0.0003423	2.80913e-07
16.6097	-2.42694e-09	-1.94009e-07	-5.44862e-13	9.0895e-08	-0.000502669	2.86374e-07
16.6097	-2.58246e-09	-1.9401e-07	-5.46456e-13	-1.11455e-07	-8.62935e-05	2.91881e-07
16.6097	-2.80452e-09	-1.94012e-07	-5.48733e-13	-8.31086e-07	-0.000349162	2.97369e-07
16.6097	-3.29265e-09	-1.94013e-07	-5.53741e-13	3.63585e-07	0.000123482	3.0278e-07
16.6097	-3.69521e-09	-1.94014e-07	-5.57871e-13	4.71123e-07	0.000826194	3.0809e-07
16.6097	-3.4629e-09	-1.94016e-07	-5.55483e-13	-3.17854e-07	0.000166323	3.13294e-07
16.6097	-3.09541e-09	-1.94017e-07	-5.51708e-13	5.21717e-07	-0.000554177	3.18415e-07
16.6097	-3.16667e-09	-1.94019e-07	-5.52436e-13	-1.07873e-07	-0.000137106	3.23525e-07
16.6097	-3.35083e-09	-1.9402e-07	-5.54324e-13	1.26006e-07	0.00025106	3.28696e-07
16.6097	-3.33e-09	-1.94022e-07	-5.54107e-13	-2.95498e-08	-0.000136741	3.33961e-07
16.6097	-3.42391e-09	-1.94023e-07	-5.55068e-13	-6.63166e-08	-8.58406e-05	3.39323e-07
16.6097	-3.59273e-09	-1.94025e-07	-5.56798e-13	9.39729e-08	0.000234713	3.44773e-07
16.6097	-3.56034e-09	-1.94026e-07	-5.56462e-13	2.17532e-09	-1.44823e-05	3.503e-07
16.6097	-3.54021e-09	-1.94028e-07	-5.56252e-13	-1.62096e-07	0.000232853	3.55924e-07
16.6097	-3.31091e-09	-1.94029e-07	-5.53895e-13	1.51357e-07	-0.000325048	3.61717e-07
16.6097	-3.37418e-09	-1.94031e-07	-5.54541e-13	-1.63704e-07	-0.000195741	3.67779e-07
16.6097	-3.62002e-09	-1.94033e-07	-5.57061e-13	1.0737e-07	9.97606e-05	3.74239e-07
16.6097	-3.77613e-09	-1.94034e-07	-5.5866e-13	5.83811e-08	0.000102157	3.81264e-07
16.6097	-3.83697e-09	-1.94036e-07	-5.59281e-13	-4.82783e-09	0.000140211	3.88971e-07
16.6097	-3.76132e-09	-1.94038e-07	-5.58501e-13	-2.56007e-08	5.01617e-05	3.97286e-07
16.6097	-3.63367e-09	-1.9404e-07	-5.57187e-13	3.76661e-08	-9.39628e-05	4.05958e-07
16.6097	-3.59962e-09	-1.94042e-07	-5.56834e-13	-2.45304e-07	-0.000348188	4.14629e-07
16.6097	-3.92951e-09	-1.94043e-07	-5.60217e-13	-3.07088e-08	-1.8929e-05	4.22883e-07
16.6097	-4.28585e-09	-1.94045e-07	-5.63871e-13	-9.32002e-08	-5.18026e-05	4.30414e-07
16.6097	-4.70435e-09	-1.94047e-07	-5.68163e-13	3.70731e-07	0.00036349	4.37157e-07
16.6097	-4.72883e-09	-1.94049e-07	-5.6841e-13	-3.42405e-07	0.00039299	4.43341e-07
16.6097	-4.31512e-09	-1.94051e-07	-5.64159e-13	2.00557e-07	-0.000131515	4.49567e-07
16.6097	-4.04431e-09	-1.94053e-07	-5.61375e-13	1.41505e-07	-0.000264375	4.56616e-07
16.6097	-4.07325e-09	-1.94055e-07	-5.61668e-13	-1.08416e-07	-0.000184619	4.63517e-07
16.6097	-4.31793e-09	-1.94058e-07	-5.64175e-13	9.7443e-08	0.000280617	4.68856e-07
16.6097	-4.23447e-09	-1.9406e-07	-5.63314e-13	-1.13811e-08	2.69849e-05	4.73041e-07
16.6097	-4.11829e-09	-1.94062e-07	-5.62117e-13	-3.29082e-08	5.29431e-05	4.76963e-07
16.6097	-3.93774e-09	-1.94064e-07	-5.60259e-13	5.55132e-08	-0.000173841	4.80546e-07
16.6097	-3.96553e-09	-1.94066e-07	-5.6054e-13	-5.03827e-08	-0.000120767	4.83411e-07
16.6097	-4.1398e-09	-1.94068e-07	-5.62324e-13	-3.7712e-07	-0.000270343	4.85941e-07
16.6097	-4.64424e-09	-1.94071e-07	-5.67498e-13	3.11107e-07	0.000197163	4.88225e-07
16.6097	-4.90967e-09	-1.94073e-07	-5.70219e-13	1.17668e-07	0.000212233	4.9006e-07
16.6097	-4.91552e-09	-1.94075e-07	-5.70274e-13	-2.6221e-08	0.000107293	4.91619e-07
16.6097	-4.78932e-09	-1.94077e-07	-5.68974e-13	2.24385e-08	-0.000141713	4.92937e-07
16.6097	-4.83767e-09	-1.94079e-07	-5.69466e-13	-1.31869e-08	0.000121715	4.93921e-07
16.6097	-4.73568e-09	-1.94082e-07	-5.68414e-13	-1.43226e-08	2.94543e-05	4.94667e-07
16.6097	-4.59711e-09	-1.94084e-07	-5.66987e-13	1.96183e-08	-4.348e-05	4.95151e-07
16.6097	-4.51228e-09	-1.94086e-07	-5.66112e-13	1.04058e-08	-4.54794e-05	4.95349e-07
16.6097	-4.48377e-09	-1.94088e-07	-5.65815e-13	-8.74857e-09	4.04567e-05	4.95303e-07
16.6097	-4.40519e-09	-1.94091e-07	-5.65003e-13	-9.58038e-08	-0.000269271	4.94974e-07
16.6097	-4.65972e-09	-1.94093e-07	-5.67612e-13	-2.22016e-08	-2.05506e-05	4.94384e-07
16.6097	-4.93927e-09	-1.94095e-07	-5.70477e-13	7.24988e-08	7.72397e-05	4.93527e-07
16.6097	-5.12305e-09	-1.94097e-07	-5.72359e-13	-1.84243e-08	0.000321156	4.92371e-07
16.6097	-4.91155e-09	-1.94099e-07	-5.70183e-13	4.1008e-09	-4.83485e-06	4.90943e-07
16.6097	-4.70664e-09	-1.94102e-07	-5.68075e-13	6.47598e-08	-0.000121856	4.89236e-07
16.6097	-4.65126e-09	-1.94104e-07	-5.67502e-13	-4.14381e-09	1.55912e-05	4.87256e-07
16.6097	-4.57717e-09	-1.94106e-07	-5.66737e-13	7.61435e-09	-8.68234e-05	4.85032e-07
16.6097	-4.60847e-09	-1.94108e-07	-5.67054e-13	-1.10991e-09	5.92385e-05	4.82551e-07
16.6097	-4.56833e-09	-1.9411e-07	-5.66637e-13	-5.26186e-10	3.01763e-06	4.79835e-07
16.6097	-4.52481e-09	-1.94113e-07	-5.66186e-13	-1.98814e-08	5.99297e-05	4.76866e-07
16.6097	-4.41036e-09	-1.94115e-07	-5.65007e-13	-1.86926e-08	3.31211e-05	4.73668e-07
16.6097	-4.25762e-09	-1.94117e-07	-5.63434e-13	2.19412e-08	-4.01213e-05	4.70256e-07
16.6097	-4.15302e-09	-1.94119e-07	-5.62356e-13	1.99271e-08	-8.68471e-05	4.66618e-07
16.6097	-4.15015e-09	-1.94121e-07	-5.62323e-13	-4.2566e-08	-0.000132975	4.62798e-07
16.6097	-4.30051e-09	-1.94123e-07	-5.63862e-13	4.22396e-08	0.000142198	4.58781e-07
16.6097	-4.28716e-09	-1.94125e-07	-5.63721e-13	-6.0419e-08	0.000144209	4.54577e-07
16.6097	-4.11083e-09	-1.94127e-07	-5.61906e-13	-5.64971e-08	6.0673e-05	4.50208e-07
16.6097	-3.86828e-09	-1.94129e-07	-5.59412e-13	1.13888e-07	-0.000253285	4.45662e-07
16.6097	-3.90897e-09	-1.94131e-07	-5.59826e-13	-9.70764e-09	-3.56117e-05	4.40932e-07
16.6097	-3.98826e-09	-1.94133e-07	-5.60636e-13	-4.54864e-08	-8.07286e-05	4.36073e-07
16.6097	-4.15418e-09	-1.94135e-07	-5.62335e-13	5.80321e-08	0.000167639	4.31093e-07
16.6097	-4.13856e-09	-1.94137e-07	-5.62171e-13	-3.91804e-08	0.000111451	4.2596e-07
16.6097	-4.00516e-09	-1.94139e-07	-5.60797e-13	-6.25805e-07	0.000389917	4.207e-07
16.6097	-3.46594e-09	-1.94141e-07	-5.55258e-13	6.27664e-07	-0.000392902	4.1535e-07
16.6097	-3.339e-09	-1.94143e-07	-5.53951e-13	-7.04883e-09	-0.000257068	4.09916e-07
16.6097	-3.47542e-09	-1.94145e-07	-5.55348e-13	-6.56081e-10	-9.75566e-07	4.04387e-07
16.6097	-3.61095e-09	-1.94146e-07	-5.56735e-13	-9.44602e-09	0.000283324	3.98766e-07
16.6097	-3.46413e-09	-1.94148e-07	-5.55224e-13	-1.02401e-07	0.000102593	3.93065e-07
16.6097	-3.21935e-09	-1.9415e-07	-5.52708e-13	-1.01528e-07	7.09058e-05	3.87328e-07
16.6097	-2.91003e-09	-1.94152e-07	-5.49529e-13	2.22574e-08	-1.41426e-05	3.81554e-07
16.6097	-2.61877e-09	-1.94153e-07	-5.46535e-13	6.20856e-08	-0.000571951	3.7572e-07
16.6097	-2.86505e-09	-1.94155e-07	-5.4906e-13	1.66772e-07	0.00020834	3.69838e-07
16.6097	-2.91635e-09	-1.94157e-07	-5.49583e-13	-7.17072e-08	0.00023428	3.63937e-07
16.6097	-2.75539e-09	-1.94158e-07	-5.47928e-13	-2.54011e-07	0.000186905	3.5802e-07
16.6097	-2.43117e-09	-1.9416e-07	-5.44596e-13	7.00786e-08	-4.06318e-05	3.52101e-07
16.6097	-2.14782e-09	-1.94162e-07	-5.41684e-13	2.63266e-07	-0.000315844	3.46203e-07
16.6097	-2.14028e-09	-1.94163e-07	-5.41603e-13	-3.89866e-08	0.000116402	3.403e-07
16.6097	-2.0347e-09	-1.94165e-07	-5.40516e-13	-4.79579e-08	6.15078e-05	3.34392e-07
16.6097	-1.88e-09	-1.94166e-07	-5.38925e-13	-2.37581e-08	2.3919e-05	3.28492e-07
16.6097	-1.70859e-09	-1.94168e-07	-5.37163e-13	4.93779e-08	-0.00036748	3.22614e-07
16.6097	-1.83396e-09	-1.94169e-07	-5.38447e-13	3.73112e-08	5.84663e-05	3.1677e-07
16.6097	-1.91117e-09	-1.9417e-07	-5.39236e-13	4.53868e-09	0.000187097	3.10967e-07
16.6097	-1.84286e-09	-1.94172e-07	-5.38532e-13	1.06105e-08	-2.85061e-05	3.05189e-07
16.6097	-1.79737e-09	-1.94173e-07	-5.38062e-13	-1.33082e-06	0.000671894	2.99469e-07
16.6097	-1.25446e-09	-1.94175e-07	-5.32486e-13	-3.63578e-07	9.33716e-05	2.93812e-07
16.6097	-6.5397e-10	-1.94176e-07	-5.26319e-13	1.60699e-06	-0.000629024	2.88177e-07
16.6097	-5.13832e-10	-1.94177e-07	-5.24878e-13	5.4056e-08	-0.000326673	2.82582e-07
16.6097	-6.04934e-10	-1.94178e-07	-5.2581e-13	-4.12176e-07	-0.000296177	2.77044e-07
16.6097	-8.97342e-10	-1.9418e-07	-5.2881e-13	4.1195e-07	0.000557006	2.71573e-07
16.6097	-8.0957e-10	-1.94181e-07	-5.27906e-13	-1.34725e-06	0.000615034	2.66153e-07
16.6097	-3.1848e-10	-1.94182e-07	-5.22862e-13	-2.11855e-06	0.000439015	2.60787e-07
16.6097	4.45972e-10	-1.94183e-07	-5.15012e-13	3.27099e-06	-0.000876447	2.55499e-07
16.6097	6.40805e-10	-1.94184e-07	-5.1301e-13	-1.0147e-06	-0.0010159	2.50271e-07
16.6097	2.02614e-10	-1.94185e-07	-5.17506e-13	4.83897e-07	0.000153367	2.45101e-07
16.6097	-1.33509e-10	-1.94187e-07	-5.20954e-13	-4.61044e-07	0.00125557	2.40009e-07
16.6097	2.82811e-10	-1.94188e-07	-5.16678e-13	4.3868e-07	-0.000138868	2.34973e-07
16.6097	6.09629e-10	-1.94189e-07	-5.13321e-13	8.56488e-08	-3.13335e-05	2.29995e-07
16.6097	9.11683e-10	-1.9419e-07	-5.10218e-13	6.21398e-07	-0.000348193	2.25105e-07
16.6097	1.01347e-09	-1.94191e-07	-5.09171e-13	4.91686e-08	-0.000300129	2.20268e-07
16.6097	9.49581e-10	-1.94192e-07	-5.09825e-13	-1.05119e-07	-0.000118935	2.15486e-07
16.6097	8.23716e-10	-1.94193e-07	-5.11115e-13	-1.66267e-06	0.00108528	2.10784e-07
16.6097	1.26617e-09	-1.94194e-07	-5.06571e-13	-4.69933e-06	0.000763586	2.06128e-07
16.6097	2.08783e-09	-1.94195e-07	-4.98134e-13	-6.04014e-06	0.000627129	2.01525e-07
16.6097	3.20347e-09	-1.94195e-07	-4.86679e-13	1.15943e-05	-0.00162416	1.96989e-07
16.6097	3.50317e-09	-1.94196e-07	-4.83601e-13	-3.94436e-06	-0.00201441	1.9251e-07
16.6097	2.83774e-09	-1.94197e-07	-4.9043e-13	1.34501e-06	0.000207727	1.88086e-07
16.6097	2.28421e-09	-1.94198e-07	-4.96111e-13	3.03484e-06	0.00164359	1.83728e-07
16.6097	2.48961e-09	-1.94199e-07	-4.94e-13	-3.80606e-06	0.000861711	1.79416e-07
16.6097	3.07203e-09	-1.942e-07	-4.8802e-13	-2.00198e-06	0.000275731	1.75149e-07
16.6097	3.75981e-09	-1.942e-07	-4.80957e-13	5.7474e-06	-0.00111139	1.70951e-07
16.6097	3.96185e-09	-1.94201e-07	-4.78882e-13	-3.28421e-06	-0.0017206	1.66778e-07
16.6097	3.45048e-09	-1.94202e-07	-4.8413e-13	1.15709e-06	0.000202888	1.62632e-07
16.6097	3.03331e-09	-1.94203e-07	-4.88411e-13	2.69385e-06	0.000990964	1.58573e-07
16.6097	3.01445e-09	-1.94203e-07	-4.88603e-13	-5.90619e-09	-2.02534e-05	1.5455e-07
16.6097	2.98835e-09	-1.94204e-07	-4.8887e-13	-1.27987e-07	-0.00016794	1.50526e-07
16.6097	2.90057e-09	-1.94205e-07	-4.89769e-13	-1.61287e-06	0.00107366	1.46563e-07
16.6097	3.20326e-09	-1.94205e-07	-4.86661e-13	-5.78262e-06	0.000898821	1.42656e-07
16.6097	3.81395e-09	-1.94206e-07	-4.8039e-13	-4.11118e-06	0.000422242	1.38746e-07
16.6097	4.55203e-09	-1.94207e-07	-4.72812e-13	-6.96763e-05	0.00354451	1.34886e-07
16.6097	6.44803e-09	-1.94207e-07	-4.53347e-13	-8.06651e-05	0.00234507	1.31128e-07
16.6097	9.04891e-09	-1.94208e-07	-4.26645e-13	7.22099e-05	-0.00205599	1.27348e-07
16.6097	1.09278e-08	-1.94208e-07	-4.07356e-13	6.39574e-05	-0.00920557	1.23516e-07
16.6097	9.95077e-09	-1.94209e-07	-4.17385e-13	-0.00021746	-0.00664804	1.19828e-07
16.6097	7.04034e-09	-1.94209e-07	-4.47261e-13	-0.000181801	-0.00317104	1.16287e-07
16.6097	3.30893e-09	-1.9421e-07	-4.85567e-13	-0.000425774	-0.00539601	1.12827e-07
16.6097	-1.81101e-09	-1.9421e-07	-5.38126e-13	-0.000265956	-0.0026776	1.09397e-07
16.6097	-7.49202e-09	-1.94211e-07	-5.96446e-13	6.61537e-05	0.000632955	1.0589e-07
16.6097	-1.2821e-08	-1.94211e-07	-6.51151e-13	0.000667739	0.00810322	1.02237e-07
16.6097	-1.59246e-08	-1.94212e-07	-6.83012e-13	0.000348243	0.0160943	9.85963e-08
16.6097	-1.50231e-08	-1.94212e-07	-6.73756e-13	-0.000931399	0.0159099	9.54157e-08
16.6097	-1.04092e-08	-1.94213e-07	-6.26389e-13	-0.00266045	0.0182798	9.30283e-08
16.6097	-1.68345e-09	-1.94213e-07	-5.36811e-13	-0.00230936	0.0104506	9.10431e-08
16.6097	9.20188e-09	-1.94214e-07	-4.25063e-13	-0.00211129	0.00779705	8.89926e-08
16.6097	2.15515e-08	-1.94214e-07	-2.98283e-13	0.0012692	-0.00453545	8.62206e-08
16.6097	3.24553e-08	-1.94214e-07	-1.86345e-13	0.00184833	-0.00749493	8.27586e-08
16.6097	4.13956e-08	-1.94215e-07	-9.45643e-14	0.0021378	-0.0108303	7.93834e-08
16.6097	4.78671e-08	-1.94215e-07	-2.81288e-14	0.00232801	-0.0196876	7.61564e-08
16.6097	5.04052e-08	-1.94215e-07	-2.07151e-15	0.000346064	-0.0204759	7.34562e-08
16.6097	4.91643e-08	-1.94216e-07	-1.48106e-14	-0.00190816	-0.0215323	7.16807e-08
16.6097	4.41221e-08	-1.94216e-07	-6.65719e-14	-0.00345945	-0.0181246	7.07269e-08
16.6097	3.59318e-08	-1.94216e-07	-1.50652e-13	-0.000111244	-0.000462719	6.97512e-08
16.6097	2.78183e-08	-1.94217e-07	-2.33944e-13	-0.000279799	-0.00114302	6.86632e-08
16.6097	1.9607e-08	-1.94217e-07	-3.18239e-13	0.000835371	0.0035045	6.78061e-08
16.6097	1.20925e-08	-1.94217e-07	-3.95381e-13	0.00141294	0.00669865	6.694e-08
16.6097	5.78639e-09	-1.94217e-07	-4.60118e-13	-0.00158763	-0.00745518	6.67101e-08
16.6097	-1.80335e-09	-1.94218e-07	-5.38033e-13	0.00224944	0.0110593	6.65519e-08
16.6097	-7.48301e-09	-1.94218e-07	-5.96339e-13	0.00158605	0.0108617	6.60681e-08
16.6097	-1.13495e-08	-1.94218e-07	-6.36031e-13	0.00137311	0.021765	6.59529e-08
16.6097	-1.16285e-08	-1.94219e-07	-6.38894e-13	-2.78152e-05	0.00543099	6.63618e-08
16.6097	-1.10044e-08	-1.94219e-07	-6.32487e-13	-0.00016501	0.0052018	6.73591e-08
16.6097	-9.48512e-09	-1.94219e-07	-6.16889e-13	-1.04676e-05	0.000230913	6.87559e-08
16.6097	-7.89032e-09	-1.9422e-07	-6.00517e-13	-0.000306049	0.00519179	7.05898e-08
16.6097	-5.31797e-09	-1.9422e-07	-5.74109e-13	0.000267895	-0.00439538	7.27706e-08
16.6097	-3.47601e-09	-1.9422e-07	-5.55199e-13	-3.54492e-05	0.000686609	7.53161e-08
16.6097	-1.43221e-09	-1.94221e-07	-5.34217e-13	0.000264661	-0.00787077	7.82827e-08
16.6097	-8.76375e-10	-1.94221e-07	-5.2851e-13	9.03154e-06	-0.000749473	8.16947e-08
16.6097	-4.51288e-10	-1.94221e-07	-5.24145e-13	-1.63342e-05	-0.00530246	8.56688e-08
16.6097	-1.16837e-09	-1.94222e-07	-5.31506e-13	-1.38221e-05	-0.000758018	9.02382e-08
16.6097	-2.1011e-09	-1.94222e-07	-5.4108e-13	-3.23143e-05	-0.00137147	9.55033e-08
16.6097	-3.42763e-09	-1.94223e-07	-5.54697e-13	3.87813e-06	0.000145635	1.01557e-07
16.6097	-4.80332e-09	-1.94223e-07	-5.68819e-13	-4.99302e-05	-0.00164358	1.08566e-07
16.6097	-6.7397e-09	-1.94224e-07	-5.88697e-13	2.37455e-06	6.9187e-05	1.16742e-07
16.6097	-8.8069e-09	-1.94224e-07	-6.09917e-13	-2.24224e-05	-0.000627731	1.2633e-07
16.6097	-1.12574e-08	-1.94225e-07	-6.35073e-13	-2.04171e-05	-0.000528709	1.37706e-07
16.6097	-1.41289e-08	-1.94225e-07	-6.64549e-13	1.78838e-05	0.000461087	1.51361e-07
16.6097	-1.71151e-08	-1.94226e-07	-6.95204e-13	8.63798e-05	0.00282741	1.68089e-07
16.6097	-1.91961e-08	-1.94227e-07	-7.16566e-13	5.10579e-05	0.0034252	1.89195e-07
16.6097	-1.98336e-08	-1.94228e-07	-7.23108e-13	4.02071e-06	0.00128312	2.17097e-07
16.6097	-1.98249e-08	-1.94229e-07	-7.23017e-13	-5.73786e-07	-0.000494161	2.56719e-07
16.6097	-2.01608e-08	-1.9423e-07	-7.26462e-13	-7.40367e-06	-0.00130707	3.19658e-07
16.6097	-2.17642e-08	-1.94232e-07	-7.42919e-13	1.91137e-06	0.000228615	4.40924e-07
16.6097	-2.38002e-08	-1.94234e-07	-7.63816e-13	5.84111e-06	0.00185812	7.57825e-07
16.6097	-2.30547e-08	-1.94239e-07	-7.56154e-13	-2.05384e-06	0.000654498	2.79845e-06
16.6097	-1.20643e-08	-1.94259e-07	-6.43284e-13	-0.399998	-0.000954956	0.00243037
16.6073	-1.33254e-08	-1.72357e-07	-7.01166e-13	0.4	1.86797e-07	0.00482152
