16.6203	-8.06904e-10	-3.45319e-07	-6.3918e-14	-1.01978e-05	-0.00201965	0.00383027
16.6203	-3.24244e-08	-3.45364e-07	-5.83302e-13	-0.000632722	0.0180432	3.34226e-06
16.6203	-1.54978e-08	-3.45367e-07	-3.05243e-13	-0.0026117	0.0199105	3.2606e-07
16.6203	5.12609e-09	-3.45369e-07	3.35507e-14	0.000687612	-0.00399326	2.01326e-07
16.6203	1.89467e-08	-3.4537e-07	2.60585e-13	0.00187696	-0.0153412	1.62936e-07
16.6203	2.52875e-08	-3.45371e-07	3.64748e-13	0.000618779	-0.0112605	1.49155e-07
16.6203	2.72298e-08	-3.45372e-07	3.96654e-13	4.58181e-05	-0.00214802	1.44578e-07
16.6203	2.83757e-08	-3.45373e-07	4.15478e-13	-2.65393e-05	0.00136927	1.43934e-07
16.6203	3.002e-08	-3.45374e-07	4.4249e-13	-7.85627e-05	0.00266515	1.45157e-07
16.6203	3.26588e-08	-3.45375e-07	4.85839e-13	4.80811e-06	-0.00013425	1.47349e-07
16.6203	3.52934e-08	-3.45376e-07	5.29118e-13	6.52467e-05	-0.00217199	1.50042e-07
16.6203	3.71562e-08	-3.45378e-07	5.59719e-13	4.31539e-05	-0.00228475	1.53054e-07
16.6203	3.81746e-08	-3.45379e-07	5.76449e-13	1.14484e-05	-0.00109782	1.56305e-07
16.6203	3.87815e-08	-3.4538e-07	5.86419e-13	5.4504e-06	-0.00111106	1.59728e-07
16.6203	3.89533e-08	-3.45381e-07	5.89241e-13	3.30861e-07	-0.000646414	1.63285e-07
16.6203	3.88622e-08	-3.45382e-07	5.87744e-13	-9.79848e-07	-0.000443019	1.66962e-07
16.6203	3.8582e-08	-3.45383e-07	5.83141e-13	-6.37485e-06	-0.00106547	1.70752e-07
16.6203	3.78355e-08	-3.45385e-07	5.70878e-13	-2.232e-06	-0.00024129	1.74656e-07
16.6203	3.69652e-08	-3.45386e-07	5.56583e-13	-2.64756e-05	-0.00183363	1.78689e-07
16.6203	3.52463e-08	-3.45387e-07	5.28345e-13	-3.5423e-05	-0.00154717	1.82859e-07
16.6203	3.27715e-08	-3.45389e-07	4.87692e-13	-3.46701e-05	-0.00116775	1.87156e-07
16.6203	2.96858e-08	-3.4539e-07	4.37002e-13	-3.17263e-05	-0.000909313	1.91576e-07
16.6203	2.60863e-08	-3.45391e-07	3.77873e-13	-4.95278e-05	-0.00123046	1.96138e-07
16.6203	2.17903e-08	-3.45393e-07	3.07301e-13	-2.38451e-05	-0.000533762	2.00826e-07
16.6203	1.71205e-08	-3.45394e-07	2.30588e-13	-3.07873e-05	-0.000646339	2.0564e-07
16.6203	1.20022e-08	-3.45396e-07	1.46509e-13	1.30238e-05	0.000268077	2.10569e-07
16.6203	6.90424e-09	-3.45397e-07	6.2764e-14	6.56488e-05	0.00148582	2.1559e-07
16.6203	2.49536e-09	-3.45399e-07	-9.66161e-15	4.20186e-05	0.00111563	2.20733e-07
16.6203	-1.39614e-09	-3.454e-07	-7.35881e-14	1.83015e-05	0.000546301	2.2604e-07
16.6203	-5.0692e-09	-3.45402e-07	-1.33926e-13	4.7467e-05	0.00170321	2.31489e-07
16.6203	-7.83327e-09	-3.45404e-07	-1.79332e-13	9.16785e-06	0.000405812	2.37084e-07
16.6203	-1.0421e-08	-3.45405e-07	-2.21841e-13	2.82523e-05	0.00160989	2.42826e-07
16.6203	-1.20823e-08	-3.45407e-07	-2.49132e-13	1.79772e-05	0.00305476	2.48703e-07
16.6203	-1.18618e-08	-3.45409e-07	-2.45509e-13	-2.94669e-05	0.00310046	2.54757e-07
16.6203	-9.63743e-09	-3.45411e-07	-2.08969e-13	-0.000120206	0.00429311	2.61033e-07
16.6203	-4.52184e-09	-3.45413e-07	-1.24933e-13	-5.32217e-06	0.000136151	2.67433e-07
16.6203	8.09703e-10	-3.45415e-07	-3.73505e-14	3.58433e-05	-0.000968614	2.73865e-07
16.6203	5.59765e-09	-3.45417e-07	4.13027e-14	3.64133e-05	-0.0011486	2.80398e-07
16.6203	9.68497e-09	-3.45419e-07	1.08446e-13	4.61176e-05	-0.00191977	2.87051e-07
16.6203	1.24752e-08	-3.45421e-07	1.54282e-13	2.91964e-05	-0.00208456	2.9383e-07
16.6203	1.37821e-08	-3.45423e-07	1.75751e-13	7.43008e-06	-0.00210612	3.00752e-07
16.6203	1.35177e-08	-3.45425e-07	1.71409e-13	-2.22613e-06	-0.000658082	3.07811e-07
16.6203	1.2735e-08	-3.45428e-07	1.5855e-13	-8.50408e-06	-0.00109506	3.14996e-07
16.6203	1.10617e-08	-3.4543e-07	1.31064e-13	-1.46476e-05	-0.00110423	3.22297e-07
16.6203	8.44992e-09	-3.45432e-07	8.81594e-14	-2.09196e-06	-0.000127976	3.29693e-07
16.6203	5.67191e-09	-3.45435e-07	4.25246e-14	1.44176e-05	0.00102169	3.37147e-07
16.6203	3.70231e-09	-3.45437e-07	1.01698e-14	1.10397e-05	0.001349	3.44664e-07
16.6203	2.86417e-09	-3.4544e-07	-3.59832e-15	2.19888e-06	0.00074721	3.52266e-07
16.6203	2.67282e-09	-3.45442e-07	-6.74144e-15	-2.70099e-07	0.000607687	3.59942e-07
16.6203	3.03001e-09	-3.45445e-07	-8.73508e-16	-1.82184e-06	0.000546928	3.6767e-07
16.6203	3.90283e-09	-3.45447e-07	1.34649e-14	-3.64988e-06	0.000590986	3.75456e-07
16.6203	5.35452e-09	-3.4545e-07	3.73126e-14	2.51059e-06	-0.000373637	3.83307e-07
16.6203	6.47465e-09	-3.45453e-07	5.57136e-14	3.18602e-06	-0.000903468	3.91229e-07
16.6203	6.72516e-09	-3.45456e-07	5.98291e-14	-3.53387e-07	-0.000707022	3.9923e-07
16.6203	6.268e-09	-3.45459e-07	5.23195e-14	-2.37217e-07	-9.47274e-05	4.07313e-07
16.6203	5.70421e-09	-3.45462e-07	4.30583e-14	2.11324e-07	8.34477e-05	4.15495e-07
16.6203	5.21666e-09	-3.45465e-07	3.50496e-14	-3.65613e-08	-1.54758e-05	4.23785e-07
16.6203	4.70287e-09	-3.45468e-07	2.66098e-14	5.6309e-07	0.000406839	4.32158e-07
16.6203	4.62281e-09	-3.45471e-07	2.52949e-14	-1.19785e-07	0.000304262	4.40616e-07
16.6203	4.87957e-09	-3.45474e-07	2.95132e-14	1.05493e-07	-0.000125496	4.49205e-07
16.6203	4.99905e-09	-3.45478e-07	3.14763e-14	1.21882e-08	-0.000184292	4.57938e-07
16.6203	4.90783e-09	-3.45481e-07	2.99782e-14	-1.49868e-08	-3.16383e-05	4.66745e-07
16.6203	4.77761e-09	-3.45484e-07	2.78394e-14	-1.11731e-07	-0.000128012	4.7552e-07
16.6203	4.49139e-09	-3.45488e-07	2.3138e-14	4.88792e-08	4.52724e-05	4.84174e-07
16.6203	4.25535e-09	-3.45491e-07	1.92609e-14	6.33749e-08	0.000302905	4.92665e-07
16.6203	4.3915e-09	-3.45495e-07	2.14979e-14	-4.27138e-08	6.09776e-05	5.00986e-07
16.6203	4.60691e-09	-3.45499e-07	2.50369e-14	7.00933e-08	-0.000203176	5.09177e-07
16.6203	4.56509e-09	-3.45502e-07	2.43504e-14	-1.4508e-08	-5.02672e-05	5.17346e-07
16.6203	4.45708e-09	-3.45506e-07	2.25764e-14	1.69523e-08	9.20456e-05	5.25614e-07
16.6203	4.46925e-09	-3.4551e-07	2.27768e-14	-3.98007e-09	-5.01329e-05	5.34035e-07
16.6203	4.41415e-09	-3.45514e-07	2.18721e-14	-8.91912e-09	-3.14717e-05	5.4261e-07
16.6203	4.31513e-09	-3.45518e-07	2.0246e-14	1.26455e-08	8.60523e-05	5.51324e-07
16.6203	4.33407e-09	-3.45522e-07	2.05576e-14	2.91552e-10	-5.30963e-06	5.60164e-07
16.6203	4.34583e-09	-3.45526e-07	2.07512e-14	-2.17741e-08	8.537e-05	5.69159e-07
16.6203	4.48021e-09	-3.4553e-07	2.29592e-14	2.03251e-08	-0.000119171	5.78419e-07
16.6203	4.44307e-09	-3.45534e-07	2.23496e-14	-2.2016e-08	-7.1764e-05	5.88111e-07
16.6203	4.2989e-09	-3.45538e-07	1.99817e-14	1.44383e-08	3.65754e-05	5.98445e-07
16.6203	4.20732e-09	-3.45543e-07	1.84779e-14	7.85333e-09	3.74531e-05	6.0968e-07
16.6203	4.17161e-09	-3.45547e-07	1.78917e-14	-6.4055e-10	5.14051e-05	6.22003e-07
16.6203	4.2159e-09	-3.45552e-07	1.86199e-14	-3.43812e-09	1.83907e-05	6.35297e-07
16.6203	4.29069e-09	-3.45556e-07	1.9849e-14	5.05733e-09	-3.44494e-05	6.49166e-07
16.6203	4.3106e-09	-3.45561e-07	2.01766e-14	-3.29935e-08	-0.000127655	6.63032e-07
16.6203	4.11714e-09	-3.45566e-07	1.69991e-14	-4.1287e-09	-6.93967e-06	6.76229e-07
16.6203	3.90817e-09	-3.45571e-07	1.35669e-14	-1.25308e-08	-1.89925e-05	6.88272e-07
16.6203	3.66276e-09	-3.45576e-07	9.53609e-15	4.98538e-08	0.000133266	6.99056e-07
16.6203	3.64835e-09	-3.45581e-07	9.29996e-15	-4.60015e-08	0.000144081	7.08943e-07
16.6203	3.89084e-09	-3.45586e-07	1.32839e-14	2.69508e-08	-4.82183e-05	7.18901e-07
16.6203	4.04955e-09	-3.45591e-07	1.58917e-14	1.90044e-08	-9.69263e-05	7.30174e-07
16.6203	4.03252e-09	-3.45597e-07	1.56126e-14	-1.45836e-08	-6.7686e-05	7.41209e-07
16.6203	3.88901e-09	-3.45602e-07	1.32558e-14	1.31145e-08	0.000102881	7.49747e-07
16.6203	3.93788e-09	-3.45608e-07	1.40592e-14	-1.52818e-09	9.89355e-06	7.56439e-07
16.6203	4.00593e-09	-3.45613e-07	1.51777e-14	-4.42018e-09	1.94103e-05	7.62707e-07
16.6203	4.11172e-09	-3.45619e-07	1.69162e-14	7.45148e-09	-6.3735e-05	7.68439e-07
16.6204	4.09537e-09	-3.45624e-07	1.66482e-14	-6.7794e-09	-4.42765e-05	7.7302e-07
16.6204	3.99313e-09	-3.4563e-07	1.49694e-14	-5.07062e-08	-9.91143e-05	7.77068e-07
16.6204	3.69733e-09	-3.45635e-07	1.01108e-14	4.18285e-08	7.2284e-05	7.80718e-07
16.6204	3.54165e-09	-3.45641e-07	7.55414e-15	1.58292e-08	7.78106e-05	7.83652e-07
16.6204	3.53816e-09	-3.45647e-07	7.49738e-15	-3.51806e-09	3.93366e-05	7.86146e-07
16.6204	3.61208e-09	-3.45652e-07	8.71239e-15	3.00764e-09	-5.19557e-05	7.88255e-07
16.6204	3.58367e-09	-3.45658e-07	8.24635e-15	-1.76522e-09	4.46239e-05	7.89828e-07
16.6204	3.6434e-09	-3.45664e-07	9.22819e-15	-1.9234e-09	1.07988e-05	7.91019e-07
16.6204	3.72458e-09	-3.45669e-07	1.05624e-14	2.63445e-09	-1.59411e-05	7.91794e-07
16.6204	3.77424e-09	-3.45675e-07	1.13789e-14	1.396e-09	-1.66739e-05	7.92112e-07
16.6204	3.79089e-09	-3.45681e-07	1.16531e-14	-1.1735e-09	1.48325e-05	7.92037e-07
16.6204	3.8369e-09	-3.45687e-07	1.24095e-14	-1.28934e-08	-9.87215e-05	7.91513e-07
16.6204	3.68761e-09	-3.45692e-07	9.95777e-15	-2.98578e-09	-7.53525e-06	7.90568e-07
16.6204	3.52365e-09	-3.45698e-07	7.26503e-15	9.74985e-09	2.83189e-05	7.89196e-07
16.6204	3.41585e-09	-3.45704e-07	5.49471e-15	-2.4574e-09	0.000117744	7.8735e-07
16.6204	3.53978e-09	-3.45709e-07	7.53128e-15	5.51032e-10	-1.77285e-06	7.85066e-07
16.6204	3.65985e-09	-3.45715e-07	9.50432e-15	8.69738e-09	-4.46756e-05	7.82334e-07
16.6204	3.69225e-09	-3.45721e-07	1.00372e-14	-5.56023e-10	5.71607e-06	7.79169e-07
16.6204	3.73562e-09	-3.45726e-07	1.07504e-14	1.01832e-09	-3.18318e-05	7.75614e-07
16.6204	3.71721e-09	-3.45732e-07	1.04486e-14	-1.45623e-10	2.17184e-05	7.71646e-07
16.6204	3.74068e-09	-3.45738e-07	1.08348e-14	-7.0519e-11	1.10634e-06	7.67302e-07
16.6204	3.76613e-09	-3.45743e-07	1.12535e-14	-2.66873e-09	2.19717e-05	7.62557e-07
16.6204	3.83317e-09	-3.45749e-07	1.23554e-14	-2.51055e-09	1.2143e-05	7.57443e-07
16.6204	3.92266e-09	-3.45754e-07	1.3826e-14	2.94684e-09	-1.47095e-05	7.51986e-07
16.6204	3.98392e-09	-3.45759e-07	1.48331e-14	2.67333e-09	-3.18404e-05	7.46166e-07
16.6204	3.98554e-09	-3.45765e-07	1.48603e-14	-5.72944e-09	-4.87523e-05	7.40057e-07
16.6204	3.89733e-09	-3.4577e-07	1.34118e-14	5.68618e-09	5.21337e-05	7.33635e-07
16.6204	3.9051e-09	-3.45775e-07	1.354e-14	-8.11264e-09	5.28709e-05	7.26913e-07
16.6204	4.00842e-09	-3.45781e-07	1.52379e-14	-7.59039e-09	2.22442e-05	7.19925e-07
16.6204	4.15056e-09	-3.45786e-07	1.75735e-14	1.52932e-08	-9.2861e-05	7.12659e-07
16.6204	4.12664e-09	-3.45791e-07	1.71812e-14	-1.30697e-09	-1.30563e-05	7.05095e-07
16.6204	4.0801e-09	-3.45796e-07	1.64172e-14	-6.11889e-09	-2.95974e-05	6.97322e-07
16.6204	3.98277e-09	-3.45801e-07	1.48189e-14	7.81047e-09	6.14609e-05	6.89359e-07
16.6204	3.99188e-09	-3.45806e-07	1.49691e-14	-5.25979e-09	4.08609e-05	6.81151e-07
16.6204	4.07003e-09	-3.45811e-07	1.62534e-14	-8.40941e-08	0.000142954	6.72739e-07
16.6204	4.3861e-09	-3.45816e-07	2.14462e-14	8.43438e-08	-0.000144048	6.64183e-07
16.6204	4.46047e-09	-3.4582e-07	2.26685e-14	-9.62685e-10	-9.4248e-05	6.55496e-07
16.6204	4.38044e-09	-3.45825e-07	2.13543e-14	-8.83208e-11	-3.58068e-07	6.46654e-07
16.6204	4.30093e-09	-3.4583e-07	2.00487e-14	-1.25266e-09	0.000103874	6.37665e-07
16.6204	4.38695e-09	-3.45834e-07	2.14624e-14	-1.37584e-08	3.76139e-05	6.28549e-07
16.6204	4.53041e-09	-3.45839e-07	2.38194e-14	-1.36423e-08	2.59952e-05	6.19374e-07
16.6204	4.7117e-09	-3.45843e-07	2.67982e-14	2.99048e-09	-5.1843e-06	6.10141e-07
16.6204	4.88241e-09	-3.45848e-07	2.9603e-14	8.3115e-09	-0.000209693	6.00812e-07
16.6204	4.73797e-09	-3.45852e-07	2.72307e-14	2.2429e-08	7.63829e-05	5.91407e-07
16.6204	4.70785e-09	-3.45856e-07	2.67364e-14	-9.62455e-09	8.58935e-05	5.81971e-07
16.6204	4.80217e-09	-3.4586e-07	2.82863e-14	-3.41315e-08	6.85239e-05	5.7251e-07
16.6204	4.99221e-09	-3.45864e-07	3.14085e-14	9.41693e-09	-1.48963e-05	5.63045e-07
16.6204	5.15828e-09	-3.45869e-07	3.41372e-14	3.53681e-08	-0.000115797	5.53612e-07
16.6204	5.16266e-09	-3.45872e-07	3.42095e-14	-5.23345e-09	4.26764e-05	5.44172e-07
16.6204	5.22451e-09	-3.45876e-07	3.5226e-14	-6.44248e-09	2.25501e-05	5.34725e-07
16.6204	5.31516e-09	-3.4588e-07	3.67156e-14	-3.19223e-09	8.76998e-06	5.2529e-07
16.6204	5.41561e-09	-3.45884e-07	3.83662e-14	6.61545e-09	-0.000134728	5.15891e-07
16.6204	5.34207e-09	-3.45888e-07	3.71585e-14	5.01864e-09	2.14351e-05	5.06548e-07
16.6204	5.29677e-09	-3.45891e-07	3.64147e-14	6.21232e-10	6.85947e-05	4.97265e-07
16.6204	5.33678e-09	-3.45895e-07	3.70723e-14	1.42457e-09	-1.04514e-05	4.88028e-07
16.6204	5.36341e-09	-3.45898e-07	3.75102e-14	-1.78843e-07	0.000246336	4.7888e-07
16.6204	5.68166e-09	-3.45902e-07	4.27386e-14	-4.88652e-08	3.42328e-05	4.6983e-07
16.6204	6.03367e-09	-3.45905e-07	4.85216e-14	2.15968e-07	-0.000230619	4.60822e-07
16.6204	6.11579e-09	-3.45908e-07	4.9871e-14	7.24637e-09	-0.000119767	4.51876e-07
16.6204	6.06235e-09	-3.45912e-07	4.89934e-14	-5.54205e-08	-0.000108587	4.43019e-07
16.6204	5.89088e-09	-3.45915e-07	4.6177e-14	5.54059e-08	0.000204214	4.3427e-07
16.6204	5.9423e-09	-3.45918e-07	4.70222e-14	-1.81056e-07	0.00022549	4.25603e-07
16.6204	6.23018e-09	-3.45921e-07	5.17515e-14	-2.84747e-07	0.000160959	4.1702e-07
16.6204	6.67832e-09	-3.45924e-07	5.91136e-14	4.39627e-07	-0.000321335	4.08564e-07
16.6204	6.79252e-09	-3.45927e-07	6.09898e-14	-1.36453e-07	-0.000372459	4.00205e-07
16.6204	6.53558e-09	-3.4593e-07	5.67695e-14	6.50553e-08	5.6231e-05	3.9194e-07
16.6204	6.33849e-09	-3.45933e-07	5.35322e-14	-6.18962e-08	0.000460325	3.83798e-07
16.6204	6.58254e-09	-3.45935e-07	5.75415e-14	5.89546e-08	-5.09108e-05	3.75743e-07
16.6204	6.77411e-09	-3.45938e-07	6.06888e-14	1.15112e-08	-1.14882e-05	3.67781e-07
16.6204	6.95117e-09	-3.45941e-07	6.35976e-14	8.35053e-08	-0.000127658	3.59963e-07
16.6204	7.01081e-09	-3.45943e-07	6.45777e-14	6.59141e-09	-0.000110035	3.52232e-07
16.6204	6.97333e-09	-3.45946e-07	6.39623e-14	-1.4137e-08	-4.36059e-05	3.44585e-07
16.6204	6.89951e-09	-3.45948e-07	6.27499e-14	-2.23429e-07	0.000397896	3.3706e-07
16.6204	7.15888e-09	-3.45951e-07	6.70109e-14	-6.31626e-07	0.000279956	3.29613e-07
16.6204	7.64057e-09	-3.45953e-07	7.49241e-14	-8.1197e-07	0.000229957	3.22247e-07
16.6204	8.29461e-09	-3.45955e-07	8.56684e-14	1.55848e-06	-0.000595505	3.14996e-07
16.6204	8.47029e-09	-3.45957e-07	8.85546e-14	-5.30318e-07	-0.000738546	3.07838e-07
16.6204	8.08014e-09	-3.4596e-07	8.21458e-14	1.80804e-07	7.61593e-05	3.00763e-07
16.6204	7.75561e-09	-3.45962e-07	7.68148e-14	4.08041e-07	0.000602593	2.93796e-07
16.6204	7.876e-09	-3.45964e-07	7.87928e-14	-5.11565e-07	0.000315938	2.869e-07
16.6204	8.21743e-09	-3.45966e-07	8.44018e-14	-2.69089e-07	0.000101094	2.80074e-07
16.6204	8.62064e-09	-3.45968e-07	9.10256e-14	7.72506e-07	-0.000407482	2.73364e-07
16.6204	8.73906e-09	-3.4597e-07	9.29712e-14	-4.41547e-07	-0.00063082	2.66693e-07
16.6204	8.43924e-09	-3.45972e-07	8.80462e-14	1.55526e-07	7.43763e-05	2.60061e-07
16.6204	8.19465e-09	-3.45974e-07	8.40284e-14	3.62167e-07	0.000363322	2.53571e-07
16.6204	8.18357e-09	-3.45975e-07	8.38466e-14	-7.9509e-10	-7.42554e-06	2.47141e-07
16.6204	8.16824e-09	-3.45977e-07	8.35951e-14	-1.72133e-08	-6.15711e-05	2.40706e-07
16.6204	8.11677e-09	-3.45979e-07	8.27496e-14	-2.16732e-07	0.000393635	2.34368e-07
16.6204	8.29421e-09	-3.45981e-07	8.56646e-14	-7.77283e-07	0.000329556	2.28115e-07
16.6204	8.65222e-09	-3.45982e-07	9.1546e-14	-5.52611e-07	0.000154814	2.21858e-07
16.6204	9.08491e-09	-3.45984e-07	9.86542e-14	-9.37089e-06	0.0013002	2.15655e-07
16.6204	1.01965e-08	-3.45985e-07	1.16914e-13	-1.08599e-05	0.000861121	2.09577e-07
16.6204	1.17213e-08	-3.45987e-07	1.41963e-13	9.72209e-06	-0.000755014	2.0353e-07
16.6204	1.28228e-08	-3.45988e-07	1.60058e-13	8.6027e-06	-0.00337599	1.97465e-07
16.6204	1.225e-08	-3.4599e-07	1.50648e-13	-2.92827e-05	-0.0024411	1.91505e-07
16.6204	1.05437e-08	-3.45991e-07	1.22618e-13	-2.45396e-05	-0.00116741	1.85687e-07
16.6204	8.35602e-09	-3.45992e-07	8.66815e-14	-5.77104e-05	-0.0019946	1.79927e-07
16.6204	5.35433e-09	-3.45994e-07	3.73722e-14	-3.6211e-05	-0.000994331	1.74193e-07
16.6204	2.02371e-09	-3.45995e-07	-1.73407e-14	9.01618e-06	0.000235293	1.68532e-07
16.6204	-1.10054e-09	-3.45996e-07	-6.86632e-14	9.06034e-05	0.00299788	1.62977e-07
16.6204	-2.92013e-09	-3.45997e-07	-9.8554e-14	4.69335e-05	0.00590821	1.57521e-07
16.6204	-2.39159e-09	-3.45998e-07	-8.98714e-14	-0.000126005	0.00586284	1.52253e-07
16.6204	3.134e-10	-3.45999e-07	-4.54358e-14	-0.000368518	0.00689338	1.47294e-07
16.6204	5.42904e-09	-3.46e-07	3.86002e-14	-0.000330455	0.00407623	1.42587e-07
16.6204	1.18108e-08	-3.46001e-07	1.43435e-13	-0.000311139	0.00313295	1.38021e-07
16.6204	1.9051e-08	-3.46002e-07	2.62372e-13	0.000188027	-0.00183242	1.33455e-07
16.6204	2.54436e-08	-3.46003e-07	3.67385e-13	0.000268388	-0.00296744	1.28983e-07
16.6204	3.0685e-08	-3.46004e-07	4.53487e-13	0.000302186	-0.0041729	1.24813e-07
16.6204	3.4479e-08	-3.46005e-07	5.15812e-13	0.000319641	-0.00735711	1.2091e-07
16.6204	3.59671e-08	-3.46006e-07	5.40257e-13	4.66946e-05	-0.00751842	1.17314e-07
16.6204	3.52395e-08	-3.46007e-07	5.28305e-13	-0.000260093	-0.00798498	1.14099e-07
16.6204	3.22835e-08	-3.46008e-07	4.79745e-13	-0.000488478	-0.00696714	1.11267e-07
16.6204	2.74817e-08	-3.46009e-07	4.00865e-13	-1.60863e-05	-0.0001825	1.08868e-07
16.6204	2.2725e-08	-3.46009e-07	3.22725e-13	-4.05095e-05	-0.000451373	1.07079e-07
16.6204	1.79109e-08	-3.4601e-07	2.43644e-13	0.000120602	0.0013799	1.05871e-07
16.6204	1.35054e-08	-3.46011e-07	1.71273e-13	0.000201021	0.00259878	1.05037e-07
16.6204	9.80827e-09	-3.46012e-07	1.1054e-13	-0.00022614	-0.00289548	1.04637e-07
16.6204	5.35861e-09	-3.46012e-07	3.74446e-14	0.000319014	0.00427493	1.0454e-07
16.6204	2.02878e-09	-3.46013e-07	-1.72552e-14	0.0002193	0.00409361	1.04656e-07
16.6204	-2.38064e-10	-3.46014e-07	-5.44932e-14	0.00018625	0.00803147	1.0515e-07
16.6204	-4.01605e-10	-3.46015e-07	-5.71796e-14	-3.73983e-06	0.00199139	1.0611e-07
16.6204	-3.57227e-11	-3.46015e-07	-5.11691e-14	-2.22144e-05	0.00190979	1.07656e-07
16.6204	8.54968e-10	-3.46016e-07	-3.65374e-14	-1.40864e-06	8.47579e-05	1.09849e-07
16.6204	1.78994e-09	-3.46017e-07	-2.11783e-14	-4.13298e-05	0.00191211	1.12703e-07
16.6204	3.29803e-09	-3.46018e-07	3.59557e-15	3.6185e-05	-0.0016192	1.16177e-07
16.6204	4.37791e-09	-3.46019e-07	2.13351e-14	-4.78049e-06	0.000252554	1.20299e-07
16.6204	5.57612e-09	-3.4602e-07	4.10185e-14	3.56434e-05	-0.00289031	1.25101e-07
16.6204	5.90198e-09	-3.4602e-07	4.63716e-14	1.21423e-06	-0.000274843	1.30629e-07
16.6204	6.15119e-09	-3.46021e-07	5.04655e-14	-2.19645e-06	-0.0019442	1.36982e-07
16.6204	5.73077e-09	-3.46022e-07	4.35593e-14	-1.85867e-06	-0.000278019	1.44279e-07
16.6204	5.18393e-09	-3.46023e-07	3.45763e-14	-4.34698e-06	-0.000503201	1.52681e-07
16.6204	4.40621e-09	-3.46025e-07	2.18006e-14	5.22052e-07	5.34718e-05	1.62349e-07
16.6204	3.59966e-09	-3.46026e-07	8.55147e-15	-6.71996e-06	-0.000603336	1.73537e-07
16.6204	2.4644e-09	-3.46027e-07	-1.00976e-14	3.19989e-07	2.54302e-05	1.86588e-07
16.6204	1.25245e-09	-3.46029e-07	-3.00064e-14	-3.01929e-06	-0.000230551	2.01901e-07
16.6204	-1.84241e-10	-3.4603e-07	-5.36071e-14	-2.74931e-06	-0.000194186	2.20063e-07
16.6204	-1.86772e-09	-3.46032e-07	-8.12618e-14	2.40824e-06	0.000169353	2.41884e-07
16.6204	-3.61849e-09	-3.46034e-07	-1.10022e-13	1.16259e-05	0.00103789	2.6868e-07
16.6204	-4.83855e-09	-3.46036e-07	-1.30064e-13	6.86576e-06	0.00125617	3.02504e-07
16.6204	-5.21228e-09	-3.46038e-07	-1.36203e-13	5.40544e-07	0.000470437	3.47156e-07
16.6204	-5.20723e-09	-3.46041e-07	-1.3612e-13	-7.71537e-08	-0.000181171	4.10521e-07
16.6204	-5.40417e-09	-3.46044e-07	-1.39355e-13	-9.95309e-07	-0.000479233	5.11155e-07
16.6204	-6.34426e-09	-3.46048e-07	-1.54797e-13	2.56965e-07	8.38276e-05	7.05059e-07
16.6204	-7.538e-09	-3.46054e-07	-1.74406e-13	7.85274e-07	0.000681249	1.21182e-06
16.6204	-7.10107e-09	-3.46065e-07	-1.67227e-13	-2.76031e-07	0.000239959	4.47495e-06
16.6204	-6.58263e-10	-3.46119e-07	-6.13837e-14	-0.4	-0.00035005	0.00388617
16.6165	-7.64134e-10	-2.9003e-07	-6.96203e-14	0.4	3.21868e-09	0.00770963
