16.8275	-2.43917e-12	-9.54462e-05	-1.26529e-15	1.17392e-11	-4.92122e-07	0.189539
16.8277	-3.89511e-10	-9.55646e-05	-3.18601e-13	-3.69157e-11	4.40885e-06	0.000167888
16.8277	-1.8229e-10	-9.55725e-05	-1.48714e-13	-1.59239e-10	4.98353e-06	1.62549e-05
16.8277	7.01931e-11	-9.55768e-05	5.82815e-14	4.29996e-11	-1.01676e-06	9.96601e-06
16.8277	2.39389e-10	-9.558e-05	1.96994e-13	1.14494e-10	-3.82491e-06	8.1177e-06
16.8277	3.17015e-10	-9.55829e-05	2.60635e-13	3.72336e-11	-2.75727e-06	7.47979e-06
16.8277	3.40793e-10	-9.55857e-05	2.80129e-13	3.00505e-12	-5.23702e-07	7.26257e-06
16.8277	3.54822e-10	-9.55884e-05	2.9163e-13	-1.29193e-12	3.33787e-07	7.23058e-06
16.8277	3.74952e-10	-9.55911e-05	3.08133e-13	-4.38252e-12	6.50242e-07	7.29015e-06
16.8277	4.07257e-10	-9.55939e-05	3.34618e-13	5.78918e-13	-3.27758e-08	7.39885e-06
16.8277	4.39511e-10	-9.55967e-05	3.6106e-13	4.17747e-12	-5.29931e-07	7.53543e-06
16.8277	4.62316e-10	-9.55995e-05	3.79757e-13	2.86833e-12	-5.5699e-07	7.68878e-06
16.8278	4.74784e-10	-9.56025e-05	3.89978e-13	9.91243e-13	-2.67525e-07	7.8532e-06
16.8278	4.82214e-10	-9.56055e-05	3.96069e-13	6.42063e-13	-2.70721e-07	8.0255e-06
16.8278	4.84318e-10	-9.56085e-05	3.97794e-13	3.45229e-13	-1.57498e-07	8.20438e-06
16.8278	4.83202e-10	-9.56116e-05	3.96879e-13	2.74782e-13	-1.07943e-07	8.38906e-06
16.8278	4.79772e-10	-9.56148e-05	3.94066e-13	-3.79033e-14	-2.59616e-07	8.57936e-06
16.8278	4.70633e-10	-9.56181e-05	3.86574e-13	2.15805e-13	-5.88022e-08	8.77529e-06
16.8278	4.59979e-10	-9.56214e-05	3.7784e-13	-1.21584e-12	-4.46901e-07	8.97731e-06
16.8278	4.38936e-10	-9.56248e-05	3.60587e-13	-1.74e-12	-3.77277e-07	9.18542e-06
16.8278	4.08639e-10	-9.56283e-05	3.35749e-13	-1.68767e-12	-2.84888e-07	9.39959e-06
16.8278	3.70863e-10	-9.56319e-05	3.04778e-13	-1.50487e-12	-2.21959e-07	9.62002e-06
16.8278	3.26796e-10	-9.56356e-05	2.68651e-13	-2.55635e-12	-3.00524e-07	9.84712e-06
16.8278	2.74203e-10	-9.56393e-05	2.25534e-13	-1.01952e-12	-1.30446e-07	1.00807e-05
16.8278	2.17033e-10	-9.56432e-05	1.78664e-13	-1.42417e-12	-1.58027e-07	1.03208e-05
16.8278	1.54373e-10	-9.56471e-05	1.27294e-13	1.1958e-12	6.55648e-08	1.05678e-05
16.8278	9.19618e-11	-9.56511e-05	7.61272e-14	4.33804e-12	3.63032e-07	1.08219e-05
16.8278	3.79866e-11	-9.56552e-05	3.1877e-14	2.94045e-12	2.72459e-07	1.10831e-05
16.8278	-9.65476e-12	-9.56594e-05	-7.18068e-15	1.539e-12	1.33305e-07	1.13513e-05
16.8278	-5.4622e-11	-9.56638e-05	-4.40457e-14	3.2831e-12	4.15476e-07	1.16268e-05
16.8278	-8.84609e-11	-9.56682e-05	-7.17878e-14	1.01765e-12	9.8938e-08	1.19095e-05
16.8278	-1.20141e-10	-9.56727e-05	-9.776e-14	2.16264e-12	3.92448e-07	1.21992e-05
16.8279	-1.4048e-10	-9.56774e-05	-1.14434e-13	1.56369e-12	7.4434e-07	1.24959e-05
16.8279	-1.3778e-10	-9.56821e-05	-1.12221e-13	-1.24131e-12	7.55549e-07	1.27996e-05
16.8279	-1.10549e-10	-9.5687e-05	-8.98957e-14	-6.62479e-12	1.04729e-06	1.311e-05
16.8279	-4.79213e-11	-9.5692e-05	-3.85525e-14	2.16593e-13	3.32517e-08	1.34273e-05
16.8279	1.73498e-11	-9.56971e-05	1.49585e-14	2.67831e-12	-2.36481e-07	1.37513e-05
16.8279	7.59662e-11	-9.57023e-05	6.30132e-14	2.72425e-12	-2.80284e-07	1.40819e-05
16.8279	1.26005e-10	-9.57077e-05	1.04036e-13	3.31279e-12	-4.68153e-07	1.44191e-05
16.8279	1.60164e-10	-9.57132e-05	1.3204e-13	2.32002e-12	-5.08054e-07	1.47624e-05
16.8279	1.76164e-10	-9.57188e-05	1.45157e-13	1.04115e-12	-5.13166e-07	1.51116e-05
16.8279	1.72928e-10	-9.57246e-05	1.42504e-13	4.81896e-13	-1.60344e-07	1.54665e-05
16.8279	1.63345e-10	-9.57304e-05	1.34647e-13	1.23461e-13	-2.66831e-07	1.5827e-05
16.8279	1.4286e-10	-9.57365e-05	1.17853e-13	-2.26949e-13	-2.69109e-07	1.61931e-05
16.8279	1.10885e-10	-9.57426e-05	9.16398e-14	5.33153e-13	-3.12055e-08	1.65639e-05
16.8279	7.68753e-11	-9.57489e-05	6.3758e-14	1.52842e-12	2.49013e-07	1.69389e-05
16.828	5.27624e-11	-9.57554e-05	4.399e-14	1.3426e-12	3.28713e-07	1.73177e-05
16.828	4.25013e-11	-9.5762e-05	3.55777e-14	8.32804e-13	1.82058e-07	1.77003e-05
16.828	4.01586e-11	-9.57687e-05	3.36572e-14	7.01394e-13	1.48061e-07	1.80861e-05
16.828	4.45315e-11	-9.57756e-05	3.7242e-14	6.24644e-13	1.33258e-07	1.84744e-05
16.828	5.52171e-11	-9.57826e-05	4.60021e-14	5.31437e-13	1.44003e-07	1.88654e-05
16.828	7.29896e-11	-9.57898e-05	6.0572e-14	9.12791e-13	-9.10439e-08	1.92598e-05
16.828	8.6703e-11	-9.57971e-05	7.18141e-14	9.6855e-13	-2.20129e-07	1.96582e-05
16.828	8.97699e-11	-9.58046e-05	7.43283e-14	7.74302e-13	-1.72263e-07	2.00604e-05
16.828	8.4173e-11	-9.58122e-05	6.97402e-14	7.97263e-13	-2.30801e-08	2.04666e-05
16.828	7.72707e-11	-9.582e-05	6.40815e-14	8.40078e-13	2.03317e-08	2.08777e-05
16.8281	7.13019e-11	-9.58279e-05	5.9188e-14	8.41841e-13	-3.77074e-09	2.12943e-05
16.8281	6.50117e-11	-9.5836e-05	5.40314e-14	8.94014e-13	9.91244e-08	2.17152e-05
16.8281	6.40314e-11	-9.58442e-05	5.32276e-14	8.70267e-13	7.41316e-08	2.21402e-05
16.8281	6.7175e-11	-9.58526e-05	5.58047e-14	9.00717e-13	-3.05764e-08	2.25718e-05
16.8281	6.86377e-11	-9.58612e-05	5.70039e-14	9.12545e-13	-4.49017e-08	2.30107e-05
16.8281	6.75209e-11	-9.587e-05	5.6088e-14	9.28359e-13	-7.70828e-09	2.34533e-05
16.8281	6.59266e-11	-9.58789e-05	5.4781e-14	9.3978e-13	-3.11892e-08	2.38943e-05
16.8281	6.24225e-11	-9.58879e-05	5.19082e-14	9.66264e-13	1.10298e-08	2.43291e-05
16.8281	5.95327e-11	-9.58972e-05	4.9539e-14	9.83733e-13	7.38009e-08	2.47558e-05
16.8282	6.11995e-11	-9.59066e-05	5.09056e-14	9.936e-13	1.48566e-08	2.5174e-05
16.8282	6.38367e-11	-9.59161e-05	5.30673e-14	1.0164e-12	-4.95021e-08	2.55856e-05
16.8282	6.33247e-11	-9.59258e-05	5.26477e-14	1.02758e-12	-1.22471e-08	2.59962e-05
16.8282	6.20023e-11	-9.59357e-05	5.15635e-14	1.04583e-12	2.24261e-08	2.64118e-05
16.8282	6.21513e-11	-9.59457e-05	5.16857e-14	1.0614e-12	-1.22145e-08	2.6835e-05
16.8282	6.14767e-11	-9.59559e-05	5.11324e-14	1.07813e-12	-7.66766e-09	2.72659e-05
16.8282	6.02645e-11	-9.59662e-05	5.01384e-14	1.09679e-12	2.09657e-08	2.77039e-05
16.8282	6.04964e-11	-9.59767e-05	5.03284e-14	1.11356e-12	-1.29354e-09	2.81481e-05
16.8283	6.06402e-11	-9.59874e-05	5.04463e-14	1.13021e-12	2.07995e-08	2.86002e-05
16.8283	6.22855e-11	-9.59982e-05	5.17952e-14	1.15131e-12	-2.90348e-08	2.90656e-05
16.8283	6.18308e-11	-9.60093e-05	5.14223e-14	1.16842e-12	-1.74845e-08	2.95527e-05
16.8283	6.00656e-11	-9.60205e-05	4.99751e-14	1.19169e-12	8.91117e-09	3.00721e-05
16.8283	5.89445e-11	-9.60319e-05	4.90559e-14	1.21452e-12	9.12504e-09	3.06367e-05
16.8283	5.85072e-11	-9.60435e-05	4.86974e-14	1.23941e-12	1.25243e-08	3.12559e-05
16.8284	5.90495e-11	-9.60554e-05	4.91417e-14	1.2663e-12	4.48067e-09	3.19241e-05
16.8284	5.99651e-11	-9.60676e-05	4.98923e-14	1.29451e-12	-8.39317e-09	3.26211e-05
16.8284	6.02088e-11	-9.608e-05	5.00921e-14	1.31922e-12	-3.11017e-08	3.3318e-05
16.8284	5.78402e-11	-9.60926e-05	4.81503e-14	1.34596e-12	-1.6907e-09	3.39812e-05
16.8284	5.52818e-11	-9.61055e-05	4.60527e-14	1.36795e-12	-4.62733e-09	3.45865e-05
16.8284	5.22772e-11	-9.61187e-05	4.35897e-14	1.39173e-12	3.24684e-08	3.51285e-05
16.8285	5.21008e-11	-9.6132e-05	4.3445e-14	1.40502e-12	3.51035e-08	3.56255e-05
16.8285	5.50695e-11	-9.61455e-05	4.58784e-14	1.42966e-12	-1.17477e-08	3.6126e-05
16.8285	5.70126e-11	-9.61592e-05	4.74714e-14	1.4533e-12	-2.36147e-08	3.66926e-05
16.8285	5.68041e-11	-9.61731e-05	4.73002e-14	1.47081e-12	-1.64907e-08	3.72473e-05
16.8285	5.50471e-11	-9.61872e-05	4.58597e-14	1.48663e-12	2.50655e-08	3.76764e-05
16.8285	5.56454e-11	-9.62014e-05	4.63502e-14	1.49796e-12	2.41043e-09	3.80128e-05
16.8286	5.64785e-11	-9.62158e-05	4.70333e-14	1.51031e-12	4.72901e-09	3.83279e-05
16.8286	5.77737e-11	-9.62303e-05	4.80946e-14	1.5211e-12	-1.5528e-08	3.86161e-05
16.8286	5.75734e-11	-9.62449e-05	4.79304e-14	1.52828e-12	-1.07872e-08	3.88464e-05
16.8286	5.63217e-11	-9.62595e-05	4.69042e-14	1.53362e-12	-2.41475e-08	3.90501e-05
16.8286	5.27e-11	-9.62742e-05	4.39353e-14	1.54557e-12	1.76106e-08	3.92335e-05
16.8287	5.07941e-11	-9.6289e-05	4.23727e-14	1.54914e-12	1.89572e-08	3.93811e-05
16.8287	5.07512e-11	-9.63039e-05	4.23374e-14	1.55276e-12	9.58365e-09	3.95067e-05
16.8287	5.16562e-11	-9.63188e-05	4.30792e-14	1.55666e-12	-1.26581e-08	3.96127e-05
16.8287	5.13084e-11	-9.63337e-05	4.27941e-14	1.55908e-12	1.08718e-08	3.96918e-05
16.8287	5.20396e-11	-9.63486e-05	4.33933e-14	1.56112e-12	2.63094e-09	3.97518e-05
16.8288	5.30335e-11	-9.63636e-05	4.42081e-14	1.56238e-12	-3.88377e-09	3.9791e-05
16.8288	5.36415e-11	-9.63786e-05	4.47063e-14	1.56261e-12	-4.06225e-09	3.98071e-05
16.8288	5.38453e-11	-9.63936e-05	4.48734e-14	1.56189e-12	3.61365e-09	3.98034e-05
16.8288	5.44086e-11	-9.64085e-05	4.53349e-14	1.55966e-12	-2.40514e-08	3.97772e-05
16.8288	5.25807e-11	-9.64235e-05	4.38365e-14	1.55804e-12	-1.83576e-09	3.97299e-05
16.8289	5.05733e-11	-9.64384e-05	4.21908e-14	1.55562e-12	6.89921e-09	3.96611e-05
16.8289	4.92533e-11	-9.64533e-05	4.11087e-14	1.55082e-12	2.86857e-08	3.95684e-05
16.8289	5.07706e-11	-9.64682e-05	4.23523e-14	1.54607e-12	-4.31861e-10	3.94538e-05
16.8289	5.22407e-11	-9.6483e-05	4.35572e-14	1.54069e-12	-1.08842e-08	3.93166e-05
16.8289	5.26373e-11	-9.64978e-05	4.38824e-14	1.53356e-12	1.39261e-09	3.91576e-05
16.829	5.31683e-11	-9.65125e-05	4.43176e-14	1.52618e-12	-7.75505e-09	3.89791e-05
16.829	5.29429e-11	-9.65271e-05	4.41327e-14	1.51792e-12	5.29118e-09	3.87799e-05
16.829	5.32302e-11	-9.65417e-05	4.4368e-14	1.50905e-12	2.69489e-10	3.85617e-05
16.829	5.35418e-11	-9.65562e-05	4.46233e-14	1.4991e-12	5.35291e-09	3.83233e-05
16.829	5.43625e-11	-9.65705e-05	4.52959e-14	1.48875e-12	2.95825e-09	3.80664e-05
16.8291	5.54582e-11	-9.65848e-05	4.6194e-14	1.47786e-12	-3.58348e-09	3.77923e-05
16.8291	5.62082e-11	-9.6599e-05	4.68086e-14	1.46607e-12	-7.7571e-09	3.74999e-05
16.8291	5.62281e-11	-9.6613e-05	4.68251e-14	1.45328e-12	-1.18773e-08	3.71931e-05
16.8291	5.5148e-11	-9.6627e-05	4.59394e-14	1.44094e-12	1.2701e-08	3.68705e-05
16.8291	5.5243e-11	-9.66408e-05	4.60173e-14	1.4266e-12	1.28806e-08	3.65327e-05
16.8291	5.6508e-11	-9.66545e-05	4.70541e-14	1.41261e-12	5.41907e-09	3.61817e-05
16.8292	5.82484e-11	-9.6668e-05	4.84804e-14	1.39933e-12	-2.26229e-08	3.58166e-05
16.8292	5.79555e-11	-9.66814e-05	4.82406e-14	1.38317e-12	-3.18073e-09	3.54365e-05
16.8292	5.73857e-11	-9.66947e-05	4.77733e-14	1.36743e-12	-7.21059e-09	3.5046e-05
16.8292	5.61939e-11	-9.67078e-05	4.67962e-14	1.35228e-12	1.49732e-08	3.46458e-05
16.8292	5.63054e-11	-9.67208e-05	4.68876e-14	1.33512e-12	9.95453e-09	3.42334e-05
16.8293	5.72622e-11	-9.67336e-05	4.76716e-14	1.31361e-12	3.48265e-08	3.38108e-05
16.8293	6.11322e-11	-9.67462e-05	5.08437e-14	1.30672e-12	-3.5093e-08	3.33808e-05
16.8293	6.20428e-11	-9.67587e-05	5.15901e-14	1.28426e-12	-2.29606e-08	3.29443e-05
16.8293	6.10629e-11	-9.6771e-05	5.07867e-14	1.26686e-12	-8.73066e-11	3.25001e-05
16.8293	6.00893e-11	-9.67832e-05	4.99887e-14	1.24883e-12	2.53058e-08	3.20484e-05
16.8293	6.11426e-11	-9.67951e-05	5.0852e-14	1.23e-12	9.16351e-09	3.15902e-05
16.8294	6.2899e-11	-9.68069e-05	5.22915e-14	1.21193e-12	6.33277e-09	3.11292e-05
16.8294	6.51188e-11	-9.68186e-05	5.4111e-14	1.19459e-12	-1.26298e-09	3.06653e-05
16.8294	6.7209e-11	-9.683e-05	5.58242e-14	1.17643e-12	-5.10849e-08	3.01965e-05
16.8294	6.54405e-11	-9.68413e-05	5.43743e-14	1.15866e-12	1.86082e-08	2.97239e-05
16.8294	6.50716e-11	-9.68524e-05	5.40722e-14	1.13815e-12	2.09251e-08	2.92498e-05
16.8294	6.62265e-11	-9.68633e-05	5.50186e-14	1.11795e-12	1.66937e-08	2.87743e-05
16.8294	6.85533e-11	-9.68741e-05	5.69258e-14	1.10193e-12	-3.62895e-09	2.82986e-05
16.8295	7.05868e-11	-9.68846e-05	5.85923e-14	1.0849e-12	-2.821e-08	2.78245e-05
16.8295	7.06403e-11	-9.6895e-05	5.86361e-14	1.06383e-12	1.03966e-08	2.73502e-05
16.8295	7.13977e-11	-9.69052e-05	5.92568e-14	1.04514e-12	5.4937e-09	2.68755e-05
16.8295	7.25076e-11	-9.69152e-05	6.01665e-14	1.02673e-12	2.1364e-09	2.64013e-05
16.8295	7.37376e-11	-9.69251e-05	6.11746e-14	1.00884e-12	-3.28219e-08	2.5929e-05
16.8295	7.28371e-11	-9.69347e-05	6.04364e-14	9.90338e-13	5.22198e-09	2.54594e-05
16.8295	7.22824e-11	-9.69442e-05	5.99815e-14	9.7192e-13	1.67107e-08	2.49929e-05
16.8295	7.27722e-11	-9.69536e-05	6.03831e-14	9.53703e-13	-2.54606e-09	2.45287e-05
16.8296	7.30983e-11	-9.69627e-05	6.06501e-14	9.25118e-13	6.0011e-08	2.4069e-05
16.8296	7.69951e-11	-9.69717e-05	6.3844e-14	9.15007e-13	8.33961e-09	2.36142e-05
16.8296	8.13053e-11	-9.69805e-05	6.73769e-14	9.13032e-13	-5.61821e-08	2.31614e-05
16.8296	8.23108e-11	-9.69891e-05	6.82009e-14	8.83046e-13	-2.91769e-08	2.27118e-05
16.8296	8.16564e-11	-9.69976e-05	6.76645e-14	8.62023e-13	-2.64531e-08	2.22667e-05
16.8296	7.95569e-11	-9.70059e-05	6.59436e-14	8.51363e-13	4.9749e-08	2.1827e-05
16.8296	8.01865e-11	-9.7014e-05	6.64595e-14	8.20367e-13	5.4932e-08	2.13915e-05
16.8296	8.37114e-11	-9.7022e-05	6.93486e-14	7.97324e-13	3.92123e-08	2.09601e-05
16.8296	8.91987e-11	-9.70298e-05	7.38461e-14	8.23807e-13	-7.82817e-08	2.05351e-05
16.8297	9.05969e-11	-9.70374e-05	7.49922e-14	7.73172e-13	-9.07359e-08	2.0115e-05
16.8297	8.7451e-11	-9.70449e-05	7.24135e-14	7.6897e-13	1.3699e-08	1.96996e-05
16.8297	8.50377e-11	-9.70523e-05	7.04355e-14	7.45527e-13	1.12141e-07	1.92905e-05
16.8297	8.80259e-11	-9.70594e-05	7.28847e-14	7.36823e-13	-1.24024e-08	1.88856e-05
16.8297	9.03717e-11	-9.70665e-05	7.48071e-14	7.18428e-13	-2.79911e-09	1.84855e-05
16.8297	9.25396e-11	-9.70734e-05	7.65841e-14	7.07476e-13	-3.10985e-08	1.80926e-05
16.8297	9.32699e-11	-9.70801e-05	7.71827e-14	6.87615e-13	-2.68059e-08	1.77039e-05
16.8297	9.2811e-11	-9.70867e-05	7.68064e-14	6.71481e-13	-1.06229e-08	1.73196e-05
16.8297	9.19071e-11	-9.70931e-05	7.60656e-14	6.44301e-13	9.69323e-08	1.69414e-05
16.8297	9.5083e-11	-9.70994e-05	7.86685e-14	6.05429e-13	6.82009e-08	1.65671e-05
16.8297	1.00981e-10	-9.71056e-05	8.35028e-14	5.8035e-13	5.60205e-08	1.61969e-05
16.8298	1.0899e-10	-9.71116e-05	9.00667e-14	7.06781e-13	-1.45073e-07	1.58325e-05
16.8298	1.11141e-10	-9.71175e-05	9.18298e-14	5.68823e-13	-1.79918e-07	1.54728e-05
16.8298	1.06364e-10	-9.71233e-05	8.79141e-14	5.97117e-13	1.85532e-08	1.51171e-05
16.8298	1.0239e-10	-9.71289e-05	8.46571e-14	5.97019e-13	1.46798e-07	1.4767e-05
16.8298	1.03864e-10	-9.71344e-05	8.58653e-14	5.28807e-13	7.69666e-08	1.44204e-05
16.8298	1.08045e-10	-9.71398e-05	8.92916e-14	5.29925e-13	2.46259e-08	1.40773e-05
16.8298	1.12982e-10	-9.7145e-05	9.33383e-14	5.78548e-13	-9.9265e-08	1.37401e-05
16.8298	1.14432e-10	-9.71501e-05	9.45266e-14	4.93337e-13	-1.53674e-07	1.34048e-05
16.8298	1.10761e-10	-9.71551e-05	9.15175e-14	5.1583e-13	1.8117e-08	1.30715e-05
16.8298	1.07766e-10	-9.71599e-05	8.90628e-14	5.15384e-13	8.85099e-08	1.27452e-05
16.8298	1.0763e-10	-9.71647e-05	8.89516e-14	4.81172e-13	-1.80899e-09	1.24222e-05
16.8298	1.07442e-10	-9.71693e-05	8.87977e-14	4.67511e-13	-1.49994e-08	1.20987e-05
16.8298	1.06812e-10	-9.71738e-05	8.82809e-14	4.4334e-13	9.58932e-08	1.17801e-05
16.8298	1.08985e-10	-9.71782e-05	9.00618e-14	3.97707e-13	8.02835e-08	1.14658e-05
16.8299	1.13369e-10	-9.71824e-05	9.36548e-14	3.98697e-13	3.7714e-08	1.11513e-05
16.8299	1.18667e-10	-9.71865e-05	9.79974e-14	-1.36797e-13	3.16768e-07	1.08393e-05
16.8299	1.32277e-10	-9.71906e-05	1.09153e-13	-2.37114e-13	2.09826e-07	1.05332e-05
16.8299	1.50948e-10	-9.71945e-05	1.24456e-13	9.72605e-13	-1.83973e-07	1.02293e-05
16.8299	1.64436e-10	-9.71983e-05	1.35511e-13	8.94179e-13	-8.22457e-07	9.92492e-06
16.8299	1.57422e-10	-9.7202e-05	1.29762e-13	-1.36632e-12	-5.9481e-07	9.62487e-06
16.8299	1.36529e-10	-9.72055e-05	1.12637e-13	-1.09674e-12	-2.84582e-07	9.3312e-06
16.8299	1.09742e-10	-9.7209e-05	9.0682e-14	-3.07996e-12	-4.86496e-07	9.03999e-06
16.8299	7.29872e-11	-9.72123e-05	6.05568e-14	-1.81594e-12	-2.42757e-07	8.74975e-06
16.8299	3.22048e-11	-9.72156e-05	2.71303e-14	8.63442e-13	5.74963e-08	8.46483e-06
16.8299	-6.05055e-12	-9.72187e-05	-4.22466e-15	5.70045e-12	7.31295e-07	8.18788e-06
16.8299	-2.83309e-11	-9.72217e-05	-2.24861e-14	3.09189e-12	1.43959e-06	7.91651e-06
16.8299	-2.18591e-11	-9.72247e-05	-1.71818e-14	-7.19026e-12	1.42938e-06	7.6503e-06
16.8299	1.12626e-11	-9.72275e-05	9.96572e-15	-2.16877e-11	1.68671e-06	7.39202e-06
16.8299	7.3902e-11	-9.72302e-05	6.13065e-14	-1.95331e-11	1.00292e-06	7.14327e-06
16.8299	1.52045e-10	-9.72329e-05	1.25354e-13	-1.84715e-11	7.74466e-07	6.90342e-06
16.8299	2.40699e-10	-9.72354e-05	1.98017e-13	1.15899e-11	-4.53345e-07	6.67279e-06
16.8299	3.18974e-10	-9.72379e-05	2.62173e-13	1.63758e-11	-7.31883e-07	6.45657e-06
16.8299	3.83154e-10	-9.72403e-05	3.14776e-13	1.83189e-11	-1.0246e-06	6.25685e-06
16.8299	4.29611e-10	-9.72426e-05	3.52853e-13	1.92672e-11	-1.79763e-06	6.07059e-06
16.8299	4.47832e-10	-9.72448e-05	3.67787e-13	3.00085e-12	-1.83196e-06	5.89556e-06
16.8299	4.38923e-10	-9.7247e-05	3.60485e-13	-1.52475e-11	-1.94873e-06	5.73094e-06
16.8299	4.02727e-10	-9.72492e-05	3.30818e-13	-2.90006e-11	-1.71006e-06	5.57822e-06
16.8299	3.43931e-10	-9.72512e-05	2.82627e-13	-7.51959e-13	-4.48833e-08	5.45103e-06
16.8299	2.85686e-10	-9.72533e-05	2.34888e-13	-2.22348e-12	-1.1126e-07	5.36075e-06
16.8299	2.26739e-10	-9.72553e-05	1.86575e-13	7.44518e-12	3.39955e-07	5.30133e-06
16.83	1.72795e-10	-9.72573e-05	1.4236e-13	1.22424e-11	6.38717e-07	5.26372e-06
16.83	1.27525e-10	-9.72592e-05	1.05256e-13	-1.3336e-11	-7.11706e-07	5.2434e-06
16.83	7.30396e-11	-9.72612e-05	6.05993e-14	1.92975e-11	1.0501e-06	5.23978e-06
16.83	3.22667e-11	-9.72632e-05	2.7181e-14	1.3279e-11	1.00158e-06	5.25263e-06
16.83	4.50976e-12	-9.72652e-05	4.43075e-15	1.12767e-11	1.9585e-06	5.28281e-06
16.83	2.50723e-12	-9.72672e-05	2.78955e-15	-1.13556e-14	4.85128e-07	5.33345e-06
16.83	6.98735e-12	-9.72692e-05	6.4615e-15	-1.10445e-12	4.65339e-07	5.41078e-06
16.83	1.78936e-11	-9.72712e-05	1.54005e-14	1.3564e-13	2.06392e-08	5.52077e-06
16.83	2.93421e-11	-9.72733e-05	2.4784e-14	-2.22916e-12	4.66148e-07	5.66362e-06
16.83	4.78083e-11	-9.72755e-05	3.99191e-14	2.38191e-12	-3.94737e-07	5.83803e-06
16.83	6.10312e-11	-9.72777e-05	5.07568e-14	-4.21511e-14	6.15509e-08	6.04565e-06
16.83	7.5703e-11	-9.728e-05	6.27821e-14	2.36775e-12	-7.04282e-07	6.28751e-06
16.83	7.9693e-11	-9.72825e-05	6.60524e-14	3.3559e-13	-6.69541e-08	6.56597e-06
16.83	8.27445e-11	-9.7285e-05	6.85533e-14	1.46612e-13	-4.73624e-07	6.88525e-06
16.83	7.75966e-11	-9.72876e-05	6.4334e-14	1.82051e-13	-6.77299e-08	7.25197e-06
16.83	7.09006e-11	-9.72904e-05	5.88459e-14	5.20512e-14	-1.22601e-07	7.67418e-06
16.83	6.13776e-11	-9.72934e-05	5.10406e-14	3.61464e-13	1.30288e-08	8.16002e-06
16.83	5.15016e-11	-9.72966e-05	4.29461e-14	-4.46452e-14	-1.46998e-07	8.72226e-06
16.83	3.76006e-11	-9.73e-05	3.15527e-14	4.00925e-13	6.18924e-09	9.37805e-06
16.83	2.27605e-11	-9.73036e-05	1.93894e-14	2.35426e-13	-5.61721e-08	1.01477e-05
16.83	5.16847e-12	-9.73076e-05	4.97089e-15	2.90379e-13	-4.7324e-08	1.10603e-05
16.83	-1.54454e-11	-9.7312e-05	-1.19247e-14	6.43704e-13	4.12716e-08	1.21571e-05
16.83	-3.68833e-11	-9.73168e-05	-2.94954e-14	1.2494e-12	2.52884e-07	1.35043e-05
16.83	-5.18229e-11	-9.73221e-05	-4.174e-14	1.04169e-12	3.06022e-07	1.52051e-05
16.83	-5.63992e-11	-9.73282e-05	-4.54907e-14	7.67657e-13	1.14601e-07	1.74498e-05
16.8301	-5.63375e-11	-9.73353e-05	-4.54403e-14	8.79631e-13	-4.41342e-08	2.0635e-05
16.8301	-5.87491e-11	-9.73438e-05	-4.74166e-14	1.0736e-12	-1.16744e-07	2.56933e-05
16.8301	-7.02606e-11	-9.73546e-05	-5.68516e-14	1.66454e-12	2.04207e-08	3.544e-05
16.8301	-8.48781e-11	-9.73704e-05	-6.88321e-14	3.17865e-12	1.65955e-07	6.0913e-05
16.8301	-7.95284e-11	-9.74005e-05	-6.4447e-14	1.45038e-11	5.8455e-08	0.00022494
16.8303	-6.37878e-13	-9.75398e-05	2.11646e-16	-0.4	-8.52694e-08	0.192349
16.6382	-6.37404e-13	4.43185e-05	1.92465e-16	0.4	-1.90327e-12	0.381546
