16.6961	-1.04275e-11	-6.85069e-06	-1.4781e-15	-6.7041e-10	-1.64043e-05	0.0365262
16.6962	-2.46391e-09	-6.85488e-06	-3.87909e-13	-4.19425e-08	0.000146965	3.19247e-05
16.6962	-1.15043e-09	-6.85516e-06	-1.81031e-13	-1.77436e-07	0.000166122	3.09092e-06
16.6962	4.49958e-10	-6.85531e-06	7.10339e-14	4.74055e-08	-3.38929e-05	1.89506e-06
16.6962	1.52241e-09	-6.85542e-06	2.39949e-13	1.26888e-07	-0.0001275	1.5436e-06
16.6962	2.01446e-09	-6.85552e-06	3.17447e-13	4.10541e-08	-9.19115e-05	1.4223e-06
16.6962	2.16517e-09	-6.85562e-06	3.41186e-13	3.02447e-09	-1.74572e-05	1.38099e-06
16.6962	2.25409e-09	-6.85572e-06	3.55191e-13	-1.75149e-09	1.11265e-05	1.37491e-06
16.6962	2.38169e-09	-6.85581e-06	3.75287e-13	-5.18959e-09	2.16754e-05	1.38623e-06
16.6962	2.58646e-09	-6.85591e-06	4.07539e-13	3.17865e-10	-1.09257e-06	1.4069e-06
16.6962	2.7909e-09	-6.85601e-06	4.39739e-13	4.3101e-09	-1.76649e-05	1.43287e-06
16.6962	2.93545e-09	-6.85611e-06	4.62506e-13	2.8484e-09	-1.85669e-05	1.46203e-06
16.6962	3.01448e-09	-6.85621e-06	4.74954e-13	7.55377e-10	-8.91776e-06	1.4933e-06
16.6962	3.06157e-09	-6.85632e-06	4.82371e-13	3.59616e-10	-9.0243e-06	1.52606e-06
16.6962	3.07491e-09	-6.85643e-06	4.84471e-13	2.18866e-11	-5.2501e-06	1.56007e-06
16.6962	3.06783e-09	-6.85654e-06	4.83357e-13	-6.45746e-11	-3.59823e-06	1.59519e-06
16.6962	3.04609e-09	-6.85665e-06	4.79932e-13	-4.20479e-10	-8.65411e-06	1.63137e-06
16.6962	2.98816e-09	-6.85677e-06	4.70808e-13	-1.472e-10	-1.96014e-06	1.66863e-06
16.6962	2.92063e-09	-6.85688e-06	4.60172e-13	-1.74697e-09	-1.48972e-05	1.70704e-06
16.6962	2.78725e-09	-6.85701e-06	4.39163e-13	-2.33859e-09	-1.25763e-05	1.74661e-06
16.6962	2.59521e-09	-6.85713e-06	4.08916e-13	-2.28992e-09	-9.49655e-06	1.78733e-06
16.6962	2.35576e-09	-6.85726e-06	3.71203e-13	-2.09661e-09	-7.39888e-06	1.82925e-06
16.6962	2.07644e-09	-6.85739e-06	3.2721e-13	-3.27493e-09	-1.00178e-05	1.87243e-06
16.6962	1.74308e-09	-6.85752e-06	2.74704e-13	-1.57765e-09	-4.34834e-06	1.91684e-06
16.6962	1.3807e-09	-6.85765e-06	2.17629e-13	-2.03788e-09	-5.26774e-06	1.9625e-06
16.6962	9.83529e-10	-6.85779e-06	1.55073e-13	8.62471e-10	2.18559e-06	2.00947e-06
16.6962	5.87936e-10	-6.85793e-06	9.27658e-14	4.34285e-09	1.21015e-05	2.05777e-06
16.6962	2.45812e-10	-6.85808e-06	3.88804e-14	2.77839e-09	9.0823e-06	2.10743e-06
16.6962	-5.61635e-11	-6.85823e-06	-8.68165e-15	1.20915e-09	4.44364e-06	2.15844e-06
16.6962	-3.41189e-10	-6.85838e-06	-5.35739e-14	3.13504e-09	1.38497e-05	2.21083e-06
16.6962	-5.55677e-10	-6.85854e-06	-8.73564e-14	6.05238e-10	3.29806e-06	2.26458e-06
16.6962	-7.56483e-10	-6.8587e-06	-1.18984e-13	1.86475e-09	1.30821e-05	2.31965e-06
16.6962	-8.85398e-10	-6.85886e-06	-1.39288e-13	1.18611e-09	2.48122e-05	2.37608e-06
16.6962	-8.68287e-10	-6.85903e-06	-1.36593e-13	-1.94415e-09	2.51859e-05	2.43382e-06
16.6962	-6.95679e-10	-6.8592e-06	-1.09407e-13	-7.93999e-09	3.4911e-05	2.49285e-06
16.6962	-2.98716e-10	-6.85938e-06	-4.68843e-14	-3.51809e-10	1.10843e-06	2.55318e-06
16.6962	1.15005e-10	-6.85956e-06	1.82779e-14	2.36935e-09	-7.88302e-06	2.61478e-06
16.6962	4.86544e-10	-6.85975e-06	7.67963e-14	2.40583e-09	-9.34319e-06	2.67764e-06
16.6962	8.03715e-10	-6.85994e-06	1.26752e-13	3.04497e-09	-1.56057e-05	2.74175e-06
16.6962	1.02023e-09	-6.86013e-06	1.60853e-13	1.92671e-09	-1.69358e-05	2.80703e-06
16.6962	1.12164e-09	-6.86033e-06	1.76826e-13	4.90266e-10	-1.71062e-05	2.87342e-06
16.6962	1.10113e-09	-6.86053e-06	1.73596e-13	-1.46736e-10	-5.34502e-06	2.94089e-06
16.6962	1.04039e-09	-6.86074e-06	1.64028e-13	-5.60906e-10	-8.89472e-06	3.00945e-06
16.6962	9.10546e-10	-6.86095e-06	1.43578e-13	-9.66354e-10	-8.97066e-06	3.07905e-06
16.6962	7.07875e-10	-6.86117e-06	1.11656e-13	-1.37981e-10	-1.04023e-06	3.14955e-06
16.6962	4.92304e-10	-6.86139e-06	7.77035e-14	9.51509e-10	8.30079e-06	3.22086e-06
16.6962	3.39465e-10	-6.86162e-06	5.36309e-14	7.28452e-10	1.09576e-05	3.29289e-06
16.6962	2.74426e-10	-6.86185e-06	4.33871e-14	1.45187e-10	6.06886e-06	3.36562e-06
16.6962	2.59577e-10	-6.86209e-06	4.10482e-14	-1.76796e-11	4.93558e-06	3.43898e-06
16.6962	2.87294e-10	-6.86233e-06	4.54138e-14	-1.20038e-10	4.44213e-06	3.51281e-06
16.6962	3.55024e-10	-6.86258e-06	5.60814e-14	-2.40642e-10	4.80031e-06	3.58715e-06
16.6962	4.67673e-10	-6.86284e-06	7.38239e-14	1.65772e-10	-3.03494e-06	3.66214e-06
16.6962	5.54594e-10	-6.8631e-06	8.75141e-14	2.10317e-10	-7.33799e-06	3.73789e-06
16.6962	5.74033e-10	-6.86336e-06	9.05758e-14	-2.31611e-11	-5.74236e-06	3.81435e-06
16.6962	5.38557e-10	-6.86363e-06	8.49883e-14	-1.54941e-11	-7.69376e-07	3.89158e-06
16.6962	4.94807e-10	-6.8639e-06	7.80975e-14	1.40975e-11	6.77756e-07	3.96975e-06
16.6962	4.56973e-10	-6.86418e-06	7.21387e-14	-2.25145e-12	-1.25698e-07	4.04895e-06
16.6962	4.17103e-10	-6.86447e-06	6.5859e-14	3.73089e-11	3.30432e-06	4.12897e-06
16.6962	4.1089e-10	-6.86476e-06	6.48804e-14	-7.73435e-12	2.47118e-06	4.20978e-06
16.6962	4.30814e-10	-6.86506e-06	6.80185e-14	7.12871e-12	-1.01927e-06	4.29184e-06
16.6962	4.40085e-10	-6.86536e-06	6.94787e-14	9.77069e-13	-1.4968e-06	4.37528e-06
16.6962	4.33006e-10	-6.86567e-06	6.83638e-14	-8.1194e-13	-2.5696e-07	4.45944e-06
16.6962	4.22901e-10	-6.86599e-06	6.6772e-14	-7.19053e-12	-1.03969e-06	4.54328e-06
16.6963	4.0069e-10	-6.86631e-06	6.32739e-14	3.40743e-12	3.67682e-07	4.62595e-06
16.6963	3.82373e-10	-6.86663e-06	6.03888e-14	4.36737e-12	2.46017e-06	4.70706e-06
16.6963	3.92938e-10	-6.86697e-06	6.20528e-14	-2.62805e-12	4.95249e-07	4.78658e-06
16.6963	4.09653e-10	-6.8673e-06	6.46854e-14	4.8158e-12	-1.65017e-06	4.86483e-06
16.6963	4.06407e-10	-6.86765e-06	6.41742e-14	-7.61551e-13	-4.0826e-07	4.94289e-06
16.6963	3.98025e-10	-6.86799e-06	6.28541e-14	1.31706e-12	7.47579e-07	5.0219e-06
16.6963	3.98969e-10	-6.86835e-06	6.30026e-14	-6.07355e-14	-4.07173e-07	5.10235e-06
16.6963	3.94693e-10	-6.86871e-06	6.23292e-14	-3.83287e-13	-2.55609e-07	5.18427e-06
16.6963	3.87008e-10	-6.86907e-06	6.11189e-14	1.0427e-12	6.98906e-07	5.26754e-06
16.6963	3.88478e-10	-6.86945e-06	6.13503e-14	2.30912e-13	-4.31238e-08	5.352e-06
16.6963	3.89389e-10	-6.86982e-06	6.14938e-14	-1.22099e-12	6.93362e-07	5.43794e-06
16.6963	3.99817e-10	-6.87021e-06	6.31362e-14	1.55916e-12	-9.6789e-07	5.52642e-06
16.6963	3.96934e-10	-6.8706e-06	6.26822e-14	-1.22998e-12	-5.82857e-07	5.61902e-06
16.6963	3.85746e-10	-6.87099e-06	6.092e-14	1.17892e-12	2.97061e-07	5.71776e-06
16.6963	3.78639e-10	-6.8714e-06	5.98007e-14	7.48952e-13	3.04188e-07	5.8251e-06
16.6963	3.75867e-10	-6.87181e-06	5.9364e-14	1.93482e-13	4.17505e-07	5.94283e-06
16.6963	3.79304e-10	-6.87223e-06	5.99053e-14	1.4047e-14	1.49365e-07	6.06986e-06
16.6963	3.85107e-10	-6.87266e-06	6.08193e-14	5.79639e-13	-2.79792e-07	6.20237e-06
16.6963	3.86651e-10	-6.87309e-06	6.10625e-14	-1.92541e-12	-1.0368e-06	6.33485e-06
16.6963	3.71638e-10	-6.87354e-06	5.86979e-14	-1.63943e-14	-5.63639e-08	6.46094e-06
16.6963	3.55421e-10	-6.874e-06	5.61438e-14	-5.66375e-13	-1.54254e-07	6.576e-06
16.6963	3.36377e-10	-6.87446e-06	5.31443e-14	3.55285e-12	1.08236e-06	6.67904e-06
16.6963	3.35259e-10	-6.87493e-06	5.2968e-14	-2.76655e-12	1.17021e-06	6.77351e-06
16.6963	3.54075e-10	-6.87541e-06	5.59316e-14	2.04924e-12	-3.91622e-07	6.86865e-06
16.6963	3.6639e-10	-6.87589e-06	5.78712e-14	1.52955e-12	-7.8722e-07	6.97637e-06
16.6963	3.65068e-10	-6.87639e-06	5.7663e-14	-6.82315e-13	-5.49736e-07	7.08181e-06
16.6963	3.53931e-10	-6.87688e-06	5.59089e-14	1.1478e-12	8.35585e-07	7.16338e-06
16.6963	3.57722e-10	-6.87739e-06	5.6506e-14	1.84015e-13	8.03544e-08	7.22731e-06
16.6963	3.63002e-10	-6.8779e-06	5.73376e-14	-4.32604e-15	1.57646e-07	7.28721e-06
16.6963	3.71211e-10	-6.87841e-06	5.86305e-14	7.80563e-13	-5.17645e-07	7.34198e-06
16.6963	3.69941e-10	-6.87892e-06	5.84305e-14	-1.56599e-13	-3.59606e-07	7.38575e-06
16.6963	3.62007e-10	-6.87944e-06	5.71808e-14	-3.05283e-12	-8.04989e-07	7.42444e-06
16.6963	3.39052e-10	-6.87996e-06	5.35654e-14	3.05271e-12	5.87074e-07	7.4593e-06
16.6964	3.26971e-10	-6.88048e-06	5.16626e-14	1.33866e-12	6.31967e-07	7.48734e-06
16.6964	3.26699e-10	-6.88101e-06	5.16198e-14	6.32265e-14	3.19485e-07	7.51119e-06
16.6964	3.32434e-10	-6.88154e-06	5.25231e-14	4.94255e-13	-4.21975e-07	7.53132e-06
16.6964	3.30229e-10	-6.88206e-06	5.21757e-14	1.80064e-13	3.62428e-07	7.54635e-06
16.6964	3.34863e-10	-6.88259e-06	5.29056e-14	1.69992e-13	8.77062e-08	7.55773e-06
16.6964	3.41162e-10	-6.88312e-06	5.38976e-14	4.70748e-13	-1.29472e-07	7.56516e-06
16.6964	3.45015e-10	-6.88365e-06	5.45045e-14	3.89167e-13	-1.35422e-07	7.5682e-06
16.6964	3.46306e-10	-6.88418e-06	5.47079e-14	2.19558e-13	1.20468e-07	7.56747e-06
16.6964	3.49876e-10	-6.88471e-06	5.527e-14	-5.53972e-13	-8.01799e-07	7.56246e-06
16.6964	3.3829e-10	-6.88524e-06	5.34453e-14	9.92788e-14	-6.11985e-08	7.55344e-06
16.6964	3.25566e-10	-6.88576e-06	5.14412e-14	9.3886e-13	2.29999e-07	7.54034e-06
16.6964	3.172e-10	-6.88629e-06	5.01235e-14	1.32949e-13	9.56296e-07	7.52271e-06
16.6964	3.26816e-10	-6.88682e-06	5.16381e-14	3.303e-13	-1.43989e-08	7.50089e-06
16.6964	3.36133e-10	-6.88734e-06	5.31054e-14	8.66451e-13	-3.62846e-07	7.47479e-06
16.6964	3.38646e-10	-6.88786e-06	5.35013e-14	2.54901e-13	4.6425e-08	7.44454e-06
16.6964	3.42011e-10	-6.88838e-06	5.40313e-14	3.57274e-13	-2.58531e-07	7.41058e-06
16.6964	3.40582e-10	-6.8889e-06	5.38061e-14	2.79014e-13	1.76393e-07	7.37268e-06
16.6964	3.42402e-10	-6.88941e-06	5.40929e-14	2.82267e-13	8.98542e-09	7.33117e-06
16.6964	3.44377e-10	-6.88993e-06	5.44038e-14	1.09033e-13	1.7845e-07	7.28583e-06
16.6964	3.49578e-10	-6.89043e-06	5.5223e-14	1.17478e-13	9.86218e-08	7.23698e-06
16.6964	3.56521e-10	-6.89094e-06	5.63166e-14	4.75283e-13	-1.19466e-07	7.18485e-06
16.6964	3.61275e-10	-6.89144e-06	5.70652e-14	4.55005e-13	-2.58602e-07	7.12923e-06
16.6964	3.614e-10	-6.89194e-06	5.70849e-14	-1.01645e-13	-3.95955e-07	7.07088e-06
16.6964	3.54554e-10	-6.89243e-06	5.60067e-14	6.4903e-13	4.23419e-07	7.00953e-06
16.6964	3.55156e-10	-6.89292e-06	5.61014e-14	-2.63756e-13	4.29407e-07	6.94529e-06
16.6964	3.63173e-10	-6.8934e-06	5.73641e-14	-2.31982e-13	1.8066e-07	6.87854e-06
16.6964	3.74202e-10	-6.89388e-06	5.91012e-14	1.27448e-12	-7.54195e-07	6.80912e-06
16.6965	3.72346e-10	-6.89435e-06	5.88088e-14	1.76736e-13	-1.0604e-07	6.73684e-06
16.6965	3.68733e-10	-6.89482e-06	5.82399e-14	-1.43612e-13	-2.40383e-07	6.66258e-06
16.6965	3.6118e-10	-6.89528e-06	5.70502e-14	7.72309e-13	4.99172e-07	6.58649e-06
16.6965	3.61886e-10	-6.89574e-06	5.71613e-14	-9.30073e-14	3.31863e-07	6.50807e-06
16.6965	3.67949e-10	-6.89619e-06	5.81164e-14	-5.29621e-12	1.16104e-06	6.42771e-06
16.6965	3.92476e-10	-6.89664e-06	6.19793e-14	5.81082e-12	-1.16993e-06	6.34596e-06
16.6965	3.98247e-10	-6.89708e-06	6.28882e-14	1.80503e-13	-7.65462e-07	6.26296e-06
16.6965	3.92035e-10	-6.89752e-06	6.19099e-14	2.35005e-13	-2.90752e-09	6.17849e-06
16.6965	3.85865e-10	-6.89795e-06	6.0938e-14	1.54971e-13	8.4364e-07	6.0926e-06
16.6965	3.9254e-10	-6.89837e-06	6.19893e-14	-6.73474e-13	3.05495e-07	6.00548e-06
16.6965	4.03671e-10	-6.89879e-06	6.37425e-14	-6.69284e-13	2.11121e-07	5.91783e-06
16.6965	4.17739e-10	-6.8992e-06	6.59582e-14	4.24331e-13	-4.21041e-08	5.82964e-06
16.6965	4.30986e-10	-6.8996e-06	6.80445e-14	7.71449e-13	-1.70308e-06	5.74049e-06
16.6965	4.19777e-10	-6.9e-06	6.62791e-14	1.69964e-12	6.20366e-07	5.65064e-06
16.6965	4.17439e-10	-6.90039e-06	6.59108e-14	-4.18265e-13	6.97605e-07	5.56049e-06
16.6965	4.24757e-10	-6.90078e-06	6.70635e-14	-2.03842e-12	5.56536e-07	5.47008e-06
16.6965	4.39503e-10	-6.90116e-06	6.9386e-14	8.30548e-13	-1.20985e-07	5.37965e-06
16.6965	4.5239e-10	-6.90153e-06	7.14157e-14	2.53862e-12	-9.40474e-07	5.28951e-06
16.6965	4.52729e-10	-6.9019e-06	7.14691e-14	-1.42786e-13	3.46606e-07	5.19932e-06
16.6965	4.57529e-10	-6.90226e-06	7.2225e-14	-2.26232e-13	1.83148e-07	5.10907e-06
16.6965	4.64563e-10	-6.90261e-06	7.33328e-14	-1.53032e-14	7.12248e-08	5.01893e-06
16.6965	4.72357e-10	-6.90296e-06	7.45604e-14	6.27835e-13	-1.09423e-06	4.92912e-06
16.6965	4.6665e-10	-6.9033e-06	7.36615e-14	5.19311e-13	1.74093e-07	4.83984e-06
16.6965	4.63134e-10	-6.90364e-06	7.31077e-14	2.25856e-13	5.57109e-07	4.75117e-06
16.6965	4.66238e-10	-6.90397e-06	7.35966e-14	2.75239e-13	-8.48829e-08	4.6629e-06
16.6965	4.68304e-10	-6.90429e-06	7.3922e-14	-1.16188e-11	2.00068e-06	4.5755e-06
16.6965	4.93e-10	-6.90461e-06	7.78116e-14	-3.04876e-12	2.78033e-07	4.48904e-06
16.6965	5.20316e-10	-6.90492e-06	8.21138e-14	1.44167e-11	-1.87303e-06	4.40296e-06
16.6965	5.26688e-10	-6.90522e-06	8.31174e-14	6.45602e-13	-9.72718e-07	4.31749e-06
16.6965	5.2254e-10	-6.90552e-06	8.24641e-14	-3.49134e-12	-8.81911e-07	4.23287e-06
16.6965	5.09234e-10	-6.90582e-06	8.03684e-14	3.81625e-12	1.65857e-06	4.14927e-06
16.6965	5.13224e-10	-6.9061e-06	8.09968e-14	-1.17845e-11	1.83136e-06	4.06647e-06
16.6965	5.35563e-10	-6.90638e-06	8.45152e-14	-1.8628e-11	1.30729e-06	3.98446e-06
16.6965	5.70338e-10	-6.90666e-06	8.99923e-14	2.91504e-11	-2.60981e-06	3.90366e-06
16.6965	5.79199e-10	-6.90693e-06	9.13879e-14	-8.85306e-12	-3.02503e-06	3.82379e-06
16.6965	5.59261e-10	-6.9072e-06	8.82476e-14	4.43696e-12	4.56715e-07	3.74483e-06
16.6965	5.43966e-10	-6.90745e-06	8.58387e-14	-3.93976e-12	3.73863e-06	3.66705e-06
16.6965	5.62904e-10	-6.90771e-06	8.88214e-14	4.0281e-12	-4.13481e-07	3.59007e-06
16.6965	5.7777e-10	-6.90796e-06	9.11627e-14	8.95866e-13	-9.3324e-08	3.51402e-06
16.6965	5.91509e-10	-6.9082e-06	9.33266e-14	5.64147e-12	-1.03679e-06	3.43931e-06
16.6966	5.96137e-10	-6.90844e-06	9.40555e-14	5.65298e-13	-8.9368e-07	3.36543e-06
16.6966	5.93228e-10	-6.90867e-06	9.35974e-14	-8.0481e-13	-3.54153e-07	3.29237e-06
16.6966	5.87499e-10	-6.9089e-06	9.26951e-14	-1.46125e-11	3.23162e-06	3.22048e-06
16.6966	6.07626e-10	-6.90912e-06	9.58651e-14	-4.15416e-11	2.27375e-06	3.14931e-06
16.6966	6.45005e-10	-6.90934e-06	1.01752e-13	-5.34403e-11	1.86767e-06	3.07893e-06
16.6966	6.95759e-10	-6.90955e-06	1.09746e-13	1.02919e-10	-4.83659e-06	3.00967e-06
16.6966	7.09391e-10	-6.90976e-06	1.11893e-13	-3.48687e-11	-5.99829e-06	2.94128e-06
16.6966	6.79115e-10	-6.90996e-06	1.07125e-13	1.2038e-11	6.18545e-07	2.87366e-06
16.6966	6.53931e-10	-6.91016e-06	1.03158e-13	2.70257e-11	4.89412e-06	2.80711e-06
16.6966	6.63273e-10	-6.91036e-06	1.04629e-13	-3.36378e-11	2.56599e-06	2.74122e-06
16.6966	6.89768e-10	-6.91055e-06	1.08802e-13	-1.76447e-11	8.21007e-07	2.676e-06
16.6966	7.21057e-10	-6.91073e-06	1.1373e-13	5.10562e-11	-3.30941e-06	2.61188e-06
16.6966	7.30246e-10	-6.91091e-06	1.15178e-13	-2.90271e-11	-5.12335e-06	2.54815e-06
16.6966	7.0698e-10	-6.91109e-06	1.11513e-13	1.03544e-11	6.0401e-07	2.48479e-06
16.6966	6.87999e-10	-6.91126e-06	1.08524e-13	2.39843e-11	2.95084e-06	2.42277e-06
16.6966	6.87139e-10	-6.91143e-06	1.08388e-13	3.89872e-14	-6.03075e-08	2.36136e-06
16.6966	6.8595e-10	-6.91159e-06	1.08201e-13	-1.04644e-12	-5.00067e-07	2.29986e-06
16.6966	6.81955e-10	-6.91175e-06	1.07572e-13	-1.42089e-11	3.197e-06	2.2393e-06
16.6966	6.95724e-10	-6.9119e-06	1.0974e-13	-5.11872e-11	2.67659e-06	2.17955e-06
16.6966	7.23506e-10	-6.91205e-06	1.14116e-13	-3.63691e-11	1.25735e-06	2.11977e-06
16.6966	7.57083e-10	-6.9122e-06	1.19404e-13	-6.18104e-10	1.05608e-05	2.06045e-06
16.6966	8.4334e-10	-6.91234e-06	1.3299e-13	-7.16438e-10	6.99542e-06	2.00227e-06
16.6966	9.61665e-10	-6.91248e-06	1.51626e-13	6.41524e-10	-6.13351e-06	1.9445e-06
16.6966	1.04714e-09	-6.91261e-06	1.65088e-13	5.67587e-10	-2.74201e-05	1.88663e-06
16.6966	1.00269e-09	-6.91274e-06	1.58087e-13	-1.93201e-09	-1.98306e-05	1.8296e-06
16.6966	8.70281e-10	-6.91287e-06	1.37233e-13	-1.61974e-09	-9.48777e-06	1.77377e-06
16.6966	7.0052e-10	-6.91299e-06	1.10496e-13	-3.81139e-09	-1.62194e-05	1.71841e-06
16.6966	4.67587e-10	-6.91311e-06	7.38089e-14	-2.39376e-09	-8.09337e-06	1.66324e-06
16.6966	2.0913e-10	-6.91322e-06	3.3102e-14	5.96641e-10	1.91692e-06	1.60908e-06
16.6966	-3.33124e-11	-6.91333e-06	-5.08246e-15	5.98489e-09	2.43809e-05	1.55643e-06
16.6966	-1.74514e-10	-6.91344e-06	-2.73215e-14	3.0973e-09	4.79949e-05	1.50485e-06
16.6966	-1.33499e-10	-6.91355e-06	-2.08617e-14	-8.32006e-09	4.76548e-05	1.45424e-06
16.6966	7.6409e-11	-6.91365e-06	1.21986e-14	-2.44231e-08	5.6234e-05	1.40515e-06
16.6966	4.73384e-10	-6.91374e-06	7.47218e-14	-2.20175e-08	3.34365e-05	1.35786e-06
16.6966	9.68609e-10	-6.91384e-06	1.52719e-13	-2.08274e-08	2.58202e-05	1.31227e-06
16.6966	1.53045e-09	-6.91393e-06	2.41209e-13	1.25962e-08	-1.51142e-05	1.26843e-06
16.6966	2.02652e-09	-6.91401e-06	3.19339e-13	1.79249e-08	-2.44005e-05	1.22732e-06
16.6966	2.43326e-09	-6.9141e-06	3.834e-13	2.0093e-08	-3.41596e-05	1.18936e-06
16.6966	2.72767e-09	-6.91418e-06	4.2977e-13	2.11548e-08	-5.99319e-05	1.15395e-06
16.6966	2.84315e-09	-6.91426e-06	4.47957e-13	3.08194e-09	-6.10764e-05	1.12068e-06
16.6966	2.78669e-09	-6.91434e-06	4.39065e-13	-1.71944e-08	-6.49695e-05	1.08939e-06
16.6966	2.55729e-09	-6.91441e-06	4.02936e-13	-3.24749e-08	-5.70126e-05	1.06036e-06
16.6966	2.18467e-09	-6.91448e-06	3.44249e-13	-1.07126e-09	-1.49647e-06	1.03618e-06
16.6966	1.81555e-09	-6.91456e-06	2.86112e-13	-2.70357e-09	-3.70919e-06	1.01902e-06
16.6966	1.44198e-09	-6.91463e-06	2.27275e-13	8.04517e-09	1.13338e-05	1.00772e-06
16.6966	1.10011e-09	-6.9147e-06	1.7343e-13	1.33786e-08	2.12945e-05	1.00057e-06
16.6966	8.13212e-10	-6.91477e-06	1.28244e-13	-1.50517e-08	-2.37279e-05	9.96708e-07
16.6966	4.67917e-10	-6.91484e-06	7.38608e-14	2.1221e-08	3.50097e-05	9.9602e-07
16.6966	2.09521e-10	-6.91491e-06	3.31636e-14	1.45303e-08	3.33923e-05	9.98463e-07
16.6966	3.36131e-11	-6.91498e-06	5.45827e-15	1.2303e-08	6.52952e-05	1.0042e-06
16.6966	2.09222e-11	-6.91505e-06	3.45948e-15	-2.46661e-10	1.61739e-05	1.01382e-06
16.6966	4.93147e-11	-6.91512e-06	7.93123e-15	-1.46563e-09	1.55142e-05	1.02852e-06
16.6966	1.18432e-10	-6.91519e-06	1.88172e-14	-9.28388e-11	6.88111e-07	1.04943e-06
16.6966	1.90987e-10	-6.91526e-06	3.02444e-14	-2.72824e-09	1.55411e-05	1.07658e-06
16.6966	3.08015e-10	-6.91534e-06	4.86762e-14	2.3887e-09	-1.31604e-05	1.10974e-06
16.6966	3.91814e-10	-6.91542e-06	6.18745e-14	-3.15428e-10	2.05209e-06	1.1492e-06
16.6966	4.84795e-10	-6.9155e-06	7.6519e-14	2.35191e-09	-2.34805e-05	1.19518e-06
16.6966	5.10082e-10	-6.91559e-06	8.05016e-14	8.01436e-11	-2.23222e-06	1.24811e-06
16.6966	5.2942e-10	-6.91568e-06	8.35473e-14	-1.44838e-10	-1.57904e-05	1.3088e-06
16.6966	4.96795e-10	-6.91577e-06	7.8409e-14	-1.22552e-10	-2.25808e-06	1.37851e-06
16.6966	4.5436e-10	-6.91587e-06	7.17255e-14	-2.86722e-10	-4.08747e-06	1.45876e-06
16.6966	3.94009e-10	-6.91597e-06	6.22202e-14	3.4506e-11	4.34374e-07	1.55111e-06
16.6966	3.3142e-10	-6.91609e-06	5.23626e-14	-4.43265e-10	-4.90087e-06	1.65799e-06
16.6966	2.43323e-10	-6.91621e-06	3.84874e-14	2.11602e-11	2.06344e-07	1.78264e-06
16.6966	1.49275e-10	-6.91634e-06	2.3675e-14	-1.99112e-10	-1.87275e-06	1.92893e-06
16.6966	3.77875e-11	-6.91648e-06	6.11572e-15	-1.81338e-10	-1.57776e-06	2.10242e-06
16.6966	-9.2851e-11	-6.91663e-06	-1.44597e-14	1.59011e-10	1.37598e-06	2.31089e-06
16.6966	-2.28712e-10	-6.9168e-06	-3.58576e-14	7.67127e-10	8.43108e-06	2.56699e-06
16.6966	-3.2339e-10	-6.91699e-06	-5.07693e-14	4.53028e-10	1.02027e-05	2.89027e-06
16.6966	-3.52391e-10	-6.9172e-06	-5.5337e-14	3.57966e-11	3.82078e-06	3.31695e-06
16.6966	-3.52e-10	-6.91745e-06	-5.52754e-14	-4.92151e-12	-1.47142e-06	3.9224e-06
16.6966	-3.67283e-10	-6.91775e-06	-5.76824e-14	-6.54387e-11	-3.89221e-06	4.88391e-06
16.6966	-4.40235e-10	-6.91814e-06	-6.91723e-14	1.72636e-11	6.80823e-07	6.73659e-06
16.6966	-5.32871e-10	-6.9187e-06	-8.37623e-14	5.23955e-11	5.53292e-06	1.15786e-05
16.6966	-4.98966e-10	-6.91976e-06	-7.84223e-14	-1.54463e-11	1.94888e-06	4.27568e-05
16.6967	9.90289e-13	-6.92468e-06	3.20202e-16	-0.4	-2.84291e-06	0.0370603
16.6596	9.62455e-13	-1.75753e-06	3.18267e-16	0.4	-6.22669e-11	0.0735215
