16.6258	-2.64995e-10	-4.54782e-07	-2.13148e-14	-3.95634e-06	-0.00125798	0.0047802
16.6258	-2.4843e-08	-4.54853e-07	-5.25387e-13	-0.000246194	0.0112579	4.17068e-06
16.6258	-1.1685e-08	-4.54857e-07	-2.55527e-13	-0.00103156	0.0126063	4.05e-07
16.6258	4.34698e-09	-4.5486e-07	7.32753e-14	0.000274046	-0.00255503	2.48997e-07
16.6258	1.50904e-08	-4.54862e-07	2.93614e-13	0.000739104	-0.00969013	2.02306e-07
16.6258	2.00195e-08	-4.54863e-07	3.94705e-13	0.000240899	-0.00703491	1.85933e-07
16.6258	2.15293e-08	-4.54865e-07	4.25671e-13	1.77821e-05	-0.00133843	1.80414e-07
16.6258	2.24201e-08	-4.54867e-07	4.4394e-13	-1.02989e-05	0.00085311	1.79616e-07
16.6258	2.36983e-08	-4.54868e-07	4.70155e-13	-3.05035e-05	0.00166135	1.81113e-07
16.6258	2.57496e-08	-4.5487e-07	5.12225e-13	1.86748e-06	-8.3717e-05	1.83828e-07
16.6258	2.77976e-08	-4.54872e-07	5.54228e-13	2.53334e-05	-0.00135395	1.87207e-07
16.6258	2.92456e-08	-4.54873e-07	5.83926e-13	1.67474e-05	-0.00142356	1.90997e-07
16.6258	3.00373e-08	-4.54875e-07	6.00163e-13	4.4417e-06	-0.000683837	1.95072e-07
16.6258	3.05091e-08	-4.54877e-07	6.09839e-13	2.11448e-06	-0.000692035	1.99347e-07
16.6258	3.06426e-08	-4.54879e-07	6.12578e-13	1.28354e-07	-0.00040262	2.03789e-07
16.6258	3.05718e-08	-4.54881e-07	6.11125e-13	-3.80133e-07	-0.000275939	2.08378e-07
16.6258	3.0354e-08	-4.54882e-07	6.06657e-13	-2.4732e-06	-0.000663658	2.13105e-07
16.6258	2.97736e-08	-4.54884e-07	5.94756e-13	-8.65931e-07	-0.000150294	2.17973e-07
16.6258	2.90972e-08	-4.54886e-07	5.80882e-13	-1.0273e-05	-0.00114229	2.22998e-07
16.6258	2.7761e-08	-4.54888e-07	5.53477e-13	-1.37491e-05	-0.000964137	2.28181e-07
16.6258	2.58372e-08	-4.5489e-07	5.14022e-13	-1.34605e-05	-0.0007279	2.33517e-07
16.6258	2.34385e-08	-4.54893e-07	4.64828e-13	-1.23222e-05	-0.000567019	2.39008e-07
16.6258	2.06404e-08	-4.54895e-07	4.07442e-13	-1.92422e-05	-0.000767518	2.44669e-07
16.6258	1.73009e-08	-4.54897e-07	3.38951e-13	-9.26747e-06	-0.000333063	2.5049e-07
16.6258	1.36708e-08	-4.54899e-07	2.645e-13	-1.19699e-05	-0.000403455	2.56471e-07
16.6258	9.69209e-09	-4.54902e-07	1.829e-13	5.06489e-06	0.000167382	2.62613e-07
16.6258	5.7292e-09	-4.54904e-07	1.01625e-13	2.55118e-05	0.000927023	2.68906e-07
16.6258	2.30195e-09	-4.54907e-07	3.13347e-14	1.63243e-05	0.000695869	2.75366e-07
16.6258	-7.23112e-10	-4.54909e-07	-3.07068e-14	7.10676e-06	0.000340593	2.82015e-07
16.6258	-3.57837e-09	-4.54912e-07	-8.92658e-14	1.84277e-05	0.00106159	2.88842e-07
16.6258	-5.72702e-09	-4.54914e-07	-1.33333e-13	3.55796e-06	0.000252856	2.95847e-07
16.6258	-7.73861e-09	-4.54917e-07	-1.74589e-13	1.09639e-05	0.00100304	3.03031e-07
16.6258	-9.03002e-09	-4.5492e-07	-2.01074e-13	6.97461e-06	0.00190274	3.10388e-07
16.6258	-8.85862e-09	-4.54923e-07	-1.97559e-13	-1.14331e-05	0.00193132	3.17936e-07
16.6258	-7.1295e-09	-4.54925e-07	-1.62096e-13	-4.66716e-05	0.00267598	3.25693e-07
16.6258	-3.15289e-09	-4.54928e-07	-8.0539e-14	-2.06776e-06	8.49275e-05	3.33615e-07
16.6258	9.91591e-10	-4.54931e-07	4.46102e-15	1.39231e-05	-0.000604082	3.41655e-07
16.6258	4.71351e-09	-4.54935e-07	8.07946e-14	1.41392e-05	-0.000716063	3.49845e-07
16.6258	7.89079e-09	-4.54938e-07	1.45958e-13	1.79007e-05	-0.00119636	3.58191e-07
16.6258	1.00598e-08	-4.54941e-07	1.90442e-13	1.13289e-05	-0.00129862	3.66692e-07
16.6258	1.10757e-08	-4.54944e-07	2.11277e-13	2.88252e-06	-0.00131182	3.75352e-07
16.6258	1.08702e-08	-4.54948e-07	2.07064e-13	-8.63634e-07	-0.000409894	3.84164e-07
16.6258	1.02617e-08	-4.54951e-07	1.94584e-13	-3.29928e-06	-0.000682093	3.93124e-07
16.6258	8.96098e-09	-4.54955e-07	1.67907e-13	-5.68334e-06	-0.000687877	4.02223e-07
16.6258	6.93071e-09	-4.54959e-07	1.26268e-13	-8.1184e-07	-7.97374e-05	4.11441e-07
16.6258	4.77122e-09	-4.54962e-07	8.19789e-14	5.59426e-06	0.000636479	4.20752e-07
16.6258	3.24015e-09	-4.54966e-07	5.0578e-14	4.28309e-06	0.00084028	4.30149e-07
16.6258	2.58861e-09	-4.5497e-07	3.72157e-14	8.53055e-07	0.000465404	4.39646e-07
16.6258	2.43986e-09	-4.54974e-07	3.4165e-14	-1.04778e-07	0.000378498	4.49227e-07
16.6258	2.71752e-09	-4.54978e-07	3.98597e-14	-7.06767e-07	0.000340657	4.58872e-07
16.6258	3.39601e-09	-4.54982e-07	5.3775e-14	-1.41601e-06	0.000368113	4.68584e-07
16.6258	4.52448e-09	-4.54987e-07	7.69192e-14	9.74022e-07	-0.000232734	4.78382e-07
16.6258	5.39522e-09	-4.54991e-07	9.47774e-14	1.236e-06	-0.000562731	4.88273e-07
16.6258	5.58995e-09	-4.54995e-07	9.87713e-14	-1.37098e-07	-0.000440369	4.98261e-07
16.6258	5.23457e-09	-4.55e-07	9.14829e-14	-9.20297e-08	-5.90027e-05	5.08348e-07
16.6258	4.7963e-09	-4.55005e-07	8.24945e-14	8.19835e-08	5.19764e-05	5.1856e-07
16.6258	4.4173e-09	-4.55009e-07	7.47217e-14	-1.41842e-08	-9.63943e-06	5.28906e-07
16.6258	4.0179e-09	-4.55014e-07	6.65305e-14	2.1845e-07	0.0002534	5.39357e-07
16.6258	3.95566e-09	-4.55019e-07	6.52541e-14	-4.64679e-08	0.00018951	5.49914e-07
16.6258	4.15526e-09	-4.55024e-07	6.93478e-14	4.09243e-08	-7.81651e-05	5.60632e-07
16.6258	4.24813e-09	-4.55029e-07	7.12527e-14	4.72721e-09	-0.000114787	5.71532e-07
16.6258	4.17722e-09	-4.55034e-07	6.97985e-14	-5.81418e-09	-1.97059e-05	5.82525e-07
16.6258	4.07599e-09	-4.5504e-07	6.77224e-14	-4.33461e-08	-7.97324e-05	5.93477e-07
16.6258	3.85349e-09	-4.55045e-07	6.31594e-14	1.89625e-08	2.81977e-05	6.04276e-07
16.6258	3.67e-09	-4.55051e-07	5.93963e-14	2.45878e-08	0.000188665	6.14872e-07
16.6258	3.77583e-09	-4.55056e-07	6.1567e-14	-1.657e-08	3.79797e-05	6.25258e-07
16.6258	3.94328e-09	-4.55062e-07	6.50013e-14	2.71908e-08	-0.000126548	6.35481e-07
16.6258	3.91077e-09	-4.55068e-07	6.43347e-14	-5.62854e-09	-3.13088e-05	6.45677e-07
16.6258	3.8268e-09	-4.55074e-07	6.26128e-14	6.57708e-09	5.73305e-05	6.55997e-07
16.6258	3.83626e-09	-4.5508e-07	6.28069e-14	-1.54434e-09	-3.12253e-05	6.66506e-07
16.6258	3.79342e-09	-4.55086e-07	6.19286e-14	-3.46029e-09	-1.96021e-05	6.77207e-07
16.6258	3.71645e-09	-4.55092e-07	6.035e-14	4.90629e-09	5.35976e-05	6.88084e-07
16.6258	3.73117e-09	-4.55098e-07	6.06522e-14	1.13089e-10	-3.30708e-06	6.99117e-07
16.6258	3.7403e-09	-4.55104e-07	6.08397e-14	-8.44653e-09	5.31726e-05	7.10342e-07
16.6258	3.84476e-09	-4.55111e-07	6.29822e-14	7.88421e-09	-7.42256e-05	7.219e-07
16.6258	3.81589e-09	-4.55117e-07	6.23903e-14	-8.54139e-09	-4.46983e-05	7.33996e-07
16.6258	3.70381e-09	-4.55124e-07	6.00918e-14	5.60152e-09	2.2781e-05	7.46893e-07
16.6258	3.63262e-09	-4.55131e-07	5.8632e-14	3.0469e-09	2.33276e-05	7.60915e-07
16.6258	3.60485e-09	-4.55138e-07	5.80626e-14	-2.48146e-10	3.20176e-05	7.76294e-07
16.6258	3.63928e-09	-4.55145e-07	5.8769e-14	-1.33365e-09	1.14546e-05	7.92887e-07
16.6258	3.69741e-09	-4.55152e-07	5.99614e-14	1.96175e-09	-2.14568e-05	8.10196e-07
16.6258	3.71289e-09	-4.5516e-07	6.02789e-14	-1.28004e-08	-7.95101e-05	8.27502e-07
16.6258	3.5625e-09	-4.55167e-07	5.71947e-14	-1.60178e-09	-4.32253e-06	8.43972e-07
16.6258	3.40005e-09	-4.55175e-07	5.38633e-14	-4.86129e-09	-1.18294e-05	8.59001e-07
16.6258	3.20928e-09	-4.55183e-07	4.99509e-14	1.93413e-08	8.30045e-05	8.72461e-07
16.6258	3.19807e-09	-4.55191e-07	4.97213e-14	-1.78449e-08	8.9741e-05	8.84802e-07
16.6258	3.38656e-09	-4.55199e-07	5.35874e-14	1.0455e-08	-3.00326e-05	8.97228e-07
16.6258	3.50993e-09	-4.55207e-07	5.61178e-14	7.37204e-09	-6.03706e-05	9.11298e-07
16.6258	3.49669e-09	-4.55215e-07	5.58465e-14	-5.65802e-09	-4.21583e-05	9.25071e-07
16.6258	3.38513e-09	-4.55223e-07	5.35587e-14	5.08838e-09	6.40796e-05	9.35727e-07
16.6258	3.42311e-09	-4.55232e-07	5.43379e-14	-5.92759e-10	6.16225e-06	9.44079e-07
16.6258	3.47601e-09	-4.5524e-07	5.5423e-14	-1.71463e-09	1.20897e-05	9.51901e-07
16.6258	3.55824e-09	-4.55249e-07	5.71097e-14	2.89036e-09	-3.96974e-05	9.59054e-07
16.6258	3.54552e-09	-4.55258e-07	5.68491e-14	-2.63026e-09	-2.75775e-05	9.64773e-07
16.6258	3.46604e-09	-4.55267e-07	5.52194e-14	-1.96716e-08	-6.17334e-05	9.69826e-07
16.6258	3.23609e-09	-4.55275e-07	5.05035e-14	1.62275e-08	4.50219e-05	9.7438e-07
16.6258	3.11508e-09	-4.55284e-07	4.80218e-14	6.14137e-09	4.84644e-05	9.78041e-07
16.6258	3.11235e-09	-4.55293e-07	4.79662e-14	-1.36452e-09	2.45008e-05	9.81156e-07
16.6258	3.16981e-09	-4.55302e-07	4.91449e-14	1.16648e-09	-3.23606e-05	9.83787e-07
16.6258	3.14772e-09	-4.55311e-07	4.86921e-14	-6.84493e-10	2.7794e-05	9.85749e-07
16.6258	3.19415e-09	-4.5532e-07	4.96445e-14	-7.46069e-10	6.72601e-06	9.87235e-07
16.6258	3.25725e-09	-4.55329e-07	5.09389e-14	1.02194e-09	-9.92898e-06	9.88205e-07
16.6258	3.29585e-09	-4.55337e-07	5.17308e-14	5.41483e-10	-1.03853e-05	9.88601e-07
16.6258	3.30879e-09	-4.55346e-07	5.19964e-14	-4.55128e-10	9.23845e-06	9.88506e-07
16.6258	3.34455e-09	-4.55355e-07	5.27301e-14	-5.00248e-09	-6.14886e-05	9.87853e-07
16.6258	3.22849e-09	-4.55364e-07	5.03501e-14	-1.15832e-09	-4.69329e-06	9.86674e-07
16.6258	3.10103e-09	-4.55373e-07	4.77363e-14	3.78255e-09	1.76383e-05	9.84962e-07
16.6258	3.01722e-09	-4.55382e-07	4.60177e-14	-9.52535e-10	7.33369e-05	9.82657e-07
16.6258	3.11356e-09	-4.55391e-07	4.79937e-14	2.13788e-10	-1.10425e-06	9.79808e-07
16.6258	3.20689e-09	-4.554e-07	4.9908e-14	3.37381e-09	-2.78262e-05	9.76398e-07
16.6258	3.23207e-09	-4.55408e-07	5.04248e-14	-2.15642e-10	3.56026e-06	9.72447e-07
16.6258	3.26578e-09	-4.55417e-07	5.11164e-14	3.94872e-10	-1.98264e-05	9.6801e-07
16.6258	3.25146e-09	-4.55426e-07	5.0823e-14	-5.63279e-11	1.35273e-05	9.63058e-07
16.6258	3.26971e-09	-4.55435e-07	5.11973e-14	-2.73244e-11	6.89082e-07	9.57636e-07
16.6258	3.28948e-09	-4.55443e-07	5.16032e-14	-1.03515e-09	1.36851e-05	9.51713e-07
16.6258	3.34159e-09	-4.55452e-07	5.26721e-14	-9.73829e-10	7.56319e-06	9.45332e-07
16.6258	3.41115e-09	-4.5546e-07	5.40989e-14	1.14312e-09	-9.16169e-06	9.38522e-07
16.6258	3.45877e-09	-4.55469e-07	5.50758e-14	1.03692e-09	-1.98318e-05	9.31256e-07
16.6258	3.46002e-09	-4.55477e-07	5.51018e-14	-2.22297e-09	-3.03653e-05	9.23633e-07
16.6258	3.39145e-09	-4.55485e-07	5.36956e-14	2.20626e-09	3.24714e-05	9.1562e-07
16.6258	3.39748e-09	-4.55494e-07	5.38195e-14	-3.14688e-09	3.29307e-05	9.07228e-07
16.6258	3.47779e-09	-4.55502e-07	5.54669e-14	-2.94443e-09	1.38547e-05	8.98508e-07
16.6258	3.58828e-09	-4.5551e-07	5.77331e-14	5.93228e-09	-5.78384e-05	8.89439e-07
16.6258	3.56968e-09	-4.55518e-07	5.7352e-14	-5.07084e-10	-8.13208e-06	8.79999e-07
16.6258	3.5335e-09	-4.55526e-07	5.66101e-14	-2.37395e-09	-1.84348e-05	8.70298e-07
16.6258	3.45784e-09	-4.55533e-07	5.50585e-14	3.03043e-09	3.82809e-05	8.60358e-07
16.6258	3.46491e-09	-4.55541e-07	5.52038e-14	-2.0402e-09	2.54502e-05	8.50116e-07
16.6258	3.52566e-09	-4.55549e-07	5.64499e-14	-3.26227e-08	8.90387e-05	8.39617e-07
16.6258	3.77135e-09	-4.55556e-07	6.14891e-14	3.27196e-08	-8.97203e-05	8.28938e-07
16.6258	3.82916e-09	-4.55564e-07	6.26749e-14	-3.74048e-10	-5.87024e-05	8.18096e-07
16.6258	3.76694e-09	-4.55571e-07	6.13991e-14	-3.42438e-11	-2.23021e-07	8.07061e-07
16.6258	3.70513e-09	-4.55578e-07	6.01315e-14	-4.85276e-10	6.46978e-05	7.95842e-07
16.6258	3.772e-09	-4.55585e-07	6.15031e-14	-5.33721e-09	2.34279e-05	7.84463e-07
16.6258	3.88351e-09	-4.55593e-07	6.37903e-14	-5.29215e-09	1.61908e-05	7.73013e-07
16.6258	4.02443e-09	-4.55599e-07	6.66808e-14	1.1601e-09	-3.229e-06	7.61492e-07
16.6258	4.15713e-09	-4.55606e-07	6.94025e-14	3.22302e-09	-0.000130607	7.49848e-07
16.6258	4.04485e-09	-4.55613e-07	6.70999e-14	8.70165e-09	4.75751e-05	7.3811e-07
16.6258	4.02143e-09	-4.5562e-07	6.66198e-14	-3.7332e-09	5.34988e-05	7.26333e-07
16.6258	4.09475e-09	-4.55626e-07	6.81236e-14	-1.32405e-08	4.26799e-05	7.14525e-07
16.6258	4.24246e-09	-4.55632e-07	7.11534e-14	3.65307e-09	-9.27795e-06	7.02712e-07
16.6258	4.37156e-09	-4.55639e-07	7.38012e-14	1.37201e-08	-7.2124e-05	6.90938e-07
16.6258	4.37496e-09	-4.55645e-07	7.38711e-14	-2.02998e-09	2.6581e-05	6.79157e-07
16.6258	4.42304e-09	-4.55651e-07	7.48573e-14	-2.49915e-09	1.40454e-05	6.67367e-07
16.6258	4.4935e-09	-4.55657e-07	7.63026e-14	-1.23832e-09	5.46235e-06	6.55592e-07
16.6258	4.57158e-09	-4.55663e-07	7.79042e-14	2.56558e-09	-8.39154e-05	6.43862e-07
16.6258	4.51441e-09	-4.55669e-07	7.67318e-14	1.94708e-09	1.33508e-05	6.32201e-07
16.6258	4.47919e-09	-4.55674e-07	7.60096e-14	2.41459e-10	4.27242e-05	6.20615e-07
16.6258	4.51029e-09	-4.5568e-07	7.66475e-14	5.52598e-10	-6.50965e-06	6.09087e-07
16.6258	4.53099e-09	-4.55685e-07	7.70722e-14	-6.93792e-08	0.00015343	5.97669e-07
16.6258	4.77838e-09	-4.55691e-07	8.21461e-14	-1.89568e-08	2.13221e-05	5.86375e-07
16.6258	5.05201e-09	-4.55696e-07	8.77583e-14	8.37818e-08	-0.000143641	5.75132e-07
16.6258	5.11585e-09	-4.55701e-07	8.90676e-14	2.8104e-09	-7.45968e-05	5.63967e-07
16.6258	5.0743e-09	-4.55706e-07	8.82156e-14	-2.15006e-08	-6.76332e-05	5.52912e-07
16.6258	4.94101e-09	-4.55711e-07	8.5482e-14	2.14956e-08	0.000127194	5.41994e-07
16.6258	4.98098e-09	-4.55716e-07	8.63019e-14	-7.02375e-08	0.000140446	5.31177e-07
16.6258	5.20476e-09	-4.55721e-07	9.08916e-14	-1.10465e-07	0.000100254	5.20464e-07
16.6258	5.55312e-09	-4.55725e-07	9.80363e-14	1.70549e-07	-0.000200144	5.0991e-07
16.6258	5.64188e-09	-4.5573e-07	9.98569e-14	-5.29387e-08	-0.000231986	4.99478e-07
16.6258	5.44215e-09	-4.55734e-07	9.57608e-14	2.52386e-08	3.50242e-05	4.89163e-07
16.6258	5.28894e-09	-4.55739e-07	9.26187e-14	-2.40094e-08	0.000286713	4.79003e-07
16.6258	5.47865e-09	-4.55743e-07	9.65095e-14	2.28707e-08	-3.17099e-05	4.68948e-07
16.6258	5.62757e-09	-4.55747e-07	9.95638e-14	4.46585e-09	-7.15583e-06	4.59013e-07
16.6258	5.7652e-09	-4.55751e-07	1.02387e-13	3.23941e-08	-7.9511e-05	4.49254e-07
16.6258	5.81156e-09	-4.55755e-07	1.03338e-13	2.5564e-09	-6.85354e-05	4.39605e-07
16.6258	5.78242e-09	-4.55759e-07	1.0274e-13	-5.48459e-09	-2.71598e-05	4.30061e-07
16.6258	5.72504e-09	-4.55763e-07	1.01563e-13	-8.66752e-08	0.00024783	4.2067e-07
16.6258	5.92666e-09	-4.55767e-07	1.05698e-13	-2.45033e-07	0.000174371	4.11375e-07
16.6258	6.3011e-09	-4.5577e-07	1.13378e-13	-3.15002e-07	0.000143232	4.02181e-07
16.6258	6.80952e-09	-4.55774e-07	1.23805e-13	6.04606e-07	-0.000370914	3.93133e-07
16.6258	6.94608e-09	-4.55777e-07	1.26606e-13	-2.05741e-07	-0.000460004	3.842e-07
16.6258	6.64279e-09	-4.55781e-07	1.20386e-13	7.01443e-08	4.74372e-05	3.75367e-07
16.6258	6.39051e-09	-4.55784e-07	1.15212e-13	1.58301e-07	0.000375326	3.66674e-07
16.6258	6.4841e-09	-4.55787e-07	1.17132e-13	-1.98457e-07	0.000196783	3.58068e-07
16.6258	6.74951e-09	-4.55791e-07	1.22575e-13	-1.04387e-07	6.29641e-05	3.49548e-07
16.6258	7.06294e-09	-4.55794e-07	1.29003e-13	2.99682e-07	-0.000253798	3.41173e-07
16.6258	7.155e-09	-4.55797e-07	1.30891e-13	-1.71297e-07	-0.000392906	3.32848e-07
16.6258	6.92193e-09	-4.558e-07	1.26112e-13	6.03347e-08	4.63247e-05	3.24572e-07
16.6258	6.73179e-09	-4.55803e-07	1.22212e-13	1.40502e-07	0.000226295	3.16471e-07
16.6258	6.72318e-09	-4.55806e-07	1.22035e-13	-3.08487e-10	-4.62497e-06	3.08447e-07
16.6258	6.71126e-09	-4.55808e-07	1.21791e-13	-6.67816e-09	-3.83496e-05	3.00415e-07
16.6258	6.67125e-09	-4.55811e-07	1.20971e-13	-8.40769e-08	0.000245175	2.92505e-07
16.6258	6.80918e-09	-4.55814e-07	1.23799e-13	-3.0154e-07	0.000205265	2.847e-07
16.6258	7.08748e-09	-4.55816e-07	1.29507e-13	-2.14384e-07	9.64278e-05	2.76891e-07
16.6258	7.42383e-09	-4.55819e-07	1.36406e-13	-3.63554e-06	0.000809868	2.69145e-07
16.6258	8.2879e-09	-4.55821e-07	1.54127e-13	-4.21366e-06	0.000536431	2.61551e-07
16.6258	9.47321e-09	-4.55823e-07	1.78437e-13	3.7722e-06	-0.000470334	2.54004e-07
16.6258	1.03295e-08	-4.55826e-07	1.95998e-13	3.33754e-06	-0.00210279	2.46442e-07
16.6258	9.88419e-09	-4.55828e-07	1.86866e-13	-1.13619e-05	-0.00152065	2.38996e-07
16.6258	8.55778e-09	-4.5583e-07	1.59662e-13	-9.52376e-06	-0.000727408	2.31716e-07
16.6258	6.85722e-09	-4.55832e-07	1.24785e-13	-2.24058e-05	-0.00124329	2.24502e-07
16.6258	4.52385e-09	-4.55834e-07	7.693e-14	-1.40663e-05	-0.000620134	2.17313e-07
16.6258	1.93478e-09	-4.55836e-07	2.38304e-14	3.50404e-06	0.000146815	2.10242e-07
16.6258	-4.93857e-10	-4.55838e-07	-2.59788e-14	3.51796e-05	0.0018688	2.03345e-07
16.6258	-1.90832e-09	-4.55839e-07	-5.49882e-14	1.82122e-05	0.00368038	1.96579e-07
16.6258	-1.49746e-09	-4.55841e-07	-4.65617e-14	-4.89137e-05	0.00365348	1.89981e-07
16.6258	6.05266e-10	-4.55843e-07	-3.43655e-15	-0.000143374	0.00430511	1.83655e-07
16.6258	4.58192e-09	-4.55845e-07	7.81212e-14	-0.00012899	0.0025544	1.77597e-07
16.6258	9.54278e-09	-4.55846e-07	1.79864e-13	-0.000121784	0.00196876	1.71741e-07
16.6258	1.5171e-08	-4.55848e-07	2.95294e-13	7.36273e-05	-0.00115201	1.66025e-07
16.6258	2.01403e-08	-4.55849e-07	3.9721e-13	0.000104913	-0.00186228	1.60573e-07
16.6258	2.42147e-08	-4.55851e-07	4.80773e-13	0.000117808	-0.00261171	1.55519e-07
16.6258	2.7164e-08	-4.55852e-07	5.4126e-13	0.000124255	-0.00459079	1.50799e-07
16.6258	2.83207e-08	-4.55853e-07	5.64984e-13	1.8121e-05	-0.00468349	1.46397e-07
16.6258	2.77552e-08	-4.55855e-07	5.53385e-13	-0.000101037	-0.00497892	1.42339e-07
16.6258	2.54572e-08	-4.55856e-07	5.06256e-13	-0.000190417	-0.00435959	1.38647e-07
16.6258	2.17246e-08	-4.55857e-07	4.29703e-13	-6.26956e-06	-0.000114199	1.35552e-07
16.6258	1.80269e-08	-4.55858e-07	3.53867e-13	-1.58318e-05	-0.000283224	1.33314e-07
16.6258	1.42847e-08	-4.55859e-07	2.77118e-13	4.71071e-05	0.000865354	1.31826e-07
16.6258	1.08601e-08	-4.55861e-07	2.06881e-13	7.84146e-05	0.00162753	1.30851e-07
16.6258	7.98611e-09	-4.55862e-07	1.47939e-13	-8.82171e-05	-0.00181343	1.30348e-07
16.6258	4.52716e-09	-4.55863e-07	7.69987e-14	0.000124399	0.00267624	1.30246e-07
16.6258	1.93871e-09	-4.55864e-07	2.39118e-14	8.53082e-05	0.00255651	1.30498e-07
16.6258	1.76571e-10	-4.55865e-07	-1.22281e-14	7.23167e-05	0.00500548	1.31195e-07
16.6258	4.94421e-11	-4.55867e-07	-1.48354e-14	-1.45086e-06	0.00124035	1.3243e-07
16.6258	3.33861e-10	-4.55868e-07	-9.00215e-15	-8.6193e-06	0.00118969	1.34353e-07
16.6258	1.02624e-09	-4.55869e-07	5.19799e-15	-5.4627e-07	5.27721e-05	1.37086e-07
16.6258	1.75304e-09	-4.5587e-07	2.01041e-14	-1.60409e-05	0.00119149	1.4064e-07
16.6258	2.92536e-09	-4.55871e-07	4.41473e-14	1.40442e-05	-0.00100897	1.44972e-07
16.6258	3.7648e-09	-4.55873e-07	6.13637e-14	-1.85533e-06	0.000157369	1.50123e-07
16.6258	4.69624e-09	-4.55874e-07	8.04666e-14	1.38304e-05	-0.00180053	1.56123e-07
16.6258	4.94954e-09	-4.55876e-07	8.56617e-14	4.71056e-07	-0.000171189	1.63032e-07
16.6258	5.14326e-09	-4.55877e-07	8.96347e-14	-8.52136e-07	-0.00121095	1.7096e-07
16.6258	4.81645e-09	-4.55879e-07	8.29321e-14	-7.21078e-07	-0.000173169	1.80065e-07
16.6258	4.39136e-09	-4.5588e-07	7.4214e-14	-1.68652e-06	-0.000313444	1.9055e-07
16.6258	3.78679e-09	-4.55882e-07	6.18149e-14	2.02551e-07	3.3309e-05	2.02615e-07
16.6258	3.15982e-09	-4.55884e-07	4.89564e-14	-2.60722e-06	-0.000375826	2.16576e-07
16.6258	2.27733e-09	-4.55886e-07	3.08572e-14	1.24101e-07	1.58345e-05	2.32861e-07
16.6258	1.33521e-09	-4.55888e-07	1.15353e-14	-1.17141e-06	-0.000143611	2.51972e-07
16.6258	2.18396e-10	-4.55891e-07	-1.13696e-14	-1.06688e-06	-0.000120983	2.74634e-07
16.6258	-1.09026e-09	-4.55893e-07	-3.82089e-14	9.34465e-07	0.000105505	3.01866e-07
16.6258	-2.45122e-09	-4.55896e-07	-6.6121e-14	4.51074e-06	0.000646531	3.35315e-07
16.6258	-3.39965e-09	-4.55899e-07	-8.55722e-14	2.66361e-06	0.000782424	3.77538e-07
16.6258	-3.69017e-09	-4.55903e-07	-9.15304e-14	2.09704e-07	0.000293013	4.3327e-07
16.6258	-3.68625e-09	-4.55907e-07	-9.14499e-14	-2.99323e-08	-0.000112843	5.12355e-07
16.6258	-3.83934e-09	-4.55912e-07	-9.45896e-14	-3.86126e-07	-0.000298491	6.3795e-07
16.6258	-4.57012e-09	-4.55919e-07	-1.09577e-13	9.96874e-08	5.22117e-05	8.79952e-07
16.6258	-5.49809e-09	-4.55928e-07	-1.28609e-13	3.04646e-07	0.000424317	1.51242e-06
16.6258	-5.15844e-09	-4.55946e-07	-1.21642e-13	-1.07082e-07	0.000149459	5.58499e-06
16.6258	-1.50165e-10	-4.56029e-07	-1.89245e-14	-0.4	-0.000218025	0.00484997
16.621	-1.82157e-10	-3.68595e-07	-2.2049e-14	0.4	-2.14822e-09	0.00962167
