16.7017	-9.32578e-12	-8.05781e-06	-1.45992e-15	-4.17262e-10	-1.29597e-05	0.0407983
16.7017	-2.17495e-09	-8.06304e-06	-3.82575e-13	-2.61773e-08	0.000116105	3.56689e-05
16.7017	-1.01557e-09	-8.06339e-06	-1.78543e-13	-1.10742e-07	0.000131239	3.45344e-06
16.7017	3.97044e-10	-8.06358e-06	7.00546e-14	2.9587e-08	-2.67759e-05	2.11732e-06
16.7017	1.34367e-09	-8.06372e-06	2.36646e-13	7.91941e-08	-0.000100727	1.72464e-06
16.7017	1.77798e-09	-8.06385e-06	3.13078e-13	2.56229e-08	-7.26115e-05	1.58911e-06
16.7017	1.91102e-09	-8.06397e-06	3.3649e-13	1.88768e-09	-1.37915e-05	1.54296e-06
16.7017	1.98951e-09	-8.06409e-06	3.50303e-13	-1.09313e-09	8.79013e-06	1.53616e-06
16.7017	2.10213e-09	-8.06421e-06	3.70123e-13	-3.23892e-09	1.71239e-05	1.54882e-06
16.7017	2.28288e-09	-8.06433e-06	4.01931e-13	1.98413e-10	-8.63139e-07	1.57191e-06
16.7018	2.46333e-09	-8.06446e-06	4.33688e-13	2.69007e-09	-1.39556e-05	1.60093e-06
16.7018	2.59092e-09	-8.06458e-06	4.56142e-13	1.77778e-09	-1.46681e-05	1.63351e-06
16.7018	2.66068e-09	-8.06471e-06	4.68418e-13	4.71479e-10	-7.04516e-06	1.66844e-06
16.7018	2.70225e-09	-8.06484e-06	4.75734e-13	2.24475e-10	-7.12934e-06	1.70504e-06
16.7018	2.71401e-09	-8.06498e-06	4.77804e-13	1.36906e-11	-4.14766e-06	1.74304e-06
16.7018	2.70777e-09	-8.06512e-06	4.76706e-13	-4.02714e-11	-2.84266e-06	1.78228e-06
16.7018	2.68858e-09	-8.06526e-06	4.73328e-13	-2.62399e-10	-6.83688e-06	1.82271e-06
16.7018	2.63745e-09	-8.0654e-06	4.6433e-13	-9.18383e-11	-1.54854e-06	1.86433e-06
16.7018	2.57784e-09	-8.06555e-06	4.5384e-13	-1.0903e-09	-1.1769e-05	1.90725e-06
16.7018	2.4601e-09	-8.0657e-06	4.3312e-13	-1.45954e-09	-9.93548e-06	1.95146e-06
16.7018	2.2906e-09	-8.06585e-06	4.03289e-13	-1.42916e-09	-7.50242e-06	1.99696e-06
16.7018	2.07924e-09	-8.06601e-06	3.66095e-13	-1.30851e-09	-5.84523e-06	2.04379e-06
16.7018	1.8327e-09	-8.06617e-06	3.22707e-13	-2.04393e-09	-7.9142e-06	2.09204e-06
16.7018	1.53845e-09	-8.06634e-06	2.70923e-13	-9.84613e-10	-3.43525e-06	2.14166e-06
16.7018	1.21859e-09	-8.06651e-06	2.14633e-13	-1.27185e-09	-4.16159e-06	2.19268e-06
16.7018	8.68013e-10	-8.06668e-06	1.52938e-13	5.38326e-10	1.72664e-06	2.24515e-06
16.7018	5.18833e-10	-8.06686e-06	9.14876e-14	2.71052e-09	9.56035e-06	2.29912e-06
16.7018	2.1685e-10	-8.06704e-06	3.83434e-14	1.7341e-09	7.17515e-06	2.35461e-06
16.7018	-4.96956e-11	-8.06723e-06	-8.56437e-15	7.54704e-10	3.51055e-06	2.4116e-06
16.7018	-3.0128e-10	-8.06742e-06	-5.28391e-14	1.9567e-09	1.09415e-05	2.47013e-06
16.7018	-4.90603e-10	-8.06762e-06	-8.61568e-14	3.77788e-10	2.60552e-06	2.53018e-06
16.7018	-6.67848e-10	-8.06782e-06	-1.17349e-13	1.16388e-09	1.0335e-05	2.59171e-06
16.7018	-7.81638e-10	-8.06802e-06	-1.37374e-13	7.40328e-10	1.96021e-05	2.65476e-06
16.7018	-7.66536e-10	-8.06823e-06	-1.34717e-13	-1.21334e-09	1.98972e-05	2.71927e-06
16.7018	-6.14178e-10	-8.06845e-06	-1.07904e-13	-4.95549e-09	2.75802e-05	2.78522e-06
16.7018	-2.6379e-10	-8.06867e-06	-4.62415e-14	-2.19521e-10	8.75668e-07	2.85263e-06
16.7018	1.0139e-10	-8.06889e-06	1.80243e-14	1.47882e-09	-6.2277e-06	2.92146e-06
16.7018	4.29338e-10	-8.06912e-06	7.57377e-14	1.50159e-09	-7.38126e-06	2.99169e-06
16.7018	7.09296e-10	-8.06936e-06	1.25006e-13	1.9005e-09	-1.23287e-05	3.06332e-06
16.7018	9.00409e-10	-8.0696e-06	1.58639e-13	1.20256e-09	-1.33796e-05	3.13625e-06
16.7018	9.89923e-10	-8.06985e-06	1.74392e-13	3.06043e-10	-1.35142e-05	3.21043e-06
16.7018	9.71819e-10	-8.07011e-06	1.71205e-13	-9.15239e-11	-4.22264e-06	3.28582e-06
16.7018	9.18202e-10	-8.07037e-06	1.6177e-13	-3.50016e-10	-7.02696e-06	3.36242e-06
16.7018	8.03593e-10	-8.07063e-06	1.416e-13	-6.03065e-10	-7.08697e-06	3.44018e-06
16.7018	6.247e-10	-8.0709e-06	1.10118e-13	-8.60551e-11	-8.21794e-07	3.51895e-06
16.7018	4.34422e-10	-8.07118e-06	7.66324e-14	5.93923e-10	6.55775e-06	3.59862e-06
16.7018	2.99515e-10	-8.07147e-06	5.2891e-14	4.54709e-10	8.65665e-06	3.67909e-06
16.7018	2.42107e-10	-8.07176e-06	4.27881e-14	9.06808e-11	4.79449e-06	3.76036e-06
16.7018	2.29e-10	-8.07205e-06	4.04814e-14	-1.0967e-11	3.89918e-06	3.84233e-06
16.7018	2.53465e-10	-8.07236e-06	4.4787e-14	-7.48499e-11	3.50935e-06	3.92482e-06
16.7018	3.13248e-10	-8.07267e-06	5.53078e-14	-1.5012e-10	3.79232e-06	4.00787e-06
16.7018	4.12681e-10	-8.07299e-06	7.28063e-14	1.03534e-10	-2.39765e-06	4.09166e-06
16.7018	4.89403e-10	-8.07331e-06	8.63082e-14	1.31337e-10	-5.79713e-06	4.17629e-06
16.7018	5.06562e-10	-8.07364e-06	8.93277e-14	-1.43808e-11	-4.53655e-06	4.26172e-06
16.7018	4.75248e-10	-8.07398e-06	8.38171e-14	-9.59416e-12	-6.07819e-07	4.34801e-06
16.7018	4.36631e-10	-8.07432e-06	7.70211e-14	8.87619e-12	5.35438e-07	4.43535e-06
16.7018	4.03237e-10	-8.07467e-06	7.11442e-14	-1.32599e-12	-9.9303e-08	4.52384e-06
16.7018	3.68044e-10	-8.07503e-06	6.49509e-14	2.3366e-11	2.61046e-06	4.61324e-06
16.7018	3.6256e-10	-8.07539e-06	6.39858e-14	-4.74491e-12	1.95227e-06	4.70354e-06
16.7018	3.80147e-10	-8.07576e-06	6.70807e-14	4.53308e-12	-8.05235e-07	4.79521e-06
16.7018	3.8833e-10	-8.07614e-06	6.85208e-14	6.9534e-13	-1.1825e-06	4.88844e-06
16.7018	3.82082e-10	-8.07653e-06	6.74212e-14	-4.19653e-13	-2.03002e-07	4.98247e-06
16.7018	3.73161e-10	-8.07692e-06	6.58515e-14	-4.39906e-12	-8.21374e-07	5.07615e-06
16.7018	3.53557e-10	-8.07732e-06	6.24013e-14	2.21702e-12	2.90474e-07	5.16851e-06
16.7018	3.37389e-10	-8.07773e-06	5.95559e-14	2.81768e-12	1.94357e-06	5.25914e-06
16.7018	3.46714e-10	-8.07815e-06	6.1197e-14	-1.54682e-12	3.91255e-07	5.34798e-06
16.7018	3.61468e-10	-8.07857e-06	6.37935e-14	3.1006e-12	-1.30366e-06	5.43541e-06
16.7018	3.58603e-10	-8.079e-06	6.32894e-14	-3.78904e-13	-3.22531e-07	5.52263e-06
16.7018	3.51204e-10	-8.07943e-06	6.19873e-14	9.19999e-13	5.90599e-07	5.6109e-06
16.7018	3.52037e-10	-8.07987e-06	6.21339e-14	6.16387e-14	-3.21673e-07	5.70079e-06
16.7019	3.48263e-10	-8.08032e-06	6.14696e-14	-1.38103e-13	-2.01935e-07	5.79232e-06
16.7019	3.4148e-10	-8.08078e-06	6.0276e-14	7.53533e-13	5.52146e-07	5.88536e-06
16.7019	3.42777e-10	-8.08124e-06	6.05042e-14	2.48557e-13	-3.40684e-08	5.97972e-06
16.7019	3.43582e-10	-8.08172e-06	6.06458e-14	-6.55935e-13	5.47766e-07	6.07574e-06
16.7019	3.52786e-10	-8.08219e-06	6.22655e-14	1.08096e-12	-7.64648e-07	6.1746e-06
16.7019	3.50242e-10	-8.08268e-06	6.18178e-14	-6.57944e-13	-4.60466e-07	6.27806e-06
16.7019	3.40366e-10	-8.08318e-06	6.00798e-14	8.47456e-13	2.34683e-07	6.38838e-06
16.7019	3.34093e-10	-8.08368e-06	5.89759e-14	5.81265e-13	2.40313e-07	6.50832e-06
16.7019	3.31646e-10	-8.0842e-06	5.85453e-14	2.36972e-13	3.29835e-07	6.63985e-06
16.7019	3.3468e-10	-8.08472e-06	5.90791e-14	1.27528e-13	1.18e-07	6.78178e-06
16.7019	3.39802e-10	-8.08526e-06	5.99805e-14	4.83101e-13	-2.2104e-07	6.92983e-06
16.7019	3.41165e-10	-8.0858e-06	6.02204e-14	-1.0778e-12	-8.19086e-07	7.07784e-06
16.7019	3.27913e-10	-8.08636e-06	5.78883e-14	1.16018e-13	-4.45283e-08	7.21873e-06
16.7019	3.13599e-10	-8.08693e-06	5.53693e-14	-2.25156e-13	-1.21863e-07	7.34729e-06
16.7019	2.9679e-10	-8.08751e-06	5.24111e-14	2.34761e-12	8.55083e-07	7.46241e-06
16.7019	2.95802e-10	-8.0881e-06	5.22373e-14	-1.59466e-12	9.24482e-07	7.56796e-06
16.7019	3.12411e-10	-8.0887e-06	5.51601e-14	1.4129e-12	-3.09387e-07	7.67426e-06
16.7019	3.23281e-10	-8.0893e-06	5.7073e-14	1.09082e-12	-6.21915e-07	7.79461e-06
16.7019	3.22114e-10	-8.08992e-06	5.68677e-14	-2.87842e-13	-4.34299e-07	7.91242e-06
16.7019	3.12284e-10	-8.09054e-06	5.51377e-14	8.55664e-13	6.60125e-07	8.00356e-06
16.7019	3.1563e-10	-8.09117e-06	5.57266e-14	2.55307e-13	6.34811e-08	8.07498e-06
16.7019	3.20291e-10	-8.0918e-06	5.65467e-14	1.38968e-13	1.24543e-07	8.14191e-06
16.7019	3.27536e-10	-8.09244e-06	5.78218e-14	6.29732e-13	-4.08947e-07	8.2031e-06
16.7019	3.26415e-10	-8.09309e-06	5.76246e-14	4.5579e-14	-2.84094e-07	8.25201e-06
16.7019	3.19412e-10	-8.09373e-06	5.63921e-14	-1.76124e-12	-6.35953e-07	8.29524e-06
16.7019	2.9915e-10	-8.09439e-06	5.28264e-14	2.04995e-12	4.63797e-07	8.33419e-06
16.7019	2.88487e-10	-8.09504e-06	5.09497e-14	9.80642e-13	4.99263e-07	8.36551e-06
16.7019	2.88247e-10	-8.09569e-06	5.09076e-14	1.85093e-13	2.52398e-07	8.39216e-06
16.702	2.9331e-10	-8.09635e-06	5.17985e-14	4.54413e-13	-3.33367e-07	8.41466e-06
16.702	2.91363e-10	-8.09701e-06	5.14558e-14	2.58603e-13	2.86323e-07	8.43145e-06
16.702	2.95453e-10	-8.09767e-06	5.21757e-14	2.52463e-13	6.92891e-08	8.44417e-06
16.702	3.01013e-10	-8.09833e-06	5.31541e-14	4.40304e-13	-1.02285e-07	8.45246e-06
16.702	3.04414e-10	-8.09899e-06	5.37525e-14	3.89371e-13	-1.06985e-07	8.45586e-06
16.702	3.05554e-10	-8.09965e-06	5.39532e-14	2.83504e-13	9.51711e-08	8.45505e-06
16.702	3.08705e-10	-8.10032e-06	5.45076e-14	-1.99431e-13	-6.33432e-07	8.44945e-06
16.702	2.98478e-10	-8.10098e-06	5.27079e-14	2.08078e-13	-4.83477e-08	8.43938e-06
16.702	2.87247e-10	-8.10164e-06	5.07315e-14	7.31758e-13	1.81703e-07	8.42474e-06
16.702	2.79862e-10	-8.1023e-06	4.94319e-14	2.28375e-13	7.55487e-07	8.40504e-06
16.702	2.88351e-10	-8.10295e-06	5.09256e-14	3.51148e-13	-1.13753e-08	8.38067e-06
16.702	2.96574e-10	-8.10361e-06	5.23728e-14	6.85163e-13	-2.86654e-07	8.3515e-06
16.702	2.98793e-10	-8.10426e-06	5.27632e-14	3.02865e-13	3.66764e-08	8.31771e-06
16.702	3.01763e-10	-8.10491e-06	5.32859e-14	3.66132e-13	-2.04244e-07	8.27977e-06
16.702	3.00501e-10	-8.10555e-06	5.30638e-14	3.16443e-13	1.39353e-07	8.23742e-06
16.702	3.02108e-10	-8.1062e-06	5.33466e-14	3.17639e-13	7.0986e-09	8.19104e-06
16.702	3.03851e-10	-8.10684e-06	5.36533e-14	2.08605e-13	1.40978e-07	8.14038e-06
16.702	3.08442e-10	-8.10747e-06	5.44612e-14	2.12907e-13	7.79126e-08	8.0858e-06
16.702	3.1457e-10	-8.1081e-06	5.55397e-14	4.35209e-13	-9.43797e-08	8.02756e-06
16.702	3.18766e-10	-8.10873e-06	5.62781e-14	4.21413e-13	-2.04299e-07	7.96541e-06
16.702	3.18877e-10	-8.10935e-06	5.62975e-14	7.28499e-14	-3.1281e-07	7.90022e-06
16.702	3.12834e-10	-8.10996e-06	5.52341e-14	5.40155e-13	3.34507e-07	7.83167e-06
16.702	3.13365e-10	-8.11057e-06	5.53275e-14	-3.08167e-14	3.39237e-07	7.7599e-06
16.702	3.20442e-10	-8.11118e-06	5.65729e-14	-1.22895e-14	1.42724e-07	7.68533e-06
16.7021	3.30177e-10	-8.11178e-06	5.82861e-14	9.26546e-13	-5.95825e-07	7.60776e-06
16.7021	3.28538e-10	-8.11237e-06	5.79977e-14	2.39998e-13	-8.37732e-08	7.527e-06
16.7021	3.2535e-10	-8.11295e-06	5.74366e-14	3.85995e-14	-1.89906e-07	7.44404e-06
16.7021	3.18683e-10	-8.11353e-06	5.62633e-14	6.08774e-13	3.94353e-07	7.35902e-06
16.7021	3.19306e-10	-8.1141e-06	5.63729e-14	6.71383e-14	2.62176e-07	7.27141e-06
16.7021	3.24658e-10	-8.11467e-06	5.73148e-14	-3.18183e-12	9.17237e-07	7.18162e-06
16.7021	3.46307e-10	-8.11523e-06	6.11246e-14	3.74871e-12	-9.24258e-07	7.09028e-06
16.7021	3.51401e-10	-8.11578e-06	6.20209e-14	2.33068e-13	-6.04725e-07	6.99754e-06
16.7021	3.45918e-10	-8.11632e-06	6.10562e-14	2.65445e-13	-2.29696e-09	6.90317e-06
16.7021	3.40471e-10	-8.11686e-06	6.00976e-14	2.13822e-13	6.66487e-07	6.8072e-06
16.7021	3.46363e-10	-8.11739e-06	6.11344e-14	-3.04968e-13	2.41345e-07	6.70987e-06
16.7021	3.56189e-10	-8.11791e-06	6.28635e-14	-3.04013e-13	1.66788e-07	6.61194e-06
16.7021	3.68606e-10	-8.11842e-06	6.50487e-14	3.76801e-13	-3.32628e-08	6.5134e-06
16.7021	3.80299e-10	-8.11893e-06	6.71063e-14	5.91751e-13	-1.34545e-06	6.4138e-06
16.7021	3.70405e-10	-8.11943e-06	6.53652e-14	1.16928e-12	4.90097e-07	6.31341e-06
16.7021	3.68341e-10	-8.11992e-06	6.5002e-14	-1.54287e-13	5.51118e-07	6.21268e-06
16.7021	3.74801e-10	-8.1204e-06	6.61388e-14	-1.1672e-12	4.39671e-07	6.11167e-06
16.7021	3.87817e-10	-8.12087e-06	6.84294e-14	6.21626e-13	-9.55795e-08	6.01063e-06
16.7021	3.99192e-10	-8.12134e-06	7.04312e-14	1.68594e-12	-7.42987e-07	5.90992e-06
16.7021	3.99491e-10	-8.1218e-06	7.04838e-14	1.06434e-14	2.73824e-07	5.80916e-06
16.7021	4.03728e-10	-8.12225e-06	7.12293e-14	-4.31583e-14	1.4469e-07	5.70832e-06
16.7021	4.09936e-10	-8.12269e-06	7.23219e-14	8.67258e-14	5.62684e-08	5.60761e-06
16.7021	4.16816e-10	-8.12312e-06	7.35326e-14	4.86368e-13	-8.64456e-07	5.50726e-06
16.7021	4.11778e-10	-8.12355e-06	7.26461e-14	4.16959e-13	1.37535e-07	5.40752e-06
16.7021	4.08675e-10	-8.12397e-06	7.20999e-14	2.32066e-13	4.40123e-07	5.30844e-06
16.7021	4.11415e-10	-8.12438e-06	7.25821e-14	2.61169e-13	-6.70586e-08	5.20982e-06
16.7021	4.13239e-10	-8.12479e-06	7.2903e-14	-7.16375e-12	1.58056e-06	5.11216e-06
16.7021	4.35037e-10	-8.12518e-06	7.67391e-14	-1.81676e-12	2.1965e-07	5.01556e-06
16.7021	4.59148e-10	-8.12557e-06	8.09821e-14	9.08215e-12	-1.47972e-06	4.91939e-06
16.7021	4.64773e-10	-8.12595e-06	8.19719e-14	4.85648e-13	-7.6846e-07	4.82389e-06
16.7021	4.61111e-10	-8.12633e-06	8.13276e-14	-2.09786e-12	-6.96721e-07	4.72935e-06
16.7021	4.49366e-10	-8.12669e-06	7.92607e-14	2.46131e-12	1.31029e-06	4.63595e-06
16.7022	4.52888e-10	-8.12705e-06	7.98805e-14	-7.27707e-12	1.4468e-06	4.54343e-06
16.7022	4.72606e-10	-8.1274e-06	8.33504e-14	-1.15497e-11	1.03277e-06	4.45181e-06
16.7022	5.03302e-10	-8.12775e-06	8.87522e-14	1.82681e-11	-2.06178e-06	4.36153e-06
16.7022	5.11123e-10	-8.12809e-06	9.01286e-14	-5.45212e-12	-2.38981e-06	4.27229e-06
16.7022	4.93524e-10	-8.12842e-06	8.70315e-14	2.84092e-12	3.60811e-07	4.18406e-06
16.7022	4.80024e-10	-8.12874e-06	8.46558e-14	-2.38868e-12	2.95357e-06	4.09717e-06
16.7022	4.9674e-10	-8.12906e-06	8.75974e-14	2.58281e-12	-3.26656e-07	4.01115e-06
16.7022	5.09862e-10	-8.12937e-06	8.99065e-14	6.26403e-13	-7.37276e-08	3.92618e-06
16.7022	5.21989e-10	-8.12967e-06	9.20407e-14	3.58681e-12	-8.19074e-07	3.84272e-06
16.7022	5.26074e-10	-8.12997e-06	9.27596e-14	4.17224e-13	-7.06019e-07	3.76017e-06
16.7022	5.23506e-10	-8.13026e-06	9.23077e-14	-4.39239e-13	-2.79786e-07	3.67854e-06
16.7022	5.1845e-10	-8.13054e-06	9.14178e-14	-9.05834e-12	2.55302e-06	3.59821e-06
16.7022	5.36215e-10	-8.13082e-06	9.45442e-14	-2.58666e-11	1.79629e-06	3.5187e-06
16.7022	5.69209e-10	-8.1311e-06	1.0035e-13	-3.32943e-11	1.47548e-06	3.44006e-06
16.7022	6.14008e-10	-8.13136e-06	1.08234e-13	6.42913e-11	-3.82097e-06	3.36268e-06
16.7022	6.2604e-10	-8.13162e-06	1.10352e-13	-2.1706e-11	-4.73872e-06	3.28627e-06
16.7022	5.99317e-10	-8.13188e-06	1.05649e-13	7.56809e-12	4.88659e-07	3.21072e-06
16.7022	5.77087e-10	-8.13212e-06	1.01737e-13	1.69209e-11	3.86642e-06	3.13636e-06
16.7022	5.85333e-10	-8.13237e-06	1.03188e-13	-2.09416e-11	2.02717e-06	3.06275e-06
16.7022	6.0872e-10	-8.1326e-06	1.07303e-13	-1.09613e-11	6.48607e-07	2.98988e-06
16.7022	6.36337e-10	-8.13283e-06	1.12164e-13	3.19151e-11	-2.61448e-06	2.91824e-06
16.7022	6.44449e-10	-8.13306e-06	1.13591e-13	-1.80676e-11	-4.04751e-06	2.84703e-06
16.7022	6.23912e-10	-8.13328e-06	1.09977e-13	6.50983e-12	4.77175e-07	2.77623e-06
16.7022	6.07158e-10	-8.13349e-06	1.07029e-13	1.50154e-11	2.3312e-06	2.70694e-06
16.7022	6.06399e-10	-8.1337e-06	1.06895e-13	6.94228e-14	-4.76437e-08	2.63833e-06
16.7022	6.05349e-10	-8.13391e-06	1.0671e-13	-6.0917e-13	-3.9506e-07	2.56962e-06
16.7022	6.01823e-10	-8.13411e-06	1.0609e-13	-8.82531e-12	2.52567e-06	2.50195e-06
16.7022	6.13977e-10	-8.1343e-06	1.08229e-13	-3.19054e-11	2.11454e-06	2.43519e-06
16.7022	6.38499e-10	-8.13449e-06	1.12544e-13	-2.26583e-11	9.93324e-07	2.3684e-06
16.7022	6.68137e-10	-8.13467e-06	1.1776e-13	-3.85732e-10	8.34316e-06	2.30212e-06
16.7022	7.44274e-10	-8.13485e-06	1.31158e-13	-4.47105e-10	5.52647e-06	2.23712e-06
16.7022	8.48716e-10	-8.13502e-06	1.49538e-13	4.00425e-10	-4.84555e-06	2.17257e-06
16.7022	9.24165e-10	-8.13519e-06	1.62815e-13	3.54279e-10	-2.16622e-05	2.10792e-06
16.7022	8.8493e-10	-8.13535e-06	1.55911e-13	-1.20577e-09	-1.56664e-05	2.0442e-06
16.7022	7.68054e-10	-8.13551e-06	1.35343e-13	-1.01088e-09	-7.49547e-06	1.98182e-06
16.7022	6.1821e-10	-8.13566e-06	1.08973e-13	-2.37873e-09	-1.28136e-05	1.91997e-06
16.7022	4.12606e-10	-8.13581e-06	7.27914e-14	-1.49396e-09	-6.39386e-06	1.85833e-06
16.7022	1.84472e-10	-8.13595e-06	3.26445e-14	3.72403e-10	1.51438e-06	1.79781e-06
16.7022	-2.95257e-11	-8.13609e-06	-5.01465e-15	3.73532e-09	1.92612e-05	1.73899e-06
16.7022	-1.54161e-10	-8.13622e-06	-2.69478e-14	1.93312e-09	3.79166e-05	1.68135e-06
16.7022	-1.17958e-10	-8.13635e-06	-2.05769e-14	-5.19269e-09	3.76479e-05	1.62482e-06
16.7022	6.73227e-11	-8.13648e-06	1.20286e-14	-1.52429e-08	4.44255e-05	1.56996e-06
16.7022	4.17723e-10	-8.1366e-06	7.36918e-14	-1.37416e-08	2.64153e-05	1.51713e-06
16.7022	8.54846e-10	-8.13671e-06	1.50616e-13	-1.29988e-08	2.03983e-05	1.46619e-06
16.7022	1.35077e-09	-8.13683e-06	2.37889e-13	7.86157e-09	-1.19404e-05	1.4172e-06
16.7022	1.78864e-09	-8.13694e-06	3.14944e-13	1.11873e-08	-1.92767e-05	1.37128e-06
16.7022	2.14765e-09	-8.13704e-06	3.78124e-13	1.25405e-08	-2.69865e-05	1.32886e-06
16.7022	2.40753e-09	-8.13714e-06	4.23856e-13	1.32032e-08	-4.7347e-05	1.2893e-06
16.7022	2.50945e-09	-8.13724e-06	4.41793e-13	1.92353e-09	-4.82511e-05	1.25213e-06
16.7022	2.45962e-09	-8.13734e-06	4.33023e-13	-1.07314e-08	-5.13267e-05	1.21717e-06
16.7022	2.25714e-09	-8.13743e-06	3.97391e-13	-2.02682e-08	-4.50406e-05	1.18473e-06
16.7022	1.92824e-09	-8.13752e-06	3.39511e-13	-6.68603e-10	-1.18228e-06	1.15771e-06
16.7022	1.60242e-09	-8.13761e-06	2.82174e-13	-1.68733e-09	-2.93029e-06	1.13854e-06
16.7022	1.27268e-09	-8.1377e-06	2.24146e-13	5.02116e-09	8.95383e-06	1.12592e-06
16.7022	9.70918e-10	-8.13779e-06	1.71043e-13	8.34988e-09	1.68229e-05	1.11793e-06
16.7022	7.17681e-10	-8.13788e-06	1.26478e-13	-9.39403e-09	-1.87453e-05	1.11361e-06
16.7022	4.12897e-10	-8.13796e-06	7.28426e-14	1.32444e-08	2.76581e-05	1.11285e-06
16.7022	1.84817e-10	-8.13805e-06	3.27053e-14	9.06868e-09	2.63803e-05	1.11558e-06
16.7022	2.95478e-11	-8.13814e-06	5.38103e-15	7.67854e-09	5.15841e-05	1.12198e-06
16.7022	1.83459e-11	-8.13823e-06	3.40973e-15	-1.53926e-10	1.27776e-05	1.13274e-06
16.7022	4.34072e-11	-8.13832e-06	7.82004e-15	-9.14711e-10	1.22564e-05	1.14916e-06
16.7022	1.04416e-10	-8.13841e-06	1.85562e-14	-5.79216e-11	5.43613e-07	1.17252e-06
16.7022	1.68458e-10	-8.1385e-06	2.98263e-14	-1.70272e-09	1.22777e-05	1.20286e-06
16.7022	2.71755e-10	-8.1386e-06	4.80045e-14	1.49086e-09	-1.03968e-05	1.2399e-06
16.7022	3.45723e-10	-8.13869e-06	6.10212e-14	-1.96842e-10	1.62117e-06	1.284e-06
16.7022	4.27795e-10	-8.1388e-06	7.54643e-14	1.4679e-09	-1.85499e-05	1.33536e-06
16.7022	4.50115e-10	-8.1389e-06	7.93921e-14	5.0044e-11	-1.76348e-06	1.3945e-06
16.7022	4.67184e-10	-8.13901e-06	8.23959e-14	-9.03706e-11	-1.24746e-05	1.46231e-06
16.7022	4.38387e-10	-8.13913e-06	7.73283e-14	-7.64595e-11	-1.78391e-06	1.5402e-06
16.7022	4.00931e-10	-8.13926e-06	7.07367e-14	-1.7892e-10	-3.22916e-06	1.62987e-06
16.7022	3.4766e-10	-8.13939e-06	6.13622e-14	2.15669e-11	3.43161e-07	1.73305e-06
16.7022	2.92415e-10	-8.13953e-06	5.16401e-14	-2.76617e-10	-3.87175e-06	1.85246e-06
16.7022	2.14654e-10	-8.13968e-06	3.79558e-14	1.32428e-11	1.6302e-07	1.99173e-06
16.7022	1.3164e-10	-8.13984e-06	2.33471e-14	-1.24231e-10	-1.4795e-06	2.15518e-06
16.7022	3.32324e-11	-8.14001e-06	6.02947e-15	-1.13134e-10	-1.24645e-06	2.34902e-06
16.7022	-8.2079e-11	-8.14021e-06	-1.42629e-14	9.92889e-11	1.08704e-06	2.58194e-06
16.7022	-2.02e-10	-8.14042e-06	-3.53665e-14	4.78832e-10	6.66066e-06	2.86808e-06
16.7022	-2.8557e-10	-8.14065e-06	-5.0073e-14	2.82803e-10	8.06025e-06	3.22928e-06
16.7022	-3.11169e-10	-8.14092e-06	-5.45779e-14	2.24103e-11	3.01846e-06	3.70601e-06
16.7022	-3.10824e-10	-8.14123e-06	-5.45172e-14	-2.98869e-12	-1.16244e-06	4.38248e-06
16.7022	-3.24313e-10	-8.14161e-06	-5.68911e-14	-4.07354e-11	-3.0749e-06	5.45676e-06
16.7022	-3.88707e-10	-8.14209e-06	-6.82229e-14	1.09292e-11	5.37858e-07	7.52675e-06
16.7023	-4.70474e-10	-8.14279e-06	-8.26122e-14	3.29947e-11	4.37108e-06	1.29367e-05
16.7023	-4.40547e-10	-8.14411e-06	-7.73457e-14	-8.27882e-12	1.53964e-06	4.77719e-05
16.7023	7.52462e-13	-8.15026e-06	3.13679e-16	-0.4	-2.24594e-06	0.0413951
16.6609	7.261e-13	-1.69761e-06	3.1156e-16	0.4	-4.91888e-11	0.0821207
