16.9729	-1.50653e-12	-0.000408347	-1.22469e-15	2.86997e-11	-8.63244e-08	0.428101
16.9733	-1.59527e-10	-0.000409009	-2.9193e-13	7.71774e-13	7.73342e-07	0.000390734
16.9733	-7.49301e-11	-0.000409053	-1.36299e-13	-3.87648e-12	8.74142e-07	3.78323e-05
16.9734	2.81454e-11	-0.000409077	5.33251e-14	2.09681e-12	-1.78346e-07	2.31953e-05
16.9734	9.72191e-11	-0.000409095	1.80397e-13	4.21233e-12	-6.70912e-07	1.88935e-05
16.9734	1.2891e-10	-0.000409111	2.38697e-13	1.80444e-12	-4.83641e-07	1.74088e-05
16.9734	1.38618e-10	-0.000409127	2.56555e-13	7.42943e-13	-9.18602e-08	1.69033e-05
16.9734	1.44345e-10	-0.000409142	2.6709e-13	6.13378e-13	5.85479e-08	1.68289e-05
16.9734	1.52563e-10	-0.000409157	2.82209e-13	5.26371e-13	1.14056e-07	1.69675e-05
16.9734	1.65752e-10	-0.000409173	3.06471e-13	6.905e-13	-5.74907e-09	1.72206e-05
16.9734	1.7892e-10	-0.000409188	3.30694e-13	8.14365e-13	-9.29527e-08	1.75385e-05
16.9734	1.8823e-10	-0.000409204	3.47822e-13	7.88603e-13	-9.76988e-08	1.78954e-05
16.9734	1.9332e-10	-0.000409221	3.57185e-13	7.45987e-13	-4.69252e-08	1.82781e-05
16.9734	1.96354e-10	-0.000409237	3.62765e-13	7.51167e-13	-4.74858e-08	1.86792e-05
16.9735	1.97213e-10	-0.000409254	3.64344e-13	7.58408e-13	-2.7626e-08	1.90956e-05
16.9735	1.96757e-10	-0.000409272	3.63506e-13	7.73116e-13	-1.89336e-08	1.95254e-05
16.9735	1.95357e-10	-0.00040929	3.6093e-13	7.80911e-13	-4.55377e-08	1.99684e-05
16.9735	1.91626e-10	-0.000409308	3.54065e-13	8.06695e-13	-1.03143e-08	2.04245e-05
16.9735	1.87277e-10	-0.000409327	3.46064e-13	7.81075e-13	-7.83881e-08	2.08947e-05
16.9735	1.78686e-10	-0.000409346	3.30259e-13	7.84018e-13	-6.6176e-08	2.13791e-05
16.9735	1.66317e-10	-0.000409365	3.07505e-13	8.05191e-13	-4.99704e-08	2.18776e-05
16.9735	1.50895e-10	-0.000409385	2.79135e-13	8.30985e-13	-3.89325e-08	2.23907e-05
16.9735	1.32905e-10	-0.000409406	2.46039e-13	8.19374e-13	-5.27129e-08	2.29194e-05
16.9735	1.11434e-10	-0.000409427	2.0654e-13	8.88066e-13	-2.28807e-08	2.3463e-05
16.9736	8.80941e-11	-0.000409448	1.63604e-13	8.97534e-13	-2.77184e-08	2.40221e-05
16.9736	6.25128e-11	-0.00040947	1.16545e-13	1.00072e-12	1.15002e-08	2.4597e-05
16.9736	3.70332e-11	-0.000409493	6.96726e-14	1.12062e-12	6.36767e-08	2.51883e-05
16.9736	1.49975e-11	-0.000409516	2.91361e-14	1.10149e-12	4.77899e-08	2.57963e-05
16.9736	-4.45244e-12	-0.000409539	-6.64333e-15	1.0829e-12	2.3382e-08	2.64208e-05
16.9736	-2.28107e-11	-0.000409563	-4.04146e-14	1.16174e-12	7.28755e-08	2.70621e-05
16.9736	-3.66257e-11	-0.000409588	-6.58279e-14	1.11779e-12	1.73537e-08	2.77202e-05
16.9736	-4.95596e-11	-0.000409614	-8.96202e-14	1.17947e-12	6.88361e-08	2.83944e-05
16.9737	-5.7863e-11	-0.00040964	-1.04894e-13	1.18811e-12	1.30558e-07	2.90852e-05
16.9737	-5.6761e-11	-0.000409666	-1.02867e-13	1.12949e-12	1.32524e-07	2.97921e-05
16.9737	-4.56435e-11	-0.000409693	-8.24156e-14	9.92205e-13	1.83696e-07	3.05148e-05
16.9737	-2.00752e-11	-0.000409721	-3.53816e-14	1.23154e-12	5.83247e-09	3.12534e-05
16.9737	6.57248e-12	-0.00040975	1.36375e-14	1.33679e-12	-4.14789e-08	3.20076e-05
16.9737	3.05033e-11	-0.000409779	5.76586e-14	1.36833e-12	-4.91619e-08	3.27772e-05
16.9738	5.09325e-11	-0.000409809	9.52378e-14	1.41713e-12	-8.21139e-08	3.35621e-05
16.9738	6.48784e-11	-0.00040984	1.20892e-13	1.41777e-12	-8.91127e-08	3.43613e-05
16.9738	7.14107e-11	-0.000409871	1.32907e-13	1.41016e-12	-9.0009e-08	3.51742e-05
16.9738	7.00897e-11	-0.000409903	1.30477e-13	1.42528e-12	-2.81243e-08	3.60003e-05
16.9738	6.61773e-11	-0.000409936	1.2328e-13	1.44697e-12	-4.68017e-08	3.68397e-05
16.9738	5.78141e-11	-0.00040997	1.07895e-13	1.46943e-12	-4.72013e-08	3.76918e-05
16.9739	4.476e-11	-0.000410005	8.38823e-14	1.52647e-12	-5.47348e-09	3.85551e-05
16.9739	3.08749e-11	-0.00041004	5.83407e-14	1.59103e-12	4.36764e-08	3.94282e-05
16.9739	2.10304e-11	-0.000410076	4.02323e-14	1.61967e-12	5.76554e-08	4.03101e-05
16.9739	1.68412e-11	-0.000410113	3.25255e-14	1.63862e-12	3.19324e-08	4.12007e-05
16.9739	1.58848e-11	-0.00041015	3.07663e-14	1.6695e-12	2.59695e-08	4.20989e-05
16.974	1.76701e-11	-0.000410189	3.40501e-14	1.70229e-12	2.3373e-08	4.3003e-05
16.974	2.20328e-11	-0.000410228	4.20749e-14	1.73478e-12	2.52576e-08	4.39132e-05
16.974	2.92889e-11	-0.000410268	5.54218e-14	1.78226e-12	-1.59688e-08	4.48316e-05
16.974	3.48878e-11	-0.000410309	6.57202e-14	1.82007e-12	-3.86097e-08	4.57591e-05
16.9741	3.614e-11	-0.000410351	6.80233e-14	1.85053e-12	-3.02141e-08	4.66954e-05
16.9741	3.3855e-11	-0.000410394	6.38201e-14	1.888e-12	-4.04812e-09	4.76411e-05
16.9741	3.1037e-11	-0.000410437	5.86367e-14	1.9267e-12	3.56607e-09	4.85984e-05
16.9741	2.86001e-11	-0.000410481	5.41537e-14	1.96455e-12	-6.61398e-10	4.95683e-05
16.9742	2.60321e-11	-0.000410527	4.94296e-14	2.00425e-12	1.73858e-08	5.05482e-05
16.9742	2.56319e-11	-0.000410573	4.86936e-14	2.04204e-12	1.30022e-08	5.15379e-05
16.9742	2.69154e-11	-0.00041062	5.10542e-14	2.08232e-12	-5.36288e-09	5.25427e-05
16.9742	2.75127e-11	-0.000410668	5.21527e-14	2.12252e-12	-7.87542e-09	5.35646e-05
16.9743	2.70568e-11	-0.000410717	5.13139e-14	2.16297e-12	-1.35202e-09	5.45953e-05
16.9743	2.64059e-11	-0.000410767	5.01166e-14	2.20288e-12	-5.47028e-09	5.56222e-05
16.9743	2.49754e-11	-0.000410817	4.74845e-14	2.24258e-12	1.93451e-09	5.66346e-05
16.9743	2.37955e-11	-0.000410869	4.53141e-14	2.28118e-12	1.2944e-08	5.7628e-05
16.9744	2.44762e-11	-0.000410922	4.65658e-14	2.31883e-12	2.60574e-09	5.8602e-05
16.9744	2.5553e-11	-0.000410975	4.85464e-14	2.35644e-12	-8.68222e-09	5.95605e-05
16.9744	2.5344e-11	-0.000411029	4.81614e-14	2.39394e-12	-2.14796e-09	6.05167e-05
16.9745	2.48042e-11	-0.000411084	4.71685e-14	2.43229e-12	3.93327e-09	6.14844e-05
16.9745	2.48651e-11	-0.000411141	4.728e-14	2.47131e-12	-2.14229e-09	6.24698e-05
16.9745	2.45897e-11	-0.000411197	4.67732e-14	2.51103e-12	-1.34484e-09	6.34733e-05
16.9746	2.40948e-11	-0.000411255	4.58631e-14	2.55137e-12	3.67715e-09	6.44934e-05
16.9746	2.41896e-11	-0.000411314	4.60369e-14	2.59224e-12	-2.26945e-10	6.5528e-05
16.9746	2.42484e-11	-0.000411374	4.61451e-14	2.63394e-12	3.64804e-09	6.65807e-05
16.9747	2.49202e-11	-0.000411435	4.73801e-14	2.67737e-12	-5.09234e-09	6.76646e-05
16.9747	2.47347e-11	-0.000411496	4.70384e-14	2.72298e-12	-3.06651e-09	6.87989e-05
16.9747	2.4014e-11	-0.000411559	4.5713e-14	2.7723e-12	1.56288e-09	7.00085e-05
16.9748	2.35563e-11	-0.000411623	4.48709e-14	2.82624e-12	1.60041e-09	7.13235e-05
16.9748	2.33779e-11	-0.000411688	4.45428e-14	2.88544e-12	2.1965e-09	7.27656e-05
16.9748	2.35994e-11	-0.000411755	4.49497e-14	2.94838e-12	7.85919e-10	7.43216e-05
16.9749	2.39733e-11	-0.000411822	4.56365e-14	3.01284e-12	-1.4721e-09	7.59449e-05
16.9749	2.40729e-11	-0.000411892	4.58195e-14	3.0757e-12	-5.45464e-09	7.75677e-05
16.9749	2.31059e-11	-0.000411963	4.40409e-14	3.13408e-12	-2.96548e-10	7.91124e-05
16.975	2.20613e-11	-0.000412035	4.21192e-14	3.18634e-12	-8.1154e-10	8.05221e-05
16.975	2.08346e-11	-0.000412108	3.98631e-14	3.23328e-12	5.69435e-09	8.17846e-05
16.9751	2.07627e-11	-0.000412183	3.97305e-14	3.27717e-12	6.15639e-09	8.29422e-05
16.9751	2.19749e-11	-0.000412258	4.19593e-14	3.32473e-12	-2.06027e-09	8.41082e-05
16.9752	2.27684e-11	-0.000412335	4.34186e-14	3.38088e-12	-4.14152e-09	8.5428e-05
16.9752	2.26834e-11	-0.000412413	4.3262e-14	3.42606e-12	-2.8921e-09	8.67201e-05
16.9752	2.1966e-11	-0.000412492	4.19419e-14	3.45935e-12	4.39589e-09	8.77199e-05
16.9753	2.22104e-11	-0.000412572	4.23911e-14	3.4876e-12	4.22798e-10	8.85038e-05
16.9753	2.25507e-11	-0.000412652	4.30164e-14	3.51694e-12	8.29278e-10	8.92382e-05
16.9754	2.30797e-11	-0.000412733	4.39888e-14	3.54035e-12	-2.72318e-09	8.99099e-05
16.9754	2.2998e-11	-0.000412815	4.38382e-14	3.55909e-12	-1.89183e-09	9.0447e-05
16.9755	2.2487e-11	-0.000412897	4.28985e-14	3.57751e-12	-4.23482e-09	9.09218e-05
16.9755	2.10082e-11	-0.000412979	4.01792e-14	3.59279e-12	3.08846e-09	9.13497e-05
16.9756	2.023e-11	-0.000413062	3.87474e-14	3.60465e-12	3.32452e-09	9.16941e-05
16.9756	2.02126e-11	-0.000413145	3.87148e-14	3.61571e-12	1.68072e-09	9.19873e-05
16.9756	2.05823e-11	-0.000413229	3.93943e-14	3.62406e-12	-2.21985e-09	9.22349e-05
16.9757	2.04403e-11	-0.000413312	3.9133e-14	3.63024e-12	1.90659e-09	9.242e-05
16.9757	2.0739e-11	-0.000413396	3.96819e-14	3.63508e-12	4.61367e-10	9.25605e-05
16.9758	2.11449e-11	-0.00041348	4.04282e-14	3.63746e-12	-6.81066e-10	9.26525e-05
16.9758	2.13933e-11	-0.000413564	4.08842e-14	3.63809e-12	-7.12391e-10	9.26908e-05
16.9759	2.14766e-11	-0.000413647	4.10375e-14	3.63684e-12	6.33701e-10	9.26829e-05
16.9759	2.17068e-11	-0.000413731	4.146e-14	3.63334e-12	-4.21782e-09	9.26226e-05
16.976	2.09604e-11	-0.000413815	4.00874e-14	3.62825e-12	-3.21903e-10	9.25133e-05
16.976	2.01408e-11	-0.000413899	3.85801e-14	3.62086e-12	1.20987e-09	9.23539e-05
16.9761	1.96019e-11	-0.000413982	3.75885e-14	3.61138e-12	5.03045e-09	9.21389e-05
16.9761	2.02216e-11	-0.000414065	3.87276e-14	3.6e-12	-7.57392e-11	9.18728e-05
16.9762	2.08219e-11	-0.000414148	3.98311e-14	3.58637e-12	-1.90868e-09	9.15541e-05
16.9762	2.0984e-11	-0.000414231	4.0129e-14	3.57097e-12	2.44205e-10	9.11847e-05
16.9762	2.12009e-11	-0.000414314	4.05279e-14	3.55381e-12	-1.35993e-09	9.07697e-05
16.9763	2.1109e-11	-0.000414395	4.03583e-14	3.53461e-12	9.2788e-10	9.03065e-05
16.9763	2.12264e-11	-0.000414477	4.05733e-14	3.51398e-12	4.72396e-11	8.9799e-05
16.9764	2.13537e-11	-0.000414558	4.08077e-14	3.4911e-12	9.38685e-10	8.92446e-05
16.9764	2.1689e-11	-0.000414639	4.14234e-14	3.4671e-12	5.18774e-10	8.86473e-05
16.9765	2.21365e-11	-0.000414718	4.22456e-14	3.44106e-12	-6.28419e-10	8.80097e-05
16.9765	2.24429e-11	-0.000414798	4.28091e-14	3.41369e-12	-1.36024e-09	8.73293e-05
16.9766	2.24511e-11	-0.000414877	4.28234e-14	3.38501e-12	-2.08278e-09	8.66155e-05
16.9766	2.20101e-11	-0.000414955	4.20128e-14	3.35481e-12	2.22721e-09	8.58649e-05
16.9766	2.2049e-11	-0.000415032	4.20836e-14	3.32334e-12	2.25867e-09	8.50789e-05
16.9767	2.25657e-11	-0.000415109	4.3033e-14	3.29065e-12	9.50289e-10	8.42621e-05
16.9767	2.32765e-11	-0.000415185	4.43396e-14	3.25669e-12	-3.96708e-09	8.34125e-05
16.9768	2.3157e-11	-0.00041526	4.41198e-14	3.22125e-12	-5.5772e-10	8.2528e-05
16.9768	2.29244e-11	-0.000415334	4.36916e-14	3.18533e-12	-1.2644e-09	8.16191e-05
16.9769	2.24378e-11	-0.000415407	4.27965e-14	3.14815e-12	2.62559e-09	8.06878e-05
16.9769	2.24834e-11	-0.00041548	4.28801e-14	3.11e-12	1.74549e-09	7.9728e-05
16.9769	2.28742e-11	-0.000415552	4.35984e-14	3.07077e-12	6.10693e-09	7.87442e-05
16.977	2.44548e-11	-0.000415623	4.65036e-14	3.03162e-12	-6.15361e-09	7.77434e-05
16.977	2.48267e-11	-0.000415693	4.71872e-14	2.99118e-12	-4.02612e-09	7.67273e-05
16.977	2.44266e-11	-0.000415762	4.64513e-14	2.95023e-12	-1.53375e-11	7.56932e-05
16.9771	2.40291e-11	-0.00041583	4.57203e-14	2.9087e-12	4.43735e-09	7.46417e-05
16.9771	2.44594e-11	-0.000415897	4.65104e-14	2.86651e-12	1.6068e-09	7.3575e-05
16.9772	2.51768e-11	-0.000415963	4.78293e-14	2.82442e-12	1.11047e-09	7.25019e-05
16.9772	2.60834e-11	-0.000416028	4.94956e-14	2.78181e-12	-2.21514e-10	7.1422e-05
16.9772	2.69371e-11	-0.000416092	5.10646e-14	2.73874e-12	-8.9575e-09	7.03305e-05
16.9773	2.6215e-11	-0.000416155	4.97363e-14	2.69551e-12	3.26284e-09	6.92302e-05
16.9773	2.60644e-11	-0.000416218	4.94597e-14	2.65205e-12	3.66912e-09	6.81263e-05
16.9773	2.65362e-11	-0.000416279	5.03263e-14	2.60853e-12	2.92718e-09	6.70192e-05
16.9774	2.74865e-11	-0.000416339	5.20731e-14	2.5652e-12	-6.36355e-10	6.59118e-05
16.9774	2.83171e-11	-0.000416398	5.35997e-14	2.52198e-12	-4.94644e-09	6.4808e-05
16.9774	2.83391e-11	-0.000416456	5.36397e-14	2.47849e-12	1.82297e-09	6.37035e-05
16.9775	2.86484e-11	-0.000416513	5.4208e-14	2.43516e-12	9.63284e-10	6.25982e-05
16.9775	2.91018e-11	-0.00041657	5.50408e-14	2.39181e-12	3.74628e-10	6.14942e-05
16.9775	2.96043e-11	-0.000416625	5.59638e-14	2.34886e-12	-5.75512e-09	6.03943e-05
16.9776	2.92366e-11	-0.000416679	5.52878e-14	2.30601e-12	9.1567e-10	5.93009e-05
16.9776	2.90101e-11	-0.000416732	5.48716e-14	2.26358e-12	2.93006e-09	5.82147e-05
16.9776	2.92102e-11	-0.000416784	5.52386e-14	2.22116e-12	-4.46384e-10	5.71337e-05
16.9776	2.93435e-11	-0.000416836	5.54832e-14	2.17924e-12	1.05223e-08	5.60631e-05
16.9777	3.09351e-11	-0.000416886	5.84085e-14	2.13793e-12	1.46236e-09	5.50041e-05
16.9777	3.26955e-11	-0.000416935	6.16442e-14	2.09718e-12	-9.85098e-09	5.39498e-05
16.9777	3.31063e-11	-0.000416984	6.23989e-14	2.05586e-12	-5.11582e-09	5.29028e-05
16.9777	3.28391e-11	-0.000417031	6.19073e-14	2.01535e-12	-4.63829e-09	5.18663e-05
16.9778	3.19817e-11	-0.000417078	6.03316e-14	1.9756e-12	8.72297e-09	5.08423e-05
16.9778	3.22389e-11	-0.000417123	6.08035e-14	1.93546e-12	9.63164e-09	4.9828e-05
16.9778	3.36787e-11	-0.000417168	6.34495e-14	1.89614e-12	6.87532e-09	4.88234e-05
16.9778	3.59198e-11	-0.000417212	6.75693e-14	1.85893e-12	-1.37256e-08	4.78336e-05
16.9779	3.6491e-11	-0.000417255	6.86186e-14	1.81962e-12	-1.59094e-08	4.68552e-05
16.9779	3.52062e-11	-0.000417297	6.62565e-14	1.78231e-12	2.40196e-09	4.58879e-05
16.9779	3.42206e-11	-0.000417338	6.44448e-14	1.74491e-12	1.96623e-08	4.49351e-05
16.9779	3.54412e-11	-0.000417378	6.66881e-14	1.70825e-12	-2.17455e-09	4.3992e-05
16.978	3.63993e-11	-0.000417417	6.84487e-14	1.67198e-12	-4.90834e-10	4.30603e-05
16.978	3.72848e-11	-0.000417456	7.0076e-14	1.63647e-12	-5.45265e-09	4.21452e-05
16.978	3.75832e-11	-0.000417494	7.0624e-14	1.6009e-12	-4.69991e-09	4.124e-05
16.978	3.73958e-11	-0.000417531	7.02794e-14	1.56602e-12	-1.86268e-09	4.0345e-05
16.978	3.70267e-11	-0.000417567	6.96008e-14	1.53135e-12	1.69956e-08	3.94642e-05
16.9781	3.83239e-11	-0.000417602	7.19846e-14	1.49647e-12	1.19579e-08	3.85923e-05
16.9781	4.0733e-11	-0.000417637	7.64123e-14	1.46258e-12	9.82224e-09	3.773e-05
16.9781	4.4004e-11	-0.00041767	8.24235e-14	1.43389e-12	-2.54361e-08	3.68814e-05
16.9781	4.48826e-11	-0.000417703	8.40383e-14	1.39729e-12	-3.15455e-08	3.60436e-05
16.9781	4.29316e-11	-0.000417736	8.0452e-14	1.36635e-12	3.25297e-09	3.5215e-05
16.9782	4.13086e-11	-0.000417767	7.7469e-14	1.33503e-12	2.57385e-08	3.43996e-05
16.9782	4.19108e-11	-0.000417798	7.85755e-14	1.30169e-12	1.34946e-08	3.35924e-05
16.9782	4.36184e-11	-0.000417828	8.17135e-14	1.27105e-12	4.31775e-09	3.27933e-05
16.9782	4.5635e-11	-0.000417857	8.54198e-14	1.24238e-12	-1.74043e-08	3.20076e-05
16.9782	4.62273e-11	-0.000417886	8.6508e-14	1.20945e-12	-2.69438e-08	3.12267e-05
16.9782	4.47279e-11	-0.000417914	8.37524e-14	1.1803e-12	3.17645e-09	3.04504e-05
16.9783	4.35047e-11	-0.000417941	8.15038e-14	1.15127e-12	1.55185e-08	2.96905e-05
16.9783	4.34494e-11	-0.000417968	8.14017e-14	1.12096e-12	-3.17237e-10	2.8938e-05
16.9783	4.33728e-11	-0.000417994	8.12606e-14	1.09141e-12	-2.62982e-09	2.81845e-05
16.9783	4.31154e-11	-0.000418019	8.07875e-14	1.06234e-12	1.6813e-08	2.74424e-05
16.9783	4.40029e-11	-0.000418043	8.2418e-14	1.03258e-12	1.4076e-08	2.67102e-05
16.9783	4.57935e-11	-0.000418067	8.57086e-14	1.00417e-12	6.61232e-09	2.59777e-05
16.9783	4.79575e-11	-0.000418091	8.96858e-14	9.59838e-13	5.55387e-08	2.52508e-05
16.9783	5.35168e-11	-0.000418113	9.9903e-14	9.294e-13	3.67885e-08	2.45379e-05
16.9784	6.11427e-11	-0.000418135	1.13918e-13	9.39126e-13	-3.22557e-08	2.383e-05
16.9784	6.66517e-11	-0.000418156	1.24043e-13	9.09327e-13	-1.442e-07	2.31209e-05
16.9784	6.37871e-11	-0.000418177	1.18777e-13	8.13041e-13	-1.04287e-07	2.2422e-05
16.9784	5.52534e-11	-0.000418197	1.03093e-13	7.95093e-13	-4.98953e-08	2.17379e-05
16.9784	4.43125e-11	-0.000418216	8.29856e-14	7.07806e-13	-8.52966e-08	2.10596e-05
16.9784	2.93003e-11	-0.000418235	5.53961e-14	7.20649e-13	-4.25621e-08	2.03834e-05
16.9784	1.2643e-11	-0.000418253	2.47825e-14	7.77637e-13	1.00806e-08	1.97197e-05
16.9784	-2.98225e-12	-0.000418271	-3.93353e-15	9.0171e-13	1.28216e-07	1.90746e-05
16.9784	-1.20826e-11	-0.000418288	-2.06581e-14	7.97152e-13	2.52399e-07	1.84424e-05
16.9785	-9.43923e-12	-0.000418304	-1.58001e-14	4.5746e-13	2.5061e-07	1.78223e-05
16.9785	4.08923e-12	-0.00041832	9.06225e-15	-1.11899e-14	2.95727e-07	1.72206e-05
16.9785	2.96741e-11	-0.000418335	5.60823e-14	3.311e-14	1.75838e-07	1.66412e-05
16.9785	6.15913e-11	-0.00041835	1.14739e-13	4.44532e-14	1.35785e-07	1.60824e-05
16.9785	9.78019e-11	-0.000418364	1.81288e-13	9.48172e-13	-7.94834e-08	1.55452e-05
16.9785	1.29774e-10	-0.000418378	2.40044e-13	1.07661e-12	-1.28319e-07	1.50415e-05
16.9785	1.55988e-10	-0.000418392	2.8822e-13	1.11901e-12	-1.7964e-07	1.45762e-05
16.9785	1.74963e-10	-0.000418405	3.23092e-13	1.13187e-12	-3.15172e-07	1.41423e-05
16.9785	1.82405e-10	-0.000418417	3.3677e-13	6.16547e-13	-3.21191e-07	1.37346e-05
16.9785	1.78767e-10	-0.00041843	3.30082e-13	4.12558e-14	-3.41664e-07	1.33511e-05
16.9785	1.63983e-10	-0.000418442	3.02911e-13	-3.94733e-13	-2.99819e-07	1.29953e-05
16.9785	1.39967e-10	-0.000418453	2.58776e-13	4.63862e-13	-7.86909e-09	1.2699e-05
16.9785	1.16177e-10	-0.000418465	2.15055e-13	4.12128e-13	-1.9507e-08	1.24887e-05
16.9785	9.21008e-11	-0.000418476	1.70808e-13	7.05073e-13	5.9603e-08	1.23503e-05
16.9786	7.00671e-11	-0.000418487	1.30315e-13	8.49979e-13	1.11984e-07	1.22627e-05
16.9786	5.15765e-11	-0.000418498	9.63329e-14	6.2674e-14	-1.24781e-07	1.22154e-05
16.9786	2.93222e-11	-0.000418509	5.54342e-14	1.06617e-12	1.84109e-07	1.22069e-05
16.9786	1.26684e-11	-0.00041852	2.48284e-14	8.83066e-13	1.75604e-07	1.22369e-05
16.9786	1.33108e-12	-0.000418531	3.99324e-15	8.25111e-13	3.43374e-07	1.23072e-05
16.9786	5.13141e-13	-0.000418542	2.48989e-15	4.83683e-13	8.50553e-08	1.24252e-05
16.9786	2.34306e-12	-0.000418554	5.85303e-15	4.58449e-13	8.15857e-08	1.26054e-05
16.9786	6.79775e-12	-0.000418565	1.40395e-14	5.08072e-13	3.6186e-09	1.28616e-05
16.9786	1.14739e-11	-0.000418577	2.26336e-14	4.49685e-13	8.17275e-08	1.31944e-05
16.9786	1.90165e-11	-0.000418589	3.64945e-14	6.08554e-13	-6.92073e-08	1.36008e-05
16.9786	2.44174e-11	-0.000418602	4.64198e-14	5.54406e-13	1.07914e-08	1.40845e-05
16.9786	3.04102e-11	-0.000418615	5.7433e-14	6.51786e-13	-1.23478e-07	1.4648e-05
16.9786	3.204e-11	-0.000418628	6.04281e-14	6.16213e-13	-1.17386e-08	1.52967e-05
16.9786	3.32864e-11	-0.000418642	6.27189e-14	6.41148e-13	-8.30381e-08	1.60406e-05
16.9786	3.11837e-11	-0.000418657	5.88544e-14	6.777e-13	-1.18746e-08	1.68949e-05
16.9787	2.84487e-11	-0.000418673	5.38285e-14	7.14448e-13	-2.1495e-08	1.78786e-05
16.9787	2.4559e-11	-0.00041869	4.668e-14	7.70852e-13	2.28429e-09	1.90105e-05
16.9787	2.05252e-11	-0.000418707	3.92669e-14	8.12942e-13	-2.57725e-08	2.03204e-05
16.9787	1.48472e-11	-0.000418727	2.88325e-14	8.9045e-13	1.08517e-09	2.18482e-05
16.9787	8.78571e-12	-0.000418747	1.76924e-14	9.60432e-13	-9.84826e-09	2.36413e-05
16.9787	1.60015e-12	-0.000418769	4.48754e-15	1.05172e-12	-8.29711e-09	2.57676e-05
16.9787	-6.81973e-12	-0.000418794	-1.09857e-14	1.17091e-12	7.23593e-09	2.83227e-05
16.9787	-1.55762e-11	-0.000418821	-2.70776e-14	1.3244e-12	4.43364e-08	3.14616e-05
16.9788	-2.16784e-11	-0.000418851	-3.82911e-14	1.49002e-12	5.36527e-08	3.54241e-05
16.9788	-2.35477e-11	-0.000418885	-4.17264e-14	1.71466e-12	2.00923e-08	4.06538e-05
16.9788	-2.35226e-11	-0.000418924	-4.16799e-14	2.05987e-12	-7.73775e-09	4.80747e-05
16.9788	-2.45077e-11	-0.000418972	-4.34903e-14	2.63686e-12	-2.04677e-08	5.98598e-05
16.9789	-2.92097e-11	-0.000419033	-5.21307e-14	3.84281e-12	3.58014e-09	8.25679e-05
16.9789	-3.51806e-11	-0.000419122	-6.31019e-14	7.29782e-12	2.90954e-08	0.000141916
16.979	-3.29957e-11	-0.00041929	-5.90862e-14	3.3814e-11	1.02483e-08	0.000524094
16.9794	-7.71525e-13	-0.000420072	1.29554e-16	-0.4	-1.49487e-08	0.434644
16.5452	-7.42621e-13	0.000317562	5.25092e-17	0.4	-3.70501e-13	0.861948
