16.6436	-4.83285e-11	-1.0388e-06	-2.35539e-15	-2.44565e-07	-0.000312771	0.00917131
16.6436	-1.17748e-08	-1.03907e-06	-4.64382e-13	-1.52456e-05	0.00280191	8.00281e-06
16.6436	-5.49695e-09	-1.03908e-06	-2.17033e-13	-6.44572e-05	0.00316529	7.74967e-07
16.6436	2.15208e-09	-1.03909e-06	8.43419e-14	1.72147e-05	-0.000645521	4.75218e-07
16.6436	7.27789e-09	-1.0391e-06	2.86301e-13	4.61004e-05	-0.00242963	3.87022e-07
16.6436	9.6296e-09	-1.03911e-06	3.78959e-13	1.49222e-05	-0.00175221	3.56553e-07
16.6436	1.035e-08	-1.03911e-06	4.07342e-13	1.09944e-06	-0.000332841	3.46183e-07
16.6436	1.0775e-08	-1.03912e-06	4.24087e-13	-6.36733e-07	0.000212141	3.44658e-07
16.6436	1.13848e-08	-1.03912e-06	4.48115e-13	-1.88653e-06	0.00041326	3.47499e-07
16.6436	1.23635e-08	-1.03913e-06	4.86676e-13	1.15546e-07	-2.08338e-05	3.52682e-07
16.6437	1.33406e-08	-1.03914e-06	5.25175e-13	1.56676e-06	-0.000336794	3.59191e-07
16.6437	1.40315e-08	-1.03914e-06	5.52396e-13	1.03544e-06	-0.000354	3.66498e-07
16.6437	1.44092e-08	-1.03915e-06	5.67278e-13	2.74576e-07	-0.000170028	3.74334e-07
16.6437	1.46343e-08	-1.03915e-06	5.76147e-13	1.30709e-07	-0.000172062	3.82546e-07
16.6437	1.4698e-08	-1.03916e-06	5.78657e-13	7.9337e-09	-0.000100101	3.91072e-07
16.6437	1.46642e-08	-1.03917e-06	5.77325e-13	-2.34979e-08	-6.86054e-05	3.99875e-07
16.6437	1.45603e-08	-1.03918e-06	5.73231e-13	-1.52881e-07	-0.000165003	4.08946e-07
16.6437	1.42834e-08	-1.03918e-06	5.62322e-13	-5.35341e-08	-3.73719e-05	4.18285e-07
16.6437	1.39607e-08	-1.03919e-06	5.49605e-13	-6.35093e-07	-0.000284033	4.27916e-07
16.6437	1.33231e-08	-1.0392e-06	5.24486e-13	-8.50159e-07	-0.000239783	4.37836e-07
16.6437	1.24053e-08	-1.03921e-06	4.88323e-13	-8.3244e-07	-0.000181057	4.48046e-07
16.6437	1.12609e-08	-1.03921e-06	4.43232e-13	-7.62189e-07	-0.000141068	4.58555e-07
16.6437	9.92586e-09	-1.03922e-06	3.90632e-13	-1.1905e-06	-0.000190993	4.69381e-07
16.6437	8.33255e-09	-1.03923e-06	3.27855e-13	-5.73481e-07	-8.28972e-05	4.80516e-07
16.6437	6.60057e-09	-1.03924e-06	2.59614e-13	-7.40809e-07	-0.000100431	4.91966e-07
16.6437	4.70229e-09	-1.03925e-06	1.84821e-13	3.13468e-07	4.16665e-05	5.03739e-07
16.6437	2.81155e-09	-1.03926e-06	1.10325e-13	1.57863e-06	0.000230718	5.15846e-07
16.6437	1.17637e-09	-1.03926e-06	4.58984e-14	1.00993e-06	0.000173156	5.28291e-07
16.6437	-2.66922e-10	-1.03927e-06	-1.09679e-14	4.39528e-07	8.47239e-05	5.41077e-07
16.6437	-1.6292e-09	-1.03928e-06	-6.46422e-14	1.13961e-06	0.000264056	5.54207e-07
16.6437	-2.65434e-09	-1.03929e-06	-1.05033e-13	2.19985e-07	6.28813e-05	5.67679e-07
16.6437	-3.61409e-09	-1.0393e-06	-1.42848e-13	6.77848e-07	0.000249425	5.81482e-07
16.6437	-4.23024e-09	-1.03931e-06	-1.67124e-13	4.31151e-07	0.000473081	5.95625e-07
16.6437	-4.14846e-09	-1.03932e-06	-1.63902e-13	-7.06786e-07	0.000480204	6.10101e-07
16.6437	-3.32348e-09	-1.03933e-06	-1.31398e-13	-2.88637e-06	0.00066561	6.24903e-07
16.6437	-1.4262e-09	-1.03935e-06	-5.66438e-14	-1.27911e-07	2.11307e-05	6.40031e-07
16.6437	5.51178e-10	-1.03936e-06	2.12657e-14	8.61243e-07	-0.000150293	6.55473e-07
16.6437	2.32695e-09	-1.03937e-06	9.12317e-14	8.74514e-07	-0.000178134	6.71227e-07
16.6437	3.84286e-09	-1.03938e-06	1.50959e-13	1.10688e-06	-0.00029754	6.87294e-07
16.6437	4.8777e-09	-1.03939e-06	1.91732e-13	7.00367e-07	-0.000322903	7.03654e-07
16.6437	5.3624e-09	-1.0394e-06	2.1083e-13	1.78184e-07	-0.000326155	7.20295e-07
16.6437	5.26437e-09	-1.03942e-06	2.06967e-13	-5.33853e-08	-0.00010191	7.37209e-07
16.6437	4.97404e-09	-1.03943e-06	1.95528e-13	-2.0395e-07	-0.000169591	7.54396e-07
16.6437	4.35346e-09	-1.03944e-06	1.71077e-13	-3.51339e-07	-0.000171037	7.71842e-07
16.6437	3.38479e-09	-1.03946e-06	1.32911e-13	-5.02057e-08	-1.98336e-05	7.89518e-07
16.6437	2.35448e-09	-1.03947e-06	9.23164e-14	3.45852e-07	0.000158265	8.07391e-07
16.6437	1.62398e-09	-1.03948e-06	6.35346e-14	2.64767e-07	0.000208922	8.25446e-07
16.6437	1.31313e-09	-1.0395e-06	5.12869e-14	5.27313e-08	0.000115711	8.43679e-07
16.6437	1.24216e-09	-1.03951e-06	4.84906e-14	-6.47662e-09	9.41041e-05	8.62067e-07
16.6437	1.37463e-09	-1.03953e-06	5.37101e-14	-4.36882e-08	8.46959e-05	8.80575e-07
16.6437	1.69834e-09	-1.03954e-06	6.64645e-14	-8.75319e-08	9.15246e-05	8.99208e-07
16.6437	2.23675e-09	-1.03956e-06	8.7678e-14	6.02104e-08	-5.78654e-05	9.18008e-07
16.6437	2.65219e-09	-1.03958e-06	1.04046e-13	7.64027e-08	-0.00013991	9.36995e-07
16.6437	2.74509e-09	-1.03959e-06	1.07707e-13	-8.47475e-09	-0.000109487	9.56163e-07
16.6437	2.57554e-09	-1.03961e-06	1.01026e-13	-5.68867e-09	-1.46694e-05	9.7552e-07
16.6437	2.36644e-09	-1.03963e-06	9.27876e-14	5.06777e-09	1.29225e-05	9.95116e-07
16.6437	2.18561e-09	-1.03964e-06	8.56631e-14	-8.76761e-10	-2.39663e-06	1.01497e-06
16.6437	1.99505e-09	-1.03966e-06	7.8155e-14	1.35035e-08	6.30017e-05	1.03503e-06
16.6437	1.96536e-09	-1.03968e-06	7.69849e-14	-2.87227e-09	4.71167e-05	1.05529e-06
16.6437	2.06058e-09	-1.0397e-06	8.0737e-14	2.52972e-09	-1.94338e-05	1.07585e-06
16.6437	2.10489e-09	-1.03972e-06	8.24828e-14	2.92205e-10	-2.85388e-05	1.09677e-06
16.6437	2.07106e-09	-1.03974e-06	8.11498e-14	-3.59359e-10	-4.89932e-06	1.11787e-06
16.6437	2.02276e-09	-1.03976e-06	7.92467e-14	-2.67937e-09	-1.98233e-05	1.13889e-06
16.6437	1.9166e-09	-1.03978e-06	7.50642e-14	1.17217e-09	7.01042e-06	1.15961e-06
16.6437	1.82906e-09	-1.0398e-06	7.16148e-14	1.52001e-09	4.69068e-05	1.17994e-06
16.6437	1.87955e-09	-1.03982e-06	7.36043e-14	-1.0242e-09	9.44268e-06	1.19987e-06
16.6437	1.95944e-09	-1.03984e-06	7.67519e-14	1.68077e-09	-3.14629e-05	1.21949e-06
16.6437	1.94393e-09	-1.03986e-06	7.61408e-14	-3.47886e-10	-7.7841e-06	1.23906e-06
16.6437	1.90387e-09	-1.03988e-06	7.45623e-14	4.06625e-10	1.42537e-05	1.25886e-06
16.6437	1.90838e-09	-1.0399e-06	7.474e-14	-9.54249e-11	-7.76338e-06	1.27903e-06
16.6437	1.88794e-09	-1.03993e-06	7.39348e-14	-2.13852e-10	-4.87357e-06	1.29956e-06
16.6437	1.85121e-09	-1.03995e-06	7.24877e-14	3.03348e-10	1.33257e-05	1.32044e-06
16.6437	1.85823e-09	-1.03997e-06	7.27644e-14	7.04063e-12	-8.22217e-07	1.34161e-06
16.6437	1.86259e-09	-1.04e-06	7.29361e-14	-5.22041e-10	1.322e-05	1.36315e-06
16.6437	1.91243e-09	-1.04002e-06	7.48997e-14	4.87379e-10	-1.84543e-05	1.38533e-06
16.6437	1.89865e-09	-1.04004e-06	7.43569e-14	-5.2794e-10	-1.11131e-05	1.40854e-06
16.6437	1.84518e-09	-1.04007e-06	7.225e-14	3.46316e-10	5.66392e-06	1.43329e-06
16.6437	1.81121e-09	-1.04009e-06	7.09117e-14	1.88406e-10	5.79981e-06	1.4602e-06
16.6437	1.79796e-09	-1.04012e-06	7.03897e-14	-1.52701e-11	7.96037e-06	1.48971e-06
16.6437	1.81439e-09	-1.04015e-06	7.10369e-14	-8.23749e-11	2.84787e-06	1.52155e-06
16.6437	1.84212e-09	-1.04017e-06	7.21296e-14	1.21315e-10	-5.33467e-06	1.55477e-06
16.6437	1.8495e-09	-1.0402e-06	7.24204e-14	-7.91214e-10	-1.97682e-05	1.58798e-06
16.6437	1.77775e-09	-1.04023e-06	6.95933e-14	-9.8947e-11	-1.07463e-06	1.61958e-06
16.6437	1.70024e-09	-1.04026e-06	6.65395e-14	-3.00439e-10	-2.9411e-06	1.64843e-06
16.6437	1.60922e-09	-1.04028e-06	6.29533e-14	1.19566e-09	2.06369e-05	1.67426e-06
16.6437	1.60387e-09	-1.04031e-06	6.27426e-14	-1.10297e-09	2.23118e-05	1.69794e-06
16.6437	1.6938e-09	-1.04034e-06	6.62859e-14	6.46324e-10	-7.46688e-06	1.72179e-06
16.6437	1.75266e-09	-1.04037e-06	6.8605e-14	4.55738e-10	-1.50096e-05	1.74879e-06
16.6437	1.74634e-09	-1.0404e-06	6.83561e-14	-3.49692e-10	-1.04816e-05	1.77522e-06
16.6437	1.69312e-09	-1.04044e-06	6.62588e-14	3.14624e-10	1.59317e-05	1.79566e-06
16.6437	1.71124e-09	-1.04047e-06	6.69728e-14	-3.65693e-11	1.53208e-06	1.81169e-06
16.6437	1.73647e-09	-1.0405e-06	6.79671e-14	-1.05913e-10	3.00579e-06	1.8267e-06
16.6437	1.7757e-09	-1.04053e-06	6.95129e-14	1.7872e-10	-9.86972e-06	1.84043e-06
16.6437	1.76963e-09	-1.04056e-06	6.92737e-14	-1.62527e-10	-6.85645e-06	1.8514e-06
16.6437	1.73171e-09	-1.04059e-06	6.77797e-14	-1.21593e-09	-1.53484e-05	1.8611e-06
16.6437	1.622e-09	-1.04063e-06	6.34569e-14	1.00317e-09	1.11935e-05	1.86984e-06
16.6437	1.56426e-09	-1.04066e-06	6.11819e-14	3.79713e-10	1.20495e-05	1.87687e-06
16.6437	1.56296e-09	-1.04069e-06	6.11307e-14	-8.4266e-11	6.09149e-06	1.88284e-06
16.6437	1.59037e-09	-1.04072e-06	6.22108e-14	7.21647e-11	-8.04563e-06	1.88789e-06
16.6437	1.57983e-09	-1.04076e-06	6.17955e-14	-4.22289e-11	6.91027e-06	1.89166e-06
16.6437	1.60198e-09	-1.04079e-06	6.26682e-14	-4.60434e-11	1.67226e-06	1.89451e-06
16.6437	1.63208e-09	-1.04082e-06	6.38543e-14	6.32391e-11	-2.4686e-06	1.89637e-06
16.6437	1.6505e-09	-1.04086e-06	6.45799e-14	3.35394e-11	-2.58203e-06	1.89713e-06
16.6437	1.65667e-09	-1.04089e-06	6.48231e-14	-2.80579e-11	2.29691e-06	1.89695e-06
16.6437	1.67373e-09	-1.04092e-06	6.54953e-14	-3.09175e-10	-1.52876e-05	1.89569e-06
16.6437	1.61836e-09	-1.04095e-06	6.33136e-14	-7.15302e-11	-1.16686e-06	1.89343e-06
16.6437	1.55755e-09	-1.04099e-06	6.09175e-14	2.33894e-10	4.38532e-06	1.89015e-06
16.6437	1.51756e-09	-1.04102e-06	5.9342e-14	-5.87812e-11	1.82333e-05	1.88573e-06
16.6437	1.56352e-09	-1.04105e-06	6.11529e-14	1.32857e-11	-2.74535e-07	1.88026e-06
16.6437	1.60805e-09	-1.04109e-06	6.29073e-14	2.0861e-10	-6.91826e-06	1.87371e-06
16.6437	1.62006e-09	-1.04112e-06	6.33806e-14	-1.32577e-11	8.85169e-07	1.86613e-06
16.6437	1.63614e-09	-1.04115e-06	6.40143e-14	2.44717e-11	-4.92933e-06	1.85762e-06
16.6437	1.62931e-09	-1.04118e-06	6.37451e-14	-3.40679e-12	3.36321e-06	1.84812e-06
16.6437	1.63801e-09	-1.04121e-06	6.4088e-14	-1.61917e-12	1.71323e-07	1.83771e-06
16.6437	1.64745e-09	-1.04125e-06	6.44598e-14	-6.39124e-11	3.40245e-06	1.82634e-06
16.6437	1.67231e-09	-1.04128e-06	6.54392e-14	-6.01247e-11	1.88039e-06	1.8141e-06
16.6437	1.70549e-09	-1.04131e-06	6.67467e-14	7.07254e-11	-2.27781e-06	1.80103e-06
16.6437	1.72821e-09	-1.04134e-06	6.76419e-14	6.41565e-11	-4.93067e-06	1.78709e-06
16.6437	1.72881e-09	-1.04137e-06	6.76654e-14	-1.37355e-10	-7.54955e-06	1.77246e-06
16.6437	1.69609e-09	-1.0414e-06	6.63762e-14	1.36456e-10	8.07319e-06	1.75708e-06
16.6437	1.69896e-09	-1.04143e-06	6.64896e-14	-1.94443e-10	8.18736e-06	1.74098e-06
16.6437	1.73728e-09	-1.04146e-06	6.79993e-14	-1.81935e-10	3.44458e-06	1.72424e-06
16.6437	1.78999e-09	-1.04149e-06	7.00763e-14	3.66739e-10	-1.438e-05	1.70684e-06
16.6437	1.78112e-09	-1.04152e-06	6.97267e-14	-3.12843e-11	-2.02184e-06	1.68872e-06
16.6437	1.76386e-09	-1.04155e-06	6.90464e-14	-1.46686e-10	-4.58331e-06	1.67011e-06
16.6437	1.72775e-09	-1.04158e-06	6.7624e-14	1.87399e-10	9.51755e-06	1.65103e-06
16.6437	1.73113e-09	-1.04161e-06	6.77569e-14	-1.26041e-10	6.32752e-06	1.63138e-06
16.6437	1.76011e-09	-1.04164e-06	6.88988e-14	-2.01645e-09	2.21372e-05	1.61123e-06
16.6437	1.87733e-09	-1.04166e-06	7.35175e-14	2.02256e-09	-2.23067e-05	1.59074e-06
16.6437	1.90491e-09	-1.04169e-06	7.46042e-14	-2.30839e-11	-1.45948e-05	1.56993e-06
16.6437	1.87523e-09	-1.04172e-06	7.34345e-14	-2.05846e-12	-5.54492e-08	1.54876e-06
16.6437	1.84573e-09	-1.04175e-06	7.22725e-14	-2.99154e-11	1.60855e-05	1.52723e-06
16.6437	1.87764e-09	-1.04177e-06	7.35295e-14	-3.29851e-10	5.82477e-06	1.50539e-06
16.6437	1.93084e-09	-1.0418e-06	7.56256e-14	-3.27063e-10	4.02539e-06	1.48342e-06
16.6437	1.99807e-09	-1.04182e-06	7.82748e-14	7.17637e-11	-8.02799e-07	1.46131e-06
16.6437	2.06139e-09	-1.04185e-06	8.07693e-14	1.9923e-10	-3.24721e-05	1.43896e-06
16.6437	2.00781e-09	-1.04187e-06	7.86585e-14	5.37957e-10	1.18284e-05	1.41644e-06
16.6437	1.99664e-09	-1.0419e-06	7.82182e-14	-2.30691e-10	1.33011e-05	1.39384e-06
16.6437	2.03162e-09	-1.04192e-06	7.95964e-14	-8.18385e-10	1.06113e-05	1.37118e-06
16.6437	2.10209e-09	-1.04195e-06	8.23732e-14	2.25862e-10	-2.30677e-06	1.34851e-06
16.6437	2.16369e-09	-1.04197e-06	8.48001e-14	8.48114e-10	-1.79318e-05	1.32591e-06
16.6437	2.16531e-09	-1.04199e-06	8.48639e-14	-1.25421e-10	6.60865e-06	1.30331e-06
16.6437	2.18825e-09	-1.04201e-06	8.57676e-14	-1.5443e-10	3.49204e-06	1.28068e-06
16.6437	2.22186e-09	-1.04204e-06	8.70922e-14	-7.64941e-11	1.35804e-06	1.25809e-06
16.6437	2.25912e-09	-1.04206e-06	8.856e-14	1.58601e-10	-2.08634e-05	1.23557e-06
16.6437	2.23184e-09	-1.04208e-06	8.74852e-14	1.2041e-10	3.31938e-06	1.2132e-06
16.6437	2.21503e-09	-1.0421e-06	8.68231e-14	1.49861e-11	1.06222e-05	1.19097e-06
16.6437	2.22987e-09	-1.04212e-06	8.74077e-14	3.41995e-11	-1.61844e-06	1.16884e-06
16.6437	2.23974e-09	-1.04214e-06	8.77967e-14	-4.2885e-09	3.81465e-05	1.14693e-06
16.6437	2.35778e-09	-1.04216e-06	9.24473e-14	-1.17175e-09	5.30121e-06	1.12526e-06
16.6437	2.48833e-09	-1.04218e-06	9.75911e-14	5.17887e-09	-3.57127e-05	1.10368e-06
16.6437	2.51879e-09	-1.0422e-06	9.87911e-14	1.73736e-10	-1.85466e-05	1.08226e-06
16.6437	2.49896e-09	-1.04222e-06	9.801e-14	-1.32901e-09	-1.68152e-05	1.06104e-06
16.6437	2.43536e-09	-1.04224e-06	9.55043e-14	1.3288e-09	3.16235e-05	1.04009e-06
16.6437	2.45443e-09	-1.04225e-06	9.62556e-14	-4.34156e-09	3.49182e-05	1.01933e-06
16.6437	2.5612e-09	-1.04227e-06	1.00462e-13	-6.8282e-09	2.49255e-05	9.98777e-07
16.6437	2.72741e-09	-1.04229e-06	1.07011e-13	1.05422e-08	-4.97605e-05	9.78522e-07
16.6437	2.76976e-09	-1.04231e-06	1.0868e-13	-3.27241e-09	-5.76775e-05	9.58502e-07
16.6437	2.67446e-09	-1.04232e-06	1.04925e-13	1.56016e-09	8.70798e-06	9.38707e-07
16.6437	2.60137e-09	-1.04234e-06	1.02045e-13	-1.48398e-09	7.12837e-05	9.19211e-07
16.6437	2.69188e-09	-1.04235e-06	1.05611e-13	1.41374e-09	-7.88377e-06	8.99914e-07
16.6437	2.76293e-09	-1.04237e-06	1.0841e-13	2.76119e-10	-1.77935e-06	8.8085e-07
16.6437	2.82859e-09	-1.04238e-06	1.10998e-13	2.00238e-09	-1.97682e-05	8.62124e-07
16.6437	2.85071e-09	-1.0424e-06	1.11869e-13	1.58029e-10	-1.70396e-05	8.43604e-07
16.6437	2.83681e-09	-1.04241e-06	1.11321e-13	-3.39002e-10	-6.75257e-06	8.25291e-07
16.6437	2.80943e-09	-1.04243e-06	1.10242e-13	-5.35765e-09	6.16166e-05	8.07269e-07
16.6437	2.90562e-09	-1.04244e-06	1.14033e-13	-1.51465e-08	4.33531e-05	7.89429e-07
16.6437	3.08427e-09	-1.04246e-06	1.21071e-13	-1.94713e-08	3.56105e-05	7.71786e-07
16.6437	3.32684e-09	-1.04247e-06	1.30629e-13	3.7373e-08	-9.22184e-05	7.54425e-07
16.6437	3.392e-09	-1.04248e-06	1.33196e-13	-1.27177e-08	-0.000114368	7.37285e-07
16.6437	3.2473e-09	-1.04249e-06	1.27495e-13	4.33579e-09	1.17936e-05	7.20333e-07
16.6437	3.12693e-09	-1.04251e-06	1.22752e-13	9.78543e-09	9.33152e-05	7.03649e-07
16.6437	3.17158e-09	-1.04252e-06	1.24512e-13	-1.22673e-08	4.89252e-05	6.87135e-07
16.6437	3.29821e-09	-1.04253e-06	1.29501e-13	-6.45231e-09	1.5654e-05	6.70786e-07
16.6437	3.44775e-09	-1.04254e-06	1.35393e-13	1.85242e-08	-6.30998e-05	6.54713e-07
16.6437	3.49167e-09	-1.04255e-06	1.37123e-13	-1.05884e-08	-9.76857e-05	6.38737e-07
16.6437	3.38047e-09	-1.04256e-06	1.32742e-13	3.7292e-09	1.15163e-05	6.22855e-07
16.6437	3.28975e-09	-1.04257e-06	1.29168e-13	8.68525e-09	5.6263e-05	6.07308e-07
16.6437	3.28564e-09	-1.04259e-06	1.29006e-13	-1.9048e-11	-1.14987e-06	5.91914e-07
16.6437	3.27996e-09	-1.0426e-06	1.28782e-13	-4.12796e-10	-9.53465e-06	5.765e-07
16.6437	3.26087e-09	-1.04261e-06	1.28029e-13	-5.19702e-09	6.09566e-05	5.61319e-07
16.6438	3.32667e-09	-1.04261e-06	1.30622e-13	-1.86393e-08	5.10338e-05	5.46342e-07
16.6438	3.45946e-09	-1.04262e-06	1.35854e-13	-1.32517e-08	2.3974e-05	5.31356e-07
16.6438	3.61993e-09	-1.04263e-06	1.42177e-13	-2.24736e-07	0.00020136	5.16486e-07
16.6438	4.03219e-09	-1.04264e-06	1.5842e-13	-2.60484e-07	0.00013338	5.01904e-07
16.6438	4.59772e-09	-1.04265e-06	1.80702e-13	2.33195e-07	-0.000116947	4.87421e-07
16.6438	5.00625e-09	-1.04266e-06	1.96798e-13	2.06315e-07	-0.000522813	4.72918e-07
16.6438	4.7938e-09	-1.04267e-06	1.88427e-13	-7.02393e-07	-0.000378104	4.58621e-07
16.6438	4.16095e-09	-1.04267e-06	1.63493e-13	-5.88858e-07	-0.000180898	4.44628e-07
16.6438	3.34959e-09	-1.04268e-06	1.31525e-13	-1.38559e-06	-0.000309243	4.30754e-07
16.6438	2.23632e-09	-1.04269e-06	8.76618e-14	-8.702e-07	-0.000154305	4.16926e-07
16.6438	1.00104e-09	-1.0427e-06	3.89916e-14	2.16831e-07	3.65409e-05	4.03349e-07
16.6438	-1.57694e-10	-1.0427e-06	-6.66276e-15	2.1757e-06	0.000464857	3.90151e-07
16.6438	-8.32553e-10	-1.04271e-06	-3.32524e-14	1.12596e-06	0.000915103	3.77216e-07
16.6438	-6.36526e-10	-1.04272e-06	-2.55289e-14	-3.02466e-06	0.000908608	3.64532e-07
16.6438	3.6671e-10	-1.04272e-06	1.39989e-14	-8.87784e-06	0.00107209	3.52236e-07
16.6438	2.26402e-09	-1.04273e-06	8.87533e-14	-8.00245e-06	0.000637379	3.40398e-07
16.6438	4.63091e-09	-1.04273e-06	1.82009e-13	-7.56888e-06	0.000492129	3.28981e-07
16.6438	7.31618e-09	-1.04274e-06	2.8781e-13	4.5774e-06	-0.000288065	3.17992e-07
16.6438	9.6871e-09	-1.04275e-06	3.81225e-13	6.51453e-06	-0.000465102	3.07679e-07
16.6438	1.16311e-08	-1.04275e-06	4.57817e-13	7.30333e-06	-0.000651196	2.98152e-07
16.6438	1.30382e-08	-1.04276e-06	5.13259e-13	7.69005e-06	-0.00114263	2.89266e-07
16.6438	1.35901e-08	-1.04276e-06	5.35003e-13	1.12037e-06	-0.00116452	2.80918e-07
16.6438	1.33202e-08	-1.04277e-06	5.24372e-13	-6.25058e-06	-0.0012387	2.73077e-07
16.6438	1.22239e-08	-1.04277e-06	4.81175e-13	-1.18038e-05	-0.00108685	2.65813e-07
16.6438	1.0443e-08	-1.04278e-06	4.11007e-13	-3.8947e-07	-2.85334e-05	2.59759e-07
16.6438	8.67879e-09	-1.04278e-06	3.41497e-13	-9.82576e-07	-7.07003e-05	2.55458e-07
16.6438	6.89334e-09	-1.04278e-06	2.7115e-13	2.92404e-06	0.000216047	2.52625e-07
16.6438	5.2594e-09	-1.04279e-06	2.06772e-13	4.86252e-06	0.000405921	2.50828e-07
16.6438	3.8882e-09	-1.04279e-06	1.52746e-13	-5.47065e-06	-0.000452307	2.4986e-07
16.6438	2.23789e-09	-1.0428e-06	8.77239e-14	7.71309e-06	0.000667385	2.49686e-07
16.6438	1.00291e-09	-1.0428e-06	3.90653e-14	5.28183e-06	0.000636619	2.5029e-07
16.6438	1.62171e-10	-1.04281e-06	5.94005e-15	4.47249e-06	0.00124494	2.51722e-07
16.6438	1.01516e-10	-1.04281e-06	3.55024e-15	-8.96863e-08	0.000308385	2.54132e-07
16.6438	2.37216e-10	-1.04281e-06	8.89682e-15	-5.32834e-07	0.000295805	2.57817e-07
16.6438	5.67558e-10	-1.04282e-06	2.19124e-14	-3.37635e-08	1.31191e-05	2.63058e-07
16.6438	9.14324e-10	-1.04282e-06	3.55751e-14	-9.91841e-07	0.000296318	2.69865e-07
16.6438	1.47365e-09	-1.04283e-06	5.76126e-14	8.68375e-07	-0.000250924	2.78176e-07
16.6438	1.87416e-09	-1.04283e-06	7.33928e-14	-1.14684e-07	3.91254e-05	2.88068e-07
16.6438	2.31856e-09	-1.04284e-06	9.09022e-14	8.54992e-07	-0.000447693	2.99591e-07
16.6438	2.43941e-09	-1.04284e-06	9.56639e-14	2.91179e-08	-4.25619e-05	3.12859e-07
16.6438	2.53184e-09	-1.04285e-06	9.93055e-14	-5.26744e-08	-0.000301073	3.28072e-07
16.6438	2.37591e-09	-1.04286e-06	9.31619e-14	-4.45728e-08	-4.30541e-05	3.45546e-07
16.6438	2.17309e-09	-1.04286e-06	8.5171e-14	-1.04257e-07	-7.79349e-05	3.65663e-07
16.6438	1.88465e-09	-1.04287e-06	7.38062e-14	1.2521e-08	8.28173e-06	3.88812e-07
16.6438	1.58551e-09	-1.04288e-06	6.20201e-14	-1.61169e-07	-9.34427e-05	4.15602e-07
16.6438	1.16446e-09	-1.04288e-06	4.54307e-14	7.66471e-09	3.93352e-06	4.4685e-07
16.6438	7.14969e-10	-1.04289e-06	2.77205e-14	-7.24115e-08	-3.57061e-05	4.8352e-07
16.6438	1.82122e-10	-1.0429e-06	6.72617e-15	-6.59566e-08	-3.00833e-05	5.27007e-07
16.6438	-4.42252e-10	-1.04291e-06	-1.78744e-14	5.7771e-08	2.62347e-05	5.79263e-07
16.6438	-1.09159e-09	-1.04292e-06	-4.34583e-14	2.78845e-07	0.000160753	6.43457e-07
16.6438	-1.54409e-09	-1.04293e-06	-6.1287e-14	1.64652e-07	0.000194533	7.24494e-07
16.6438	-1.6827e-09	-1.04294e-06	-6.67483e-14	1.29628e-08	7.285e-05	8.31448e-07
16.6438	-1.68083e-09	-1.04296e-06	-6.66747e-14	-1.85023e-09	-2.80553e-05	9.83214e-07
16.6438	-1.75387e-09	-1.04298e-06	-6.95526e-14	-2.3868e-08	-7.42122e-05	1.22423e-06
16.6438	-2.10254e-09	-1.043e-06	-8.32901e-14	6.16218e-09	1.29811e-05	1.68863e-06
16.6438	-2.54529e-09	-1.04304e-06	-1.00734e-13	1.88317e-08	0.000105495	2.90235e-06
16.6438	-2.38324e-09	-1.0431e-06	-9.43497e-14	-6.61844e-09	3.7159e-05	1.07177e-05
16.6438	6.25489e-12	-1.04341e-06	-2.02834e-16	-0.4	-5.42055e-05	0.0093052
16.6345	5.28742e-12	-7.20611e-07	-3.7814e-16	0.4	-1.14935e-09	0.0184602
