16.6301	-1.37884e-10	-5.60286e-07	-9.91461e-15	-1.94173e-06	-0.000881296	0.00564656
16.6301	-2.04776e-08	-5.60385e-07	-5.0282e-13	-0.000120945	0.00789125	4.92652e-06
16.6301	-9.5886e-09	-5.60392e-07	-2.38939e-13	-0.000509236	0.0088787	4.77677e-07
16.6301	3.67878e-09	-5.60395e-07	8.25784e-14	0.000135669	-0.00180552	2.93266e-07
16.6301	1.25696e-08	-5.60398e-07	2.98036e-13	0.000364514	-0.00681967	2.3858e-07
16.6301	1.66487e-08	-5.604e-07	3.96887e-13	0.000118362	-0.00493315	2.19555e-07
16.6301	1.78982e-08	-5.60402e-07	4.27166e-13	8.72829e-06	-0.000937765	2.13109e-07
16.6301	1.86353e-08	-5.60405e-07	4.4503e-13	-5.05491e-06	0.0005977	2.12169e-07
16.6301	1.96931e-08	-5.60407e-07	4.70665e-13	-1.49749e-05	0.0011642	2.13927e-07
16.6301	2.13907e-08	-5.60409e-07	5.11803e-13	9.16912e-07	-5.86733e-05	2.17125e-07
16.6301	2.30855e-08	-5.60412e-07	5.52875e-13	1.24368e-05	-0.000948791	2.21125e-07
16.6301	2.42838e-08	-5.60414e-07	5.81915e-13	8.2201e-06	-0.000997374	2.25613e-07
16.6301	2.4939e-08	-5.60416e-07	5.97793e-13	2.18002e-06	-0.000479092	2.30432e-07
16.6301	2.53294e-08	-5.60419e-07	6.07254e-13	1.03775e-06	-0.000484813	2.35485e-07
16.6301	2.54399e-08	-5.60421e-07	6.09932e-13	6.29923e-08	-0.000282058	2.40733e-07
16.6301	2.53813e-08	-5.60424e-07	6.08511e-13	-1.86563e-07	-0.000193311	2.46154e-07
16.6301	2.52011e-08	-5.60427e-07	6.04143e-13	-1.21382e-06	-0.000464937	2.51736e-07
16.6301	2.47208e-08	-5.60429e-07	5.92505e-13	-4.24983e-07	-0.00010529	2.57487e-07
16.6301	2.4161e-08	-5.60432e-07	5.78938e-13	-5.04214e-06	-0.000800292	2.63419e-07
16.6301	2.30552e-08	-5.60435e-07	5.52141e-13	-6.74901e-06	-0.000675552	2.69532e-07
16.6301	2.14632e-08	-5.60438e-07	5.1356e-13	-6.60786e-06	-0.000510063	2.75825e-07
16.6301	1.94781e-08	-5.60441e-07	4.65455e-13	-6.04941e-06	-0.000397355	2.82303e-07
16.6301	1.71626e-08	-5.60444e-07	4.0934e-13	-9.44864e-06	-0.000537971	2.88978e-07
16.6301	1.43989e-08	-5.60447e-07	3.42367e-13	-4.5507e-06	-0.000233453	2.95842e-07
16.6301	1.13948e-08	-5.6045e-07	2.69566e-13	-5.87845e-06	-0.000282829	3.02898e-07
16.6301	8.10216e-09	-5.60454e-07	1.89774e-13	2.48716e-06	0.000117327	3.10148e-07
16.6301	4.82264e-09	-5.60457e-07	1.10299e-13	1.2528e-05	0.000649808	3.17593e-07
16.6301	1.98639e-09	-5.6046e-07	4.15662e-14	8.01521e-06	0.000487711	3.2524e-07
16.6301	-5.17022e-10	-5.60464e-07	-1.91008e-14	3.48899e-06	0.000238682	3.33103e-07
16.6301	-2.87992e-09	-5.60467e-07	-7.63625e-14	9.04605e-06	0.000743878	3.41177e-07
16.6301	-4.65805e-09	-5.60471e-07	-1.19453e-13	1.74647e-06	0.00017717	3.49462e-07
16.6301	-6.32275e-09	-5.60475e-07	-1.59795e-13	5.38137e-06	0.000702753	3.57954e-07
16.6301	-7.39147e-09	-5.60479e-07	-1.85694e-13	3.4231e-06	0.001333	3.66653e-07
16.6301	-7.24963e-09	-5.60483e-07	-1.82257e-13	-5.61137e-06	0.00135304	3.75567e-07
16.6301	-5.81868e-09	-5.60487e-07	-1.47579e-13	-2.29116e-05	0.00187513	3.84703e-07
16.6301	-2.52781e-09	-5.60491e-07	-6.78293e-14	-1.01534e-06	5.95274e-05	3.94035e-07
16.6301	9.01991e-10	-5.60495e-07	1.52874e-14	6.83588e-06	-0.000423359	4.03537e-07
16.6301	3.98209e-09	-5.605e-07	8.99297e-14	6.94152e-06	-0.000501805	4.13225e-07
16.6301	6.61148e-09	-5.60504e-07	1.53649e-13	8.78677e-06	-0.000838256	4.231e-07
16.6301	8.40642e-09	-5.60509e-07	1.97148e-13	5.56038e-06	-0.000909814	4.33158e-07
16.6301	9.24715e-09	-5.60513e-07	2.17522e-13	1.4147e-06	-0.000919011	4.43396e-07
16.6301	9.07711e-09	-5.60518e-07	2.13401e-13	-4.23857e-07	-0.000287155	4.53806e-07
16.6301	8.57354e-09	-5.60523e-07	2.01198e-13	-1.61925e-06	-0.000477853	4.64388e-07
16.6301	7.49712e-09	-5.60528e-07	1.75112e-13	-2.78941e-06	-0.000481921	4.75132e-07
16.6301	5.81695e-09	-5.60533e-07	1.34395e-13	-3.98521e-07	-5.58726e-05	4.86016e-07
16.6301	4.02985e-09	-5.60538e-07	9.10874e-14	2.74576e-06	0.000445922	4.97017e-07
16.6301	2.76279e-09	-5.60544e-07	6.0382e-14	2.10211e-06	0.000588677	5.08125e-07
16.6301	2.22361e-09	-5.60549e-07	4.73157e-14	4.18665e-07	0.000326043	5.19347e-07
16.6301	2.10051e-09	-5.60555e-07	4.43326e-14	-5.14229e-08	0.00026516	5.30665e-07
16.6301	2.33029e-09	-5.6056e-07	4.9901e-14	-3.46867e-07	0.000238649	5.42058e-07
16.6301	2.89178e-09	-5.60566e-07	6.3508e-14	-6.94961e-07	0.000257889	5.5353e-07
16.6301	3.82565e-09	-5.60572e-07	8.61393e-14	4.78041e-07	-0.000163047	5.65103e-07
16.6301	4.54624e-09	-5.60578e-07	1.03602e-13	6.06605e-07	-0.000394226	5.76789e-07
16.6301	4.70739e-09	-5.60585e-07	1.07507e-13	-6.72856e-08	-0.000308504	5.88588e-07
16.6301	4.41329e-09	-5.60591e-07	1.0038e-13	-4.51668e-08	-4.1335e-05	6.00503e-07
16.6301	4.0506e-09	-5.60597e-07	9.15908e-14	4.02365e-08	3.64129e-05	6.12566e-07
16.6301	3.73695e-09	-5.60604e-07	8.39901e-14	-6.9615e-09	-6.75315e-06	6.24789e-07
16.6301	3.40643e-09	-5.60611e-07	7.59803e-14	1.07212e-07	0.000177522	6.37135e-07
16.6301	3.35492e-09	-5.60618e-07	7.47321e-14	-2.28052e-08	0.000132762	6.49605e-07
16.6301	3.52009e-09	-5.60625e-07	7.8735e-14	2.00848e-08	-5.47592e-05	6.62267e-07
16.6301	3.59695e-09	-5.60632e-07	8.05976e-14	2.31982e-09	-8.04146e-05	6.75142e-07
16.6301	3.53827e-09	-5.60639e-07	7.91755e-14	-2.85347e-09	-1.3805e-05	6.88128e-07
16.6301	3.45449e-09	-5.60646e-07	7.71453e-14	-2.12735e-08	-5.58571e-05	7.01066e-07
16.6301	3.27036e-09	-5.60654e-07	7.26833e-14	9.30635e-09	1.97538e-05	7.13822e-07
16.6301	3.11851e-09	-5.60662e-07	6.90035e-14	1.20676e-08	0.000132171	7.26339e-07
16.6301	3.20609e-09	-5.60669e-07	7.1126e-14	-8.13216e-09	2.6607e-05	7.38609e-07
16.6301	3.34466e-09	-5.60677e-07	7.44841e-14	1.33445e-08	-8.8654e-05	7.50684e-07
16.6301	3.31776e-09	-5.60685e-07	7.38322e-14	-2.76241e-09	-2.19335e-05	7.62729e-07
16.6301	3.24827e-09	-5.60694e-07	7.21483e-14	3.22801e-09	4.01632e-05	7.74919e-07
16.6301	3.25609e-09	-5.60702e-07	7.2338e-14	-7.57967e-10	-2.18751e-05	7.87334e-07
16.6301	3.22064e-09	-5.6071e-07	7.1479e-14	-1.69825e-09	-1.37324e-05	7.99975e-07
16.6301	3.15694e-09	-5.60719e-07	6.99354e-14	2.40801e-09	3.75482e-05	8.12824e-07
16.6301	3.16913e-09	-5.60728e-07	7.02307e-14	5.55155e-11	-2.31679e-06	8.25856e-07
16.6301	3.17668e-09	-5.60737e-07	7.04139e-14	-4.14526e-09	3.72504e-05	8.39117e-07
16.6301	3.26313e-09	-5.60746e-07	7.25089e-14	3.86929e-09	-5.19992e-05	8.52771e-07
16.6301	3.23923e-09	-5.60755e-07	7.19299e-14	-4.19201e-09	-3.13137e-05	8.67058e-07
16.6301	3.14648e-09	-5.60764e-07	6.96822e-14	2.74918e-09	1.59595e-05	8.82293e-07
16.6301	3.08757e-09	-5.60774e-07	6.82547e-14	1.49541e-09	1.63423e-05	8.98858e-07
16.6301	3.06458e-09	-5.60783e-07	6.76978e-14	-1.21712e-10	2.24302e-05	9.17025e-07
16.6301	3.09308e-09	-5.60793e-07	6.83884e-14	-6.54488e-10	8.0246e-06	9.36625e-07
16.6301	3.14118e-09	-5.60803e-07	6.95543e-14	9.62776e-10	-1.50317e-05	9.57073e-07
16.6301	3.15399e-09	-5.60814e-07	6.98646e-14	-6.28228e-09	-5.57014e-05	9.77515e-07
16.6301	3.02953e-09	-5.60824e-07	6.68486e-14	-7.86077e-10	-3.02808e-06	9.96972e-07
16.6301	2.89509e-09	-5.60835e-07	6.35909e-14	-2.38586e-09	-8.28731e-06	1.01473e-06
16.6301	2.73722e-09	-5.60846e-07	5.97651e-14	9.4925e-09	5.81495e-05	1.03062e-06
16.6301	2.72794e-09	-5.60857e-07	5.95404e-14	-8.75776e-09	6.28687e-05	1.0452e-06
16.6301	2.88393e-09	-5.60868e-07	6.33206e-14	5.13109e-09	-2.10396e-05	1.05988e-06
16.6301	2.98602e-09	-5.6088e-07	6.57948e-14	3.61797e-09	-4.2293e-05	1.0765e-06
16.6301	2.97506e-09	-5.60891e-07	6.55294e-14	-2.77688e-09	-2.95343e-05	1.09277e-06
16.6301	2.88274e-09	-5.60903e-07	6.32921e-14	2.4974e-09	4.48914e-05	1.10536e-06
16.6301	2.91417e-09	-5.60915e-07	6.40539e-14	-2.90878e-10	4.31699e-06	1.11523e-06
16.6301	2.95794e-09	-5.60927e-07	6.51148e-14	-8.41457e-10	8.46953e-06	1.12447e-06
16.6301	3.02599e-09	-5.60939e-07	6.6764e-14	1.41849e-09	-2.78102e-05	1.13292e-06
16.6301	3.01547e-09	-5.60951e-07	6.65091e-14	-1.2909e-09	-1.93196e-05	1.13967e-06
16.6301	2.94969e-09	-5.60963e-07	6.49153e-14	-9.65451e-09	-4.32477e-05	1.14564e-06
16.6301	2.75939e-09	-5.60975e-07	6.03038e-14	7.96421e-09	3.15404e-05	1.15102e-06
16.6301	2.65924e-09	-5.60988e-07	5.78768e-14	3.01417e-09	3.39521e-05	1.15535e-06
16.6301	2.65699e-09	-5.61e-07	5.78223e-14	-6.69615e-10	1.71642e-05	1.15903e-06
16.6301	2.70454e-09	-5.61012e-07	5.89748e-14	5.7246e-10	-2.26704e-05	1.16213e-06
16.6301	2.68626e-09	-5.61025e-07	5.85318e-14	-3.35864e-10	1.94713e-05	1.16445e-06
16.6301	2.72467e-09	-5.61037e-07	5.9463e-14	-3.66117e-10	4.71194e-06	1.16621e-06
16.6301	2.77689e-09	-5.6105e-07	6.07285e-14	5.01559e-10	-6.95581e-06	1.16735e-06
16.6301	2.80883e-09	-5.61062e-07	6.15027e-14	2.65759e-10	-7.27547e-06	1.16782e-06
16.6301	2.81954e-09	-5.61075e-07	6.17623e-14	-2.23326e-10	6.47206e-06	1.16771e-06
16.6301	2.84913e-09	-5.61087e-07	6.24795e-14	-2.4552e-09	-4.30763e-05	1.16694e-06
16.6301	2.75309e-09	-5.61099e-07	6.01521e-14	-5.68457e-10	-3.28789e-06	1.16554e-06
16.6301	2.64761e-09	-5.61112e-07	5.75961e-14	1.85646e-09	1.23566e-05	1.16352e-06
16.6301	2.57825e-09	-5.61124e-07	5.59154e-14	-4.67339e-10	5.13767e-05	1.1608e-06
16.6301	2.65797e-09	-5.61137e-07	5.78475e-14	1.04947e-10	-7.73586e-07	1.15743e-06
16.6301	2.73521e-09	-5.61149e-07	5.97193e-14	1.65578e-09	-1.94938e-05	1.1534e-06
16.6301	2.75604e-09	-5.61161e-07	6.02244e-14	-1.05801e-10	2.49417e-06	1.14874e-06
16.6301	2.78394e-09	-5.61173e-07	6.09005e-14	1.93789e-10	-1.38895e-05	1.1435e-06
16.6301	2.77209e-09	-5.61186e-07	6.06135e-14	-2.75964e-11	9.47664e-06	1.13765e-06
16.6301	2.78719e-09	-5.61198e-07	6.09794e-14	-1.33833e-11	4.82743e-07	1.13124e-06
16.6301	2.80355e-09	-5.6121e-07	6.13761e-14	-5.07982e-10	9.5872e-06	1.12425e-06
16.6301	2.84667e-09	-5.61222e-07	6.24211e-14	-4.77898e-10	5.29844e-06	1.11671e-06
16.6301	2.90423e-09	-5.61234e-07	6.38162e-14	5.6103e-10	-6.41828e-06	1.10866e-06
16.6301	2.94364e-09	-5.61245e-07	6.47713e-14	5.08894e-10	-1.38933e-05	1.10008e-06
16.6301	2.94468e-09	-5.61257e-07	6.47965e-14	-1.09102e-09	-2.12726e-05	1.09107e-06
16.6301	2.88792e-09	-5.61269e-07	6.34213e-14	1.08287e-09	2.27481e-05	1.08161e-06
16.6301	2.89292e-09	-5.6128e-07	6.35424e-14	-1.54435e-09	2.30699e-05	1.0717e-06
16.6301	2.95938e-09	-5.61292e-07	6.51531e-14	-1.445e-09	9.70588e-06	1.06139e-06
16.6301	3.05081e-09	-5.61303e-07	6.7369e-14	2.91136e-09	-4.0519e-05	1.05068e-06
16.6301	3.03542e-09	-5.61314e-07	6.69962e-14	-2.48857e-10	-5.69699e-06	1.03953e-06
16.6301	3.00548e-09	-5.61325e-07	6.62706e-14	-1.16509e-09	-1.29146e-05	1.02807e-06
16.6301	2.94286e-09	-5.61336e-07	6.47532e-14	1.48736e-09	2.6818e-05	1.01633e-06
16.6301	2.94871e-09	-5.61347e-07	6.48951e-14	-1.00122e-09	1.78293e-05	1.00423e-06
16.6301	2.99898e-09	-5.61357e-07	6.61135e-14	-1.60104e-08	6.23768e-05	9.91827e-07
16.6301	3.20231e-09	-5.61368e-07	7.10409e-14	1.6058e-08	-6.28542e-05	9.79212e-07
16.6301	3.25015e-09	-5.61378e-07	7.22003e-14	-1.8365e-10	-4.11243e-05	9.66405e-07
16.6301	3.19866e-09	-5.61388e-07	7.09526e-14	-1.67844e-11	-1.56236e-07	9.5337e-07
16.6301	3.1475e-09	-5.61399e-07	6.97131e-14	-2.38036e-10	4.53245e-05	9.40117e-07
16.6301	3.20284e-09	-5.61408e-07	7.10541e-14	-2.61936e-09	1.64127e-05	9.26674e-07
16.6301	3.29512e-09	-5.61418e-07	7.32905e-14	-2.5972e-09	1.13425e-05	9.13149e-07
16.6301	3.41174e-09	-5.61428e-07	7.61168e-14	5.69345e-10	-2.262e-06	8.9954e-07
16.6301	3.52156e-09	-5.61437e-07	7.87781e-14	1.5816e-09	-9.14977e-05	8.85784e-07
16.6301	3.42863e-09	-5.61447e-07	7.65264e-14	4.2707e-09	3.33291e-05	8.71919e-07
16.6301	3.40925e-09	-5.61456e-07	7.60568e-14	-1.83207e-09	3.74789e-05	8.58007e-07
16.6301	3.46992e-09	-5.61465e-07	7.75272e-14	-6.4981e-09	2.98998e-05	8.44058e-07
16.6301	3.59217e-09	-5.61474e-07	8.04897e-14	1.79287e-09	-6.49978e-06	8.30103e-07
16.6301	3.69901e-09	-5.61483e-07	8.30788e-14	6.73343e-09	-5.0527e-05	8.16195e-07
16.6301	3.70182e-09	-5.61492e-07	8.3147e-14	-9.9621e-10	1.86215e-05	8.02278e-07
16.6301	3.7416e-09	-5.615e-07	8.41112e-14	-1.22649e-09	9.83956e-06	7.88352e-07
16.6301	3.79991e-09	-5.61508e-07	8.55245e-14	-6.07716e-10	3.82669e-06	7.74442e-07
16.6301	3.86453e-09	-5.61517e-07	8.70904e-14	1.25901e-09	-5.87875e-05	7.60585e-07
16.6301	3.81722e-09	-5.61525e-07	8.59439e-14	9.55629e-10	9.35298e-06	7.46809e-07
16.6301	3.78807e-09	-5.61532e-07	8.52376e-14	1.18594e-10	2.99307e-05	7.33124e-07
16.6301	3.8138e-09	-5.6154e-07	8.58613e-14	2.71207e-10	-4.56034e-06	7.19506e-07
16.6301	3.83093e-09	-5.61548e-07	8.62765e-14	-3.40496e-08	0.000107487	7.06018e-07
16.6301	4.03566e-09	-5.61555e-07	9.12379e-14	-9.30365e-09	1.49375e-05	6.92676e-07
16.6301	4.26211e-09	-5.61563e-07	9.67256e-14	4.11182e-08	-0.000100629	6.79395e-07
16.6301	4.31493e-09	-5.6157e-07	9.80059e-14	1.37919e-09	-5.22593e-05	6.66206e-07
16.6301	4.28055e-09	-5.61577e-07	9.71726e-14	-1.05522e-08	-4.73809e-05	6.53148e-07
16.6301	4.17024e-09	-5.61584e-07	9.44995e-14	1.05498e-08	8.91069e-05	6.40249e-07
16.6301	4.20332e-09	-5.6159e-07	9.53012e-14	-3.44709e-08	9.83904e-05	6.27472e-07
16.6301	4.38851e-09	-5.61597e-07	9.97891e-14	-5.42137e-08	7.02334e-05	6.14818e-07
16.6301	4.6768e-09	-5.61604e-07	1.06775e-13	8.37013e-08	-0.000140212	6.0235e-07
16.6301	4.75026e-09	-5.6161e-07	1.08556e-13	-2.59817e-08	-0.00016252	5.90026e-07
16.6301	4.58497e-09	-5.61616e-07	1.0455e-13	1.23869e-08	2.45369e-05	5.77841e-07
16.6301	4.45818e-09	-5.61622e-07	1.01478e-13	-1.17831e-08	0.000200859	5.65839e-07
16.6301	4.61517e-09	-5.61628e-07	1.05282e-13	1.12246e-08	-2.22148e-05	5.53961e-07
16.6301	4.73841e-09	-5.61634e-07	1.08269e-13	2.19186e-09	-5.01332e-06	5.42225e-07
16.6301	4.8523e-09	-5.6164e-07	1.11029e-13	1.58982e-08	-5.57018e-05	5.30698e-07
16.6301	4.89067e-09	-5.61645e-07	1.11959e-13	1.25453e-09	-4.8013e-05	5.19299e-07
16.6301	4.86656e-09	-5.61651e-07	1.11374e-13	-2.69176e-09	-1.9027e-05	5.08025e-07
16.6301	4.81907e-09	-5.61656e-07	1.10224e-13	-4.25384e-08	0.000173619	4.96931e-07
16.6301	4.98592e-09	-5.61661e-07	1.14267e-13	-1.20257e-07	0.000122156	4.85951e-07
16.6301	5.29579e-09	-5.61667e-07	1.21776e-13	-1.54597e-07	0.000100342	4.7509e-07
16.6301	5.71653e-09	-5.61672e-07	1.31973e-13	2.96728e-07	-0.000259847	4.64402e-07
16.6301	5.82955e-09	-5.61677e-07	1.34711e-13	-1.00974e-07	-0.000322259	4.5385e-07
16.6301	5.57856e-09	-5.61681e-07	1.28629e-13	3.44251e-08	3.3232e-05	4.43416e-07
16.6301	5.36978e-09	-5.61686e-07	1.2357e-13	7.76919e-08	0.000262937	4.33146e-07
16.6301	5.44723e-09	-5.61691e-07	1.25447e-13	-9.73983e-08	0.000137858	4.2298e-07
16.6301	5.66687e-09	-5.61695e-07	1.30769e-13	-5.12311e-08	4.41103e-05	4.12916e-07
16.6301	5.92625e-09	-5.61699e-07	1.37055e-13	1.47078e-07	-0.0001778	4.03023e-07
16.6301	6.00244e-09	-5.61704e-07	1.38901e-13	-8.40693e-08	-0.000275253	3.93189e-07
16.6301	5.80956e-09	-5.61708e-07	1.34227e-13	2.96101e-08	3.2452e-05	3.83412e-07
16.6301	5.65221e-09	-5.61712e-07	1.30414e-13	6.89564e-08	0.000158533	3.73842e-07
16.6301	5.64508e-09	-5.61716e-07	1.30241e-13	-1.51397e-10	-3.24002e-06	3.64364e-07
16.6301	5.63522e-09	-5.6172e-07	1.30003e-13	-3.27757e-09	-2.68661e-05	3.54876e-07
16.6301	5.6021e-09	-5.61723e-07	1.292e-13	-4.12629e-08	0.00017176	3.45532e-07
16.6301	5.71625e-09	-5.61727e-07	1.31966e-13	-1.47989e-07	0.000143799	3.36313e-07
16.6301	5.94656e-09	-5.6173e-07	1.37547e-13	-1.05216e-07	6.75539e-05	3.27087e-07
16.6301	6.22491e-09	-5.61734e-07	1.44293e-13	-1.78429e-06	0.000567371	3.17935e-07
16.6301	6.93998e-09	-5.61737e-07	1.61622e-13	-2.06808e-06	0.000375818	3.08961e-07
16.6301	7.92089e-09	-5.61741e-07	1.85393e-13	1.85143e-06	-0.000329516	3.00047e-07
16.6301	8.62949e-09	-5.61744e-07	2.02565e-13	1.63802e-06	-0.00147314	2.91116e-07
16.6301	8.261e-09	-5.61747e-07	1.93635e-13	-5.57649e-06	-0.00106536	2.82317e-07
16.6301	7.16332e-09	-5.6175e-07	1.67034e-13	-4.67468e-06	-0.000509656	2.73711e-07
16.6301	5.756e-09	-5.61753e-07	1.3293e-13	-1.09989e-05	-0.000871197	2.65179e-07
16.6301	3.825e-09	-5.61755e-07	8.61348e-14	-6.90669e-06	-0.000434641	2.56676e-07
16.6301	1.6824e-09	-5.61758e-07	3.42116e-14	1.72077e-06	0.000102915	2.4832e-07
16.6301	-3.27443e-10	-5.61761e-07	-1.4494e-14	1.72703e-05	0.00130955	2.40185e-07
16.6301	-1.498e-09	-5.61763e-07	-4.28608e-14	8.93902e-06	0.00257842	2.3221e-07
16.6301	-1.15799e-09	-5.61766e-07	-3.4621e-14	-2.40109e-05	0.00255989	2.24408e-07
16.6301	5.82144e-10	-5.61768e-07	7.54865e-15	-7.04309e-05	0.0030186	2.16882e-07
16.6301	3.87306e-09	-5.6177e-07	8.72994e-14	-6.34308e-05	0.00179301	2.09655e-07
16.6301	7.97846e-09	-5.61772e-07	1.86788e-13	-5.99457e-05	0.00138328	2.02678e-07
16.6301	1.26361e-08	-5.61775e-07	2.9966e-13	3.62479e-05	-0.000809572	1.95919e-07
16.6301	1.67485e-08	-5.61777e-07	3.99318e-13	5.1616e-05	-0.00130784	1.89529e-07
16.6301	2.01203e-08	-5.61779e-07	4.8103e-13	5.79083e-05	-0.00183248	1.83615e-07
16.6301	2.2561e-08	-5.61781e-07	5.40177e-13	6.10226e-05	-0.00321803	1.78097e-07
16.6301	2.35183e-08	-5.61782e-07	5.63375e-13	8.89452e-06	-0.0032812	1.72931e-07
16.6301	2.30503e-08	-5.61784e-07	5.52033e-13	-4.96089e-05	-0.00348928	1.68119e-07
16.6301	2.11486e-08	-5.61786e-07	5.05949e-13	-9.35973e-05	-0.00305867	1.63697e-07
16.6301	1.80596e-08	-5.61788e-07	4.31091e-13	-3.08508e-06	-8.02132e-05	1.60003e-07
16.6301	1.49996e-08	-5.61789e-07	3.56936e-13	-7.78633e-06	-0.000198833	1.57357e-07
16.6301	1.19027e-08	-5.61791e-07	2.81887e-13	2.31728e-05	0.000607637	1.55608e-07
16.6301	9.06859e-09	-5.61793e-07	2.13206e-13	3.85485e-05	0.00114207	1.5448e-07
16.6301	6.69022e-09	-5.61794e-07	1.5557e-13	-4.33688e-05	-0.00127255	1.53885e-07
16.6301	3.82774e-09	-5.61796e-07	8.62014e-14	6.11517e-05	0.00187786	1.53772e-07
16.6301	1.68564e-09	-5.61798e-07	3.42907e-14	4.19055e-05	0.00179256	1.54109e-07
16.6301	2.27371e-10	-5.61799e-07	-1.0485e-15	3.55015e-05	0.00350732	1.54964e-07
16.6301	1.22164e-10	-5.61801e-07	-3.59803e-15	-7.12055e-07	0.000868939	1.56437e-07
16.6301	3.57537e-10	-5.61803e-07	2.10592e-15	-4.23039e-06	0.000833481	1.58707e-07
16.6301	9.30521e-10	-5.61804e-07	1.59914e-14	-2.68083e-07	3.69677e-05	1.61934e-07
16.6301	1.53199e-09	-5.61806e-07	3.05673e-14	-7.87369e-06	0.000834825	1.66128e-07
16.6301	2.50215e-09	-5.61808e-07	5.40778e-14	6.89358e-06	-0.00070694	1.71245e-07
16.6301	3.19684e-09	-5.6181e-07	7.09126e-14	-9.10604e-07	0.000110251	1.77331e-07
16.6301	3.96765e-09	-5.61812e-07	8.95923e-14	6.78809e-06	-0.00126144	1.84422e-07
16.6301	4.17728e-09	-5.61814e-07	9.46723e-14	2.31182e-07	-0.000119926	1.92587e-07
16.6301	4.33759e-09	-5.61816e-07	9.85573e-14	-4.1821e-07	-0.000848342	2.01952e-07
16.6301	4.06714e-09	-5.61818e-07	9.20031e-14	-3.53899e-07	-0.000121317	2.12708e-07
16.6301	3.71535e-09	-5.6182e-07	8.34781e-14	-8.27743e-07	-0.000219594	2.25092e-07
16.6301	3.21504e-09	-5.61823e-07	7.13538e-14	9.94235e-08	2.33384e-05	2.39343e-07
16.6301	2.69618e-09	-5.61825e-07	5.878e-14	-1.27959e-06	-0.000263292	2.55836e-07
16.6301	1.96586e-09	-5.61828e-07	4.10818e-14	6.08656e-08	1.10856e-05	2.75071e-07
16.6301	1.18621e-09	-5.61831e-07	2.2188e-14	-5.74918e-07	-0.00010061	2.97645e-07
16.6301	2.6198e-10	-5.61835e-07	-2.0947e-16	-5.23641e-07	-8.47619e-05	3.24415e-07
16.6301	-8.21008e-10	-5.61838e-07	-2.64542e-14	4.58671e-07	7.39208e-05	3.56583e-07
16.6301	-1.94729e-09	-5.61842e-07	-5.3748e-14	2.21384e-06	0.000452944	3.96097e-07
16.6301	-2.73216e-09	-5.61847e-07	-7.27683e-14	1.30727e-06	0.00054814	4.45979e-07
16.6301	-2.97258e-09	-5.61852e-07	-7.85945e-14	1.02919e-07	0.000205272	5.11815e-07
16.6301	-2.96934e-09	-5.61858e-07	-7.85159e-14	-1.46904e-08	-7.90526e-05	6.05237e-07
16.6301	-3.09603e-09	-5.61865e-07	-8.1586e-14	-1.89503e-07	-0.00020911	7.53601e-07
16.6301	-3.7008e-09	-5.61874e-07	-9.62417e-14	4.89246e-08	3.65772e-05	1.03947e-06
16.6301	-4.46875e-09	-5.61887e-07	-1.14852e-13	1.49515e-07	0.000297258	1.7866e-06
16.6301	-4.18768e-09	-5.61912e-07	-1.0804e-13	-5.25533e-08	0.000104704	6.59747e-06
16.6301	-4.30476e-11	-5.62028e-07	-7.59952e-15	-0.4	-0.000152738	0.00572898
16.6244	-5.60322e-11	-4.39944e-07	-9.09845e-15	0.4	-2.44783e-09	0.0113655
