16.6099	-1.15456e-08	-1.96652e-07	-6.13635e-13	-7.22407e-05	-0.00537512	0.00242273
16.6099	-6.47831e-08	-1.9667e-07	-1.16637e-12	-0.00435505	0.0472237	2.11713e-06
16.6099	-3.62815e-08	-1.96671e-07	-8.70434e-13	-0.0157081	0.0456083	2.15628e-07
16.6099	-1.55458e-09	-1.96672e-07	-5.09859e-13	0.00382268	-0.00834327	1.38245e-07
16.6099	2.17168e-08	-1.96672e-07	-2.68228e-13	0.0115705	-0.0358194	1.08153e-07
16.6099	3.23937e-08	-1.96673e-07	-1.57368e-13	0.00423869	-0.0291114	9.54411e-08
16.6099	3.56642e-08	-1.96673e-07	-1.23409e-13	0.000323296	-0.00569424	9.15794e-08
16.6099	3.75937e-08	-1.96674e-07	-1.03374e-13	-0.000187443	0.00363289	9.11435e-08
16.6099	4.03624e-08	-1.96674e-07	-7.4625e-14	-0.000552195	0.00703828	9.20647e-08
16.6099	4.48058e-08	-1.96675e-07	-2.84886e-14	3.36859e-05	-0.0003533	9.35592e-08
16.6099	4.9242e-08	-1.96675e-07	1.75741e-14	0.000458502	-0.00573415	9.51663e-08
16.6099	5.23786e-08	-1.96675e-07	5.01431e-14	0.000304792	-0.00606251	9.69173e-08
16.6099	5.40935e-08	-1.96676e-07	6.795e-14	8.10531e-05	-0.00291958	9.8895e-08
16.6099	5.51154e-08	-1.96676e-07	7.85613e-14	3.86212e-05	-0.00295727	1.01035e-07
16.6099	5.54047e-08	-1.96677e-07	8.15661e-14	2.34551e-06	-0.00172085	1.03278e-07
16.6099	5.52513e-08	-1.96677e-07	7.99737e-14	-6.94423e-06	-0.00117942	1.05603e-07
16.6099	5.47795e-08	-1.96678e-07	7.5076e-14	-4.51613e-05	-0.00283546	1.08012e-07
16.6099	5.35225e-08	-1.96678e-07	6.20256e-14	-1.58097e-05	-0.00064199	1.10496e-07
16.6099	5.20572e-08	-1.96679e-07	4.68123e-14	-0.000187241	-0.00487174	1.13098e-07
16.6099	4.91629e-08	-1.96679e-07	1.67609e-14	-0.000249832	-0.00409921	1.15847e-07
16.6099	4.49958e-08	-1.9668e-07	-2.65053e-14	-0.000243766	-0.0030842	1.18693e-07
16.6099	3.98001e-08	-1.9668e-07	-8.04522e-14	-0.000222356	-0.00239392	1.21618e-07
16.6099	3.37392e-08	-1.96681e-07	-1.43382e-13	-0.000345846	-0.00322764	1.24669e-07
16.6099	2.65055e-08	-1.96681e-07	-2.18489e-13	-0.00016602	-0.00139595	1.27789e-07
16.6099	1.86423e-08	-1.96682e-07	-3.00133e-13	-0.000213767	-0.00168573	1.30958e-07
16.6099	1.0024e-08	-1.96683e-07	-3.89616e-13	9.04108e-05	0.000699035	1.34133e-07
16.6099	1.44001e-09	-1.96683e-07	-4.78744e-13	0.00045702	0.00388567	1.37168e-07
16.6099	-5.98373e-09	-1.96684e-07	-5.55824e-13	0.000294011	0.00293237	1.40213e-07
16.6099	-1.25363e-08	-1.96685e-07	-6.23859e-13	0.000128373	0.00143941	1.43455e-07
16.6099	-1.87211e-08	-1.96685e-07	-6.88075e-13	0.000333987	0.00450203	1.46765e-07
16.6099	-2.33752e-08	-1.96686e-07	-7.36398e-13	6.46804e-05	0.00107544	1.50184e-07
16.6099	-2.77325e-08	-1.96687e-07	-7.81639e-13	0.000199651	0.00427384	1.53736e-07
16.6099	-3.05298e-08	-1.96687e-07	-8.10682e-13	0.000127297	0.00812835	1.57345e-07
16.6099	-3.01585e-08	-1.96688e-07	-8.06825e-13	-0.000208564	0.00824583	1.61203e-07
16.6099	-2.6413e-08	-1.96689e-07	-7.67934e-13	-0.000845032	0.0113441	1.65554e-07
16.6099	-1.77992e-08	-1.9669e-07	-6.78495e-13	-3.717e-05	0.000357173	1.69932e-07
16.6099	-8.82179e-09	-1.9669e-07	-5.8528e-13	0.000250854	-0.00254645	1.73938e-07
16.6099	-7.59688e-10	-1.96691e-07	-5.01568e-13	0.000255719	-0.00303002	1.77892e-07
16.6099	6.12267e-09	-1.96692e-07	-4.30106e-13	0.00032507	-0.00508358	1.81885e-07
16.6099	1.08209e-08	-1.96693e-07	-3.81322e-13	0.000206516	-0.00553933	1.85968e-07
16.6099	1.30215e-08	-1.96694e-07	-3.58472e-13	5.26431e-05	-0.00560587	1.90244e-07
16.6099	1.25765e-08	-1.96694e-07	-3.63091e-13	-1.57745e-05	-0.00175173	1.94695e-07
16.6099	1.12585e-08	-1.96695e-07	-3.76774e-13	-6.02358e-05	-0.00291371	1.99272e-07
16.6099	8.44104e-09	-1.96696e-07	-4.06026e-13	-0.00010364	-0.00293491	2.03961e-07
16.6099	4.04331e-09	-1.96697e-07	-4.51687e-13	-1.47855e-05	-0.000339758	2.08696e-07
16.6099	-6.34328e-10	-1.96698e-07	-5.00253e-13	0.000101987	0.00271488	2.13374e-07
16.6099	-3.95074e-09	-1.96699e-07	-5.34686e-13	7.81873e-05	0.00358907	2.18046e-07
16.6099	-5.36198e-09	-1.967e-07	-5.49337e-13	1.55818e-05	0.00198905	2.22811e-07
16.6099	-5.68414e-09	-1.96701e-07	-5.5268e-13	-1.91496e-06	0.0016178	2.27659e-07
16.6099	-5.08265e-09	-1.96702e-07	-5.46433e-13	-1.29111e-05	0.00145588	2.32555e-07
16.6099	-3.61292e-09	-1.96703e-07	-5.3117e-13	-2.58598e-05	0.0015728	2.375e-07
16.6099	-1.16848e-09	-1.96704e-07	-5.05787e-13	1.7787e-05	-0.000994315	2.42471e-07
16.6099	7.17677e-10	-1.96706e-07	-4.86201e-13	2.2578e-05	-0.00240492	2.4746e-07
16.6099	1.13954e-09	-1.96707e-07	-4.81819e-13	-2.5037e-06	-0.00188223	2.5251e-07
16.6099	3.69816e-10	-1.96708e-07	-4.89808e-13	-1.68116e-06	-0.000252187	2.57625e-07
16.6099	-5.79458e-10	-1.96709e-07	-4.99663e-13	1.49758e-06	0.000222145	2.62799e-07
16.6099	-1.40035e-09	-1.9671e-07	-5.08184e-13	-2.5907e-07	-4.11938e-05	2.68042e-07
16.6099	-2.26543e-09	-1.96711e-07	-5.17164e-13	3.99033e-06	0.00108308	2.73336e-07
16.6099	-2.40018e-09	-1.96713e-07	-5.1856e-13	-8.49307e-07	0.000810015	2.78683e-07
16.6099	-1.96778e-09	-1.96714e-07	-5.14068e-13	7.47815e-07	-0.0003341	2.84117e-07
16.6099	-1.76654e-09	-1.96715e-07	-5.11976e-13	8.65826e-08	-0.000490628	2.8964e-07
16.6099	-1.92007e-09	-1.96717e-07	-5.13568e-13	-1.06182e-07	-8.42272e-05	2.9521e-07
16.6099	-2.13929e-09	-1.96718e-07	-5.15841e-13	-7.91753e-07	-0.000340798	3.0076e-07
16.6099	-2.62116e-09	-1.96719e-07	-5.20842e-13	3.46376e-07	0.000120524	3.06233e-07
16.6099	-3.01856e-09	-1.96721e-07	-5.24965e-13	4.48842e-07	0.000806403	3.11604e-07
16.6099	-2.78924e-09	-1.96722e-07	-5.22582e-13	-3.02805e-07	0.000162339	3.16867e-07
16.6099	-2.42646e-09	-1.96724e-07	-5.18812e-13	4.97009e-07	-0.000540902	3.22046e-07
16.6099	-2.49681e-09	-1.96725e-07	-5.1954e-13	-1.02769e-07	-0.000133822	3.27214e-07
16.6099	-2.67861e-09	-1.96727e-07	-5.21424e-13	1.20047e-07	0.000245046	3.32445e-07
16.6099	-2.65805e-09	-1.96728e-07	-5.21208e-13	-2.81541e-08	-0.000133466	3.3777e-07
16.6099	-2.75076e-09	-1.9673e-07	-5.22168e-13	-6.31792e-08	-8.37842e-05	3.43193e-07
16.6099	-2.91742e-09	-1.96731e-07	-5.23895e-13	8.95298e-08	0.000229091	3.48705e-07
16.6099	-2.88545e-09	-1.96733e-07	-5.2356e-13	2.07203e-09	-1.41354e-05	3.54295e-07
16.6099	-2.86558e-09	-1.96735e-07	-5.23351e-13	-1.54418e-07	0.000227275	3.59984e-07
16.6099	-2.63923e-09	-1.96736e-07	-5.20997e-13	1.44185e-07	-0.000317261	3.65843e-07
16.6099	-2.70169e-09	-1.96738e-07	-5.21643e-13	-1.5596e-07	-0.000191053	3.71973e-07
16.6099	-2.94438e-09	-1.9674e-07	-5.24159e-13	1.02291e-07	9.73715e-05	3.78507e-07
16.6099	-3.09849e-09	-1.96741e-07	-5.25756e-13	5.56196e-08	9.97092e-05	3.85612e-07
16.6099	-3.15856e-09	-1.96743e-07	-5.26376e-13	-4.59623e-09	0.000136852	3.93408e-07
16.6099	-3.08388e-09	-1.96745e-07	-5.25597e-13	-2.43878e-08	4.89601e-05	4.01817e-07
16.6099	-2.95787e-09	-1.96747e-07	-5.24285e-13	3.58811e-08	-9.1712e-05	4.10588e-07
16.6099	-2.92427e-09	-1.96749e-07	-5.23933e-13	-2.33701e-07	-0.000339848	4.19358e-07
16.6099	-3.24993e-09	-1.96751e-07	-5.27311e-13	-2.92552e-08	-1.84753e-05	4.27706e-07
16.6099	-3.60171e-09	-1.96753e-07	-5.30959e-13	-8.87895e-08	-5.05616e-05	4.35323e-07
16.6099	-4.01484e-09	-1.96755e-07	-5.35245e-13	3.5319e-07	0.000354783	4.42143e-07
16.6099	-4.03901e-09	-1.96757e-07	-5.35492e-13	-3.26189e-07	0.000383576	4.48397e-07
16.6099	-3.63062e-09	-1.96759e-07	-5.31248e-13	1.9106e-07	-0.000128365	4.54694e-07
16.6099	-3.36329e-09	-1.96761e-07	-5.28468e-13	1.34801e-07	-0.000258042	4.61823e-07
16.6099	-3.39186e-09	-1.96763e-07	-5.28761e-13	-1.03288e-07	-0.000180197	4.68804e-07
16.6099	-3.6334e-09	-1.96765e-07	-5.31265e-13	9.28367e-08	0.000273895	4.74203e-07
16.6099	-3.55102e-09	-1.96767e-07	-5.30405e-13	-1.08418e-08	2.63385e-05	4.78437e-07
16.6099	-3.43633e-09	-1.96769e-07	-5.2921e-13	-3.13495e-08	5.1675e-05	4.82402e-07
16.6099	-3.2581e-09	-1.96772e-07	-5.27355e-13	5.28818e-08	-0.000169677	4.86027e-07
16.6099	-3.28554e-09	-1.96774e-07	-5.27636e-13	-4.80005e-08	-0.000117874	4.88924e-07
16.6099	-3.45758e-09	-1.96776e-07	-5.29418e-13	-3.59275e-07	-0.000263867	4.91483e-07
16.6099	-3.95557e-09	-1.96778e-07	-5.34584e-13	2.96385e-07	0.00019244	4.93793e-07
16.6099	-4.21759e-09	-1.96781e-07	-5.373e-13	1.12103e-07	0.000207149	4.95649e-07
16.6099	-4.22338e-09	-1.96783e-07	-5.37356e-13	-2.49775e-08	0.000104723	4.97226e-07
16.6099	-4.0988e-09	-1.96785e-07	-5.36058e-13	2.13733e-08	-0.000138318	4.9856e-07
16.6099	-4.14653e-09	-1.96787e-07	-5.36549e-13	-1.25601e-08	0.000118799	4.99554e-07
16.6099	-4.04586e-09	-1.9679e-07	-5.355e-13	-1.3644e-08	2.87487e-05	5.00309e-07
16.6099	-3.90907e-09	-1.96792e-07	-5.34075e-13	1.86887e-08	-4.24385e-05	5.00798e-07
16.6099	-3.82534e-09	-1.96794e-07	-5.33201e-13	9.91227e-09	-4.439e-05	5.00998e-07
16.6099	-3.7972e-09	-1.96797e-07	-5.32905e-13	-8.33357e-09	3.94876e-05	5.00952e-07
16.6099	-3.71962e-09	-1.96799e-07	-5.32095e-13	-9.12747e-08	-0.000262821	5.0062e-07
16.61	-3.9709e-09	-1.96801e-07	-5.347e-13	-2.11512e-08	-2.00583e-05	5.00023e-07
16.61	-4.24687e-09	-1.96803e-07	-5.37561e-13	6.90689e-08	7.53896e-05	4.99156e-07
16.61	-4.4283e-09	-1.96806e-07	-5.3944e-13	-1.75453e-08	0.000313463	4.97987e-07
16.61	-4.21951e-09	-1.96808e-07	-5.37268e-13	3.90647e-09	-4.71889e-06	4.96543e-07
16.61	-4.01724e-09	-1.9681e-07	-5.35163e-13	6.16918e-08	-0.000118938	4.94815e-07
16.61	-3.96258e-09	-1.96812e-07	-5.34591e-13	-3.94734e-09	1.52178e-05	4.92814e-07
16.61	-3.88945e-09	-1.96815e-07	-5.33828e-13	7.25205e-09	-8.47437e-05	4.90564e-07
16.61	-3.92035e-09	-1.96817e-07	-5.34144e-13	-1.05608e-09	5.78194e-05	4.88055e-07
16.61	-3.88072e-09	-1.96819e-07	-5.33729e-13	-5.01219e-10	2.94538e-06	4.85307e-07
16.61	-3.83777e-09	-1.96821e-07	-5.33278e-13	-1.8939e-08	5.8494e-05	4.82305e-07
16.61	-3.7248e-09	-1.96824e-07	-5.32101e-13	-1.7807e-08	3.23276e-05	4.7907e-07
16.61	-3.57402e-09	-1.96826e-07	-5.30531e-13	2.09017e-08	-3.91601e-05	4.75619e-07
16.61	-3.47076e-09	-1.96828e-07	-5.29455e-13	1.8982e-08	-8.47668e-05	4.71939e-07
16.61	-3.46793e-09	-1.9683e-07	-5.29422e-13	-4.05541e-08	-0.00012979	4.68077e-07
16.61	-3.61637e-09	-1.96832e-07	-5.30959e-13	4.02433e-08	0.000138792	4.64013e-07
16.61	-3.6032e-09	-1.96834e-07	-5.30818e-13	-5.7556e-08	0.000140754	4.59762e-07
16.61	-3.42913e-09	-1.96836e-07	-5.29007e-13	-5.38214e-08	5.92195e-05	4.55343e-07
16.61	-3.1897e-09	-1.96838e-07	-5.26517e-13	1.08492e-07	-0.000247218	4.50745e-07
16.61	-3.22987e-09	-1.9684e-07	-5.2693e-13	-9.24889e-09	-3.47586e-05	4.45961e-07
16.61	-3.30815e-09	-1.96843e-07	-5.27739e-13	-4.3335e-08	-7.87948e-05	4.41047e-07
16.61	-3.47195e-09	-1.96845e-07	-5.29436e-13	5.52887e-08	0.000163623	4.36009e-07
16.61	-3.45653e-09	-1.96846e-07	-5.29272e-13	-3.73234e-08	0.000108781	4.30818e-07
16.61	-3.32485e-09	-1.96848e-07	-5.27901e-13	-5.96174e-07	0.000380577	4.25498e-07
16.61	-2.79255e-09	-1.9685e-07	-5.2237e-13	5.97945e-07	-0.00038349	4.20087e-07
16.61	-2.66723e-09	-1.96852e-07	-5.21065e-13	-6.72057e-09	-0.00025091	4.14592e-07
16.61	-2.80191e-09	-1.96854e-07	-5.2246e-13	-6.25323e-10	-9.52618e-07	4.08999e-07
16.61	-2.93571e-09	-1.96856e-07	-5.23846e-13	-8.99251e-09	0.000276537	4.03313e-07
16.61	-2.79078e-09	-1.96858e-07	-5.22337e-13	-9.75517e-08	0.000100135	3.97548e-07
16.61	-2.54915e-09	-1.9686e-07	-5.19825e-13	-9.67215e-08	6.92076e-05	3.91745e-07
16.61	-2.2438e-09	-1.96861e-07	-5.16651e-13	2.12037e-08	-1.38039e-05	3.85905e-07
16.61	-1.95627e-09	-1.96863e-07	-5.13662e-13	5.91345e-08	-0.000558251	3.80005e-07
16.61	-2.1994e-09	-1.96865e-07	-5.16184e-13	1.58882e-07	0.00020335	3.74056e-07
16.61	-2.25004e-09	-1.96867e-07	-5.16706e-13	-6.83078e-08	0.000228668	3.68088e-07
16.61	-2.09115e-09	-1.96868e-07	-5.15053e-13	-2.41984e-07	0.000182428	3.62104e-07
16.61	-1.7711e-09	-1.9687e-07	-5.11727e-13	6.67604e-08	-3.96584e-05	3.56117e-07
16.61	-1.49137e-09	-1.96871e-07	-5.08819e-13	2.50798e-07	-0.000308278	3.50151e-07
16.61	-1.48394e-09	-1.96873e-07	-5.08739e-13	-3.71385e-08	0.000113614	3.44181e-07
16.61	-1.37972e-09	-1.96875e-07	-5.07654e-13	-4.56869e-08	6.00349e-05	3.38206e-07
16.61	-1.22701e-09	-1.96876e-07	-5.06065e-13	-2.26327e-08	2.33458e-05	3.32239e-07
16.61	-1.0578e-09	-1.96878e-07	-5.04306e-13	4.70327e-08	-0.000358677	3.26294e-07
16.61	-1.18157e-09	-1.96879e-07	-5.05588e-13	3.55463e-08	5.70658e-05	3.20383e-07
16.61	-1.25779e-09	-1.96881e-07	-5.06377e-13	4.32793e-09	0.000182615	3.14513e-07
16.61	-1.19035e-09	-1.96882e-07	-5.05674e-13	1.01076e-08	-2.78232e-05	3.0867e-07
16.61	-1.14545e-09	-1.96883e-07	-5.05205e-13	-1.26781e-06	0.0006558	3.02884e-07
16.61	-6.09507e-10	-1.96885e-07	-4.99637e-13	-3.4636e-07	9.11335e-05	2.97163e-07
16.61	-1.67199e-11	-1.96886e-07	-4.9348e-13	1.53091e-06	-0.000613956	2.91464e-07
16.61	1.21618e-10	-1.96887e-07	-4.92041e-13	5.14901e-08	-0.000318848	2.85805e-07
16.61	3.16803e-11	-1.96889e-07	-4.92972e-13	-3.92672e-07	-0.000289082	2.80203e-07
16.61	-2.56981e-10	-1.9689e-07	-4.95967e-13	3.92463e-07	0.000543663	2.7467e-07
16.61	-1.70337e-10	-1.96891e-07	-4.95065e-13	-1.28346e-06	0.000600301	2.69189e-07
16.61	3.14453e-10	-1.96892e-07	-4.90029e-13	-2.01827e-06	0.0004285	2.63762e-07
16.61	1.0691e-09	-1.96894e-07	-4.82191e-13	3.11614e-06	-0.000855453	2.58412e-07
16.61	1.26143e-09	-1.96895e-07	-4.80192e-13	-9.66686e-07	-0.000991566	2.53125e-07
16.61	8.28856e-10	-1.96896e-07	-4.84681e-13	4.60994e-07	0.000149693	2.47897e-07
16.61	4.97041e-10	-1.96897e-07	-4.88124e-13	-4.39195e-07	0.00122549	2.42746e-07
16.61	9.0802e-10	-1.96898e-07	-4.83855e-13	4.17914e-07	-0.000135542	2.37652e-07
16.61	1.23064e-09	-1.96899e-07	-4.80503e-13	8.15957e-08	-3.05836e-05	2.32618e-07
16.61	1.52882e-09	-1.969e-07	-4.77405e-13	5.91974e-07	-0.000339852	2.27673e-07
16.61	1.6293e-09	-1.96901e-07	-4.7636e-13	4.68348e-08	-0.00029294	2.2278e-07
16.61	1.56623e-09	-1.96902e-07	-4.77013e-13	-1.00146e-07	-0.000116086	2.17943e-07
16.61	1.44198e-09	-1.96903e-07	-4.78301e-13	-1.58395e-06	0.00105928	2.13187e-07
16.61	1.87875e-09	-1.96904e-07	-4.73764e-13	-4.47688e-06	0.000745296	2.08478e-07
16.61	2.68988e-09	-1.96905e-07	-4.6534e-13	-5.75422e-06	0.000612107	2.03823e-07
16.61	3.79121e-09	-1.96906e-07	-4.53903e-13	1.10454e-05	-0.00158526	1.99236e-07
16.61	4.08706e-09	-1.96907e-07	-4.5083e-13	-3.75769e-06	-0.00196615	1.94705e-07
16.61	3.43016e-09	-1.96908e-07	-4.57649e-13	1.28133e-06	0.000202749	1.90231e-07
16.61	2.88373e-09	-1.96909e-07	-4.63321e-13	2.89123e-06	0.00160422	1.85823e-07
16.61	3.0865e-09	-1.9691e-07	-4.61214e-13	-3.62589e-06	0.00084107	1.81462e-07
16.61	3.66144e-09	-1.9691e-07	-4.55242e-13	-1.90721e-06	0.000269127	1.77147e-07
16.61	4.34041e-09	-1.96911e-07	-4.48191e-13	5.47534e-06	-0.00108477	1.72901e-07
16.61	4.53985e-09	-1.96912e-07	-4.46119e-13	-3.1288e-06	-0.00167939	1.6868e-07
16.61	4.03503e-09	-1.96913e-07	-4.51359e-13	1.10234e-06	0.000198031	1.64487e-07
16.61	3.62322e-09	-1.96913e-07	-4.55633e-13	2.56635e-06	0.000967225	1.60381e-07
16.61	3.60459e-09	-1.96914e-07	-4.55825e-13	-5.62701e-09	-1.97681e-05	1.56313e-07
16.61	3.57882e-09	-1.96915e-07	-4.56092e-13	-1.21933e-07	-0.000163918	1.52243e-07
16.61	3.49217e-09	-1.96916e-07	-4.5699e-13	-1.53651e-06	0.00104795	1.48234e-07
16.61	3.79098e-09	-1.96916e-07	-4.53886e-13	-5.50888e-06	0.000877289	1.44282e-07
16.61	4.39384e-09	-1.96917e-07	-4.47625e-13	-3.91663e-06	0.000412134	1.40328e-07
16.61	5.12245e-09	-1.96918e-07	-4.40059e-13	-6.63803e-05	0.0034597	1.36423e-07
16.61	6.99414e-09	-1.96918e-07	-4.20624e-13	-7.68529e-05	0.00228907	1.3262e-07
16.61	9.56167e-09	-1.96919e-07	-3.93964e-13	6.8797e-05	-0.00200689	1.28796e-07
16.61	1.14164e-08	-1.96919e-07	-3.74704e-13	6.09328e-05	-0.00898521	1.24923e-07
16.61	1.0452e-08	-1.9692e-07	-3.84718e-13	-0.000207186	-0.00648933	1.21191e-07
16.61	7.57885e-09	-1.9692e-07	-4.14548e-13	-0.00017324	-0.00309584	1.17604e-07
16.61	3.89528e-09	-1.96921e-07	-4.52794e-13	-0.000405795	-0.00526898	1.14097e-07
16.61	-1.15901e-09	-1.96921e-07	-5.05272e-13	-0.000253563	-0.00261547	1.10619e-07
16.61	-6.76717e-09	-1.96922e-07	-5.63502e-13	6.30851e-05	0.000618406	1.0707e-07
16.61	-1.20278e-08	-1.96922e-07	-6.18123e-13	0.000636457	0.00791302	1.03386e-07
16.61	-1.50917e-08	-1.96923e-07	-6.49934e-13	0.000331805	0.0157099	9.97159e-08
16.61	-1.42017e-08	-1.96923e-07	-6.40692e-13	-0.000887627	0.0155332	9.64925e-08
16.61	-9.64694e-09	-1.96924e-07	-5.93399e-13	-0.00253864	0.0178691	9.40387e-08
16.61	-1.03309e-09	-1.96924e-07	-5.0396e-13	-0.00220738	0.010234	9.19789e-08
16.61	9.71266e-09	-1.96925e-07	-3.92385e-13	-0.00202124	0.00764757	8.98617e-08
16.61	2.19039e-08	-1.96925e-07	-2.65801e-13	0.00121528	-0.0044493	8.70531e-08
16.61	3.2668e-08	-1.96925e-07	-1.54036e-13	0.0017682	-0.0073458	8.35876e-08
16.61	4.14936e-08	-1.96926e-07	-6.23975e-14	0.00204212	-0.0105991	8.02157e-08
16.61	4.78821e-08	-1.96926e-07	3.93516e-15	0.00222038	-0.019236	7.69951e-08
16.61	5.03877e-08	-1.96926e-07	2.99521e-14	0.000329748	-0.019987	7.4289e-08
16.61	4.91626e-08	-1.96927e-07	1.72327e-14	-0.00181922	-0.0210295	7.24802e-08
16.61	4.41851e-08	-1.96927e-07	-3.44485e-14	-0.00330441	-0.0177354	7.14708e-08
16.61	3.60998e-08	-1.96927e-07	-1.18399e-13	-0.000106382	-0.000453354	7.04554e-08
16.61	2.80903e-08	-1.96928e-07	-2.01561e-13	-0.000267612	-0.00112006	6.93534e-08
16.61	1.99844e-08	-1.96928e-07	-2.85726e-13	0.000798835	0.00343346	6.8492e-08
16.61	1.25662e-08	-1.96928e-07	-3.62749e-13	0.00135015	0.00655798	6.76344e-08
16.61	6.34096e-09	-1.96929e-07	-4.27386e-13	-0.00151711	-0.00729875	6.7401e-08
16.61	-1.15147e-09	-1.96929e-07	-5.0518e-13	0.00214908	0.0108248	6.72465e-08
16.61	-6.7583e-09	-1.96929e-07	-5.63396e-13	0.00151331	0.0106175	6.67874e-08
16.61	-1.05753e-08	-1.9693e-07	-6.03027e-13	0.00130876	0.0212511	6.66945e-08
16.61	-1.08506e-08	-1.9693e-07	-6.05885e-13	-2.64995e-05	0.00530094	6.71184e-08
16.61	-1.02345e-08	-1.9693e-07	-5.99488e-13	-0.000157212	0.00507755	6.81252e-08
16.61	-8.73474e-09	-1.9693e-07	-5.83915e-13	-9.97239e-06	0.000225388	6.95368e-08
16.61	-7.16039e-09	-1.96931e-07	-5.67568e-13	-0.000291638	0.00506871	7.13889e-08
16.61	-4.62103e-09	-1.96931e-07	-5.412e-13	0.000255281	-0.00429118	7.35938e-08
16.61	-2.80268e-09	-1.96931e-07	-5.2232e-13	-3.37721e-05	0.000670179	7.61704e-08
16.61	-7.8509e-10	-1.96932e-07	-5.0137e-13	0.000252156	-0.00768284	7.91728e-08
16.61	-2.36386e-10	-1.96932e-07	-4.95672e-13	8.60424e-06	-0.000731537	8.26259e-08
16.61	1.8325e-10	-1.96933e-07	-4.91314e-13	-1.5561e-05	-0.00517545	8.66458e-08
16.61	-5.24643e-10	-1.96933e-07	-4.98664e-13	-1.31689e-05	-0.000739922	9.12666e-08
16.61	-1.44541e-09	-1.96933e-07	-5.08223e-13	-3.07846e-05	-0.00133861	9.65913e-08
16.61	-2.75493e-09	-1.96934e-07	-5.21819e-13	3.69278e-06	0.000142078	1.02713e-07
16.61	-4.11299e-09	-1.96934e-07	-5.35919e-13	-4.75686e-05	-0.00160427	1.09802e-07
16.61	-6.02454e-09	-1.96935e-07	-5.55766e-13	2.26225e-06	6.75325e-05	1.18071e-07
16.61	-8.06523e-09	-1.96935e-07	-5.76954e-13	-2.1364e-05	-0.000612779	1.27766e-07
16.61	-1.04843e-08	-1.96936e-07	-6.0207e-13	-1.94518e-05	-0.000516074	1.39271e-07
16.61	-1.3319e-08	-1.96937e-07	-6.31502e-13	1.70392e-05	0.000450092	1.53082e-07
16.61	-1.62669e-08	-1.96937e-07	-6.62109e-13	8.22967e-05	0.00275986	1.70003e-07
16.61	-1.83213e-08	-1.96938e-07	-6.83438e-13	4.86421e-05	0.00334321	1.91352e-07
16.61	-1.89505e-08	-1.96939e-07	-6.8997e-13	3.83041e-06	0.00125238	2.19573e-07
16.61	-1.8942e-08	-1.9694e-07	-6.89879e-13	-5.46636e-07	-0.000482324	2.59647e-07
16.61	-1.92735e-08	-1.96942e-07	-6.93319e-13	-7.05328e-06	-0.00127576	3.23303e-07
16.61	-2.08564e-08	-1.96943e-07	-7.09751e-13	1.82093e-06	0.000223142	4.45952e-07
16.61	-2.28663e-08	-1.96946e-07	-7.30616e-13	5.56467e-06	0.00181361	7.66467e-07
16.61	-2.21304e-08	-1.9695e-07	-7.22966e-13	-1.95661e-06	0.00063882	2.83036e-06
16.61	-1.12809e-08	-1.96971e-07	-6.10273e-13	-0.399998	-0.000932072	0.00245809
16.6075	-1.24713e-08	-1.74566e-07	-6.65688e-13	0.4	1.73424e-07	0.00487651
