16.6155	-2.60271e-09	-2.68173e-07	-1.79615e-13	-2.44871e-05	-0.00312959	0.00312052
16.6155	-4.25192e-08	-2.68203e-07	-7.13639e-13	-0.00150916	0.0278501	2.72381e-06
16.6155	-2.11495e-08	-2.68205e-07	-4.27737e-13	-0.00602592	0.0297467	2.68497e-07
16.6155	4.88776e-09	-2.68206e-07	-7.93878e-14	0.00155575	-0.00583101	1.67357e-07
16.6155	2.2336e-08	-2.68207e-07	1.5405e-13	0.00435851	-0.0230351	1.34288e-07
16.6155	3.03412e-08	-2.68208e-07	2.6115e-13	0.00147427	-0.0173315	1.21842e-07
16.6155	3.27933e-08	-2.68208e-07	2.93957e-13	0.000109917	-0.00332541	1.17825e-07
16.6155	3.424e-08	-2.68209e-07	3.13312e-13	-6.36832e-05	0.00212026	1.17291e-07
16.6155	3.63159e-08	-2.6821e-07	3.41086e-13	-0.000188308	0.00412248	1.18331e-07
16.6155	3.96474e-08	-2.68211e-07	3.85657e-13	1.15215e-05	-0.000207591	1.20149e-07
16.6155	4.29735e-08	-2.68211e-07	4.30157e-13	0.000156378	-0.00335932	1.22315e-07
16.6155	4.53253e-08	-2.68212e-07	4.61621e-13	0.000103552	-0.00353796	1.24722e-07
16.6155	4.66111e-08	-2.68213e-07	4.78824e-13	2.74863e-05	-0.00170084	1.27348e-07
16.6155	4.73772e-08	-2.68213e-07	4.89075e-13	1.30885e-05	-0.00172169	1.30129e-07
16.6155	4.75941e-08	-2.68214e-07	4.91977e-13	7.94625e-07	-0.00100173	1.33025e-07
16.6155	4.74791e-08	-2.68215e-07	4.90438e-13	-2.35307e-06	-0.00068654	1.36021e-07
16.6155	4.71253e-08	-2.68216e-07	4.85705e-13	-1.53077e-05	-0.00165101	1.39111e-07
16.6155	4.61829e-08	-2.68217e-07	4.73097e-13	-5.35922e-06	-0.000373858	1.42296e-07
16.6155	4.50842e-08	-2.68217e-07	4.58399e-13	-6.35496e-05	-0.00284023	1.45597e-07
16.6155	4.29141e-08	-2.68218e-07	4.29365e-13	-8.49712e-05	-0.00239494	1.49028e-07
16.6155	3.97897e-08	-2.68219e-07	3.87565e-13	-8.31116e-05	-0.00180642	1.52566e-07
16.6155	3.58941e-08	-2.6822e-07	3.35447e-13	-7.59894e-05	-0.00140542	1.56205e-07
16.6155	3.13498e-08	-2.68221e-07	2.7465e-13	-0.000118529	-0.00190026	1.59972e-07
16.6155	2.59262e-08	-2.68222e-07	2.02088e-13	-5.7039e-05	-0.000823911	1.63837e-07
16.6155	2.00305e-08	-2.68223e-07	1.23212e-13	-7.35688e-05	-0.00099665	1.67795e-07
16.6155	1.35688e-08	-2.68224e-07	3.67616e-14	3.11138e-05	0.000413271	1.71829e-07
16.6155	7.13273e-09	-2.68225e-07	-4.93448e-14	0.000157011	0.00229317	1.75877e-07
16.6155	1.5666e-09	-2.68226e-07	-1.23813e-13	0.000100602	0.00172366	1.80005e-07
16.6155	-3.34634e-09	-2.68227e-07	-1.89542e-13	4.38439e-05	0.000844528	1.84293e-07
16.6155	-7.98352e-09	-2.68228e-07	-2.51581e-13	0.000113805	0.00263516	1.88692e-07
16.6155	-1.14731e-08	-2.68229e-07	-2.98267e-13	2.19947e-05	0.000628258	1.93217e-07
16.6155	-1.47401e-08	-2.68231e-07	-3.41975e-13	6.77997e-05	0.00249312	1.9787e-07
16.6155	-1.68374e-08	-2.68232e-07	-3.70035e-13	4.31634e-05	0.00473335	2.02625e-07
16.6155	-1.6559e-08	-2.68233e-07	-3.6631e-13	-7.07426e-05	0.00480359	2.07566e-07
16.6155	-1.37508e-08	-2.68234e-07	-3.28738e-13	-0.00028813	0.00664143	2.12793e-07
16.6156	-7.29245e-09	-2.68235e-07	-2.42333e-13	-1.27438e-05	0.000210373	2.18104e-07
16.6156	-5.61455e-10	-2.68237e-07	-1.52279e-13	8.58331e-05	-0.00149679	2.23325e-07
16.6156	5.48326e-09	-2.68238e-07	-7.14074e-14	8.72598e-05	-0.00177619	2.28595e-07
16.6156	1.06434e-08	-2.68239e-07	-2.36968e-15	0.00011061	-0.00297132	2.33951e-07
16.6156	1.4166e-08	-2.68241e-07	4.4759e-14	7.00832e-05	-0.00322902	2.39413e-07
16.6156	1.5816e-08	-2.68242e-07	6.68339e-14	1.78421e-05	-0.00326367	2.45022e-07
16.6156	1.54823e-08	-2.68244e-07	6.237e-14	-5.34584e-06	-0.00101979	2.50768e-07
16.6156	1.4494e-08	-2.68245e-07	4.91491e-14	-2.04195e-05	-0.00169676	2.56632e-07
16.6156	1.23816e-08	-2.68247e-07	2.08875e-14	-3.51625e-05	-0.00171055	2.62601e-07
16.6156	9.08425e-09	-2.68248e-07	-2.32261e-14	-5.02065e-06	-0.000198196	2.68643e-07
16.6156	5.57707e-09	-2.6825e-07	-7.01474e-14	3.46082e-05	0.0015826	2.74705e-07
16.6156	3.09049e-09	-2.68251e-07	-1.03414e-13	2.65076e-05	0.00209022	2.80804e-07
16.6156	2.03236e-09	-2.68253e-07	-1.1757e-13	5.28038e-06	0.00115791	2.86985e-07
16.6156	1.79078e-09	-2.68255e-07	-1.20801e-13	-6.48697e-07	0.000941719	2.93236e-07
16.6156	2.24174e-09	-2.68257e-07	-1.14767e-13	-4.37502e-06	0.000847535	2.99535e-07
16.6156	3.34367e-09	-2.68258e-07	-1.00024e-13	-8.76465e-06	0.000915778	3.05883e-07
16.6156	5.17642e-09	-2.6826e-07	-7.55033e-14	6.02878e-06	-0.000578975	3.12281e-07
16.6156	6.59058e-09	-2.68262e-07	-5.65828e-14	7.65099e-06	-0.00140004	3.18729e-07
16.6156	6.90685e-09	-2.68264e-07	-5.23506e-14	-8.48587e-07	-0.00109565	3.25244e-07
16.6156	6.3297e-09	-2.68266e-07	-6.00714e-14	-5.69667e-07	-0.000146797	3.31829e-07
16.6156	5.61793e-09	-2.68268e-07	-6.95932e-14	5.07477e-07	0.000129315	3.38495e-07
16.6156	5.00242e-09	-2.6827e-07	-7.78272e-14	-8.77916e-08	-2.39801e-05	3.45248e-07
16.6156	4.35378e-09	-2.68272e-07	-8.65044e-14	1.35221e-06	0.000630465	3.52069e-07
16.6156	4.25271e-09	-2.68274e-07	-8.78557e-14	-2.8769e-07	0.000471507	3.58959e-07
16.6156	4.57688e-09	-2.68276e-07	-8.35178e-14	2.5335e-07	-0.000194477	3.65957e-07
16.6156	4.72773e-09	-2.68278e-07	-8.14987e-14	2.92862e-08	-0.000285594	3.7307e-07
16.6156	4.61258e-09	-2.6828e-07	-8.30383e-14	-3.59874e-08	-4.90284e-05	3.80246e-07
16.6156	4.44819e-09	-2.68283e-07	-8.52368e-14	-2.68312e-07	-0.000198378	3.87395e-07
16.6156	4.08685e-09	-2.68285e-07	-9.007e-14	1.17377e-07	7.01559e-05	3.94444e-07
16.6156	3.78886e-09	-2.68287e-07	-9.40559e-14	1.52171e-07	0.000469406	4.01362e-07
16.6156	3.96076e-09	-2.6829e-07	-9.1755e-14	-1.02584e-07	9.44966e-05	4.08142e-07
16.6156	4.23272e-09	-2.68292e-07	-8.81155e-14	1.68348e-07	-0.000314857	4.14813e-07
16.6156	4.17994e-09	-2.68295e-07	-8.88206e-14	-3.48365e-08	-7.78978e-05	4.21469e-07
16.6156	4.04359e-09	-2.68297e-07	-9.06438e-14	4.07025e-08	0.000142641	4.28205e-07
16.6156	4.05897e-09	-2.683e-07	-9.0437e-14	-9.55366e-09	-7.76898e-05	4.35066e-07
16.6156	3.98942e-09	-2.68302e-07	-9.13664e-14	-2.14165e-08	-4.87709e-05	4.42051e-07
16.6156	3.86442e-09	-2.68305e-07	-9.30376e-14	3.03603e-08	0.000133353	4.4915e-07
16.6156	3.88835e-09	-2.68308e-07	-9.27164e-14	7.00604e-10	-8.22823e-06	4.56352e-07
16.6156	3.9032e-09	-2.6831e-07	-9.25165e-14	-5.22985e-08	0.000132296	4.63679e-07
16.6156	4.07288e-09	-2.68313e-07	-9.02454e-14	4.88216e-08	-0.000184677	4.71224e-07
16.6156	4.026e-09	-2.68316e-07	-9.08713e-14	-5.2865e-08	-0.000111211	4.79121e-07
16.6156	3.84399e-09	-2.68319e-07	-9.33052e-14	3.46703e-08	5.66799e-05	4.87538e-07
16.6156	3.7284e-09	-2.68322e-07	-9.48505e-14	1.88565e-08	5.80403e-05	4.9669e-07
16.6156	3.68332e-09	-2.68324e-07	-9.54523e-14	-1.54291e-09	7.96612e-05	5.0673e-07
16.6156	3.73926e-09	-2.68327e-07	-9.47027e-14	-8.25837e-09	2.84997e-05	5.17561e-07
16.6156	3.83369e-09	-2.68331e-07	-9.3438e-14	1.21482e-08	-5.33855e-05	5.28859e-07
16.6156	3.85884e-09	-2.68334e-07	-9.31002e-14	-7.92223e-08	-0.000197824	5.40156e-07
16.6156	3.61462e-09	-2.68337e-07	-9.63663e-14	-9.91485e-09	-1.07546e-05	5.50908e-07
16.6156	3.35081e-09	-2.6834e-07	-9.98943e-14	-3.00909e-08	-2.94322e-05	5.60718e-07
16.6156	3.04101e-09	-2.68344e-07	-1.04038e-13	1.19712e-07	0.000206519	5.69503e-07
16.6156	3.02283e-09	-2.68347e-07	-1.0428e-13	-1.10485e-07	0.000223279	5.77559e-07
16.6156	3.32898e-09	-2.6835e-07	-1.00182e-13	6.47261e-08	-7.47223e-05	5.85671e-07
16.6156	3.52937e-09	-2.68354e-07	-9.74998e-14	4.56479e-08	-0.000150205	5.94855e-07
16.6156	3.50789e-09	-2.68357e-07	-9.77856e-14	-3.50167e-08	-0.000104892	6.03844e-07
16.6156	3.32673e-09	-2.68361e-07	-1.00208e-13	3.14854e-08	0.000159433	6.108e-07
16.6156	3.38844e-09	-2.68364e-07	-9.93807e-14	-3.67083e-09	1.53317e-05	6.16252e-07
16.6156	3.47438e-09	-2.68368e-07	-9.82295e-14	-1.06169e-08	3.00798e-05	6.21359e-07
16.6156	3.60795e-09	-2.68372e-07	-9.64409e-14	1.79004e-08	-9.87686e-05	6.26028e-07
16.6156	3.58732e-09	-2.68375e-07	-9.67153e-14	-1.62768e-08	-6.86143e-05	6.2976e-07
16.6156	3.45828e-09	-2.68379e-07	-9.84403e-14	-1.21762e-07	-0.000153595	6.33057e-07
16.6156	3.08484e-09	-2.68383e-07	-1.03435e-13	1.00445e-07	0.000112017	6.36032e-07
16.6156	2.88833e-09	-2.68387e-07	-1.06062e-13	3.80067e-08	0.000120581	6.38422e-07
16.6156	2.88393e-09	-2.6839e-07	-1.0612e-13	-8.45221e-09	6.0959e-05	6.40453e-07
16.6156	2.97728e-09	-2.68394e-07	-1.04869e-13	7.22746e-09	-8.05145e-05	6.42172e-07
16.6156	2.94143e-09	-2.68398e-07	-1.05347e-13	-4.24327e-09	6.91528e-05	6.43453e-07
16.6156	3.01685e-09	-2.68402e-07	-1.04337e-13	-4.61997e-09	1.67343e-05	6.44424e-07
16.6156	3.11936e-09	-2.68406e-07	-1.02964e-13	6.32795e-09	-2.47034e-05	6.45056e-07
16.6156	3.18208e-09	-2.68409e-07	-1.02123e-13	3.35395e-09	-2.58392e-05	6.45314e-07
16.6156	3.20312e-09	-2.68413e-07	-1.0184e-13	-2.81956e-09	2.29858e-05	6.45252e-07
16.6156	3.26122e-09	-2.68417e-07	-1.01061e-13	-3.09547e-08	-0.000152987	6.44824e-07
16.6156	3.07276e-09	-2.68421e-07	-1.03581e-13	-7.16942e-09	-1.16767e-05	6.44056e-07
16.6156	2.86579e-09	-2.68425e-07	-1.06348e-13	2.34115e-08	4.38849e-05	6.42939e-07
16.6156	2.7297e-09	-2.68428e-07	-1.08167e-13	-5.91208e-09	0.000182465	6.41435e-07
16.6156	2.88619e-09	-2.68432e-07	-1.06072e-13	1.32345e-09	-2.74743e-06	6.39574e-07
16.6156	3.03779e-09	-2.68436e-07	-1.04042e-13	2.08907e-08	-6.92327e-05	6.37348e-07
16.6156	3.07871e-09	-2.6844e-07	-1.03493e-13	-1.33587e-09	8.85816e-06	6.34768e-07
16.6156	3.13349e-09	-2.68443e-07	-1.02759e-13	2.44834e-09	-4.9329e-05	6.31873e-07
16.6156	3.11026e-09	-2.68447e-07	-1.03068e-13	-3.51715e-10	3.36565e-05	6.28641e-07
16.6156	3.13991e-09	-2.68451e-07	-1.0267e-13	-1.69496e-10	1.71444e-06	6.25102e-07
16.6156	3.17206e-09	-2.68454e-07	-1.02238e-13	-6.41102e-09	3.40493e-05	6.21235e-07
16.6156	3.25671e-09	-2.68458e-07	-1.01104e-13	-6.03016e-09	1.88176e-05	6.17069e-07
16.6156	3.3697e-09	-2.68462e-07	-9.95908e-14	7.07812e-09	-2.2795e-05	6.12625e-07
16.6156	3.44707e-09	-2.68465e-07	-9.85543e-14	6.4228e-09	-4.93422e-05	6.07883e-07
16.6156	3.44913e-09	-2.68469e-07	-9.85252e-14	-1.37549e-08	-7.55502e-05	6.02906e-07
16.6156	3.33778e-09	-2.68472e-07	-1.00013e-13	1.36506e-08	8.07904e-05	5.97674e-07
16.6156	3.3476e-09	-2.68476e-07	-9.98806e-14	-1.94873e-08	8.19328e-05	5.92198e-07
16.6156	3.47806e-09	-2.68479e-07	-9.81338e-14	-1.82303e-08	3.44714e-05	5.86505e-07
16.6156	3.65753e-09	-2.68483e-07	-9.57312e-14	3.67349e-08	-0.000143905	5.80585e-07
16.6156	3.62736e-09	-2.68486e-07	-9.61335e-14	-3.13757e-09	-2.02331e-05	5.74423e-07
16.6156	3.56861e-09	-2.68489e-07	-9.6918e-14	-1.46918e-08	-4.58662e-05	5.68091e-07
16.6156	3.44575e-09	-2.68493e-07	-9.85604e-14	1.87512e-08	9.52444e-05	5.61603e-07
16.6156	3.45726e-09	-2.68496e-07	-9.8405e-14	-1.2635e-08	6.33211e-05	5.54917e-07
16.6156	3.55594e-09	-2.68499e-07	-9.70834e-14	-2.01966e-07	0.000221533	5.48064e-07
16.6156	3.955e-09	-2.68503e-07	-9.17432e-14	2.02565e-07	-0.000223229	5.41093e-07
16.6156	4.0489e-09	-2.68506e-07	-9.04855e-14	-2.30348e-09	-0.000146054	5.34016e-07
16.6156	3.94788e-09	-2.68509e-07	-9.18358e-14	-2.12162e-10	-5.55026e-07	5.26813e-07
16.6156	3.84751e-09	-2.68512e-07	-9.31773e-14	-3.01755e-09	0.000160971	5.1949e-07
16.6156	3.95613e-09	-2.68515e-07	-9.17229e-14	-3.3044e-08	5.82893e-05	5.12064e-07
16.6156	4.13725e-09	-2.68518e-07	-8.92984e-14	-3.2765e-08	4.02849e-05	5.04588e-07
16.6156	4.36615e-09	-2.68521e-07	-8.62348e-14	7.18273e-09	-8.03473e-06	4.97066e-07
16.6156	4.58169e-09	-2.68524e-07	-8.335e-14	1.99786e-08	-0.000324956	4.89467e-07
16.6156	4.39935e-09	-2.68527e-07	-8.57882e-14	5.38563e-08	0.000118369	4.81805e-07
16.6156	4.36133e-09	-2.68529e-07	-8.62956e-14	-2.31211e-08	0.000133107	4.74118e-07
16.6156	4.48042e-09	-2.68532e-07	-8.47012e-14	-8.19736e-08	0.000106191	4.66409e-07
16.6156	4.72035e-09	-2.68535e-07	-8.14901e-14	2.26168e-08	-2.30852e-05	4.58698e-07
16.6156	4.93004e-09	-2.68538e-07	-7.86837e-14	8.49467e-08	-0.000179447	4.51014e-07
16.6156	4.93557e-09	-2.6854e-07	-7.86085e-14	-1.25719e-08	6.61345e-05	4.43323e-07
16.6156	5.01367e-09	-2.68543e-07	-7.75625e-14	-1.54738e-08	3.49456e-05	4.35627e-07
16.6156	5.12813e-09	-2.68545e-07	-7.60301e-14	-7.6666e-09	1.359e-05	4.27942e-07
16.6156	5.25496e-09	-2.68548e-07	-7.43323e-14	1.58985e-08	-0.000208785	4.20283e-07
16.6156	5.16213e-09	-2.6855e-07	-7.55733e-14	1.20506e-08	3.32182e-05	4.12671e-07
16.6156	5.10494e-09	-2.68553e-07	-7.63373e-14	1.48568e-09	0.000106299	4.0511e-07
16.6156	5.15547e-09	-2.68555e-07	-7.56604e-14	3.42197e-09	-1.61961e-05	3.97584e-07
16.6156	5.1891e-09	-2.68557e-07	-7.52095e-14	-4.29515e-07	0.000381741	3.90131e-07
16.6156	5.5909e-09	-2.6856e-07	-6.98329e-14	-1.1735e-07	5.30484e-05	3.82759e-07
16.6156	6.03532e-09	-2.68562e-07	-6.38862e-14	5.18665e-07	-0.000357384	3.7542e-07
16.6156	6.13901e-09	-2.68564e-07	-6.2498e-14	1.7413e-08	-0.0001856	3.68131e-07
16.6156	6.07154e-09	-2.68566e-07	-6.33997e-14	-1.33082e-07	-0.000168274	3.60916e-07
16.6156	5.85508e-09	-2.68568e-07	-6.62949e-14	1.33038e-07	0.000316465	3.53789e-07
16.6156	5.92001e-09	-2.6857e-07	-6.54253e-14	-4.34824e-07	0.000349435	3.46729e-07
16.6156	6.28346e-09	-2.68572e-07	-6.05619e-14	-6.83831e-07	0.000249433	3.39737e-07
16.6156	6.84924e-09	-2.68574e-07	-5.29916e-14	1.05579e-06	-0.000497963	3.32848e-07
16.6156	6.99342e-09	-2.68576e-07	-5.10619e-14	-3.27659e-07	-0.00057719	3.26038e-07
16.6156	6.66905e-09	-2.68578e-07	-5.54007e-14	1.56222e-07	8.71381e-05	3.19303e-07
16.6156	6.42024e-09	-2.6858e-07	-5.87288e-14	-1.48683e-07	0.000713357	3.1267e-07
16.6156	6.72835e-09	-2.68582e-07	-5.46058e-14	1.41587e-07	-7.88969e-05	3.06108e-07
16.6156	6.97022e-09	-2.68584e-07	-5.13692e-14	2.76445e-08	-1.78027e-05	2.99623e-07
16.6156	7.19376e-09	-2.68585e-07	-4.83777e-14	2.00548e-07	-0.000197827	2.93253e-07
16.6156	7.26907e-09	-2.68587e-07	-4.73695e-14	1.58392e-08	-0.000170519	2.86955e-07
16.6156	7.22175e-09	-2.68589e-07	-4.80018e-14	-3.39463e-08	-6.75754e-05	2.80724e-07
16.6156	7.12857e-09	-2.6859e-07	-4.92479e-14	-5.366e-07	0.000616611	2.74594e-07
16.6156	7.45602e-09	-2.68592e-07	-4.48662e-14	-1.51687e-06	0.000433839	2.68528e-07
16.6156	8.06416e-09	-2.68594e-07	-3.67294e-14	-1.94988e-06	0.000356345	2.62529e-07
16.6156	8.88988e-09	-2.68595e-07	-2.56815e-14	3.74267e-06	-0.000922823	2.56621e-07
16.6156	9.11168e-09	-2.68597e-07	-2.27135e-14	-1.27349e-06	-0.0011445	2.50789e-07
16.6156	8.61913e-09	-2.68598e-07	-2.93026e-14	4.34201e-07	0.000118024	2.45025e-07
16.6156	8.20942e-09	-2.68599e-07	-3.47836e-14	9.79843e-07	0.000933821	2.39349e-07
16.6156	8.36142e-09	-2.68601e-07	-3.27493e-14	-1.22855e-06	0.000489601	2.33731e-07
16.6156	8.79248e-09	-2.68602e-07	-2.69818e-14	-6.46194e-07	0.000156655	2.2817e-07
16.6156	9.30153e-09	-2.68604e-07	-2.01707e-14	1.85517e-06	-0.000631456	2.22704e-07
16.6156	9.45104e-09	-2.68605e-07	-1.81699e-14	-1.06033e-06	-0.000977571	2.17268e-07
16.6156	9.07253e-09	-2.68606e-07	-2.32334e-14	3.73521e-07	0.000115269	2.11866e-07
16.6156	8.76374e-09	-2.68607e-07	-2.73641e-14	8.69694e-07	0.000563026	2.06579e-07
16.6156	8.74975e-09	-2.68609e-07	-2.75507e-14	-1.90869e-09	-1.15068e-05	2.0134e-07
16.6156	8.73042e-09	-2.6861e-07	-2.78089e-14	-4.13321e-08	-9.54154e-05	1.96098e-07
16.6156	8.66543e-09	-2.68611e-07	-2.86779e-14	-5.20523e-07	0.000610009	1.90934e-07
16.6156	8.88945e-09	-2.68612e-07	-2.56803e-14	-1.86665e-06	0.000510697	1.8584e-07
16.6156	9.34144e-09	-2.68613e-07	-1.96328e-14	-1.32711e-06	0.000239911	1.80743e-07
16.6156	9.88772e-09	-2.68614e-07	-1.23238e-14	-2.2501e-05	0.00201464	1.75696e-07
16.6156	1.1291e-08	-2.68615e-07	6.45148e-15	-2.6072e-05	0.00133405	1.70756e-07
16.6156	1.32161e-08	-2.68616e-07	3.22067e-14	2.33401e-05	-0.00116965	1.65831e-07
16.6156	1.46067e-08	-2.68617e-07	5.08122e-14	2.06562e-05	-0.00523134	1.6088e-07
16.6156	1.38836e-08	-2.68618e-07	4.11377e-14	-7.02957e-05	-0.00378169	1.56034e-07
16.6156	1.17294e-08	-2.68619e-07	1.23175e-14	-5.8877e-05	-0.00180744	1.51321e-07
16.6156	8.96753e-09	-2.6862e-07	-2.46324e-14	-0.000138336	-0.0030854	1.4667e-07
16.6156	5.17795e-09	-2.68621e-07	-7.53321e-14	-8.6726e-05	-0.00153675	1.42042e-07
16.6156	9.73097e-10	-2.68621e-07	-1.31588e-13	2.15957e-05	0.000363675	1.3744e-07
16.6156	-2.9712e-09	-2.68622e-07	-1.84358e-13	0.000217132	0.00463647	1.32864e-07
16.6156	-5.26841e-09	-2.68623e-07	-2.15091e-13	0.000112648	0.00915329	1.28354e-07
16.6156	-4.60113e-09	-2.68624e-07	-2.06163e-13	-0.000302172	0.00907534	1.24095e-07
16.6156	-1.18612e-09	-2.68624e-07	-1.60474e-13	-0.00087918	0.0106167	1.20258e-07
16.6156	5.27229e-09	-2.68625e-07	-7.40681e-14	-0.00078269	0.00623096	1.16698e-07
16.6156	1.33291e-08	-2.68626e-07	3.37234e-14	-0.000731945	0.00475635	1.13212e-07
16.6156	2.24698e-08	-2.68626e-07	1.56015e-13	0.00044175	-0.00277815	1.09516e-07
16.6156	3.05404e-08	-2.68627e-07	2.6399e-13	0.000633633	-0.00452113	1.0568e-07
16.6156	3.71576e-08	-2.68628e-07	3.5252e-13	0.00071767	-0.00639606	1.02063e-07
16.6156	4.19474e-08	-2.68628e-07	4.16603e-13	0.000764046	-0.0113535	9.86576e-08
16.6156	4.38261e-08	-2.68629e-07	4.41738e-13	0.000112042	-0.0116472	9.55996e-08
16.6156	4.29076e-08	-2.68629e-07	4.29449e-13	-0.000622719	-0.0123434	9.30466e-08
16.6156	3.91756e-08	-2.6863e-07	3.7952e-13	-0.00116041	-0.0106847	9.09731e-08
16.6156	3.31134e-08	-2.6863e-07	2.98415e-13	-3.79043e-05	-0.000277497	8.91705e-08
16.6156	2.71081e-08	-2.68631e-07	2.18072e-13	-9.58055e-05	-0.000688857	8.77217e-08
16.6156	2.10305e-08	-2.68631e-07	1.36761e-13	0.000285108	0.00210506	8.67076e-08
16.6156	1.54686e-08	-2.68632e-07	6.23489e-14	0.000476779	0.00397769	8.593e-08
16.6156	1.0801e-08	-2.68632e-07	-9.69564e-17	-0.000536212	-0.00443069	8.56099e-08
16.6156	5.18342e-09	-2.68633e-07	-7.52538e-14	0.000757077	0.00654761	8.55013e-08
16.6156	9.79563e-10	-2.68633e-07	-1.31496e-13	0.00052343	0.00630588	8.54368e-08
16.6156	-1.88229e-09	-2.68634e-07	-1.69784e-13	0.000446387	0.0124285	8.57191e-08
16.6156	-2.08875e-09	-2.68634e-07	-1.72546e-13	-8.98046e-06	0.00308591	8.6447e-08
16.6156	-1.62683e-09	-2.68635e-07	-1.66366e-13	-5.33304e-05	0.00295869	8.7715e-08
16.6156	-5.02345e-10	-2.68635e-07	-1.51322e-13	-3.38195e-06	0.000131312	8.95085e-08
16.6156	6.78046e-10	-2.68636e-07	-1.35529e-13	-9.91518e-05	0.00296019	9.18479e-08
16.6156	2.58198e-09	-2.68637e-07	-1.10056e-13	8.68046e-05	-0.00250657	9.46799e-08
16.6156	3.94532e-09	-2.68637e-07	-9.18164e-14	-1.14718e-05	0.000391084	9.80289e-08
16.6156	5.45804e-09	-2.68638e-07	-7.15777e-14	8.55621e-05	-0.0044775	1.01931e-07
16.6156	5.86944e-09	-2.68638e-07	-6.60735e-14	2.91565e-06	-0.000425867	1.06421e-07
16.6156	6.18406e-09	-2.68639e-07	-6.18639e-14	-5.27389e-06	-0.0030128	1.11598e-07
16.6156	5.65329e-09	-2.6864e-07	-6.89647e-14	-4.46371e-06	-0.000430854	1.17544e-07
16.6156	4.96292e-09	-2.6864e-07	-7.82008e-14	-1.04375e-05	-0.000779666	1.24392e-07
16.6156	3.98106e-09	-2.68641e-07	-9.13365e-14	1.25323e-06	8.28327e-05	1.3227e-07
16.6156	2.96282e-09	-2.68642e-07	-1.04959e-13	-1.61325e-05	-0.000934669	1.41389e-07
16.6156	1.52957e-09	-2.68643e-07	-1.24134e-13	7.66809e-07	3.93243e-05	1.52025e-07
16.6156	-4.9127e-13	-2.68644e-07	-1.44604e-13	-7.24729e-06	-0.000357105	1.64503e-07
16.6156	-1.81428e-09	-2.68645e-07	-1.6887e-13	-6.60057e-06	-0.00030084	1.79305e-07
16.6156	-3.93964e-09	-2.68646e-07	-1.97304e-13	5.78146e-06	0.000262355	1.97084e-07
16.6156	-6.14995e-09	-2.68647e-07	-2.26875e-13	2.79119e-05	0.00160798	2.18907e-07
16.6156	-7.69026e-09	-2.68648e-07	-2.47482e-13	1.64865e-05	0.00194651	2.4645e-07
16.6156	-8.16207e-09	-2.6865e-07	-2.53794e-13	1.29806e-06	0.00072902	2.8282e-07
16.6156	-8.15569e-09	-2.68652e-07	-2.53708e-13	-1.85269e-07	-0.000280758	3.34441e-07
16.6156	-8.40431e-09	-2.68654e-07	-2.57033e-13	-2.39016e-06	-0.000742648	4.16426e-07
16.6156	-9.59115e-09	-2.68657e-07	-2.7291e-13	6.17081e-07	0.000129903	5.74398e-07
16.6156	-1.10982e-08	-2.68661e-07	-2.93071e-13	1.88576e-06	0.00105571	9.87244e-07
16.6156	-1.05465e-08	-2.68668e-07	-2.85687e-13	-6.62908e-07	0.000371858	3.64564e-06
16.6156	-2.41244e-09	-2.68703e-07	-1.76848e-13	-0.399999	-0.000542487	0.00316606
16.6124	-2.72968e-09	-2.31503e-07	-1.96679e-13	0.4	2.8204e-08	0.00628103
