16.6117	-7.19311e-09	-2.17056e-07	-4.19094e-13	-5.11594e-05	-0.00452344	0.00262643
16.6117	-5.57578e-08	-2.17077e-07	-9.65786e-13	-0.00311415	0.039965	2.29398e-06
16.6117	-2.9758e-08	-2.17079e-07	-6.73092e-13	-0.0117291	0.0402942	2.30375e-07
16.6117	1.92064e-09	-2.17079e-07	-3.16468e-13	0.00292678	-0.00759022	1.4596e-07
16.6117	2.31493e-08	-2.1708e-07	-7.7485e-14	0.00857485	-0.0314633	1.15407e-07
16.6117	3.2889e-08	-2.17081e-07	3.216e-14	0.00303584	-0.0247391	1.03063e-07
16.6117	3.58724e-08	-2.17081e-07	6.57464e-14	0.000229259	-0.00479843	9.923e-08
16.6117	3.76325e-08	-2.17082e-07	8.55616e-14	-0.000132876	0.00306045	9.87683e-08
16.6117	4.01582e-08	-2.17082e-07	1.13995e-13	-0.000392115	0.00593896	9.97119e-08
16.6117	4.42115e-08	-2.17083e-07	1.59626e-13	2.39799e-05	-0.000298887	1.01293e-07
16.6117	4.82583e-08	-2.17083e-07	2.05184e-13	0.000325569	-0.00483851	1.03071e-07
16.6117	5.11196e-08	-2.17084e-07	2.37395e-13	0.000216072	-0.00510722	1.05025e-07
16.6117	5.2684e-08	-2.17084e-07	2.55007e-13	5.74102e-05	-0.00245755	1.07198e-07
16.6117	5.36162e-08	-2.17085e-07	2.65502e-13	2.73486e-05	-0.00248864	1.09528e-07
16.6117	5.38801e-08	-2.17085e-07	2.68473e-13	1.66061e-06	-0.00144805	1.11962e-07
16.6117	5.37401e-08	-2.17086e-07	2.66898e-13	-4.91709e-06	-0.000992445	1.14482e-07
16.6117	5.33097e-08	-2.17086e-07	2.62054e-13	-3.19809e-05	-0.00238619	1.1709e-07
16.6117	5.21631e-08	-2.17087e-07	2.49146e-13	-1.11987e-05	-0.000540423	1.19777e-07
16.6117	5.08264e-08	-2.17087e-07	2.34099e-13	-0.000132671	-0.00410207	1.22578e-07
16.6117	4.81861e-08	-2.17088e-07	2.04377e-13	-0.000177192	-0.003455	1.25519e-07
16.6117	4.43848e-08	-2.17089e-07	1.61584e-13	-0.00017307	-0.00260225	1.28557e-07
16.6117	3.96451e-08	-2.17089e-07	1.08228e-13	-0.000158048	-0.00202213	1.31679e-07
16.6117	3.41162e-08	-2.1709e-07	4.59872e-14	-0.000246109	-0.0027295	1.34926e-07
16.6117	2.75175e-08	-2.17091e-07	-2.82974e-14	-0.000118266	-0.00118176	1.38252e-07
16.6117	2.03445e-08	-2.17091e-07	-1.09047e-13	-0.000152421	-0.00142841	1.41641e-07
16.6117	1.24827e-08	-2.17092e-07	-1.9755e-13	6.44765e-05	0.000592439	1.45063e-07
16.6117	4.65222e-09	-2.17093e-07	-2.85701e-13	0.000325565	0.00328943	1.48405e-07
16.6117	-2.11989e-09	-2.17094e-07	-3.61937e-13	0.000209083	0.00247818	1.51782e-07
16.6117	-8.09729e-09	-2.17094e-07	-4.29227e-13	9.12133e-05	0.00121543	1.55338e-07
16.6117	-1.37392e-08	-2.17095e-07	-4.9274e-13	0.000237069	0.00379752	1.58977e-07
16.6117	-1.79848e-08	-2.17096e-07	-5.40534e-13	4.58727e-05	0.00090643	1.62728e-07
16.6117	-2.19596e-08	-2.17097e-07	-5.85279e-13	0.000141502	0.00359963	1.66608e-07
16.6117	-2.45114e-08	-2.17098e-07	-6.14005e-13	9.01626e-05	0.00684092	1.7056e-07
16.6117	-2.41727e-08	-2.17098e-07	-6.10191e-13	-0.000147744	0.00694094	1.74732e-07
16.6117	-2.0756e-08	-2.17099e-07	-5.71726e-13	-0.000599994	0.00956992	1.79308e-07
16.6117	-1.28983e-08	-2.171e-07	-4.83267e-13	-2.64475e-05	0.00030202	1.83933e-07
16.6117	-4.70891e-09	-2.17101e-07	-3.91074e-13	0.000178385	-0.00215195	1.88299e-07
16.6117	2.6455e-09	-2.17102e-07	-3.08281e-13	0.000181625	-0.00255751	1.92651e-07
16.6117	8.92373e-09	-2.17103e-07	-2.37602e-13	0.000230594	-0.00428534	1.97057e-07
16.6117	1.32096e-08	-2.17104e-07	-1.89353e-13	0.000146329	-0.00466415	2.01559e-07
16.6117	1.5217e-08	-2.17105e-07	-1.66753e-13	3.72787e-05	-0.00471745	2.06233e-07
16.6117	1.4811e-08	-2.17106e-07	-1.71323e-13	-1.117e-05	-0.00147408	2.11064e-07
16.6117	1.36087e-08	-2.17107e-07	-1.84857e-13	-4.26597e-05	-0.00245225	2.16013e-07
16.6117	1.10385e-08	-2.17108e-07	-2.13789e-13	-7.34242e-05	-0.00247096	2.21071e-07
16.6117	7.02682e-09	-2.17109e-07	-2.58949e-13	-1.04799e-05	-0.000286191	2.26182e-07
16.6117	2.75976e-09	-2.1711e-07	-3.06984e-13	7.22602e-05	0.00228591	2.31267e-07
16.6117	-2.65555e-10	-2.17112e-07	-3.41041e-13	5.53756e-05	0.00302076	2.36363e-07
16.6117	-1.55293e-09	-2.17113e-07	-3.55532e-13	1.10334e-05	0.00167376	2.41545e-07
16.6117	-1.84683e-09	-2.17114e-07	-3.58839e-13	-1.35578e-06	0.00136132	2.46802e-07
16.6117	-1.29815e-09	-2.17115e-07	-3.52661e-13	-9.14212e-06	0.00122512	2.52107e-07
16.6117	4.25582e-11	-2.17116e-07	-3.37566e-13	-1.83125e-05	0.00132361	2.5746e-07
16.6117	2.27242e-09	-2.17118e-07	-3.12462e-13	1.2596e-05	-0.000836794	2.62847e-07
16.6117	3.993e-09	-2.17119e-07	-2.93091e-13	1.59874e-05	-0.00202375	2.68264e-07
16.6117	4.37781e-09	-2.1712e-07	-2.88757e-13	-1.773e-06	-0.00158384	2.73742e-07
16.6117	3.67564e-09	-2.17122e-07	-2.9666e-13	-1.19036e-06	-0.0002122	2.79287e-07
16.6117	2.80967e-09	-2.17123e-07	-3.06407e-13	1.0604e-06	0.000186928	2.84897e-07
16.6117	2.06083e-09	-2.17125e-07	-3.14836e-13	-1.83458e-07	-3.46662e-05	2.9058e-07
16.6117	1.27166e-09	-2.17126e-07	-3.23718e-13	2.82553e-06	0.000911376	2.9632e-07
16.6117	1.14872e-09	-2.17127e-07	-3.251e-13	-6.01289e-07	0.0006816	3.02117e-07
16.6117	1.54315e-09	-2.17129e-07	-3.20658e-13	5.29473e-07	-0.000281135	3.08008e-07
16.6117	1.72671e-09	-2.17131e-07	-3.1859e-13	6.12582e-08	-0.000412846	3.13995e-07
16.6117	1.58663e-09	-2.17132e-07	-3.20165e-13	-7.51915e-08	-7.08739e-05	3.20033e-07
16.6117	1.38664e-09	-2.17134e-07	-3.22414e-13	-5.60643e-07	-0.000286769	3.26051e-07
16.6117	9.4705e-10	-2.17135e-07	-3.27361e-13	2.45267e-07	0.000101417	3.31984e-07
16.6117	5.84517e-10	-2.17137e-07	-3.31441e-13	3.17884e-07	0.00067856	3.37806e-07
16.6117	7.93688e-10	-2.17139e-07	-3.29084e-13	-2.14386e-07	0.000136601	3.43512e-07
16.6117	1.1246e-09	-2.1714e-07	-3.25356e-13	3.5186e-07	-0.000455148	3.49128e-07
16.6117	1.06041e-09	-2.17142e-07	-3.26077e-13	-7.27802e-08	-0.000112607	3.54729e-07
16.6117	8.94541e-10	-2.17144e-07	-3.27942e-13	8.50244e-08	0.000206198	3.60399e-07
16.6117	9.13276e-10	-2.17146e-07	-3.27729e-13	-1.99475e-08	-0.000112307	3.66173e-07
16.6117	8.28685e-10	-2.17147e-07	-3.28679e-13	-4.47426e-08	-7.05013e-05	3.72052e-07
16.6117	6.76636e-10	-2.17149e-07	-3.30389e-13	6.34142e-08	0.000192771	3.78027e-07
16.6117	7.05779e-10	-2.17151e-07	-3.30058e-13	1.46579e-09	-1.18945e-05	3.84087e-07
16.6117	7.23877e-10	-2.17153e-07	-3.29852e-13	-1.09315e-07	0.000191243	3.90255e-07
16.6117	9.30341e-10	-2.17155e-07	-3.27526e-13	1.02061e-07	-0.000266963	3.96606e-07
16.6117	8.73343e-10	-2.17157e-07	-3.28165e-13	-1.10447e-07	-0.000160764	4.03251e-07
16.6117	6.5193e-10	-2.17159e-07	-3.30655e-13	7.24379e-08	8.19352e-05	4.10336e-07
16.6117	5.11323e-10	-2.17161e-07	-3.32236e-13	3.93913e-08	8.39014e-05	4.18039e-07
16.6117	4.56508e-10	-2.17163e-07	-3.3285e-13	-3.24145e-09	0.000115156	4.26489e-07
16.6117	5.246e-10	-2.17165e-07	-3.32081e-13	-1.72634e-08	4.11982e-05	4.35606e-07
16.6117	6.39526e-10	-2.17168e-07	-3.30785e-13	2.53974e-08	-7.71724e-05	4.45114e-07
16.6117	6.70159e-10	-2.1717e-07	-3.30437e-13	-1.65507e-07	-0.00028597	4.54622e-07
16.6117	3.73053e-10	-2.17172e-07	-3.33779e-13	-2.07161e-08	-1.55462e-05	4.63671e-07
16.6117	5.21265e-11	-2.17174e-07	-3.37389e-13	-6.28725e-08	-4.25453e-05	4.71929e-07
16.6117	-3.24767e-10	-2.17177e-07	-3.41629e-13	2.50113e-07	0.000298537	4.79322e-07
16.6117	-3.46845e-10	-2.17179e-07	-3.41875e-13	-2.30926e-07	0.000322766	4.86102e-07
16.6117	2.56749e-11	-2.17182e-07	-3.37678e-13	1.35271e-07	-0.000108015	4.92929e-07
16.6117	2.69513e-10	-2.17184e-07	-3.34931e-13	9.54228e-08	-0.000217132	5.00658e-07
16.6117	2.43422e-10	-2.17186e-07	-3.35221e-13	-7.3151e-08	-0.000151629	5.08225e-07
16.6117	2.30486e-11	-2.17189e-07	-3.37699e-13	6.57599e-08	0.000230472	5.14079e-07
16.6117	9.817e-11	-2.17192e-07	-3.3685e-13	-7.67423e-09	2.21632e-05	5.18668e-07
16.6117	2.0276e-10	-2.17194e-07	-3.3567e-13	-2.21926e-08	4.34828e-05	5.22966e-07
16.6117	3.65317e-10	-2.17197e-07	-3.33837e-13	3.74276e-08	-0.000142778	5.26896e-07
16.6117	3.40259e-10	-2.17199e-07	-3.34116e-13	-3.39985e-08	-9.9187e-05	5.30037e-07
16.6117	1.83288e-10	-2.17202e-07	-3.3588e-13	-2.54414e-07	-0.000222035	5.32811e-07
16.6117	-2.71014e-10	-2.17205e-07	-3.40991e-13	2.09877e-07	0.000161931	5.35316e-07
16.6117	-5.10069e-10	-2.17207e-07	-3.43679e-13	7.93951e-08	0.000174308	5.37328e-07
16.6117	-5.15375e-10	-2.1721e-07	-3.43735e-13	-1.76757e-08	8.81207e-05	5.39037e-07
16.6117	-4.01764e-10	-2.17213e-07	-3.42453e-13	1.51205e-08	-0.00011639	5.40483e-07
16.6117	-4.4534e-10	-2.17215e-07	-3.42941e-13	-8.88207e-09	9.99654e-05	5.41561e-07
16.6117	-3.53531e-10	-2.17218e-07	-3.41904e-13	-9.65794e-09	2.41907e-05	5.42379e-07
16.6117	-2.28778e-10	-2.17221e-07	-3.40496e-13	1.32287e-08	-3.57105e-05	5.42911e-07
16.6117	-1.5243e-10	-2.17223e-07	-3.39634e-13	7.01426e-09	-3.73525e-05	5.43128e-07
16.6117	-1.26791e-10	-2.17226e-07	-3.39342e-13	-5.89697e-09	3.32276e-05	5.43076e-07
16.6117	-5.60563e-11	-2.17229e-07	-3.38542e-13	-6.46531e-08	-0.000221154	5.42715e-07
16.6117	-2.85304e-10	-2.17231e-07	-3.4112e-13	-1.49781e-08	-1.68782e-05	5.42069e-07
16.6117	-5.37086e-10	-2.17234e-07	-3.43951e-13	4.89122e-08	6.34378e-05	5.41129e-07
16.6117	-7.02617e-10	-2.17237e-07	-3.45811e-13	-1.23936e-08	0.000263767	5.39862e-07
16.6117	-5.12187e-10	-2.17239e-07	-3.43664e-13	2.76609e-09	-3.97151e-06	5.38297e-07
16.6117	-3.27697e-10	-2.17242e-07	-3.41584e-13	4.36699e-08	-0.000100081	5.36424e-07
16.6117	-2.77866e-10	-2.17245e-07	-3.4102e-13	-2.79351e-09	1.28052e-05	5.34253e-07
16.6117	-2.11184e-10	-2.17247e-07	-3.40266e-13	5.12689e-09	-7.13088e-05	5.31815e-07
16.6117	-2.39402e-10	-2.1725e-07	-3.40581e-13	-7.42281e-10	4.86529e-05	5.29095e-07
16.6117	-2.03286e-10	-2.17253e-07	-3.40171e-13	-3.5461e-10	2.47846e-06	5.26117e-07
16.6117	-1.64132e-10	-2.17255e-07	-3.39727e-13	-1.34044e-08	4.92207e-05	5.22861e-07
16.6117	-6.11042e-11	-2.17258e-07	-3.38564e-13	-1.26053e-08	2.72023e-05	5.19355e-07
16.6117	7.64105e-11	-2.1726e-07	-3.37013e-13	1.4796e-08	-3.29519e-05	5.15614e-07
16.6117	1.70576e-10	-2.17263e-07	-3.3595e-13	1.34323e-08	-7.13279e-05	5.11624e-07
16.6117	1.73123e-10	-2.17265e-07	-3.35918e-13	-2.8727e-08	-0.000109213	5.07436e-07
16.6117	3.76868e-11	-2.17268e-07	-3.3744e-13	2.85079e-08	0.000116788	5.03032e-07
16.6117	4.96735e-11	-2.1727e-07	-3.37302e-13	-4.074e-08	0.00011844	4.98422e-07
16.6117	2.08435e-10	-2.17273e-07	-3.35512e-13	-3.81029e-08	4.98306e-05	4.93632e-07
16.6117	4.26824e-10	-2.17275e-07	-3.33051e-13	7.67952e-08	-0.000208024	4.88648e-07
16.6117	3.90148e-10	-2.17278e-07	-3.33461e-13	-6.55208e-09	-2.92482e-05	4.83462e-07
16.6117	3.18714e-10	-2.1728e-07	-3.34262e-13	-3.06913e-08	-6.6303e-05	4.78134e-07
16.6117	1.69267e-10	-2.17282e-07	-3.35942e-13	3.91634e-08	0.000137683	4.72673e-07
16.6117	1.83307e-10	-2.17285e-07	-3.35781e-13	-2.64169e-08	9.15352e-05	4.67045e-07
16.6117	3.03403e-10	-2.17287e-07	-3.34426e-13	-4.22093e-07	0.000320242	4.61277e-07
16.6117	7.88954e-10	-2.17289e-07	-3.28957e-13	4.23347e-07	-0.000322694	4.55411e-07
16.6117	9.03241e-10	-2.17291e-07	-3.27668e-13	-4.78224e-09	-0.000211132	4.49454e-07
16.6117	7.80361e-10	-2.17294e-07	-3.29049e-13	-4.43099e-10	-8.02043e-07	4.43391e-07
16.6117	6.5828e-10	-2.17296e-07	-3.3042e-13	-6.34063e-09	0.000232696	4.37228e-07
16.6117	7.90467e-10	-2.17298e-07	-3.2893e-13	-6.90634e-08	8.42607e-05	4.30978e-07
16.6117	1.01087e-09	-2.173e-07	-3.26446e-13	-6.84779e-08	5.82355e-05	4.24687e-07
16.6117	1.28939e-09	-2.17302e-07	-3.23308e-13	1.50109e-08	-1.16144e-05	4.18355e-07
16.6117	1.55165e-09	-2.17304e-07	-3.20353e-13	4.18196e-08	-0.000469748	4.11959e-07
16.6117	1.32984e-09	-2.17306e-07	-3.22848e-13	1.12517e-07	0.000171111	4.0551e-07
16.6117	1.28362e-09	-2.17308e-07	-3.23366e-13	-4.83446e-08	0.000192416	3.99041e-07
16.6117	1.42854e-09	-2.1731e-07	-3.21732e-13	-1.71322e-07	0.000153507	3.92552e-07
16.6117	1.72048e-09	-2.17312e-07	-3.18443e-13	4.72685e-08	-3.33724e-05	3.86063e-07
16.6117	1.97563e-09	-2.17314e-07	-3.15569e-13	1.77549e-07	-0.000259404	3.79595e-07
16.6117	1.98239e-09	-2.17316e-07	-3.1549e-13	-2.62855e-08	9.5602e-05	3.73122e-07
16.6117	2.07744e-09	-2.17318e-07	-3.14418e-13	-3.23432e-08	5.0517e-05	3.66645e-07
16.6117	2.21673e-09	-2.1732e-07	-3.12848e-13	-1.60233e-08	1.96449e-05	3.60177e-07
16.6117	2.37106e-09	-2.17321e-07	-3.11108e-13	3.32681e-08	-0.000301814	3.53732e-07
16.6117	2.25814e-09	-2.17323e-07	-3.12377e-13	2.51745e-08	4.80189e-05	3.47324e-07
16.6117	2.18859e-09	-2.17325e-07	-3.13158e-13	3.0816e-09	0.000153664	3.4096e-07
16.6117	2.25009e-09	-2.17326e-07	-3.12464e-13	7.15425e-09	-2.34125e-05	3.34625e-07
16.6117	2.29103e-09	-2.17328e-07	-3.12001e-13	-8.97628e-07	0.000551833	3.28353e-07
16.6117	2.77991e-09	-2.1733e-07	-3.06496e-13	-2.45237e-07	7.66859e-05	3.2215e-07
16.6117	3.32064e-09	-2.17331e-07	-3.00406e-13	1.08392e-06	-0.000516623	3.15972e-07
16.6117	3.44682e-09	-2.17333e-07	-2.98984e-13	3.64278e-08	-0.000268299	3.09837e-07
16.6117	3.36476e-09	-2.17334e-07	-2.99906e-13	-2.78061e-07	-0.000243251	3.03765e-07
16.6117	3.10142e-09	-2.17336e-07	-3.02869e-13	2.77937e-07	0.000457472	2.97767e-07
16.6117	3.18044e-09	-2.17337e-07	-3.01978e-13	-9.08718e-07	0.000505133	2.91824e-07
16.6117	3.62266e-09	-2.17339e-07	-2.96998e-13	-1.42902e-06	0.000360568	2.8594e-07
16.6117	4.31105e-09	-2.1734e-07	-2.89246e-13	2.20635e-06	-0.000719836	2.80142e-07
16.6117	4.48649e-09	-2.17341e-07	-2.8727e-13	-6.84576e-07	-0.00083437	2.7441e-07
16.6117	4.09187e-09	-2.17343e-07	-2.91711e-13	3.26436e-07	0.000125965	2.68742e-07
16.6117	3.78916e-09	-2.17344e-07	-2.95117e-13	-3.10859e-07	0.00103121	2.63159e-07
16.6117	4.16405e-09	-2.17345e-07	-2.90895e-13	2.95893e-07	-0.000114053	2.57636e-07
16.6117	4.45834e-09	-2.17347e-07	-2.8758e-13	5.77703e-08	-2.57343e-05	2.52178e-07
16.6117	4.73033e-09	-2.17348e-07	-2.84517e-13	4.19124e-07	-0.000285974	2.46817e-07
16.6117	4.82197e-09	-2.17349e-07	-2.83484e-13	3.31345e-08	-0.000246498	2.41514e-07
16.6117	4.76443e-09	-2.1735e-07	-2.8413e-13	-7.09214e-08	-9.76836e-05	2.3627e-07
16.6117	4.65107e-09	-2.17351e-07	-2.85405e-13	-1.12145e-06	0.000891351	2.31113e-07
16.6117	5.04949e-09	-2.17353e-07	-2.80919e-13	-3.16983e-06	0.000627139	2.26008e-07
16.6117	5.78941e-09	-2.17354e-07	-2.72588e-13	-4.07451e-06	0.000515095	2.2096e-07
16.6117	6.79405e-09	-2.17355e-07	-2.61277e-13	7.82093e-06	-0.00133397	2.15987e-07
16.6117	7.06392e-09	-2.17356e-07	-2.58237e-13	-2.66091e-06	-0.00165446	2.11077e-07
16.6117	6.46467e-09	-2.17357e-07	-2.64982e-13	9.073e-07	0.000170609	2.06226e-07
16.6117	5.9662e-09	-2.17358e-07	-2.70592e-13	2.04735e-06	0.0013499	2.01448e-07
16.6117	6.15115e-09	-2.17359e-07	-2.68509e-13	-2.56731e-06	0.000707738	1.9672e-07
16.6117	6.67562e-09	-2.1736e-07	-2.62604e-13	-1.35041e-06	0.000226463	1.92041e-07
16.6117	7.29497e-09	-2.17361e-07	-2.5563e-13	3.87683e-06	-0.000912809	1.8744e-07
16.6117	7.4769e-09	-2.17362e-07	-2.53581e-13	-2.21557e-06	-0.00141315	1.82864e-07
16.6117	7.01638e-09	-2.17363e-07	-2.58764e-13	7.80563e-07	0.000166639	1.78317e-07
16.6117	6.64071e-09	-2.17363e-07	-2.62992e-13	1.81723e-06	0.000813888	1.73868e-07
16.6117	6.62371e-09	-2.17364e-07	-2.63183e-13	-3.98618e-09	-1.66343e-05	1.69457e-07
16.6117	6.60019e-09	-2.17365e-07	-2.63447e-13	-8.63507e-08	-0.00013793	1.65045e-07
16.6117	6.52114e-09	-2.17366e-07	-2.64336e-13	-1.08783e-06	0.000881804	1.607e-07
16.6117	6.79371e-09	-2.17367e-07	-2.61266e-13	-3.90072e-06	0.000738237	1.56414e-07
16.6117	7.34364e-09	-2.17367e-07	-2.55074e-13	-2.77319e-06	0.000346796	1.52125e-07
16.6117	8.00829e-09	-2.17368e-07	-2.47591e-13	-4.70106e-05	0.00291174	1.47885e-07
16.6117	9.71567e-09	-2.17369e-07	-2.28369e-13	-5.44441e-05	0.00192713	1.43747e-07
16.6117	1.20578e-08	-2.1737e-07	-2.02002e-13	4.87403e-05	-0.00168969	1.39603e-07
16.6117	1.37498e-08	-2.1737e-07	-1.82954e-13	4.31516e-05	-0.00756138	1.35418e-07
16.6117	1.28699e-08	-2.17371e-07	-1.92858e-13	-0.000146785	-0.0054632	1.31357e-07
16.6117	1.0249e-08	-2.17372e-07	-2.22362e-13	-0.000122831	-0.00260853	1.27434e-07
16.6117	6.88879e-09	-2.17372e-07	-2.60189e-13	-0.000288094	-0.00444526	1.23582e-07
16.6117	2.27815e-09	-2.17373e-07	-3.12093e-13	-0.00018028	-0.00220989	1.19757e-07
16.6117	-2.83775e-09	-2.17373e-07	-3.69684e-13	4.48614e-05	0.000522615	1.15898e-07
16.6117	-7.63663e-09	-2.17374e-07	-4.23707e-13	0.000452014	0.00667786	1.11967e-07
16.6117	-1.04316e-08	-2.17375e-07	-4.5517e-13	0.000235141	0.0132248	1.08069e-07
16.6117	-9.61969e-09	-2.17375e-07	-4.4603e-13	-0.000629787	0.0130919	1.04535e-07
16.6117	-5.46476e-09	-2.17376e-07	-3.99255e-13	-0.00181485	0.0151721	1.01625e-07
16.6117	2.39298e-09	-2.17376e-07	-3.10796e-13	-0.00159428	0.00878229	9.90566e-08
16.6117	1.21955e-08	-2.17377e-07	-2.00444e-13	-0.00147332	0.00662398	9.64822e-08
16.6117	2.33166e-08	-2.17377e-07	-7.52476e-14	0.000887301	-0.00386041	9.34088e-08
16.6117	3.31358e-08	-2.17377e-07	3.52925e-14	0.00128291	-0.0063332	8.98825e-08
16.6117	4.11867e-08	-2.17378e-07	1.25927e-13	0.00146932	-0.00906103	8.64944e-08
16.6117	4.70144e-08	-2.17378e-07	1.91532e-13	0.00158287	-0.0162853	8.3278e-08
16.6117	4.93001e-08	-2.17379e-07	2.17264e-13	0.000233772	-0.0168265	8.0503e-08
16.6117	4.81826e-08	-2.17379e-07	2.04683e-13	-0.00129394	-0.0177608	7.84589e-08
16.6117	4.3642e-08	-2.17379e-07	1.53568e-13	-0.00237655	-0.0151494	7.70789e-08
16.6117	3.62664e-08	-2.1738e-07	7.05379e-14	-7.70316e-05	-0.000390125	7.57963e-08
16.6117	2.89599e-08	-2.1738e-07	-1.17138e-14	-0.000194186	-0.000965872	7.45903e-08
16.6117	2.15655e-08	-2.17381e-07	-9.49561e-14	0.000578698	0.00295584	7.36916e-08
16.6117	1.47985e-08	-2.17381e-07	-1.71135e-13	0.000973413	0.00561844	7.28826e-08
16.6117	9.11969e-09	-2.17381e-07	-2.35064e-13	-0.00109425	-0.00625557	7.26222e-08
16.6117	2.28493e-09	-2.17382e-07	-3.12006e-13	0.00154784	0.00926312	7.24881e-08
16.6117	-2.82975e-09	-2.17382e-07	-3.69584e-13	0.00108127	0.00901364	7.21851e-08
16.6117	-6.31166e-09	-2.17382e-07	-4.08781e-13	0.000929367	0.017919	7.22331e-08
16.6117	-6.56285e-09	-2.17383e-07	-4.11609e-13	-1.87644e-05	0.00446072	7.27601e-08
16.6117	-6.00084e-09	-2.17383e-07	-4.05281e-13	-0.000111373	0.00427457	7.38411e-08
16.6117	-4.63271e-09	-2.17383e-07	-3.89879e-13	-7.06117e-06	0.000189659	7.53624e-08
16.6117	-3.19657e-09	-2.17384e-07	-3.73711e-13	-0.000206808	0.00427138	7.73531e-08
16.6117	-8.80105e-10	-2.17384e-07	-3.47633e-13	0.000181039	-0.00361647	7.97405e-08
16.6117	7.78622e-10	-2.17385e-07	-3.2896e-13	-2.39446e-05	0.000564683	8.25446e-08
16.6117	2.61911e-09	-2.17385e-07	-3.0824e-13	0.000178659	-0.00646833	8.58123e-08
16.6117	3.11964e-09	-2.17385e-07	-3.02605e-13	6.09248e-06	-0.000615584	8.95721e-08
16.6117	3.50244e-09	-2.17386e-07	-2.98295e-13	-1.10191e-05	-0.00435505	9.39297e-08
16.6117	2.85668e-09	-2.17386e-07	-3.05564e-13	-9.32621e-06	-0.000622736	9.8937e-08
16.6117	2.01673e-09	-2.17387e-07	-3.15019e-13	-2.18026e-05	-0.00112665	1.04705e-07
16.6117	8.22152e-10	-2.17387e-07	-3.28466e-13	2.61489e-06	0.00011956	1.11339e-07
16.6117	-4.16704e-10	-2.17388e-07	-3.42412e-13	-3.36934e-05	-0.0013504	1.19019e-07
16.6117	-2.16047e-09	-2.17389e-07	-3.62042e-13	1.60118e-06	5.68038e-05	1.27978e-07
16.6117	-4.02204e-09	-2.17389e-07	-3.82998e-13	-1.51338e-05	-0.00051586	1.38486e-07
16.6117	-6.22881e-09	-2.1739e-07	-4.07839e-13	-1.37835e-05	-0.000434584	1.50951e-07
16.6117	-8.81464e-09	-2.17391e-07	-4.36948e-13	1.20742e-05	0.00037903	1.6592e-07
16.6117	-1.15038e-08	-2.17392e-07	-4.67221e-13	5.82942e-05	0.00232321	1.84273e-07
16.6117	-1.33779e-08	-2.17393e-07	-4.88317e-13	3.44465e-05	0.0028135	2.07434e-07
16.6117	-1.39519e-08	-2.17394e-07	-4.94777e-13	2.71232e-06	0.00105384	2.38037e-07
16.6117	-1.39441e-08	-2.17395e-07	-4.94688e-13	-3.87099e-07	-0.000405859	2.81481e-07
16.6117	-1.42466e-08	-2.17396e-07	-4.98092e-13	-4.99436e-06	-0.00107352	3.50487e-07
16.6117	-1.56905e-08	-2.17398e-07	-5.14345e-13	1.28938e-06	0.000187771	4.83447e-07
16.6117	-1.75241e-08	-2.17401e-07	-5.34982e-13	3.94035e-06	0.00152609	8.30916e-07
16.6117	-1.68528e-08	-2.17407e-07	-5.27419e-13	-1.38534e-06	0.000537546	3.06836e-06
16.6117	-6.95593e-09	-2.17432e-07	-4.15975e-13	-0.399998	-0.000784262	0.00266476
16.6091	-7.74143e-09	-1.91094e-07	-4.5632e-13	0.4	1.00799e-07	0.00528653
