16.6119	-6.78385e-09	-2.19714e-07	-3.99538e-13	-4.90308e-05	-0.00442835	0.00265268
16.6119	-5.48022e-08	-2.19736e-07	-9.4549e-13	-0.00298751	0.0391471	2.31679e-06
16.6119	-2.90949e-08	-2.19737e-07	-6.53193e-13	-0.011303	0.0396465	2.32327e-07
16.6119	2.22735e-09	-2.19738e-07	-2.97052e-13	0.00282793	-0.0074913	1.47013e-07
16.6119	2.32172e-08	-2.19739e-07	-5.83934e-14	0.00825666	-0.0309381	1.1637e-07
16.6119	3.28473e-08	-2.19739e-07	5.1103e-14	0.00291286	-0.024243	1.04051e-07
16.6119	3.57971e-08	-2.1974e-07	8.46438e-14	0.000219752	-0.00469824	1.00217e-07
16.6119	3.75375e-08	-2.1974e-07	1.04432e-13	-0.000127361	0.00299644	9.97514e-08
16.6119	4.00347e-08	-2.19741e-07	1.32827e-13	-0.000375898	0.00581561	1.00699e-07
16.6119	4.40424e-08	-2.19741e-07	1.78396e-13	2.2988e-05	-0.00029268	1.02292e-07
16.6119	4.80437e-08	-2.19742e-07	2.23892e-13	0.000312105	-0.00473803	1.0409e-07
16.6119	5.08728e-08	-2.19742e-07	2.5606e-13	0.000207106	-0.00500043	1.0607e-07
16.6119	5.24196e-08	-2.19743e-07	2.73648e-13	5.50228e-05	-0.00240595	1.08269e-07
16.6119	5.33413e-08	-2.19743e-07	2.84128e-13	2.62102e-05	-0.0024363	1.10622e-07
16.6119	5.36023e-08	-2.19744e-07	2.87096e-13	1.5915e-06	-0.00141759	1.13081e-07
16.6119	5.34638e-08	-2.19744e-07	2.85523e-13	-4.71242e-06	-0.00097157	1.15626e-07
16.6119	5.30383e-08	-2.19745e-07	2.80685e-13	-3.06502e-05	-0.00233603	1.1826e-07
16.6119	5.19046e-08	-2.19746e-07	2.67794e-13	-1.07327e-05	-0.000529065	1.20973e-07
16.6119	5.05829e-08	-2.19746e-07	2.52768e-13	-0.000127159	-0.0040161	1.238e-07
16.6119	4.79723e-08	-2.19747e-07	2.23086e-13	-0.000169846	-0.00338288	1.26766e-07
16.6119	4.42138e-08	-2.19747e-07	1.80351e-13	-0.000165909	-0.00254818	1.29829e-07
16.6119	3.95274e-08	-2.19748e-07	1.27067e-13	-0.00015153	-0.00198039	1.32979e-07
16.6119	3.40607e-08	-2.19749e-07	6.49109e-14	-0.000235986	-0.00267346	1.36251e-07
16.6119	2.75362e-08	-2.19749e-07	-9.27308e-15	-0.000113406	-0.00115755	1.39605e-07
16.6119	2.04439e-08	-2.1975e-07	-8.99129e-14	-0.000146189	-0.00139945	1.43023e-07
16.6119	1.26706e-08	-2.19751e-07	-1.78296e-13	6.18476e-05	0.000580493	1.46477e-07
16.6119	4.92818e-09	-2.19752e-07	-2.66328e-13	0.0003122	0.00322215	1.49857e-07
16.6119	-1.76774e-09	-2.19752e-07	-3.42461e-13	0.000200466	0.00242708	1.53276e-07
16.6119	-7.6779e-09	-2.19753e-07	-4.0966e-13	8.7451e-05	0.00119033	1.56872e-07
16.6119	-1.32563e-08	-2.19754e-07	-4.73086e-13	0.000227256	0.00371852	1.60552e-07
16.6119	-1.74542e-08	-2.19755e-07	-5.20816e-13	4.39721e-05	0.000887541	1.64346e-07
16.6119	-2.13843e-08	-2.19756e-07	-5.65501e-13	0.000135625	0.00352424	1.68267e-07
16.6119	-2.39073e-08	-2.19756e-07	-5.94187e-13	8.64125e-05	0.00669715	1.72262e-07
16.6119	-2.35724e-08	-2.19757e-07	-5.90378e-13	-0.000141601	0.00679519	1.76475e-07
16.6119	-2.01942e-08	-2.19758e-07	-5.51966e-13	-0.00057518	0.00937102	1.81083e-07
16.6119	-1.24249e-08	-2.19759e-07	-4.63627e-13	-2.53596e-05	0.000295819	1.85742e-07
16.6119	-4.32765e-09	-2.1976e-07	-3.71559e-13	0.000171029	-0.00210754	1.90154e-07
16.6119	2.94403e-09	-2.19761e-07	-2.88878e-13	0.000174123	-0.00250455	1.94555e-07
16.6119	9.15162e-09	-2.19762e-07	-2.18295e-13	0.000221038	-0.00419599	1.99014e-07
16.6119	1.33892e-08	-2.19763e-07	-1.70112e-13	0.000140247	-0.00456632	2.03569e-07
16.6119	1.53741e-08	-2.19764e-07	-1.47542e-13	3.57275e-05	-0.00461826	2.08293e-07
16.6119	1.49727e-08	-2.19765e-07	-1.52105e-13	-1.07051e-05	-0.00144308	2.13173e-07
16.6119	1.37839e-08	-2.19766e-07	-1.65621e-13	-4.08849e-05	-0.00240072	2.1817e-07
16.6119	1.12426e-08	-2.19767e-07	-1.94514e-13	-7.03727e-05	-0.00241914	2.23275e-07
16.6119	7.27604e-09	-2.19768e-07	-2.39614e-13	-1.00441e-05	-0.000280183	2.28436e-07
16.6119	3.05699e-09	-2.1977e-07	-2.87584e-13	6.92571e-05	0.00223798	2.33573e-07
16.6119	6.57065e-11	-2.19771e-07	-3.21594e-13	5.30719e-05	0.00295728	2.38723e-07
16.6119	-1.20719e-09	-2.19772e-07	-3.36065e-13	1.05742e-05	0.00163856	2.43959e-07
16.6119	-1.49778e-09	-2.19773e-07	-3.39368e-13	-1.29934e-06	0.00133269	2.49268e-07
16.6119	-9.55274e-10	-2.19774e-07	-3.33198e-13	-8.76158e-06	0.00119935	2.54626e-07
16.6119	3.70347e-10	-2.19776e-07	-3.18124e-13	-1.75506e-05	0.0012958	2.60032e-07
16.6119	2.57512e-09	-2.19777e-07	-2.93054e-13	1.20719e-05	-0.000819212	2.65472e-07
16.6119	4.27634e-09	-2.19778e-07	-2.73709e-13	1.53219e-05	-0.00198119	2.70944e-07
16.6119	4.65683e-09	-2.1978e-07	-2.69382e-13	-1.69922e-06	-0.00155052	2.76478e-07
16.6119	3.96255e-09	-2.19781e-07	-2.77274e-13	-1.14082e-06	-0.000207737	2.82077e-07
16.6119	3.10633e-09	-2.19783e-07	-2.87008e-13	1.01627e-06	0.000182997	2.87743e-07
16.6119	2.3659e-09	-2.19784e-07	-2.95425e-13	-1.75827e-07	-3.39381e-05	2.93484e-07
16.6119	1.58561e-09	-2.19785e-07	-3.04295e-13	2.70794e-06	0.000892208	2.99281e-07
16.6119	1.46405e-09	-2.19787e-07	-3.05676e-13	-5.76253e-07	0.000667264	3.05136e-07
16.6119	1.85405e-09	-2.19789e-07	-3.0124e-13	5.0743e-07	-0.000275222	3.11086e-07
16.6119	2.03554e-09	-2.1979e-07	-2.99175e-13	5.87043e-08	-0.000404163	3.17133e-07
16.6119	1.89703e-09	-2.19792e-07	-3.00748e-13	-7.20629e-08	-6.93835e-05	3.23231e-07
16.6119	1.69929e-09	-2.19793e-07	-3.02994e-13	-5.3731e-07	-0.000280738	3.29309e-07
16.6119	1.26464e-09	-2.19795e-07	-3.07934e-13	2.35059e-07	9.92834e-05	3.35301e-07
16.6119	9.06185e-10	-2.19797e-07	-3.12008e-13	3.0466e-07	0.000664288	3.41182e-07
16.6119	1.113e-09	-2.19798e-07	-3.09655e-13	-2.05461e-07	0.000133727	3.46945e-07
16.6119	1.44019e-09	-2.198e-07	-3.05932e-13	3.37208e-07	-0.000445575	3.52616e-07
16.6119	1.37672e-09	-2.19802e-07	-3.06652e-13	-6.97521e-08	-0.000110238	3.58274e-07
16.6119	1.21271e-09	-2.19804e-07	-3.08515e-13	8.14877e-08	0.000201861	3.64001e-07
16.6119	1.23124e-09	-2.19806e-07	-3.08302e-13	-1.91184e-08	-0.000109944	3.69832e-07
16.6119	1.14759e-09	-2.19807e-07	-3.09251e-13	-4.28811e-08	-6.90185e-05	3.7577e-07
16.6119	9.97254e-10	-2.19809e-07	-3.10958e-13	6.07769e-08	0.000188717	3.81805e-07
16.6119	1.02607e-09	-2.19811e-07	-3.10629e-13	1.40465e-09	-1.16443e-05	3.87926e-07
16.6119	1.04396e-09	-2.19813e-07	-3.10423e-13	-1.04763e-07	0.000187221	3.94155e-07
16.6119	1.2481e-09	-2.19815e-07	-3.081e-13	9.781e-08	-0.000261348	4.00569e-07
16.6119	1.19174e-09	-2.19817e-07	-3.08738e-13	-1.05852e-07	-0.000157383	4.07281e-07
16.6119	9.72814e-10	-2.19819e-07	-3.11225e-13	6.94237e-08	8.0212e-05	4.14436e-07
16.6119	8.33786e-10	-2.19821e-07	-3.12804e-13	3.77526e-08	8.21366e-05	4.22216e-07
16.6119	7.79586e-10	-2.19823e-07	-3.13417e-13	-3.10525e-09	0.000112734	4.30751e-07
16.6119	8.4691e-10	-2.19826e-07	-3.12649e-13	-1.65444e-08	4.03317e-05	4.39958e-07
16.6119	9.6054e-10	-2.19828e-07	-3.11355e-13	2.43394e-08	-7.55494e-05	4.49562e-07
16.6119	9.90825e-10	-2.1983e-07	-3.11008e-13	-1.58621e-07	-0.000279955	4.59165e-07
16.6119	6.9706e-10	-2.19832e-07	-3.14346e-13	-1.9854e-08	-1.52192e-05	4.68304e-07
16.6119	3.79741e-10	-2.19835e-07	-3.17951e-13	-6.02559e-08	-4.16504e-05	4.76645e-07
16.6119	7.08461e-12	-2.19837e-07	-3.22185e-13	2.39706e-07	0.000292257	4.84112e-07
16.6119	-1.47478e-11	-2.1984e-07	-3.22431e-13	-2.2131e-07	0.000315977	4.90959e-07
16.6119	3.53578e-10	-2.19842e-07	-3.1824e-13	1.2964e-07	-0.000105743	4.97855e-07
16.6119	5.94671e-10	-2.19845e-07	-3.15496e-13	9.14485e-08	-0.000212565	5.05661e-07
16.6119	5.6887e-10	-2.19847e-07	-3.15787e-13	-7.0108e-08	-0.00014844	5.13304e-07
16.6119	3.50973e-10	-2.1985e-07	-3.18261e-13	6.30254e-08	0.000225625	5.19217e-07
16.6119	4.25246e-10	-2.19852e-07	-3.17414e-13	-7.35452e-09	2.1697e-05	5.23852e-07
16.6119	5.28657e-10	-2.19855e-07	-3.16235e-13	-2.12685e-08	4.25685e-05	5.28192e-07
16.6119	6.89382e-10	-2.19858e-07	-3.14405e-13	3.58682e-08	-0.000139775	5.32161e-07
16.6119	6.64602e-10	-2.1986e-07	-3.14683e-13	-3.25844e-08	-9.71007e-05	5.35334e-07
16.6119	5.09395e-10	-2.19863e-07	-3.16445e-13	-2.43827e-07	-0.000217365	5.38136e-07
16.6119	6.02003e-11	-2.19866e-07	-3.21549e-13	2.01143e-07	0.000158525	5.40665e-07
16.6119	-1.76169e-10	-2.19868e-07	-3.24234e-13	7.60923e-08	0.000170642	5.42698e-07
16.6119	-1.81418e-10	-2.19871e-07	-3.24291e-13	-1.69389e-08	8.62672e-05	5.44424e-07
16.6119	-6.90887e-11	-2.19874e-07	-3.2301e-13	1.44898e-08	-0.000113942	5.45885e-07
16.6119	-1.12177e-10	-2.19877e-07	-3.23497e-13	-8.51125e-09	9.78628e-05	5.46973e-07
16.6119	-2.14046e-11	-2.19879e-07	-3.22462e-13	-9.25566e-09	2.36819e-05	5.47799e-07
16.6119	1.01942e-10	-2.19882e-07	-3.21056e-13	1.26777e-08	-3.49594e-05	5.48336e-07
16.6119	1.77429e-10	-2.19885e-07	-3.20195e-13	6.72189e-09	-3.65668e-05	5.48556e-07
16.6119	2.02776e-10	-2.19887e-07	-3.19904e-13	-5.65115e-09	3.25287e-05	5.48503e-07
16.6119	2.72711e-10	-2.1989e-07	-3.19105e-13	-6.19644e-08	-0.000216503	5.48139e-07
16.6119	4.60396e-11	-2.19893e-07	-3.2168e-13	-1.43551e-08	-1.65234e-05	5.47486e-07
16.6119	-2.02913e-10	-2.19896e-07	-3.24507e-13	4.68772e-08	6.21037e-05	5.46537e-07
16.6119	-3.66585e-10	-2.19898e-07	-3.26365e-13	-1.18749e-08	0.00025822	5.45257e-07
16.6119	-1.783e-10	-2.19901e-07	-3.24221e-13	2.65105e-09	-3.88818e-06	5.43676e-07
16.6119	4.11072e-12	-2.19904e-07	-3.22144e-13	4.1851e-08	-9.7976e-05	5.41785e-07
16.6119	5.3378e-11	-2.19907e-07	-3.21581e-13	-2.67708e-09	1.25358e-05	5.39592e-07
16.6119	1.19307e-10	-2.19909e-07	-3.20828e-13	4.91269e-09	-6.98089e-05	5.3713e-07
16.6119	9.14039e-11	-2.19912e-07	-3.21143e-13	-7.10842e-10	4.76296e-05	5.34383e-07
16.6119	1.2711e-10	-2.19915e-07	-3.20734e-13	-3.39819e-10	2.42631e-06	5.31374e-07
16.6119	1.65821e-10	-2.19917e-07	-3.2029e-13	-1.28459e-08	4.81854e-05	5.28087e-07
16.6119	2.67687e-10	-2.1992e-07	-3.19129e-13	-1.20803e-08	2.66302e-05	5.24545e-07
16.6119	4.03651e-10	-2.19922e-07	-3.1758e-13	1.41798e-08	-3.22588e-05	5.20767e-07
16.6119	4.96754e-10	-2.19925e-07	-3.16519e-13	1.28724e-08	-6.98277e-05	5.16737e-07
16.6119	4.9927e-10	-2.19928e-07	-3.16487e-13	-2.75325e-08	-0.000106916	5.12507e-07
16.6119	3.65354e-10	-2.1993e-07	-3.18007e-13	2.73226e-08	0.000114332	5.08059e-07
16.6119	3.77203e-10	-2.19933e-07	-3.1787e-13	-3.9043e-08	0.000115949	5.03403e-07
16.6119	5.34176e-10	-2.19935e-07	-3.16082e-13	-3.65163e-08	4.87825e-05	4.98565e-07
16.6119	7.50105e-10	-2.19938e-07	-3.13624e-13	7.35963e-08	-0.000203649	4.93532e-07
16.6119	7.13839e-10	-2.1994e-07	-3.14034e-13	-6.27969e-09	-2.8633e-05	4.88293e-07
16.6119	6.43205e-10	-2.19943e-07	-3.14834e-13	-2.94147e-08	-6.49086e-05	4.82912e-07
16.6119	4.95437e-10	-2.19945e-07	-3.16511e-13	3.75349e-08	0.000134787	4.77396e-07
16.6119	5.09317e-10	-2.19947e-07	-3.16351e-13	-2.53164e-08	8.961e-05	4.71713e-07
16.6119	6.28059e-10	-2.1995e-07	-3.14998e-13	-4.0452e-07	0.000313506	4.65887e-07
16.6119	1.10814e-09	-2.19952e-07	-3.09537e-13	4.05722e-07	-0.000315906	4.59962e-07
16.6119	1.22114e-09	-2.19954e-07	-3.0825e-13	-4.58549e-09	-0.000206691	4.53946e-07
16.6119	1.09964e-09	-2.19957e-07	-3.09628e-13	-4.24646e-10	-7.85141e-07	4.47822e-07
16.6119	9.78934e-10	-2.19959e-07	-3.10998e-13	-6.07417e-09	0.000227801	4.41597e-07
16.6119	1.10963e-09	-2.19961e-07	-3.0951e-13	-6.6188e-08	8.24887e-05	4.35285e-07
16.6119	1.32755e-09	-2.19963e-07	-3.0703e-13	-6.56266e-08	5.70102e-05	4.2893e-07
16.6119	1.60293e-09	-2.19965e-07	-3.03896e-13	1.43857e-08	-1.13699e-05	4.22536e-07
16.6119	1.86225e-09	-2.19967e-07	-3.00945e-13	4.00738e-08	-0.000459868	4.16075e-07
16.6119	1.64293e-09	-2.19969e-07	-3.03437e-13	1.07836e-07	0.000167512	4.09563e-07
16.6119	1.59722e-09	-2.19971e-07	-3.03954e-13	-4.63302e-08	0.000188369	4.03028e-07
16.6119	1.74051e-09	-2.19973e-07	-3.02323e-13	-1.64189e-07	0.000150278	3.96475e-07
16.6119	2.02917e-09	-2.19975e-07	-2.99038e-13	4.53005e-08	-3.26704e-05	3.89921e-07
16.6119	2.28144e-09	-2.19977e-07	-2.96168e-13	1.70156e-07	-0.000253948	3.83388e-07
16.6119	2.28813e-09	-2.19979e-07	-2.9609e-13	-2.51904e-08	9.35912e-05	3.76851e-07
16.6119	2.38211e-09	-2.19981e-07	-2.95019e-13	-3.09964e-08	4.94544e-05	3.70309e-07
16.6119	2.51982e-09	-2.19983e-07	-2.93451e-13	-1.53562e-08	1.92318e-05	3.63776e-07
16.6119	2.67242e-09	-2.19985e-07	-2.91714e-13	3.188e-08	-0.000295466	3.57267e-07
16.6119	2.56076e-09	-2.19987e-07	-2.92982e-13	2.41271e-08	4.70089e-05	3.50795e-07
16.6119	2.49199e-09	-2.19988e-07	-2.93762e-13	2.95505e-09	0.000150432	3.44368e-07
16.6119	2.5528e-09	-2.1999e-07	-2.93068e-13	6.85622e-09	-2.29201e-05	3.37969e-07
16.6119	2.59328e-09	-2.19992e-07	-2.92606e-13	-8.6026e-07	0.000540227	3.31634e-07
16.6119	3.07666e-09	-2.19993e-07	-2.87108e-13	-2.35029e-07	7.50731e-05	3.25369e-07
16.6119	3.61131e-09	-2.19995e-07	-2.81027e-13	1.0388e-06	-0.000505758	3.1913e-07
16.6119	3.73606e-09	-2.19996e-07	-2.79607e-13	3.49085e-08	-0.000262656	3.12934e-07
16.6119	3.65492e-09	-2.19998e-07	-2.80528e-13	-2.6649e-07	-0.000238135	3.06801e-07
16.6119	3.39454e-09	-2.2e-07	-2.83487e-13	2.66374e-07	0.00044785	3.00742e-07
16.6119	3.47267e-09	-2.20001e-07	-2.82597e-13	-8.70889e-07	0.000494509	2.9474e-07
16.6119	3.90992e-09	-2.20002e-07	-2.77624e-13	-1.36954e-06	0.000352985	2.88798e-07
16.6119	4.59056e-09	-2.20004e-07	-2.69883e-13	2.11451e-06	-0.000704697	2.82941e-07
16.6119	4.76402e-09	-2.20005e-07	-2.67909e-13	-6.56089e-07	-0.00081682	2.77152e-07
16.6119	4.37384e-09	-2.20007e-07	-2.72344e-13	3.12847e-07	0.000123314	2.71427e-07
16.6119	4.07454e-09	-2.20008e-07	-2.75746e-13	-2.97908e-07	0.00100952	2.65788e-07
16.6119	4.44521e-09	-2.20009e-07	-2.71529e-13	2.83578e-07	-0.000111655	2.60211e-07
16.6119	4.73619e-09	-2.20011e-07	-2.6822e-13	5.53615e-08	-2.51912e-05	2.54698e-07
16.6119	5.00511e-09	-2.20012e-07	-2.6516e-13	4.01677e-07	-0.00027996	2.49283e-07
16.6119	5.09572e-09	-2.20013e-07	-2.64129e-13	3.17528e-08	-0.000241313	2.43928e-07
16.6119	5.03883e-09	-2.20014e-07	-2.64774e-13	-6.79705e-08	-9.5629e-05	2.38631e-07
16.6119	4.92674e-09	-2.20015e-07	-2.66047e-13	-1.07476e-06	0.000872604	2.33423e-07
16.6119	5.32068e-09	-2.20017e-07	-2.61567e-13	-3.03789e-06	0.000613949	2.28266e-07
16.6119	6.05227e-09	-2.20018e-07	-2.53247e-13	-3.90492e-06	0.000504263	2.23168e-07
16.6119	7.04561e-09	-2.20019e-07	-2.41952e-13	7.49539e-06	-0.00130592	2.18146e-07
16.6119	7.31244e-09	-2.2002e-07	-2.38917e-13	-2.55015e-06	-0.00161966	2.13187e-07
16.6119	6.71993e-09	-2.20021e-07	-2.45652e-13	8.69507e-07	0.000167015	2.08287e-07
16.6119	6.22707e-09	-2.20022e-07	-2.51255e-13	1.96215e-06	0.00132151	2.03461e-07
16.6119	6.40994e-09	-2.20023e-07	-2.49175e-13	-2.46043e-06	0.00069285	1.98686e-07
16.6119	6.9285e-09	-2.20024e-07	-2.43277e-13	-1.29424e-06	0.000221706	1.9396e-07
16.6119	7.54089e-09	-2.20025e-07	-2.36313e-13	3.71548e-06	-0.000893614	1.89313e-07
16.6119	7.72077e-09	-2.20026e-07	-2.34267e-13	-2.12336e-06	-0.00138343	1.84691e-07
16.6119	7.26543e-09	-2.20027e-07	-2.39443e-13	7.4807e-07	0.000163133	1.80099e-07
16.6119	6.89398e-09	-2.20028e-07	-2.43666e-13	1.74161e-06	0.000796771	1.75605e-07
16.6119	6.87717e-09	-2.20029e-07	-2.43856e-13	-3.82046e-09	-1.62845e-05	1.71151e-07
16.6119	6.85392e-09	-2.20029e-07	-2.44119e-13	-8.27576e-08	-0.000135028	1.66695e-07
16.6119	6.77575e-09	-2.2003e-07	-2.45007e-13	-1.04255e-06	0.000863259	1.62306e-07
16.6119	7.04525e-09	-2.20031e-07	-2.41942e-13	-3.73834e-06	0.000722708	1.57977e-07
16.6119	7.589e-09	-2.20032e-07	-2.35759e-13	-2.65779e-06	0.000339507	1.53645e-07
16.6119	8.24617e-09	-2.20033e-07	-2.28286e-13	-4.50546e-05	0.00285054	1.49362e-07
16.6119	9.93435e-09	-2.20033e-07	-2.0909e-13	-5.21805e-05	0.00188669	1.45181e-07
16.6119	1.22501e-08	-2.20034e-07	-1.82758e-13	4.67139e-05	-0.00165424	1.40996e-07
16.6119	1.39231e-08	-2.20035e-07	-1.63736e-13	4.13563e-05	-0.00740241	1.3677e-07
16.6119	1.30531e-08	-2.20035e-07	-1.73627e-13	-0.000140684	-0.00534856	1.32667e-07
16.6119	1.04617e-08	-2.20036e-07	-2.03091e-13	-0.000117734	-0.002554	1.28702e-07
16.6119	7.13926e-09	-2.20037e-07	-2.40867e-13	-0.000276178	-0.00435293	1.24806e-07
16.6119	2.58049e-09	-2.20037e-07	-2.927e-13	-0.000172848	-0.00216431	1.20937e-07
16.6119	-2.47785e-09	-2.20038e-07	-3.50214e-13	4.30143e-05	0.000511863	1.17038e-07
16.6119	-7.22275e-09	-2.20038e-07	-4.04163e-13	0.000433331	0.00653931	1.13074e-07
16.6119	-9.98623e-09	-2.20039e-07	-4.35584e-13	0.000225373	0.0129472	1.09146e-07
16.6119	-9.1835e-09	-2.2004e-07	-4.26456e-13	-0.000603696	0.0128186	1.05572e-07
16.6119	-5.07531e-09	-2.2004e-07	-3.79745e-13	-0.001741	0.0148666	1.02607e-07
16.6119	2.69402e-09	-2.20041e-07	-2.91406e-13	-0.00153102	0.00861483	9.99792e-08
16.6119	1.23862e-08	-2.20041e-07	-1.81203e-13	-0.00141617	0.00650376	9.73504e-08
16.6119	2.33822e-08	-2.20042e-07	-5.61762e-14	0.000853056	-0.00379115	9.42434e-08
16.6119	3.3091e-08	-2.20042e-07	5.42141e-14	0.00123258	-0.00621541	9.07058e-08
16.6119	4.10513e-08	-2.20042e-07	1.44725e-13	0.00141041	-0.00888442	8.7311e-08
16.6119	4.68135e-08	-2.20043e-07	2.10242e-13	0.00151804	-0.0159528	8.40905e-08
16.6119	4.90734e-08	-2.20043e-07	2.35939e-13	0.000224069	-0.0164734	8.13042e-08
16.6119	4.79685e-08	-2.20044e-07	2.23375e-13	-0.00124065	-0.0173938	7.9231e-08
16.6119	4.3479e-08	-2.20044e-07	1.7233e-13	-0.00228124	-0.0148534	7.78079e-08
16.6119	3.61863e-08	-2.20044e-07	8.94116e-14	-7.39662e-05	-0.000382649	7.64941e-08
16.6119	2.89621e-08	-2.20045e-07	7.27137e-15	-0.000186634	-0.000948251	7.52746e-08
16.6119	2.16509e-08	-2.20045e-07	-7.58582e-14	0.000555959	0.00290069	7.43705e-08
16.6119	1.496e-08	-2.20046e-07	-1.51934e-13	0.000934618	0.0055104	7.35662e-08
16.6119	9.34505e-09	-2.20046e-07	-2.15776e-13	-0.00105071	-0.00613568	7.33023e-08
16.6119	2.58718e-09	-2.20046e-07	-2.92614e-13	0.001486	0.00908385	7.31701e-08
16.6119	-2.46996e-09	-2.20047e-07	-3.50114e-13	0.00103723	0.00883207	7.28843e-08
16.6119	-5.9127e-09	-2.20047e-07	-3.89258e-13	0.000890939	0.0175457	7.2948e-08
16.6119	-6.16106e-09	-2.20047e-07	-3.92082e-13	-1.79838e-05	0.00436693	7.34869e-08
16.6119	-5.60537e-09	-2.20048e-07	-3.85763e-13	-0.00010674	0.00418477	7.45779e-08
16.6119	-4.25264e-09	-2.20048e-07	-3.70382e-13	-6.77161e-06	0.00018579	7.61134e-08
16.6119	-2.83265e-09	-2.20048e-07	-3.54236e-13	-0.000198227	0.00418209	7.8122e-08
16.6119	-5.42248e-10	-2.20049e-07	-3.28193e-13	0.00017353	-0.00354094	8.05332e-08
16.6119	1.09782e-09	-2.20049e-07	-3.09545e-13	-2.29514e-05	0.000552889	8.33663e-08
16.6119	2.9176e-09	-2.2005e-07	-2.88853e-13	0.000171234	-0.00633264	8.6668e-08
16.6119	3.4125e-09	-2.2005e-07	-2.83226e-13	5.83884e-06	-0.000602633	9.04671e-08
16.6119	3.79099e-09	-2.20051e-07	-2.78922e-13	-1.05606e-05	-0.00426348	9.48679e-08
16.6119	3.1525e-09	-2.20051e-07	-2.86181e-13	-8.93786e-06	-0.000609626	9.99252e-08
16.6119	2.322e-09	-2.20052e-07	-2.95623e-13	-2.08958e-05	-0.00110299	1.05751e-07
16.6119	1.14086e-09	-2.20052e-07	-3.09052e-13	2.50603e-06	0.000117044	1.1245e-07
16.6119	-8.40647e-11	-2.20053e-07	-3.22979e-13	-3.22918e-05	-0.00132203	1.20207e-07
16.6119	-1.80821e-09	-2.20053e-07	-3.42582e-13	1.53363e-06	5.5576e-05	1.29255e-07
16.6119	-3.64884e-09	-2.20054e-07	-3.6351e-13	-1.45035e-05	-0.000504996	1.39867e-07
16.6119	-5.83078e-09	-2.20055e-07	-3.88318e-13	-1.32119e-05	-0.000425511	1.52456e-07
16.6119	-8.38753e-09	-2.20056e-07	-4.17388e-13	1.15732e-05	0.000371108	1.67574e-07
16.6119	-1.10465e-08	-2.20056e-07	-4.47619e-13	5.58698e-05	0.00227442	1.86112e-07
16.6119	-1.28994e-08	-2.20057e-07	-4.68686e-13	3.30133e-05	0.00275436	2.09506e-07
16.6119	-1.3467e-08	-2.20058e-07	-4.75139e-13	2.59943e-06	0.00103167	2.40415e-07
16.6119	-1.34593e-08	-2.2006e-07	-4.7505e-13	-3.70991e-07	-0.000397322	2.84294e-07
16.6119	-1.37583e-08	-2.20061e-07	-4.78448e-13	-4.7865e-06	-0.00105095	3.53989e-07
16.6119	-1.51861e-08	-2.20063e-07	-4.94679e-13	1.23573e-06	0.000183824	4.88278e-07
16.6119	-1.6999e-08	-2.20066e-07	-5.15289e-13	3.77635e-06	0.001494	8.39219e-07
16.6119	-1.63353e-08	-2.20072e-07	-5.07737e-13	-1.32767e-06	0.00052624	3.09902e-06
16.6119	-6.54978e-09	-2.20097e-07	-3.96445e-13	-0.399999	-0.000767762	0.00269139
16.6093	-7.29573e-09	-1.93229e-07	-4.35213e-13	0.4	9.41093e-08	0.00533935
