16.6412	-5.46429e-11	-9.33274e-07	-2.71624e-15	-3.48943e-07	-0.000373599	0.00843891
16.6412	-1.29426e-08	-9.33494e-07	-4.69872e-13	-2.17511e-05	0.00334674	7.36348e-06
16.6412	-6.04297e-09	-9.33509e-07	-2.19777e-13	-9.19385e-05	0.00377982	7.13112e-07
16.6412	2.36373e-09	-9.33517e-07	8.49436e-14	2.455e-05	-0.000770698	4.3732e-07
16.6412	7.99727e-09	-9.33523e-07	2.89145e-13	6.57591e-05	-0.00290147	3.56134e-07
16.6412	1.05819e-08	-9.33528e-07	3.82831e-13	2.12896e-05	-0.00209288	3.28074e-07
16.6412	1.13736e-08	-9.33533e-07	4.11529e-13	1.56866e-06	-0.00039757	3.18527e-07
16.6412	1.18407e-08	-9.33538e-07	4.2846e-13	-9.08484e-07	0.000253399	3.17123e-07
16.6412	1.2511e-08	-9.33543e-07	4.52755e-13	-2.69165e-06	0.000493625	3.19738e-07
16.6412	1.35866e-08	-9.33549e-07	4.91744e-13	1.6485e-07	-2.4884e-05	3.24508e-07
16.6412	1.46605e-08	-9.33554e-07	5.3067e-13	2.23543e-06	-0.000402293	3.30496e-07
16.6412	1.54198e-08	-9.33559e-07	5.58193e-13	1.47734e-06	-0.000422843	3.37219e-07
16.6412	1.5835e-08	-9.33565e-07	5.73241e-13	3.91762e-07	-0.000203095	3.44428e-07
16.6412	1.60824e-08	-9.3357e-07	5.82208e-13	1.86494e-07	-0.000205525	3.51984e-07
16.6412	1.61524e-08	-9.33576e-07	5.84746e-13	1.13197e-08	-0.000119569	3.59829e-07
16.6412	1.61152e-08	-9.33582e-07	5.83399e-13	-3.35265e-08	-8.19478e-05	3.67929e-07
16.6412	1.6001e-08	-9.33588e-07	5.79259e-13	-2.18129e-07	-0.000197094	3.76275e-07
16.6412	1.56967e-08	-9.33594e-07	5.6823e-13	-7.63817e-08	-4.46399e-05	3.84868e-07
16.6412	1.5342e-08	-9.336e-07	5.55372e-13	-9.06139e-07	-0.000339271	3.93729e-07
16.6412	1.46413e-08	-9.33606e-07	5.29974e-13	-1.21299e-06	-0.000286415	4.02858e-07
16.6412	1.36326e-08	-9.33613e-07	4.93409e-13	-1.1877e-06	-0.000216267	4.12253e-07
16.6412	1.23748e-08	-9.33619e-07	4.47817e-13	-1.08746e-06	-0.000168499	4.21923e-07
16.6412	1.09075e-08	-9.33626e-07	3.94634e-13	-1.69854e-06	-0.000228132	4.31886e-07
16.6412	9.15639e-09	-9.33633e-07	3.3116e-13	-8.18246e-07	-9.90204e-05	4.42132e-07
16.6412	7.25286e-09	-9.3364e-07	2.62162e-13	-1.05693e-06	-0.000119957	4.52667e-07
16.6412	5.16654e-09	-9.33648e-07	1.86538e-13	4.47254e-07	4.97701e-05	4.635e-07
16.6412	3.08852e-09	-9.33655e-07	1.11215e-13	2.25228e-06	0.000275578	4.74639e-07
16.6412	1.29137e-09	-9.33663e-07	4.60734e-14	1.44095e-06	0.00020683	4.86089e-07
16.6412	-2.94888e-10	-9.33671e-07	-1.14242e-14	6.27087e-07	0.000101197	4.97853e-07
16.6412	-1.7921e-09	-9.33679e-07	-6.56943e-14	1.62597e-06	0.000315408	5.09933e-07
16.6412	-2.91879e-09	-9.33687e-07	-1.06534e-13	3.13862e-07	7.51081e-05	5.22327e-07
16.6412	-3.97361e-09	-9.33695e-07	-1.44768e-13	9.67147e-07	0.000297934	5.35027e-07
16.6412	-4.65079e-09	-9.33704e-07	-1.69314e-13	6.1516e-07	0.000565086	5.4804e-07
16.6412	-4.56091e-09	-9.33713e-07	-1.66056e-13	-1.00843e-06	0.000573594	5.61359e-07
16.6412	-3.65421e-09	-9.33722e-07	-1.33191e-13	-4.11819e-06	0.000795051	5.74981e-07
16.6412	-1.569e-09	-9.33731e-07	-5.76072e-14	-1.82494e-07	2.52391e-05	5.88903e-07
16.6412	6.04248e-10	-9.33741e-07	2.11672e-14	1.22879e-06	-0.000179519	6.03111e-07
16.6412	2.55591e-09	-9.33751e-07	9.19099e-14	1.24774e-06	-0.000212775	6.17606e-07
16.6412	4.22199e-09	-9.33761e-07	1.52301e-13	1.57926e-06	-0.000355402	6.32387e-07
16.6412	5.35933e-09	-9.33771e-07	1.93526e-13	9.99274e-07	-0.000385701	6.47439e-07
16.6412	5.89204e-09	-9.33781e-07	2.12836e-13	2.54231e-07	-0.000389587	6.6275e-07
16.6412	5.7843e-09	-9.33792e-07	2.0893e-13	-7.61697e-08	-0.00012173	6.78312e-07
16.6412	5.46522e-09	-9.33803e-07	1.97364e-13	-2.90993e-07	-0.000202573	6.94126e-07
16.6412	4.78316e-09	-9.33814e-07	1.72642e-13	-5.01287e-07	-0.0002043	7.1018e-07
16.6412	3.71855e-09	-9.33826e-07	1.34052e-13	-7.16319e-08	-2.36905e-05	7.26443e-07
16.6412	2.58617e-09	-9.33837e-07	9.30066e-14	4.93456e-07	0.000189044	7.42889e-07
16.6412	1.78332e-09	-9.33849e-07	6.39054e-14	3.77766e-07	0.000249554	7.595e-07
16.6412	1.44167e-09	-9.33862e-07	5.15217e-14	7.52365e-08	0.000138215	7.76276e-07
16.6412	1.36367e-09	-9.33874e-07	4.86943e-14	-9.24081e-09	0.000112406	7.93195e-07
16.6412	1.50927e-09	-9.33887e-07	5.39718e-14	-6.23337e-08	0.000101168	8.10225e-07
16.6412	1.86505e-09	-9.339e-07	6.68678e-14	-1.2489e-07	0.000109325	8.27369e-07
16.6412	2.45678e-09	-9.33913e-07	8.83168e-14	8.59076e-08	-6.91193e-05	8.44668e-07
16.6412	2.91337e-09	-9.33927e-07	1.04867e-13	1.09011e-07	-0.00016712	8.62137e-07
16.6412	3.01548e-09	-9.33941e-07	1.08568e-13	-1.20917e-08	-0.00013078	8.79774e-07
16.6412	2.82913e-09	-9.33955e-07	1.01813e-13	-8.11657e-09	-1.75224e-05	8.97585e-07
16.6412	2.59931e-09	-9.3397e-07	9.34832e-14	7.23059e-09	1.54357e-05	9.15615e-07
16.6412	2.40058e-09	-9.33984e-07	8.62795e-14	-1.25094e-09	-2.86266e-06	9.33883e-07
16.6412	2.19114e-09	-9.33999e-07	7.86881e-14	1.92666e-08	7.52544e-05	9.52338e-07
16.6412	2.15851e-09	-9.34015e-07	7.75051e-14	-4.09815e-09	5.62801e-05	9.70978e-07
16.6412	2.26317e-09	-9.34031e-07	8.12988e-14	3.60936e-09	-2.32134e-05	9.89903e-07
16.6412	2.31187e-09	-9.34046e-07	8.3064e-14	4.16894e-10	-3.40891e-05	1.00915e-06
16.6412	2.27468e-09	-9.34063e-07	8.17161e-14	-5.12752e-10	-5.85215e-06	1.02856e-06
16.6412	2.2216e-09	-9.34079e-07	7.9792e-14	-3.82293e-09	-2.36787e-05	1.0479e-06
16.6412	2.10493e-09	-9.34096e-07	7.5563e-14	1.67242e-09	8.37389e-06	1.06696e-06
16.6412	2.00871e-09	-9.34113e-07	7.20753e-14	2.1687e-09	5.60293e-05	1.08567e-06
16.6412	2.0642e-09	-9.34131e-07	7.40869e-14	-1.46134e-09	1.12791e-05	1.10401e-06
16.6412	2.152e-09	-9.34149e-07	7.72695e-14	2.39809e-09	-3.75819e-05	1.12206e-06
16.6412	2.13496e-09	-9.34167e-07	7.66516e-14	-4.96384e-10	-9.29797e-06	1.14007e-06
16.6412	2.09093e-09	-9.34185e-07	7.50556e-14	5.80141e-10	1.70258e-05	1.15829e-06
16.6412	2.09588e-09	-9.34204e-07	7.52353e-14	-1.36176e-10	-9.27323e-06	1.17684e-06
16.6412	2.07342e-09	-9.34223e-07	7.44211e-14	-3.05148e-10	-5.8214e-06	1.19574e-06
16.6412	2.03306e-09	-9.34242e-07	7.2958e-14	4.32788e-10	1.59173e-05	1.21494e-06
16.6412	2.04077e-09	-9.34262e-07	7.32378e-14	1.00186e-11	-9.82124e-07	1.23442e-06
16.6412	2.04556e-09	-9.34281e-07	7.34113e-14	-7.44871e-10	1.57911e-05	1.25424e-06
16.6412	2.10034e-09	-9.34302e-07	7.53968e-14	6.95361e-10	-2.20433e-05	1.27465e-06
16.6412	2.0852e-09	-9.34322e-07	7.4848e-14	-7.53287e-10	-1.32744e-05	1.29601e-06
16.6412	2.02642e-09	-9.34343e-07	7.27176e-14	4.94091e-10	6.76546e-06	1.31878e-06
16.6412	1.98909e-09	-9.34364e-07	7.13645e-14	2.68786e-10	6.92778e-06	1.34354e-06
16.6412	1.97453e-09	-9.34386e-07	7.08367e-14	-2.18176e-11	9.50853e-06	1.37069e-06
16.6412	1.99258e-09	-9.34408e-07	7.14911e-14	-1.17562e-10	3.40173e-06	1.39999e-06
16.6412	2.02307e-09	-9.34431e-07	7.2596e-14	1.7306e-10	-6.37217e-06	1.43056e-06
16.6412	2.03118e-09	-9.34454e-07	7.289e-14	-1.12893e-09	-2.36128e-05	1.46111e-06
16.6412	1.95232e-09	-9.34477e-07	7.00315e-14	-1.41209e-10	-1.28363e-06	1.49019e-06
16.6412	1.86713e-09	-9.34501e-07	6.69438e-14	-4.28696e-10	-3.51309e-06	1.51673e-06
16.6412	1.76709e-09	-9.34526e-07	6.33178e-14	1.70592e-09	2.46505e-05	1.5405e-06
16.6412	1.76122e-09	-9.34551e-07	6.31048e-14	-1.57374e-09	2.66511e-05	1.56229e-06
16.6412	1.86006e-09	-9.34576e-07	6.66874e-14	9.22135e-10	-8.91906e-06	1.58423e-06
16.6412	1.92474e-09	-9.34601e-07	6.90322e-14	6.50209e-10	-1.79287e-05	1.60907e-06
16.6412	1.9178e-09	-9.34627e-07	6.87806e-14	-4.98972e-10	-1.25201e-05	1.63339e-06
16.6412	1.8593e-09	-9.34653e-07	6.666e-14	4.48866e-10	1.90302e-05	1.65221e-06
16.6412	1.87922e-09	-9.3468e-07	6.7382e-14	-5.2213e-11	1.83004e-06	1.66695e-06
16.6412	1.90695e-09	-9.34707e-07	6.83873e-14	-1.51152e-10	3.59036e-06	1.68076e-06
16.6412	1.95007e-09	-9.34734e-07	6.99502e-14	2.54959e-10	-1.17892e-05	1.6934e-06
16.6412	1.9434e-09	-9.34761e-07	6.97085e-14	-2.31928e-10	-8.18991e-06	1.70349e-06
16.6412	1.90172e-09	-9.34788e-07	6.81978e-14	-1.73492e-09	-1.83334e-05	1.71241e-06
16.6412	1.78114e-09	-9.34816e-07	6.38271e-14	1.43128e-09	1.33705e-05	1.72045e-06
16.6412	1.71768e-09	-9.34843e-07	6.15269e-14	5.41734e-10	1.43929e-05	1.72692e-06
16.6412	1.71625e-09	-9.34871e-07	6.14751e-14	-1.20268e-10	7.27618e-06	1.73242e-06
16.6412	1.74638e-09	-9.34898e-07	6.25672e-14	1.02927e-10	-9.61037e-06	1.73706e-06
16.6412	1.7348e-09	-9.34926e-07	6.21473e-14	-6.02898e-11	8.2542e-06	1.74053e-06
16.6412	1.75914e-09	-9.34954e-07	6.30297e-14	-6.5732e-11	1.99749e-06	1.74315e-06
16.6412	1.79222e-09	-9.34982e-07	6.42289e-14	9.01913e-11	-2.9487e-06	1.74487e-06
16.6412	1.81246e-09	-9.3501e-07	6.49626e-14	4.78161e-11	-3.08419e-06	1.74557e-06
16.6412	1.81925e-09	-9.35038e-07	6.52085e-14	-4.00705e-11	2.74361e-06	1.7454e-06
16.6412	1.838e-09	-9.35066e-07	6.58881e-14	-4.41165e-10	-1.82608e-05	1.74424e-06
16.6412	1.77714e-09	-9.35093e-07	6.36822e-14	-1.02096e-10	-1.3938e-06	1.74216e-06
16.6412	1.7103e-09	-9.35121e-07	6.12596e-14	3.3368e-10	5.2382e-06	1.73914e-06
16.6412	1.66635e-09	-9.35149e-07	5.96666e-14	-8.39066e-11	2.17794e-05	1.73507e-06
16.6412	1.71687e-09	-9.35177e-07	6.14976e-14	1.89181e-11	-3.27921e-07	1.73004e-06
16.6412	1.76581e-09	-9.35204e-07	6.32715e-14	2.97606e-10	-8.26375e-06	1.72402e-06
16.6412	1.77901e-09	-9.35232e-07	6.37501e-14	-1.89531e-11	1.05732e-06	1.71704e-06
16.6412	1.79668e-09	-9.35259e-07	6.43908e-14	3.48794e-11	-5.888e-06	1.70921e-06
16.6412	1.78918e-09	-9.35286e-07	6.41186e-14	-4.89761e-12	4.0173e-06	1.70047e-06
16.6412	1.79874e-09	-9.35313e-07	6.44653e-14	-2.3467e-12	2.04644e-07	1.69089e-06
16.6412	1.80911e-09	-9.3534e-07	6.48412e-14	-9.1226e-11	4.06417e-06	1.68043e-06
16.6412	1.83643e-09	-9.35367e-07	6.58315e-14	-8.58215e-11	2.2461e-06	1.66917e-06
16.6412	1.8729e-09	-9.35394e-07	6.71536e-14	1.00875e-10	-2.72081e-06	1.65714e-06
16.6412	1.89787e-09	-9.3542e-07	6.80587e-14	9.15028e-11	-5.8896e-06	1.64431e-06
16.6412	1.89853e-09	-9.35446e-07	6.80825e-14	-1.96012e-10	-9.01782e-06	1.63085e-06
16.6412	1.86257e-09	-9.35472e-07	6.6779e-14	1.94659e-10	9.64329e-06	1.6167e-06
16.6412	1.86573e-09	-9.35498e-07	6.68936e-14	-2.77464e-10	9.77967e-06	1.60189e-06
16.6413	1.90784e-09	-9.35523e-07	6.84201e-14	-2.59618e-10	4.1145e-06	1.58649e-06
16.6413	1.96578e-09	-9.35549e-07	7.05201e-14	5.23227e-10	-1.71767e-05	1.57048e-06
16.6413	1.95603e-09	-9.35573e-07	7.01667e-14	-4.46694e-11	-2.41505e-06	1.55381e-06
16.6413	1.93705e-09	-9.35598e-07	6.94789e-14	-2.09323e-10	-5.47468e-06	1.53668e-06
16.6413	1.89737e-09	-9.35623e-07	6.80407e-14	2.67346e-10	1.13686e-05	1.51913e-06
16.6413	1.90108e-09	-9.35647e-07	6.81751e-14	-1.79867e-10	7.55812e-06	1.50104e-06
16.6413	1.93293e-09	-9.35671e-07	6.93297e-14	-2.87708e-09	2.64425e-05	1.48251e-06
16.6413	2.06177e-09	-9.35694e-07	7.39996e-14	2.88574e-09	-2.66449e-05	1.46365e-06
16.6413	2.09208e-09	-9.35717e-07	7.50983e-14	-3.29662e-11	-1.74333e-05	1.44451e-06
16.6413	2.05945e-09	-9.3574e-07	7.39157e-14	-2.96756e-12	-6.62336e-08	1.42502e-06
16.6413	2.02704e-09	-9.35763e-07	7.27408e-14	-4.27143e-11	1.92138e-05	1.40521e-06
16.6413	2.0621e-09	-9.35785e-07	7.40117e-14	-4.70657e-10	6.95758e-06	1.38512e-06
16.6413	2.12057e-09	-9.35807e-07	7.61312e-14	-4.6668e-10	4.80826e-06	1.36491e-06
16.6413	2.19447e-09	-9.35829e-07	7.88097e-14	1.02361e-10	-9.58916e-07	1.34456e-06
16.6413	2.26405e-09	-9.3585e-07	8.13319e-14	2.84234e-10	-3.87874e-05	1.324e-06
16.6413	2.20517e-09	-9.35871e-07	7.91977e-14	7.67523e-10	1.41288e-05	1.30328e-06
16.6413	2.19289e-09	-9.35892e-07	7.87526e-14	-3.29175e-10	1.58879e-05	1.28248e-06
16.6413	2.23133e-09	-9.35912e-07	8.0146e-14	-1.16769e-09	1.2675e-05	1.26163e-06
16.6413	2.30879e-09	-9.35932e-07	8.29537e-14	3.2223e-10	-2.75538e-06	1.24077e-06
16.6413	2.37649e-09	-9.35952e-07	8.54075e-14	1.21006e-09	-2.14192e-05	1.21998e-06
16.6413	2.37827e-09	-9.35971e-07	8.5472e-14	-1.78976e-10	7.89393e-06	1.19918e-06
16.6413	2.40348e-09	-9.3599e-07	8.63858e-14	-2.20365e-10	4.17118e-06	1.17837e-06
16.6413	2.44043e-09	-9.36009e-07	8.77251e-14	-1.09166e-10	1.62216e-06	1.15758e-06
16.6413	2.48137e-09	-9.36027e-07	8.92092e-14	2.26266e-10	-2.4921e-05	1.13686e-06
16.6413	2.45139e-09	-9.36045e-07	8.81225e-14	1.71775e-10	3.96494e-06	1.11627e-06
16.6413	2.43292e-09	-9.36063e-07	8.7453e-14	2.13582e-11	1.26881e-05	1.09582e-06
16.6413	2.44922e-09	-9.3608e-07	8.80441e-14	4.87727e-11	-1.93321e-06	1.07546e-06
16.6413	2.46008e-09	-9.36097e-07	8.84374e-14	-6.11882e-09	4.55653e-05	1.0553e-06
16.6413	2.5898e-09	-9.36114e-07	9.31396e-14	-1.67185e-09	6.33216e-06	1.03536e-06
16.6413	2.73329e-09	-9.3613e-07	9.83406e-14	7.38914e-09	-4.26582e-05	1.01551e-06
16.6413	2.76676e-09	-9.36146e-07	9.95539e-14	2.47864e-10	-2.21536e-05	9.95793e-07
16.6413	2.74497e-09	-9.36162e-07	9.87641e-14	-1.89625e-09	-2.00855e-05	9.76275e-07
16.6413	2.67507e-09	-9.36177e-07	9.62306e-14	1.89591e-09	3.77738e-05	9.56996e-07
16.6413	2.69603e-09	-9.36192e-07	9.69903e-14	-6.19452e-09	4.17092e-05	9.37897e-07
16.6413	2.81338e-09	-9.36207e-07	1.01244e-13	-9.74245e-09	2.97732e-05	9.18982e-07
16.6413	2.99605e-09	-9.36222e-07	1.07865e-13	1.50415e-08	-5.94382e-05	9.00346e-07
16.6413	3.04259e-09	-9.36236e-07	1.09552e-13	-4.66906e-09	-6.88948e-05	8.81925e-07
16.6413	2.93786e-09	-9.3625e-07	1.05756e-13	2.226e-09	1.04015e-05	8.63712e-07
16.6413	2.85752e-09	-9.36264e-07	1.02844e-13	-2.11735e-09	8.51472e-05	8.45773e-07
16.6413	2.95699e-09	-9.36277e-07	1.06449e-13	2.01709e-09	-9.41702e-06	8.28018e-07
16.6413	3.03508e-09	-9.3629e-07	1.0928e-13	3.93954e-10	-2.12544e-06	8.10477e-07
16.6413	3.10725e-09	-9.36303e-07	1.11896e-13	2.85697e-09	-2.36127e-05	7.93248e-07
16.6413	3.13156e-09	-9.36315e-07	1.12777e-13	2.25458e-10	-2.03535e-05	7.76207e-07
16.6413	3.11628e-09	-9.36328e-07	1.12223e-13	-4.837e-10	-8.06583e-06	7.59357e-07
16.6413	3.08619e-09	-9.3634e-07	1.11132e-13	-7.64426e-09	7.36e-05	7.42775e-07
16.6413	3.19191e-09	-9.36351e-07	1.14965e-13	-2.16109e-08	5.17845e-05	7.2636e-07
16.6413	3.38826e-09	-9.36363e-07	1.22082e-13	-2.77816e-08	4.25363e-05	7.10127e-07
16.6413	3.65486e-09	-9.36374e-07	1.31745e-13	5.33235e-08	-0.000110153	6.94152e-07
16.6413	3.72647e-09	-9.36385e-07	1.34341e-13	-1.81456e-08	-0.000136611	6.78381e-07
16.6413	3.56743e-09	-9.36396e-07	1.28576e-13	6.18626e-09	1.40873e-05	6.62784e-07
16.6413	3.43514e-09	-9.36406e-07	1.23781e-13	1.39618e-08	0.000111463	6.47433e-07
16.6413	3.48422e-09	-9.36416e-07	1.2556e-13	-1.75029e-08	5.84403e-05	6.32238e-07
16.6413	3.62339e-09	-9.36426e-07	1.30604e-13	-9.20615e-09	1.86985e-05	6.17196e-07
16.6413	3.78774e-09	-9.36436e-07	1.36562e-13	2.64303e-08	-7.53718e-05	6.02407e-07
16.6413	3.83601e-09	-9.36446e-07	1.38312e-13	-1.51076e-08	-0.000116684	5.87708e-07
16.6413	3.7138e-09	-9.36455e-07	1.33882e-13	5.32083e-09	1.37562e-05	5.73093e-07
16.6413	3.6141e-09	-9.36464e-07	1.30268e-13	1.2392e-08	6.72052e-05	5.58789e-07
16.6413	3.60958e-09	-9.36473e-07	1.30104e-13	-2.71892e-11	-1.3735e-06	5.44624e-07
16.6413	3.60333e-09	-9.36481e-07	1.29877e-13	-5.88985e-10	-1.1389e-05	5.30442e-07
16.6413	3.58235e-09	-9.3649e-07	1.29117e-13	-7.4151e-09	7.28117e-05	5.16474e-07
16.6413	3.65467e-09	-9.36498e-07	1.31739e-13	-2.65943e-08	6.09589e-05	5.02694e-07
16.6413	3.80061e-09	-9.36506e-07	1.37028e-13	-1.89076e-08	2.86368e-05	4.88905e-07
16.6413	3.97698e-09	-9.36514e-07	1.43421e-13	-3.2065e-07	0.000240521	4.75223e-07
16.6413	4.43007e-09	-9.36521e-07	1.59845e-13	-3.71656e-07	0.00015932	4.61806e-07
16.6413	5.05161e-09	-9.36528e-07	1.82374e-13	3.32719e-07	-0.00013969	4.4848e-07
16.6413	5.50061e-09	-9.36535e-07	1.98649e-13	2.94369e-07	-0.000624492	4.35135e-07
16.6413	5.26712e-09	-9.36542e-07	1.90185e-13	-1.00216e-06	-0.000451637	4.21981e-07
16.6413	4.57159e-09	-9.36549e-07	1.64974e-13	-8.40175e-07	-0.000216079	4.09107e-07
16.6413	3.67986e-09	-9.36555e-07	1.32652e-13	-1.97692e-06	-0.000369381	3.96342e-07
16.6413	2.45631e-09	-9.36562e-07	8.83012e-14	-1.24157e-06	-0.000184312	3.8362e-07
16.6413	1.09867e-09	-9.36568e-07	3.90907e-14	3.09377e-07	4.36482e-05	3.71128e-07
16.6413	-1.74836e-10	-9.36573e-07	-7.07048e-15	3.10423e-06	0.000555257	3.58983e-07
16.6413	-9.16542e-10	-9.36579e-07	-3.39553e-14	1.60649e-06	0.00109307	3.47081e-07
16.6413	-7.01098e-10	-9.36584e-07	-2.6146e-14	-4.31552e-06	0.00108531	3.3541e-07
16.6413	4.01513e-10	-9.3659e-07	1.38205e-14	-1.26662e-05	0.00128053	3.24101e-07
16.6413	2.48676e-09	-9.36595e-07	8.94048e-14	-1.14167e-05	0.000761264	3.13213e-07
16.6413	5.08809e-09	-9.366e-07	1.83696e-13	-1.07974e-05	0.000587741	3.02713e-07
16.6413	8.03935e-09	-9.36604e-07	2.90671e-13	6.5296e-06	-0.000344015	2.92603e-07
16.6413	1.06451e-08	-9.36609e-07	3.85123e-13	9.29389e-06	-0.000555498	2.8311e-07
16.6413	1.27816e-08	-9.36614e-07	4.62566e-13	1.04194e-05	-0.000777776	2.74339e-07
16.6413	1.43282e-08	-9.36618e-07	5.18623e-13	1.09717e-05	-0.00136481	2.66159e-07
16.6413	1.49347e-08	-9.36622e-07	5.40609e-13	1.59853e-06	-0.001391	2.58476e-07
16.6413	1.46381e-08	-9.36626e-07	5.29859e-13	-8.91807e-06	-0.00147958	2.51263e-07
16.6413	1.34332e-08	-9.3663e-07	4.86182e-13	-1.68403e-05	-0.00129813	2.44583e-07
16.6413	1.14759e-08	-9.36634e-07	4.15236e-13	-5.55485e-07	-3.407e-05	2.39016e-07
16.6413	9.53693e-09	-9.36638e-07	3.44954e-13	-1.40179e-06	-8.44417e-05	2.35058e-07
16.6413	7.57463e-09	-9.36641e-07	2.73826e-13	4.17151e-06	0.000258035	2.32452e-07
16.6413	5.77884e-09	-9.36645e-07	2.08734e-13	6.93715e-06	0.00048482	2.30796e-07
16.6413	4.27182e-09	-9.36649e-07	1.54108e-13	-7.80471e-06	-0.000540221	2.29905e-07
16.6413	2.45804e-09	-9.36652e-07	8.8364e-14	1.10039e-05	0.000797106	2.29745e-07
16.6413	1.10073e-09	-9.36656e-07	3.91652e-14	7.53578e-06	0.000760402	2.30297e-07
16.6413	1.76713e-10	-9.3666e-07	5.67224e-15	6.38121e-06	0.00148705	2.31612e-07
16.6413	1.1005e-10	-9.36664e-07	3.25589e-15	-1.27963e-07	0.00036836	2.33829e-07
16.6413	2.59191e-10	-9.36667e-07	8.66183e-15	-7.60242e-07	0.000353334	2.3722e-07
16.6413	6.22255e-10	-9.36671e-07	2.18219e-14	-4.81691e-08	1.56691e-05	2.42042e-07
16.6413	1.00337e-09	-9.36675e-07	3.56362e-14	-1.41515e-06	0.000353947	2.48305e-07
16.6413	1.6181e-09	-9.36679e-07	5.79184e-14	1.23899e-06	-0.000299725	2.55952e-07
16.6413	2.05828e-09	-9.36683e-07	7.38738e-14	-1.63632e-07	4.6735e-05	2.65055e-07
16.6413	2.5467e-09	-9.36688e-07	9.15775e-14	1.21989e-06	-0.00053476	2.75656e-07
16.6413	2.67952e-09	-9.36692e-07	9.63921e-14	4.15455e-08	-5.08398e-05	2.87864e-07
16.6413	2.7811e-09	-9.36697e-07	1.00074e-13	-7.51555e-08	-0.000359627	3.01862e-07
16.6413	2.60973e-09	-9.36702e-07	9.38624e-14	-6.35955e-08	-5.1427e-05	3.1794e-07
16.6413	2.38683e-09	-9.36707e-07	8.57827e-14	-1.48754e-07	-9.30926e-05	3.3645e-07
16.6413	2.06981e-09	-9.36712e-07	7.42917e-14	1.7865e-08	9.89245e-06	3.57749e-07
16.6413	1.74104e-09	-9.36718e-07	6.23749e-14	-2.29951e-07	-0.000111615	3.82399e-07
16.6413	1.27829e-09	-9.36725e-07	4.56012e-14	1.09325e-08	4.69703e-06	4.1115e-07
16.6413	7.84267e-10	-9.36731e-07	2.76944e-14	-1.03312e-07	-4.26487e-05	4.44891e-07
16.6413	1.98641e-10	-9.36739e-07	6.4671e-15	-9.41075e-08	-3.59345e-05	4.84904e-07
16.6413	-4.87581e-10	-9.36747e-07	-1.84065e-14	8.2427e-08	3.13368e-05	5.32985e-07
16.6413	-1.20123e-09	-9.36756e-07	-4.42744e-14	3.97852e-07	0.000192017	5.9205e-07
16.6413	-1.69856e-09	-9.36766e-07	-6.23011e-14	2.34924e-07	0.000232366	6.66613e-07
16.6413	-1.8509e-09	-9.36777e-07	-6.7823e-14	1.84952e-08	8.70182e-05	7.65022e-07
16.6413	-1.84885e-09	-9.3679e-07	-6.77485e-14	-2.63992e-09	-3.35117e-05	9.04663e-07
16.6413	-1.92912e-09	-9.36806e-07	-7.06584e-14	-3.40547e-08	-8.86452e-05	1.12643e-06
16.6413	-2.31233e-09	-9.36826e-07	-8.45485e-14	8.7921e-09	1.55057e-05	1.55373e-06
16.6413	-2.79893e-09	-9.36856e-07	-1.02186e-13	2.68688e-08	0.000126013	2.67048e-06
16.6413	-2.62083e-09	-9.36912e-07	-9.57307e-14	-9.44349e-09	4.43858e-05	9.8614e-06
16.6413	5.35341e-12	-9.37171e-07	-5.38706e-16	-0.4	-6.47476e-05	0.0085621
16.6327	3.85481e-12	-6.63983e-07	-7.92002e-16	0.4	-1.35248e-09	0.016986
