16.6133	-4.70927e-09	-2.37008e-07	-2.95794e-13	-3.76431e-05	-0.00388021	0.00282188
16.6133	-4.94655e-08	-2.37032e-07	-8.37171e-13	-0.00230578	0.0344068	2.46389e-06
16.6133	-2.55047e-08	-2.37034e-07	-5.47327e-13	-0.00894047	0.035702	2.45145e-07
16.6133	3.6896e-09	-2.37035e-07	-1.94176e-13	0.00226892	-0.00685928	1.54068e-07
16.6133	2.32535e-08	-2.37036e-07	4.248e-14	0.00650204	-0.0277646	1.22706e-07
16.6133	3.22293e-08	-2.37036e-07	1.51057e-13	0.00225016	-0.0213558	1.10453e-07
16.6133	3.49787e-08	-2.37037e-07	1.84316e-13	0.00016883	-0.00411956	1.0658e-07
16.6133	3.66008e-08	-2.37037e-07	2.03939e-13	-9.7833e-05	0.002627	1.06091e-07
16.6133	3.89285e-08	-2.37038e-07	2.32095e-13	-0.000289005	0.00510296	1.07068e-07
16.6133	4.26639e-08	-2.37038e-07	2.77281e-13	1.76767e-05	-0.000256865	1.08739e-07
16.6133	4.63933e-08	-2.37039e-07	3.22395e-13	0.000239981	-0.00415788	1.10674e-07
16.6133	4.90302e-08	-2.3704e-07	3.54293e-13	0.000159087	-0.00438377	1.12813e-07
16.6133	5.04719e-08	-2.3704e-07	3.71733e-13	4.22486e-05	-0.00210846	1.15168e-07
16.6133	5.1331e-08	-2.37041e-07	3.82125e-13	2.01214e-05	-0.00213467	1.17676e-07
16.6133	5.15742e-08	-2.37042e-07	3.85068e-13	1.22174e-06	-0.00124207	1.20293e-07
16.6133	5.14452e-08	-2.37042e-07	3.83508e-13	-3.61763e-06	-0.000851259	1.23002e-07
16.6133	5.10486e-08	-2.37043e-07	3.7871e-13	-2.35316e-05	-0.00204693	1.25801e-07
16.6133	4.99918e-08	-2.37043e-07	3.65928e-13	-8.23945e-06	-0.000463562	1.28684e-07
16.6133	4.876e-08	-2.37044e-07	3.51028e-13	-9.76572e-05	-0.00352014	1.31681e-07
16.6133	4.63267e-08	-2.37045e-07	3.21594e-13	-0.000130501	-0.00296653	1.34811e-07
16.6133	4.28235e-08	-2.37046e-07	2.79218e-13	-0.000127556	-0.00223598	1.38043e-07
16.6133	3.84556e-08	-2.37046e-07	2.26381e-13	-0.000116563	-0.00173867	1.41365e-07
16.6133	3.33603e-08	-2.37047e-07	1.64746e-13	-0.000181652	-0.00234874	1.44811e-07
16.6133	2.7279e-08	-2.37048e-07	9.11847e-14	-8.73453e-05	-0.00101754	1.48346e-07
16.6133	2.06685e-08	-2.37049e-07	1.12214e-14	-0.00011264	-0.00123068	1.51956e-07
16.6133	1.34233e-08	-2.3705e-07	-7.64203e-14	4.7645e-05	0.000510392	1.55618e-07
16.6133	6.20687e-09	-2.3705e-07	-1.63714e-13	0.000240473	0.0028326	1.59244e-07
16.6133	-3.41586e-11	-2.37051e-07	-2.39208e-13	0.000154237	0.00213128	1.62925e-07
16.6133	-5.5428e-09	-2.37052e-07	-3.05843e-13	6.72682e-05	0.00104501	1.66774e-07
16.6133	-1.07422e-08	-2.37053e-07	-3.68737e-13	0.000174692	0.00326236	1.70718e-07
16.6133	-1.46549e-08	-2.37054e-07	-4.16067e-13	3.37861e-05	0.000778326	1.7478e-07
16.6133	-1.8318e-08	-2.37055e-07	-4.60377e-13	0.00010417	0.0030894	1.78969e-07
16.6133	-2.06697e-08	-2.37056e-07	-4.88823e-13	6.63477e-05	0.00586839	1.83242e-07
16.6133	-2.03575e-08	-2.37057e-07	-4.85046e-13	-0.00010873	0.00595484	1.87717e-07
16.6133	-1.72088e-08	-2.37058e-07	-4.46956e-13	-0.000442213	0.00822188	1.92537e-07
16.6133	-9.96733e-09	-2.37059e-07	-3.59359e-13	-1.95245e-05	0.000259941	1.97423e-07
16.6133	-2.42019e-09	-2.3706e-07	-2.68064e-13	0.000131605	-0.00185091	2.02129e-07
16.6133	4.35746e-09	-2.37061e-07	-1.86077e-13	0.000133894	-0.00219807	2.0685e-07
16.6133	1.01433e-08	-2.37062e-07	-1.16087e-13	0.000169857	-0.00368004	2.1164e-07
16.6133	1.4093e-08	-2.37063e-07	-6.83082e-14	0.000107702	-0.00400219	2.16528e-07
16.6133	1.5943e-08	-2.37064e-07	-4.59286e-14	2.7429e-05	-0.00404655	2.21575e-07
16.6133	1.55689e-08	-2.37066e-07	-5.04536e-14	-8.21837e-06	-0.00126442	2.26769e-07
16.6133	1.44608e-08	-2.37067e-07	-6.38564e-14	-3.13897e-05	-0.00210365	2.32079e-07
16.6133	1.20922e-08	-2.37068e-07	-9.25072e-14	-5.40402e-05	-0.00212022	2.37494e-07
16.6133	8.39512e-09	-2.37069e-07	-1.37229e-13	-7.71401e-06	-0.000245596	2.42972e-07
16.6133	4.4627e-09	-2.37071e-07	-1.84796e-13	5.31852e-05	0.00196151	2.48445e-07
16.6133	1.67463e-09	-2.37072e-07	-2.18521e-13	4.07473e-05	0.00259138	2.5394e-07
16.6133	4.88201e-10	-2.37073e-07	-2.32872e-13	8.11785e-06	0.00143569	2.59519e-07
16.6133	2.17346e-10	-2.37075e-07	-2.36147e-13	-9.97403e-07	0.00116767	2.65169e-07
16.6133	7.22986e-10	-2.37076e-07	-2.3003e-13	-6.72617e-06	0.00105086	2.70867e-07
16.6133	1.95854e-09	-2.37078e-07	-2.15083e-13	-1.34739e-05	0.00113541	2.76614e-07
16.6133	4.01352e-09	-2.37079e-07	-1.90223e-13	9.26794e-06	-0.000717821	2.824e-07
16.6133	5.59916e-09	-2.37081e-07	-1.71041e-13	1.17625e-05	-0.0017359	2.88225e-07
16.6133	5.95379e-09	-2.37082e-07	-1.6675e-13	-1.30453e-06	-0.00135853	2.94114e-07
16.6133	5.30667e-09	-2.37084e-07	-1.74577e-13	-8.7581e-07	-0.000182018	3.0007e-07
16.6133	4.5086e-09	-2.37085e-07	-1.8423e-13	7.80196e-07	0.000160341	3.06097e-07
16.6133	3.81847e-09	-2.37087e-07	-1.92577e-13	-1.34974e-07	-2.97343e-05	3.12204e-07
16.6133	3.09119e-09	-2.37089e-07	-2.01373e-13	2.07886e-06	0.000781729	3.18372e-07
16.6133	2.97788e-09	-2.3709e-07	-2.02742e-13	-4.42343e-07	0.000584637	3.24601e-07
16.6133	3.34137e-09	-2.37092e-07	-1.98344e-13	3.89528e-07	-0.000241141	3.3093e-07
16.6133	3.51052e-09	-2.37094e-07	-1.96296e-13	4.50467e-08	-0.000354115	3.37363e-07
16.6133	3.38142e-09	-2.37096e-07	-1.97857e-13	-5.53242e-08	-6.07918e-05	3.43851e-07
16.6133	3.1971e-09	-2.37098e-07	-2.00085e-13	-4.12494e-07	-0.000245975	3.50316e-07
16.6133	2.79197e-09	-2.37099e-07	-2.04984e-13	1.80456e-07	8.69902e-05	3.56691e-07
16.6133	2.45785e-09	-2.37101e-07	-2.09024e-13	2.33911e-07	0.000582029	3.62947e-07
16.6133	2.65061e-09	-2.37103e-07	-2.06691e-13	-1.57722e-07	0.000117169	3.69077e-07
16.6133	2.95556e-09	-2.37105e-07	-2.03001e-13	2.58846e-07	-0.0003904	3.7511e-07
16.6133	2.89639e-09	-2.37107e-07	-2.03715e-13	-5.35521e-08	-9.65876e-05	3.81129e-07
16.6133	2.74352e-09	-2.37109e-07	-2.05562e-13	6.25656e-08	0.000176864	3.87221e-07
16.6133	2.76077e-09	-2.37111e-07	-2.05352e-13	-1.46819e-08	-9.633e-05	3.93424e-07
16.6133	2.6828e-09	-2.37113e-07	-2.06294e-13	-3.29221e-08	-6.04722e-05	3.99741e-07
16.6133	2.54266e-09	-2.37116e-07	-2.07987e-13	4.66659e-08	0.000165348	4.06161e-07
16.6133	2.56951e-09	-2.37118e-07	-2.07661e-13	1.07777e-09	-1.02024e-05	4.12672e-07
16.6133	2.58617e-09	-2.3712e-07	-2.07457e-13	-8.04156e-08	0.000164038	4.19298e-07
16.6133	2.77643e-09	-2.37122e-07	-2.05154e-13	7.50743e-08	-0.000228986	4.26122e-07
16.6133	2.72389e-09	-2.37125e-07	-2.05788e-13	-8.12675e-08	-0.000137894	4.33262e-07
16.6133	2.51983e-09	-2.37127e-07	-2.08255e-13	5.32988e-08	7.02795e-05	4.40874e-07
16.6133	2.39023e-09	-2.37129e-07	-2.09821e-13	2.89857e-08	7.19657e-05	4.4915e-07
16.6133	2.3397e-09	-2.37132e-07	-2.1043e-13	-2.37847e-09	9.87743e-05	4.58229e-07
16.6133	2.40244e-09	-2.37134e-07	-2.09669e-13	-1.26988e-08	3.53375e-05	4.68024e-07
16.6133	2.50834e-09	-2.37137e-07	-2.08386e-13	1.86812e-08	-6.61941e-05	4.78241e-07
16.6133	2.53655e-09	-2.37139e-07	-2.08043e-13	-1.21782e-07	-0.000245288	4.88456e-07
16.6133	2.26273e-09	-2.37142e-07	-2.11353e-13	-1.52426e-08	-1.33351e-05	4.98178e-07
16.6133	1.96695e-09	-2.37144e-07	-2.14929e-13	-4.62595e-08	-3.64933e-05	5.0705e-07
16.6133	1.6196e-09	-2.37147e-07	-2.19129e-13	1.84031e-07	0.000256068	5.14994e-07
16.6133	1.59924e-09	-2.3715e-07	-2.19373e-13	-1.6988e-07	0.00027685	5.22279e-07
16.6133	1.94253e-09	-2.37153e-07	-2.15218e-13	9.95166e-08	-9.26496e-05	5.29614e-07
16.6133	2.16723e-09	-2.37156e-07	-2.12498e-13	7.01923e-08	-0.000186243	5.37918e-07
16.6133	2.14316e-09	-2.37158e-07	-2.12787e-13	-5.3827e-08	-0.000130058	5.46048e-07
16.6133	1.94006e-09	-2.37161e-07	-2.15241e-13	4.83935e-08	0.000197686	5.52338e-07
16.6133	2.00927e-09	-2.37164e-07	-2.14402e-13	-5.64479e-09	1.901e-05	5.57269e-07
16.6133	2.10564e-09	-2.37167e-07	-2.13234e-13	-1.63252e-08	3.72972e-05	5.61887e-07
16.6133	2.25543e-09	-2.3717e-07	-2.11419e-13	2.75285e-08	-0.000122466	5.66108e-07
16.6133	2.23232e-09	-2.37173e-07	-2.11697e-13	-2.50189e-08	-8.50768e-05	5.69483e-07
16.6133	2.08764e-09	-2.37176e-07	-2.13444e-13	-1.87189e-07	-0.000190448	5.72465e-07
16.6133	1.66894e-09	-2.37179e-07	-2.18507e-13	1.54419e-07	0.000138894	5.75155e-07
16.6133	1.44862e-09	-2.37182e-07	-2.2117e-13	5.84226e-08	0.000149512	5.77317e-07
16.6133	1.44371e-09	-2.37186e-07	-2.21227e-13	-1.29995e-08	7.55848e-05	5.79153e-07
16.6133	1.54839e-09	-2.37189e-07	-2.19958e-13	1.11181e-08	-9.98323e-05	5.80707e-07
16.6133	1.50822e-09	-2.37192e-07	-2.20441e-13	-6.52922e-09	8.57445e-05	5.81865e-07
16.6133	1.59281e-09	-2.37195e-07	-2.19416e-13	-7.10422e-09	2.07494e-05	5.82744e-07
16.6133	1.70776e-09	-2.37198e-07	-2.18023e-13	9.73069e-09	-3.06304e-05	5.83315e-07
16.6133	1.7781e-09	-2.37201e-07	-2.1717e-13	5.15849e-09	-3.20388e-05	5.83549e-07
16.6133	1.80171e-09	-2.37204e-07	-2.16882e-13	-4.3367e-09	2.85007e-05	5.83493e-07
16.6133	1.86688e-09	-2.37207e-07	-2.16091e-13	-4.75786e-08	-0.000189693	5.83105e-07
16.6133	1.65559e-09	-2.3721e-07	-2.18644e-13	-1.1021e-08	-1.44776e-05	5.82411e-07
16.6133	1.42353e-09	-2.37213e-07	-2.21449e-13	3.59895e-08	5.44137e-05	5.81402e-07
16.6133	1.27096e-09	-2.37217e-07	-2.23292e-13	-9.10389e-09	0.000226244	5.8004e-07
16.6133	1.44644e-09	-2.3722e-07	-2.21167e-13	2.03493e-09	-3.40665e-06	5.78358e-07
16.6133	1.61645e-09	-2.37223e-07	-2.19108e-13	3.21234e-08	-8.58437e-05	5.76346e-07
16.6133	1.66235e-09	-2.37226e-07	-2.18551e-13	-2.05452e-09	1.09835e-05	5.74013e-07
16.6133	1.72378e-09	-2.37229e-07	-2.17805e-13	3.76804e-09	-6.11645e-05	5.71394e-07
16.6133	1.69776e-09	-2.37232e-07	-2.18118e-13	-5.43436e-10	4.17317e-05	5.68472e-07
16.6133	1.73103e-09	-2.37235e-07	-2.17713e-13	-2.60737e-10	2.12576e-06	5.65271e-07
16.6133	1.76709e-09	-2.37238e-07	-2.17274e-13	-9.8592e-09	4.22187e-05	5.61775e-07
16.6133	1.86202e-09	-2.37241e-07	-2.16124e-13	-9.27244e-09	2.33325e-05	5.58007e-07
16.6133	1.98873e-09	-2.37244e-07	-2.14588e-13	1.08839e-08	-2.82643e-05	5.53988e-07
16.6133	2.0755e-09	-2.37247e-07	-2.13537e-13	9.87848e-09	-6.11809e-05	5.497e-07
16.6133	2.07783e-09	-2.3725e-07	-2.13506e-13	-2.1141e-08	-9.36768e-05	5.452e-07
16.6133	1.953e-09	-2.37252e-07	-2.15014e-13	2.09802e-08	0.000100174	5.40469e-07
16.6133	1.96402e-09	-2.37255e-07	-2.14878e-13	-2.99668e-08	0.000101591	5.35516e-07
16.6133	2.11032e-09	-2.37258e-07	-2.13107e-13	-2.80305e-08	4.2742e-05	5.30369e-07
16.6133	2.31156e-09	-2.37261e-07	-2.1067e-13	5.64885e-08	-0.000178431	5.25015e-07
16.6133	2.27775e-09	-2.37264e-07	-2.11077e-13	-4.82213e-09	-2.50875e-05	5.19443e-07
16.6133	2.2119e-09	-2.37267e-07	-2.11871e-13	-2.2584e-08	-5.68709e-05	5.13718e-07
16.6133	2.07416e-09	-2.37269e-07	-2.13535e-13	2.8821e-08	0.000118096	5.0785e-07
16.6133	2.08708e-09	-2.37272e-07	-2.13377e-13	-1.94305e-08	7.85137e-05	5.01804e-07
16.6133	2.19774e-09	-2.37275e-07	-2.12036e-13	-3.10524e-07	0.000274684	4.95607e-07
16.6133	2.6452e-09	-2.37277e-07	-2.06622e-13	3.11446e-07	-0.000276787	4.89304e-07
16.6133	2.75051e-09	-2.3728e-07	-2.05346e-13	-3.52987e-09	-0.000181097	4.82903e-07
16.6133	2.63725e-09	-2.37282e-07	-2.06714e-13	-3.26095e-10	-6.8807e-07	4.76389e-07
16.6133	2.52472e-09	-2.37285e-07	-2.08073e-13	-4.65205e-09	0.000199593	4.69767e-07
16.6133	2.64653e-09	-2.37287e-07	-2.06598e-13	-5.0807e-08	7.22742e-05	4.63053e-07
16.6133	2.84963e-09	-2.3729e-07	-2.04139e-13	-5.03779e-08	4.99514e-05	4.56292e-07
16.6133	3.1063e-09	-2.37292e-07	-2.01032e-13	1.1044e-08	-9.96286e-06	4.4949e-07
16.6133	3.34798e-09	-2.37295e-07	-1.98107e-13	3.07418e-08	-0.000402922	4.42618e-07
16.6133	3.14355e-09	-2.37297e-07	-2.00578e-13	8.27905e-08	0.000146769	4.3569e-07
16.6133	3.10094e-09	-2.37299e-07	-2.01092e-13	-3.55575e-08	0.000165043	4.28738e-07
16.6133	3.23448e-09	-2.37301e-07	-1.99475e-13	-1.26036e-07	0.000131669	4.21767e-07
16.6133	3.50351e-09	-2.37304e-07	-1.96218e-13	3.47739e-08	-2.86244e-05	4.14795e-07
16.6133	3.73864e-09	-2.37306e-07	-1.93373e-13	1.30613e-07	-0.000222502	4.07845e-07
16.6133	3.74486e-09	-2.37308e-07	-1.93296e-13	-1.93336e-08	8.20019e-05	4.00891e-07
16.6133	3.83244e-09	-2.3731e-07	-1.92235e-13	-2.37929e-08	4.33306e-05	3.93932e-07
16.6133	3.96079e-09	-2.37312e-07	-1.9068e-13	-1.17874e-08	1.68499e-05	3.86982e-07
16.6133	4.10301e-09	-2.37314e-07	-1.88958e-13	2.44592e-08	-0.000258879	3.80057e-07
16.6133	3.99893e-09	-2.37316e-07	-1.90216e-13	1.85242e-08	4.11882e-05	3.73173e-07
16.6133	3.93482e-09	-2.37318e-07	-1.9099e-13	2.27563e-09	0.000131804	3.66336e-07
16.6133	3.99148e-09	-2.3732e-07	-1.90303e-13	5.26228e-09	-2.0082e-05	3.59529e-07
16.6133	4.0292e-09	-2.37322e-07	-1.89845e-13	-6.60376e-07	0.000473332	3.5279e-07
16.6133	4.47973e-09	-2.37324e-07	-1.84394e-13	-1.80419e-07	6.57759e-05	3.46125e-07
16.6133	4.97805e-09	-2.37326e-07	-1.78365e-13	7.97435e-07	-0.00044313	3.39488e-07
16.6133	5.09432e-09	-2.37327e-07	-1.76957e-13	2.67858e-08	-0.000230132	3.32896e-07
16.6133	5.01869e-09	-2.37329e-07	-1.7787e-13	-2.04589e-07	-0.000208647	3.26372e-07
16.6133	4.77599e-09	-2.37331e-07	-1.80805e-13	2.0451e-07	0.000392393	3.19927e-07
16.6133	4.8488e-09	-2.37333e-07	-1.79923e-13	-6.68535e-07	0.000433274	3.13542e-07
16.6133	5.25633e-09	-2.37334e-07	-1.74992e-13	-1.05135e-06	0.000309277	3.0722e-07
16.6133	5.89073e-09	-2.37336e-07	-1.67316e-13	1.62322e-06	-0.000617436	3.0099e-07
16.6133	6.05239e-09	-2.37337e-07	-1.6536e-13	-5.03703e-07	-0.000715674	2.94832e-07
16.6133	5.68871e-09	-2.37339e-07	-1.69758e-13	2.40173e-07	0.000108045	2.88742e-07
16.6133	5.40974e-09	-2.37341e-07	-1.73131e-13	-2.28652e-07	0.000884512	2.82743e-07
16.6133	5.75522e-09	-2.37342e-07	-1.68951e-13	2.1769e-07	-9.78286e-05	2.7681e-07
16.6133	6.02642e-09	-2.37343e-07	-1.65669e-13	4.25039e-08	-2.20747e-05	2.70946e-07
16.6133	6.27707e-09	-2.37345e-07	-1.62636e-13	3.08342e-07	-0.000245291	2.65186e-07
16.6133	6.36152e-09	-2.37346e-07	-1.61613e-13	2.43645e-08	-0.000211431	2.59489e-07
16.6133	6.30848e-09	-2.37348e-07	-1.62254e-13	-5.2184e-08	-8.37877e-05	2.53854e-07
16.6133	6.204e-09	-2.37349e-07	-1.63517e-13	-8.2503e-07	0.000764552	2.48312e-07
16.6133	6.57117e-09	-2.3735e-07	-1.59074e-13	-2.33208e-06	0.000537924	2.42827e-07
16.6133	7.25305e-09	-2.37352e-07	-1.50825e-13	-2.99775e-06	0.00044183	2.37403e-07
16.6133	8.1789e-09	-2.37353e-07	-1.39624e-13	5.75403e-06	-0.00114422	2.32061e-07
16.6133	8.4276e-09	-2.37354e-07	-1.36615e-13	-1.95779e-06	-0.0014191	2.26786e-07
16.6133	7.87534e-09	-2.37355e-07	-1.43294e-13	6.67529e-07	0.000146339	2.21573e-07
16.6133	7.41595e-09	-2.37356e-07	-1.48851e-13	1.50636e-06	0.00115787	2.1644e-07
16.6133	7.58639e-09	-2.37358e-07	-1.46788e-13	-1.88882e-06	0.000607065	2.1136e-07
16.6133	8.06972e-09	-2.37359e-07	-1.4094e-13	-9.93471e-07	0.000194238	2.06333e-07
16.6133	8.6405e-09	-2.3736e-07	-1.34035e-13	2.8522e-06	-0.000782953	2.01389e-07
16.6133	8.80815e-09	-2.37361e-07	-1.32006e-13	-1.63013e-06	-0.00121212	1.96472e-07
16.6133	8.38374e-09	-2.37362e-07	-1.37139e-13	5.74296e-07	0.000142936	1.91588e-07
16.6133	8.03752e-09	-2.37363e-07	-1.41327e-13	1.33702e-06	0.000698107	1.86807e-07
16.6133	8.02185e-09	-2.37364e-07	-1.41516e-13	-2.93358e-09	-1.42677e-05	1.82069e-07
16.6133	8.00017e-09	-2.37365e-07	-1.41777e-13	-6.35371e-08	-0.000118308	1.77329e-07
16.6133	7.92731e-09	-2.37366e-07	-1.42658e-13	-8.00306e-07	0.000756365	1.72659e-07
16.6133	8.1785e-09	-2.37367e-07	-1.39618e-13	-2.86983e-06	0.000633221	1.68053e-07
16.6133	8.6853e-09	-2.37367e-07	-1.33487e-13	-2.04029e-06	0.000297465	1.63445e-07
16.6133	9.29782e-09	-2.37368e-07	-1.26077e-13	-3.45903e-05	0.00249777	1.58885e-07
16.6133	1.08713e-08	-2.37369e-07	-1.07043e-13	-4.00702e-05	0.00165357	1.54428e-07
16.6133	1.30298e-08	-2.3737e-07	-8.09323e-14	3.58722e-05	-0.00144983	1.49975e-07
16.6133	1.4589e-08	-2.37371e-07	-6.20701e-14	3.17523e-05	-0.0064861	1.45488e-07
16.6133	1.37782e-08	-2.37372e-07	-7.18777e-14	-0.000108033	-0.00468752	1.41116e-07
16.6133	1.13628e-08	-2.37372e-07	-1.01095e-13	-9.04454e-05	-0.00223931	1.36878e-07
16.6133	8.26609e-09	-2.37373e-07	-1.38554e-13	-0.000212326	-0.00381941	1.32705e-07
16.6133	4.01702e-09	-2.37374e-07	-1.89952e-13	-0.000132981	-0.00190043	1.28557e-07
16.6133	-6.97674e-10	-2.37374e-07	-2.46983e-13	3.30939e-05	0.000449469	1.24403e-07
16.6133	-5.12022e-09	-2.37375e-07	-3.0048e-13	0.000333202	0.00573857	1.20222e-07
16.6133	-7.69596e-09	-2.37376e-07	-3.31638e-13	0.000173094	0.0113465	1.1609e-07
16.6133	-6.94777e-09	-2.37376e-07	-3.22587e-13	-0.000463965	0.0112413	1.12265e-07
16.6133	-3.11868e-09	-2.37377e-07	-2.76267e-13	-0.00134349	0.0130893	1.08965e-07
16.6133	4.12282e-09	-2.37377e-07	-1.8867e-13	-0.00118819	0.0076298	1.05974e-07
16.6133	1.31566e-08	-2.37378e-07	-7.93921e-14	-0.00110468	0.00578985	1.03012e-07
16.6133	2.34055e-08	-2.37378e-07	4.45852e-14	0.000666093	-0.00337854	9.96904e-08
16.6133	3.24547e-08	-2.37379e-07	1.54049e-13	0.000958915	-0.00551852	9.60632e-08
16.6133	3.98742e-08	-2.37379e-07	2.438e-13	0.00109225	-0.00785172	9.26083e-08
16.6133	4.52449e-08	-2.3738e-07	3.08767e-13	0.00116968	-0.0140238	8.93433e-08
16.6133	4.73513e-08	-2.3738e-07	3.34248e-13	0.000172125	-0.0144373	8.6472e-08
16.6133	4.63214e-08	-2.37381e-07	3.2179e-13	-0.000954723	-0.0152701	8.42184e-08
16.6133	4.21369e-08	-2.37381e-07	2.71172e-13	-0.00176632	-0.0131217	8.25371e-08
16.6133	3.53397e-08	-2.37382e-07	1.8895e-13	-5.74819e-05	-0.000339396	8.10321e-08
16.6133	2.86063e-08	-2.37382e-07	1.07499e-13	-0.000145092	-0.000841366	7.9729e-08
16.6133	2.17918e-08	-2.37383e-07	2.50672e-14	0.000432049	0.00257275	7.87878e-08
16.6133	1.55554e-08	-2.37383e-07	-5.03703e-14	0.000724668	0.00487618	7.80028e-08
16.6133	1.0322e-08	-2.37383e-07	-1.13677e-13	-0.000814798	-0.00543023	7.77182e-08
16.6133	4.02321e-09	-2.37384e-07	-1.8987e-13	0.00115138	0.00803202	7.75964e-08
16.6133	-6.90364e-10	-2.37384e-07	-2.46887e-13	0.000800215	0.00777594	7.74061e-08
16.6133	-3.89922e-09	-2.37385e-07	-2.85703e-13	0.000685028	0.0153903	7.75616e-08
16.6133	-4.13071e-09	-2.37385e-07	-2.88503e-13	-1.38065e-05	0.00382625	7.81738e-08
16.6133	-3.61278e-09	-2.37385e-07	-2.82238e-13	-8.19642e-05	0.00366747	7.93278e-08
16.6133	-2.35195e-09	-2.37386e-07	-2.66985e-13	-5.19884e-06	0.000162797	8.09562e-08
16.6133	-1.02843e-09	-2.37386e-07	-2.50975e-13	-0.000152293	0.00366704	8.30833e-08
16.6133	1.10637e-09	-2.37387e-07	-2.25151e-13	0.000133321	-0.0031049	8.56461e-08
16.6133	2.63501e-09	-2.37387e-07	-2.0666e-13	-1.76275e-05	0.000484652	8.86662e-08
16.6133	4.33116e-09	-2.37388e-07	-1.86142e-13	0.000131497	-0.00555004	9.21863e-08
16.6133	4.79244e-09	-2.37388e-07	-1.80561e-13	4.48246e-06	-0.000528027	9.62368e-08
16.6133	5.14521e-09	-2.37389e-07	-1.76294e-13	-8.1075e-06	-0.00373558	1.00918e-07
16.6133	4.55009e-09	-2.37389e-07	-1.83492e-13	-6.86221e-06	-0.0005342	1.06297e-07
16.6133	3.77601e-09	-2.3739e-07	-1.92855e-13	-1.60433e-05	-0.000966532	1.12492e-07
16.6133	2.67511e-09	-2.3739e-07	-2.06172e-13	1.92452e-06	0.000102588	1.19617e-07
16.6133	1.5334e-09	-2.37391e-07	-2.19982e-13	-2.47946e-05	-0.00115855	1.27867e-07
16.6133	-7.36185e-11	-2.37392e-07	-2.39421e-13	1.17738e-06	4.86962e-05	1.37489e-07
16.6133	-1.7892e-09	-2.37393e-07	-2.60173e-13	-1.11382e-05	-0.000442628	1.48775e-07
16.6133	-3.82291e-09	-2.37393e-07	-2.84773e-13	-1.01441e-05	-0.000372881	1.62164e-07
16.6133	-6.20596e-09	-2.37394e-07	-3.13599e-13	8.88544e-06	0.000325188	1.78244e-07
16.6133	-8.68427e-09	-2.37395e-07	-3.43577e-13	4.29009e-05	0.00199327	1.9797e-07
16.6133	-1.04113e-08	-2.37396e-07	-3.64468e-13	2.53449e-05	0.0024134	2.22866e-07
16.6133	-1.09404e-08	-2.37398e-07	-3.70866e-13	1.9956e-06	0.00090393	2.55751e-07
16.6133	-1.09332e-08	-2.37399e-07	-3.70779e-13	-2.84818e-07	-0.000348122	3.0243e-07
16.6133	-1.12119e-08	-2.37401e-07	-3.74149e-13	-3.67457e-06	-0.000920818	3.7657e-07
16.6133	-1.25427e-08	-2.37403e-07	-3.90245e-13	9.48675e-07	0.000161066	5.19424e-07
16.6133	-1.42324e-08	-2.37406e-07	-4.10682e-13	2.8991e-06	0.001309	8.92753e-07
16.6133	-1.36139e-08	-2.37413e-07	-4.03195e-13	-1.0192e-06	0.000461077	3.2967e-06
16.6133	-4.4933e-09	-2.37441e-07	-2.92845e-13	-0.399999	-0.00067267	0.00286306
16.6105	-5.03322e-09	-2.07031e-07	-3.22997e-13	0.4	6.07302e-08	0.00567992
