16.606	-3.33757e-08	-1.56631e-07	-1.39124e-12	-0.000160385	-0.00800828	0.00201021
16.606	-9.92144e-08	-1.56644e-07	-1.95822e-12	-0.00929661	0.068781	1.76032e-06
16.606	-6.39658e-08	-1.56645e-07	-1.65463e-12	-0.0286021	0.0565946	1.89185e-07
16.606	-2.10182e-08	-1.56645e-07	-1.28473e-12	0.00636279	-0.00932188	1.26459e-07
16.606	7.76202e-09	-1.56645e-07	-1.03685e-12	0.021594	-0.0452854	9.53528e-08
16.606	2.09663e-08	-1.56646e-07	-9.23127e-13	0.00898872	-0.0416845	8.04609e-08
16.606	2.50111e-08	-1.56646e-07	-8.88289e-13	0.000713832	-0.00843702	7.61432e-08
16.606	2.73973e-08	-1.56646e-07	-8.67735e-13	-0.000414369	0.00538848	7.57496e-08
16.606	3.08215e-08	-1.56647e-07	-8.38242e-13	-0.00121244	0.0103719	7.66883e-08
16.606	3.63167e-08	-1.56647e-07	-7.90912e-13	7.35824e-05	-0.000517764	7.80546e-08
16.606	4.18031e-08	-1.56647e-07	-7.43658e-13	0.00100644	-0.00844643	7.92745e-08
16.606	4.56823e-08	-1.56647e-07	-7.10246e-13	0.000673844	-0.00899449	8.05473e-08
16.606	4.78032e-08	-1.56648e-07	-6.91977e-13	0.000179798	-0.00434531	8.20969e-08
16.606	4.9067e-08	-1.56648e-07	-6.81091e-13	8.57706e-05	-0.0044063	8.38413e-08
16.606	4.94248e-08	-1.56648e-07	-6.78007e-13	5.21314e-06	-0.00256499	8.56921e-08
16.606	4.92351e-08	-1.56649e-07	-6.7964e-13	-1.54249e-05	-0.00175781	8.76236e-08
16.606	4.86516e-08	-1.56649e-07	-6.84663e-13	-0.000100281	-0.00422444	8.96356e-08
16.606	4.70971e-08	-1.56649e-07	-6.98049e-13	-3.50801e-05	-0.000955719	9.17132e-08
16.606	4.5285e-08	-1.5665e-07	-7.13655e-13	-0.000414747	-0.00724119	9.39327e-08
16.606	4.17056e-08	-1.5665e-07	-7.44482e-13	-0.000551193	-0.00606841	9.63447e-08
16.606	3.65521e-08	-1.5665e-07	-7.88865e-13	-0.000535435	-0.00454537	9.88588e-08
16.606	3.01265e-08	-1.56651e-07	-8.44206e-13	-0.000486276	-0.00351255	1.01438e-07
16.606	2.26309e-08	-1.56651e-07	-9.08761e-13	-0.000752666	-0.00471301	1.0416e-07
16.606	1.36848e-08	-1.56652e-07	-9.85809e-13	-0.000359667	-0.00202894	1.06928e-07
16.606	3.96031e-09	-1.56652e-07	-1.06956e-12	-0.000461204	-0.00244011	1.09705e-07
16.606	-6.69804e-09	-1.56652e-07	-1.16136e-12	0.00019474	0.00101017	1.12406e-07
16.606	-1.7314e-08	-1.56653e-07	-1.25279e-12	0.000990454	0.00565032	1.1476e-07
16.606	-2.6495e-08	-1.56653e-07	-1.33186e-12	0.000641332	0.00429169	1.17045e-07
16.606	-3.45987e-08	-1.56654e-07	-1.40165e-12	0.000281094	0.00211458	1.19598e-07
16.606	-4.22475e-08	-1.56654e-07	-1.46753e-12	0.000734541	0.00664386	1.22187e-07
16.606	-4.80033e-08	-1.56655e-07	-1.5171e-12	0.000142711	0.00159199	1.24885e-07
16.606	-5.3392e-08	-1.56655e-07	-1.5635e-12	0.000441726	0.00634484	1.27735e-07
16.606	-5.68514e-08	-1.56656e-07	-1.5933e-12	0.000282458	0.012107	1.30604e-07
16.606	-5.63922e-08	-1.56656e-07	-1.58934e-12	-0.000462465	0.012273	1.33841e-07
16.606	-5.176e-08	-1.56657e-07	-1.54944e-12	-0.00185596	0.0167319	1.37896e-07
16.606	-4.11071e-08	-1.56657e-07	-1.45769e-12	-8.09861e-05	0.000522095	1.41914e-07
16.606	-3.00045e-08	-1.56658e-07	-1.36206e-12	0.000547627	-0.00372968	1.45165e-07
16.606	-2.00339e-08	-1.56658e-07	-1.27618e-12	0.000560844	-0.00445872	1.4824e-07
16.606	-1.15223e-08	-1.56659e-07	-1.20287e-12	0.000716621	-0.0075201	1.51301e-07
16.606	-5.7118e-09	-1.56659e-07	-1.15283e-12	0.0004575	-0.00823466	1.54448e-07
16.606	-2.99019e-09	-1.5666e-07	-1.12938e-12	0.000116904	-0.00835342	1.57876e-07
16.606	-3.54051e-09	-1.56661e-07	-1.13412e-12	-3.50389e-05	-0.00261067	1.61551e-07
16.606	-5.17048e-09	-1.56661e-07	-1.14815e-12	-0.000133702	-0.00433937	1.65387e-07
16.606	-8.6548e-09	-1.56662e-07	-1.17816e-12	-0.000229709	-0.00436454	1.69365e-07
16.606	-1.40935e-08	-1.56662e-07	-1.225e-12	-3.27302e-05	-0.0005046	1.73358e-07
16.606	-1.98784e-08	-1.56663e-07	-1.27482e-12	0.000225976	0.00403604	1.77197e-07
16.606	-2.39798e-08	-1.56664e-07	-1.31014e-12	0.000173528	0.00534474	1.80977e-07
16.606	-2.5725e-08	-1.56664e-07	-1.32517e-12	3.46105e-05	0.00296438	1.8488e-07
16.606	-2.61234e-08	-1.56665e-07	-1.32859e-12	-4.2562e-06	0.00241136	1.88894e-07
16.606	-2.53794e-08	-1.56666e-07	-1.32218e-12	-2.86816e-05	0.00216971	1.92965e-07
16.606	-2.35617e-08	-1.56667e-07	-1.30652e-12	-5.7423e-05	0.00234308	1.97093e-07
16.606	-2.05385e-08	-1.56667e-07	-1.28048e-12	3.94938e-05	-0.00148116	2.01222e-07
16.606	-1.82058e-08	-1.56668e-07	-1.26039e-12	5.01525e-05	-0.00358394	2.05336e-07
16.606	-1.7684e-08	-1.56669e-07	-1.25589e-12	-5.56027e-06	-0.00280551	2.09513e-07
16.606	-1.86358e-08	-1.5667e-07	-1.26408e-12	-3.73409e-06	-0.000375826	2.13761e-07
16.606	-1.98098e-08	-1.56671e-07	-1.27419e-12	3.32648e-06	0.000331073	2.18055e-07
16.606	-2.08249e-08	-1.56671e-07	-1.28293e-12	-5.75718e-07	-6.14207e-05	2.22403e-07
16.606	-2.18947e-08	-1.56672e-07	-1.29213e-12	8.86398e-06	0.00161434	2.26793e-07
16.606	-2.20612e-08	-1.56673e-07	-1.29356e-12	-1.8878e-06	0.00120735	2.31229e-07
16.606	-2.15264e-08	-1.56674e-07	-1.28895e-12	1.66178e-06	-0.000497985	2.35737e-07
16.606	-2.12774e-08	-1.56675e-07	-1.2868e-12	1.92906e-07	-0.000731298	2.40319e-07
16.606	-2.14672e-08	-1.56676e-07	-1.28843e-12	-2.35812e-07	-0.000125544	2.4494e-07
16.606	-2.17382e-08	-1.56677e-07	-1.29076e-12	-1.75861e-06	-0.00050796	2.49547e-07
16.606	-2.23341e-08	-1.56678e-07	-1.29589e-12	7.69367e-07	0.000179636	2.54088e-07
16.606	-2.28254e-08	-1.56679e-07	-1.30012e-12	9.96286e-07	0.00120197	2.58543e-07
16.606	-2.25417e-08	-1.5668e-07	-1.29767e-12	-6.72926e-07	0.000241973	2.62909e-07
16.606	-2.2093e-08	-1.56681e-07	-1.2938e-12	1.10481e-06	-0.000806233	2.67207e-07
16.606	-2.21799e-08	-1.56682e-07	-1.29454e-12	-2.28175e-07	-0.000199468	2.71495e-07
16.606	-2.24046e-08	-1.56683e-07	-1.29647e-12	2.66436e-07	0.000365251	2.75833e-07
16.606	-2.23791e-08	-1.56684e-07	-1.29624e-12	-6.23993e-08	-0.000198934	2.80253e-07
16.606	-2.24936e-08	-1.56685e-07	-1.29723e-12	-1.40274e-07	-0.000124886	2.84753e-07
16.606	-2.26996e-08	-1.56686e-07	-1.29899e-12	1.98653e-07	0.000341469	2.89325e-07
16.606	-2.266e-08	-1.56687e-07	-1.29865e-12	4.61929e-09	-2.10695e-05	2.93963e-07
16.606	-2.26353e-08	-1.56688e-07	-1.29843e-12	-3.43327e-07	0.000338762	2.98684e-07
16.606	-2.23553e-08	-1.56689e-07	-1.29601e-12	3.20692e-07	-0.00047289	3.03545e-07
16.606	-2.24324e-08	-1.5669e-07	-1.29667e-12	-3.4628e-07	-0.00028477	3.08632e-07
16.606	-2.27324e-08	-1.56692e-07	-1.29925e-12	2.2715e-07	0.000145136	3.14054e-07
16.606	-2.29229e-08	-1.56693e-07	-1.30088e-12	1.23457e-07	0.000148619	3.19948e-07
16.606	-2.2997e-08	-1.56694e-07	-1.30151e-12	-1.03645e-08	0.000203984	3.26416e-07
16.606	-2.29046e-08	-1.56695e-07	-1.30071e-12	-5.4238e-08	7.29776e-05	3.33393e-07
16.606	-2.27486e-08	-1.56697e-07	-1.29936e-12	7.98204e-08	-0.000136701	3.40671e-07
16.606	-2.27069e-08	-1.56698e-07	-1.29899e-12	-5.1883e-07	-0.000506554	3.47948e-07
16.606	-2.31095e-08	-1.56699e-07	-1.30245e-12	-6.49762e-08	-2.75385e-05	3.54874e-07
16.606	-2.35445e-08	-1.56701e-07	-1.30619e-12	-1.97215e-07	-7.53667e-05	3.61193e-07
16.606	-2.40552e-08	-1.56702e-07	-1.31058e-12	7.84291e-07	0.000528819	3.66852e-07
16.606	-2.4085e-08	-1.56703e-07	-1.31083e-12	-7.2512e-07	0.000571733	3.72043e-07
16.606	-2.35798e-08	-1.56705e-07	-1.30647e-12	4.24619e-07	-0.000191331	3.77267e-07
16.606	-2.3249e-08	-1.56706e-07	-1.30362e-12	2.99777e-07	-0.000384621	3.83182e-07
16.606	-2.32842e-08	-1.56708e-07	-1.30391e-12	-2.29274e-07	-0.000268591	3.88973e-07
16.606	-2.35828e-08	-1.56709e-07	-1.30648e-12	2.0595e-07	0.00040825	3.93454e-07
16.606	-2.34808e-08	-1.56711e-07	-1.30559e-12	-2.41173e-08	3.92596e-05	3.96966e-07
16.606	-2.33388e-08	-1.56712e-07	-1.30436e-12	-6.97064e-08	7.70228e-05	4.00255e-07
16.606	-2.31182e-08	-1.56714e-07	-1.30245e-12	1.17677e-07	-0.00025291	4.03263e-07
16.606	-2.3152e-08	-1.56715e-07	-1.30273e-12	-1.06511e-07	-0.000175696	4.05667e-07
16.606	-2.33646e-08	-1.56717e-07	-1.30456e-12	-7.97895e-07	-0.0003933	4.07792e-07
16.606	-2.39803e-08	-1.56718e-07	-1.30985e-12	6.58253e-07	0.000286835	4.09709e-07
16.606	-2.43042e-08	-1.5672e-07	-1.31263e-12	2.48826e-07	0.000308763	4.11248e-07
16.606	-2.43112e-08	-1.56721e-07	-1.31268e-12	-5.56098e-08	0.000156094	4.12556e-07
16.606	-2.4157e-08	-1.56723e-07	-1.31135e-12	4.76398e-08	-0.000206168	4.13662e-07
16.606	-2.42159e-08	-1.56725e-07	-1.31185e-12	-2.80378e-08	0.000177075	4.14487e-07
16.606	-2.40912e-08	-1.56726e-07	-1.31076e-12	-3.03448e-08	4.28506e-05	4.15113e-07
16.606	-2.39219e-08	-1.56728e-07	-1.3093e-12	4.15679e-08	-6.32558e-05	4.15519e-07
16.606	-2.38182e-08	-1.56729e-07	-1.30839e-12	2.20719e-08	-6.61651e-05	4.15686e-07
16.606	-2.37832e-08	-1.56731e-07	-1.30809e-12	-1.85592e-08	5.88582e-05	4.15647e-07
16.606	-2.36871e-08	-1.56732e-07	-1.30725e-12	-2.0249e-07	-0.000391744	4.1537e-07
16.606	-2.39977e-08	-1.56734e-07	-1.30992e-12	-4.69691e-08	-2.98976e-05	4.14877e-07
16.606	-2.43389e-08	-1.56736e-07	-1.31285e-12	1.53366e-07	0.000112371	4.14157e-07
16.606	-2.45631e-08	-1.56737e-07	-1.31477e-12	-3.93315e-08	0.000467227	4.13187e-07
16.606	-2.43047e-08	-1.56739e-07	-1.31253e-12	8.68345e-09	-7.03302e-06	4.11988e-07
16.606	-2.40544e-08	-1.5674e-07	-1.31037e-12	1.37195e-07	-0.000177281	4.10555e-07
16.606	-2.39867e-08	-1.56742e-07	-1.30978e-12	-8.78681e-09	2.26825e-05	4.08895e-07
16.606	-2.38961e-08	-1.56743e-07	-1.30899e-12	1.62067e-08	-0.000126314	4.07027e-07
16.606	-2.39341e-08	-1.56745e-07	-1.30931e-12	-2.411e-09	8.6182e-05	4.04946e-07
16.606	-2.3885e-08	-1.56746e-07	-1.30888e-12	-1.11688e-09	4.39021e-06	4.02668e-07
16.606	-2.38317e-08	-1.56748e-07	-1.30841e-12	-4.21422e-08	8.71876e-05	4.00176e-07
16.606	-2.36918e-08	-1.56749e-07	-1.3072e-12	-3.95988e-08	4.81863e-05	3.97491e-07
16.606	-2.35052e-08	-1.56751e-07	-1.30558e-12	4.6482e-08	-5.83706e-05	3.94628e-07
16.606	-2.33774e-08	-1.56752e-07	-1.30447e-12	4.2267e-08	-0.000126348	3.91575e-07
16.606	-2.33737e-08	-1.56754e-07	-1.30443e-12	-8.99533e-08	-0.000193456	3.8837e-07
16.606	-2.35572e-08	-1.56755e-07	-1.30601e-12	8.92528e-08	0.000206874	3.84999e-07
16.606	-2.35407e-08	-1.56757e-07	-1.30586e-12	-1.28029e-07	0.000209799	3.81471e-07
16.606	-2.33253e-08	-1.56758e-07	-1.30399e-12	-1.19644e-07	8.82709e-05	3.77804e-07
16.606	-2.3029e-08	-1.5676e-07	-1.30143e-12	2.41315e-07	-0.000368488	3.73989e-07
16.606	-2.30786e-08	-1.56761e-07	-1.30185e-12	-2.05093e-08	-5.18088e-05	3.70021e-07
16.606	-2.31753e-08	-1.56762e-07	-1.30268e-12	-9.61905e-08	-0.000117448	3.65943e-07
16.606	-2.33777e-08	-1.56764e-07	-1.30441e-12	1.22653e-07	0.000243887	3.61763e-07
16.606	-2.33585e-08	-1.56765e-07	-1.30424e-12	-8.30439e-08	0.000162143	3.57456e-07
16.606	-2.31955e-08	-1.56767e-07	-1.30283e-12	-1.32493e-06	0.000567257	3.53043e-07
16.606	-2.25371e-08	-1.56768e-07	-1.29715e-12	1.32886e-06	-0.000571599	3.48553e-07
16.606	-2.2382e-08	-1.56769e-07	-1.29581e-12	-1.4649e-08	-0.000373992	3.43992e-07
16.606	-2.25484e-08	-1.5677e-07	-1.29724e-12	-1.3882e-09	-1.41988e-06	3.39353e-07
16.606	-2.27137e-08	-1.56772e-07	-1.29865e-12	-2.02893e-08	0.000412188	3.34635e-07
16.606	-2.25344e-08	-1.56773e-07	-1.2971e-12	-2.16841e-07	0.000149254	3.29851e-07
16.606	-2.22354e-08	-1.56774e-07	-1.29452e-12	-2.14964e-07	0.000103156	3.25037e-07
16.606	-2.18577e-08	-1.56775e-07	-1.29126e-12	4.71274e-08	-2.05768e-05	3.20192e-07
16.606	-2.1502e-08	-1.56777e-07	-1.28819e-12	1.31995e-07	-0.000832094	3.15295e-07
16.606	-2.18025e-08	-1.56778e-07	-1.29077e-12	3.52766e-07	0.000303103	3.1036e-07
16.606	-2.1865e-08	-1.56779e-07	-1.29131e-12	-1.52018e-07	0.00034084	3.05408e-07
16.606	-2.16684e-08	-1.5678e-07	-1.28961e-12	-5.37807e-07	0.00027191	3.00443e-07
16.606	-2.12725e-08	-1.56781e-07	-1.28619e-12	1.48353e-07	-5.9107e-05	2.95476e-07
16.606	-2.09264e-08	-1.56782e-07	-1.2832e-12	5.57546e-07	-0.000459501	2.90525e-07
16.606	-2.09171e-08	-1.56783e-07	-1.28312e-12	-8.2638e-08	0.000169346	2.85572e-07
16.606	-2.07881e-08	-1.56785e-07	-1.282e-12	-1.01568e-07	8.94832e-05	2.80614e-07
16.606	-2.05992e-08	-1.56786e-07	-1.28037e-12	-5.03106e-08	3.47987e-05	2.75664e-07
16.606	-2.03898e-08	-1.56787e-07	-1.27856e-12	1.04893e-07	-0.000534623	2.7073e-07
16.606	-2.05428e-08	-1.56788e-07	-1.27987e-12	7.89109e-08	8.50603e-05	2.65827e-07
16.606	-2.06369e-08	-1.56789e-07	-1.28068e-12	9.40945e-09	0.000272194	2.60956e-07
16.606	-2.05534e-08	-1.5679e-07	-1.27995e-12	2.24881e-08	-4.14731e-05	2.56108e-07
16.606	-2.04978e-08	-1.56791e-07	-1.27947e-12	-2.81739e-06	0.000977484	2.51309e-07
16.606	-1.98349e-08	-1.56791e-07	-1.27375e-12	-7.69637e-07	0.000135842	2.46562e-07
16.606	-1.91017e-08	-1.56792e-07	-1.26743e-12	3.40188e-06	-0.000915119	2.41832e-07
16.606	-1.89305e-08	-1.56793e-07	-1.26595e-12	1.14751e-07	-0.000475254	2.37136e-07
16.606	-1.90417e-08	-1.56794e-07	-1.26691e-12	-8.72063e-07	-0.000430883	2.32489e-07
16.606	-1.93986e-08	-1.56795e-07	-1.26998e-12	8.71313e-07	0.000810347	2.27898e-07
16.606	-1.92913e-08	-1.56796e-07	-1.26905e-12	-2.85209e-06	0.000894758	2.2335e-07
16.606	-1.86917e-08	-1.56797e-07	-1.26388e-12	-4.48436e-06	0.000638679	2.1885e-07
16.606	-1.77583e-08	-1.56798e-07	-1.25584e-12	6.92393e-06	-0.00127506	2.14411e-07
16.606	-1.75204e-08	-1.56798e-07	-1.25378e-12	-2.14655e-06	-0.00147795	2.10023e-07
16.606	-1.80553e-08	-1.56799e-07	-1.25838e-12	1.024e-06	0.000223117	2.05685e-07
16.606	-1.84656e-08	-1.568e-07	-1.26191e-12	-9.77128e-07	0.00182664	2.01411e-07
16.606	-1.79572e-08	-1.56801e-07	-1.25753e-12	9.28625e-07	-0.000202029	1.97184e-07
16.606	-1.75582e-08	-1.56801e-07	-1.25409e-12	1.81334e-07	-4.55908e-05	1.93008e-07
16.606	-1.71893e-08	-1.56802e-07	-1.25091e-12	1.31554e-06	-0.000506551	1.88903e-07
16.606	-1.7065e-08	-1.56803e-07	-1.24984e-12	1.04386e-07	-0.00043664	1.84843e-07
16.606	-1.71429e-08	-1.56804e-07	-1.2505e-12	-2.22367e-07	-0.000173033	1.80831e-07
16.606	-1.72965e-08	-1.56804e-07	-1.25182e-12	-3.52017e-06	0.00157888	1.76886e-07
16.606	-1.67563e-08	-1.56805e-07	-1.24717e-12	-9.94623e-06	0.0011108	1.72982e-07
16.606	-1.57531e-08	-1.56806e-07	-1.23852e-12	-1.27832e-05	0.000912253	1.69125e-07
16.606	-1.4391e-08	-1.56806e-07	-1.22679e-12	2.45388e-05	-0.00236268	1.65316e-07
16.606	-1.40251e-08	-1.56807e-07	-1.22363e-12	-8.34598e-06	-0.00293057	1.61553e-07
16.606	-1.48374e-08	-1.56807e-07	-1.23062e-12	2.84645e-06	0.000302198	1.57841e-07
16.606	-1.55131e-08	-1.56808e-07	-1.23644e-12	6.42136e-06	0.00239112	1.54182e-07
16.606	-1.52623e-08	-1.56809e-07	-1.23428e-12	-8.0561e-06	0.00125358	1.50564e-07
16.606	-1.45512e-08	-1.56809e-07	-1.22815e-12	-4.23735e-06	0.000401125	1.46986e-07
16.606	-1.37114e-08	-1.5681e-07	-1.22092e-12	1.21651e-05	-0.00161681	1.43461e-07
16.606	-1.34647e-08	-1.5681e-07	-1.21879e-12	-6.94905e-06	-0.00250315	1.39958e-07
16.606	-1.4089e-08	-1.56811e-07	-1.22416e-12	2.44866e-06	0.000295149	1.3648e-07
16.606	-1.45983e-08	-1.56811e-07	-1.22854e-12	5.70045e-06	0.00144166	1.33072e-07
16.606	-1.46212e-08	-1.56812e-07	-1.22874e-12	-1.24797e-08	-2.94657e-05	1.29695e-07
16.606	-1.46531e-08	-1.56812e-07	-1.22901e-12	-2.70719e-07	-0.000244328	1.26318e-07
16.606	-1.47602e-08	-1.56813e-07	-1.22993e-12	-3.41478e-06	0.00156199	1.22992e-07
16.606	-1.43906e-08	-1.56813e-07	-1.22675e-12	-1.22388e-05	0.00130751	1.19717e-07
16.606	-1.3645e-08	-1.56814e-07	-1.22032e-12	-8.70119e-06	0.000614242	1.16439e-07
16.606	-1.27438e-08	-1.56814e-07	-1.21256e-12	-0.000147358	0.005153	1.13223e-07
16.606	-1.0429e-08	-1.56814e-07	-1.19262e-12	-0.00017039	0.00340497	1.10115e-07
16.606	-7.25369e-09	-1.56815e-07	-1.16527e-12	0.000152514	-0.00298488	1.06942e-07
16.606	-4.95983e-09	-1.56815e-07	-1.14551e-12	0.000135249	-0.0133876	1.03686e-07
16.606	-6.15258e-09	-1.56816e-07	-1.15578e-12	-0.000459217	-0.00965298	1.00632e-07
16.606	-9.70577e-09	-1.56816e-07	-1.18638e-12	-0.000382636	-0.00458789	9.77669e-08
16.606	-1.42613e-08	-1.56816e-07	-1.22561e-12	-0.000891731	-0.00776963	9.50153e-08
16.606	-2.0512e-08	-1.56817e-07	-1.27945e-12	-0.000553641	-0.00383153	9.23034e-08
16.606	-2.74477e-08	-1.56817e-07	-1.33918e-12	0.000137484	0.000904201	8.93959e-08
16.606	-3.39536e-08	-1.56817e-07	-1.39521e-12	0.0013965	0.0116542	8.61397e-08
16.606	-3.77427e-08	-1.56818e-07	-1.42785e-12	0.000734498	0.0233753	8.28373e-08
16.606	-3.6642e-08	-1.56818e-07	-1.41836e-12	-0.00195492	0.0229943	8.02911e-08
16.606	-3.1009e-08	-1.56818e-07	-1.36985e-12	-0.00542353	0.0256738	7.90462e-08
16.606	-2.03561e-08	-1.56819e-07	-1.2781e-12	-0.00452479	0.0140853	7.83823e-08
16.606	-7.06656e-09	-1.56819e-07	-1.16363e-12	-0.00400089	0.0101604	7.74852e-08
16.606	8.01062e-09	-1.56819e-07	-1.03378e-12	0.00238917	-0.00586919	7.52387e-08
16.606	2.13228e-08	-1.56819e-07	-9.19123e-13	0.00356282	-0.00993409	7.16548e-08
16.606	3.22376e-08	-1.5682e-07	-8.25114e-13	0.00425067	-0.0148139	6.80296e-08
16.606	4.01384e-08	-1.5682e-07	-7.57066e-13	0.0047969	-0.0279596	6.4491e-08
16.606	4.32372e-08	-1.5682e-07	-7.30376e-13	0.000728937	-0.0297312	6.17441e-08
16.606	4.17221e-08	-1.5682e-07	-7.43423e-13	-0.0039679	-0.0308761	6.05063e-08
16.606	3.55664e-08	-1.56821e-07	-7.9644e-13	-0.0068896	-0.0248678	6.05653e-08
16.606	2.55671e-08	-1.56821e-07	-8.82559e-13	-0.000215986	-0.000617525	6.02928e-08
16.606	1.56617e-08	-1.56821e-07	-9.67871e-13	-0.000540006	-0.00151634	5.94111e-08
16.606	5.6369e-09	-1.56821e-07	-1.05421e-12	0.00161978	0.00467119	5.85873e-08
16.606	-3.53725e-09	-1.56821e-07	-1.13322e-12	0.0027885	0.00909	5.75046e-08
16.606	-1.12361e-08	-1.56822e-07	-1.19953e-12	-0.00312999	-0.0101065	5.7331e-08
16.606	-2.05021e-08	-1.56822e-07	-1.27934e-12	0.00445745	0.0150761	5.70969e-08
16.606	-2.74362e-08	-1.56822e-07	-1.33906e-12	0.00323857	0.0152575	5.61078e-08
16.606	-3.21567e-08	-1.56822e-07	-1.37971e-12	0.00287307	0.0314062	5.55585e-08
16.606	-3.24972e-08	-1.56823e-07	-1.38264e-12	-5.8854e-05	0.00789989	5.56967e-08
16.606	-3.17353e-08	-1.56823e-07	-1.37608e-12	-0.000348565	0.00755433	5.65643e-08
16.606	-2.98804e-08	-1.56823e-07	-1.3601e-12	-2.21107e-05	0.000335261	5.77639e-08
16.606	-2.79334e-08	-1.56823e-07	-1.34333e-12	-0.000643826	0.00750852	5.93573e-08
16.606	-2.47929e-08	-1.56823e-07	-1.31628e-12	0.00056341	-0.00635477	6.1197e-08
16.606	-2.25441e-08	-1.56824e-07	-1.29691e-12	-7.46704e-05	0.00099413	6.32986e-08
16.606	-2.00488e-08	-1.56824e-07	-1.27542e-12	0.000558719	-0.0114261	6.57479e-08
16.606	-1.93702e-08	-1.56824e-07	-1.26958e-12	1.91125e-05	-0.00109012	6.8561e-08
16.606	-1.88512e-08	-1.56824e-07	-1.2651e-12	-3.45556e-05	-0.00771336	7.18983e-08
16.606	-1.97267e-08	-1.56825e-07	-1.27264e-12	-2.92377e-05	-0.00110217	7.57399e-08
16.606	-2.08654e-08	-1.56825e-07	-1.28245e-12	-6.83246e-05	-0.0019933	8.01701e-08
16.606	-2.24848e-08	-1.56825e-07	-1.29639e-12	8.19294e-06	0.000211484	8.52577e-08
16.606	-2.41643e-08	-1.56826e-07	-1.31086e-12	-0.000105512	-0.00238743	9.11539e-08
16.606	-2.65284e-08	-1.56826e-07	-1.33122e-12	5.02499e-06	0.00010064	9.80322e-08
16.606	-2.90521e-08	-1.56826e-07	-1.35295e-12	-4.73689e-05	-0.000911547	1.06089e-07
16.606	-3.20438e-08	-1.56827e-07	-1.37872e-12	-4.30892e-05	-0.000766983	1.15656e-07
16.606	-3.55494e-08	-1.56827e-07	-1.40891e-12	3.77408e-05	0.000668847	1.27125e-07
16.606	-3.91952e-08	-1.56828e-07	-1.4403e-12	0.000182532	0.00410709	1.41133e-07
16.606	-4.17357e-08	-1.56828e-07	-1.46218e-12	0.000108005	0.00498093	1.58793e-07
16.606	-4.25139e-08	-1.56829e-07	-1.46888e-12	8.50852e-06	0.0018667	1.82185e-07
16.606	-4.25032e-08	-1.5683e-07	-1.46878e-12	-1.21392e-06	-0.000718922	2.15434e-07
16.606	-4.29132e-08	-1.56831e-07	-1.47231e-12	-1.56677e-05	-0.00190145	2.68256e-07
16.606	-4.48706e-08	-1.56832e-07	-1.48916e-12	4.0448e-06	0.000332561	3.70028e-07
16.606	-4.73562e-08	-1.56833e-07	-1.51056e-12	1.23603e-05	0.00270317	6.35957e-07
16.606	-4.64458e-08	-1.56836e-07	-1.5027e-12	-4.34761e-06	0.000952168	2.34842e-06
16.606	-3.30265e-08	-1.56851e-07	-1.38705e-12	-0.399995	-0.00138957	0.00203954
16.604	-3.60311e-08	-1.41435e-07	-1.49597e-12	0.4	5.59321e-07	0.00404617
