16.6061	-3.20059e-08	-1.58085e-07	-1.34857e-12	-0.000155266	-0.00787947	0.00202553
16.6061	-9.72779e-08	-1.58098e-07	-1.91497e-12	-0.00901996	0.0677617	1.77353e-06
16.6061	-6.23327e-08	-1.58099e-07	-1.61169e-12	-0.0279853	0.0562352	1.90048e-07
16.6061	-1.97548e-08	-1.58099e-07	-1.24218e-12	0.00625458	-0.00931314	1.26765e-07
16.6061	8.77766e-09	-1.581e-07	-9.9456e-13	0.0211032	-0.0449579	9.57621e-08
16.6061	2.18683e-08	-1.581e-07	-8.80951e-13	0.00872447	-0.0411066	8.10008e-08
16.6062	2.58782e-08	-1.581e-07	-8.46149e-13	0.000691272	-0.00830405	7.67146e-08
16.6062	2.82439e-08	-1.581e-07	-8.25617e-13	-0.000401255	0.00530335	7.63197e-08
16.6062	3.16387e-08	-1.58101e-07	-7.96154e-13	-0.00117448	0.0102114	7.72552e-08
16.6062	3.70865e-08	-1.58101e-07	-7.48873e-13	7.13075e-05	-0.000509972	7.86248e-08
16.6062	4.25257e-08	-1.58101e-07	-7.01668e-13	0.000974941	-0.00831597	7.98605e-08
16.6062	4.63715e-08	-1.58102e-07	-6.68291e-13	0.000652496	-0.00885198	8.11534e-08
16.6062	4.84741e-08	-1.58102e-07	-6.50042e-13	0.000174069	-0.00427572	8.27204e-08
16.6062	4.97271e-08	-1.58102e-07	-6.39166e-13	8.30307e-05	-0.00433538	8.44797e-08
16.6062	5.00818e-08	-1.58103e-07	-6.36086e-13	5.04652e-06	-0.00252367	8.63453e-08
16.6062	4.98937e-08	-1.58103e-07	-6.37717e-13	-1.49321e-05	-0.00172951	8.82916e-08
16.6062	4.93153e-08	-1.58103e-07	-6.42735e-13	-9.70784e-05	-0.00415648	9.03181e-08
16.6062	4.77742e-08	-1.58104e-07	-6.56108e-13	-3.39631e-05	-0.000940436	9.24105e-08
16.6062	4.59776e-08	-1.58104e-07	-6.71697e-13	-0.000401562	-0.00712569	9.46431e-08
16.6062	4.2429e-08	-1.58104e-07	-7.02492e-13	-0.000533789	-0.00597298	9.70662e-08
16.6062	3.73199e-08	-1.58105e-07	-7.46829e-13	-0.000518672	-0.00447513	9.95905e-08
16.6062	3.09496e-08	-1.58105e-07	-8.02112e-13	-0.000471167	-0.00345912	1.0218e-07
16.6062	2.35185e-08	-1.58105e-07	-8.66601e-13	-0.000729474	-0.00464255	1.04912e-07
16.6062	1.46495e-08	-1.58106e-07	-9.43568e-13	-0.000348682	-0.00199917	1.0769e-07
16.6062	5.00864e-09	-1.58106e-07	-1.02723e-12	-0.000447237	-0.00240495	1.1048e-07
16.6062	-5.55795e-09	-1.58107e-07	-1.11893e-12	0.000188903	0.000995942	1.13198e-07
16.6062	-1.60825e-08	-1.58107e-07	-1.21027e-12	0.000960148	0.00556709	1.15579e-07
16.6062	-2.51846e-08	-1.58108e-07	-1.28926e-12	0.000621485	0.00422695	1.17896e-07
16.6062	-3.32184e-08	-1.58108e-07	-1.35898e-12	0.000272342	0.00208228	1.20477e-07
16.6062	-4.08014e-08	-1.58108e-07	-1.42478e-12	0.000711484	0.00654062	1.23095e-07
16.6062	-4.65077e-08	-1.58109e-07	-1.4743e-12	0.0001382	0.0015669	1.25821e-07
16.6062	-5.185e-08	-1.58109e-07	-1.52066e-12	0.000427719	0.00624418	1.28698e-07
16.6062	-5.52796e-08	-1.5811e-07	-1.55043e-12	0.00027345	0.0119124	1.31597e-07
16.6062	-5.48243e-08	-1.5811e-07	-1.54647e-12	-0.000447737	0.0120764	1.34856e-07
16.6062	-5.0232e-08	-1.58111e-07	-1.50662e-12	-0.00179784	0.0164724	1.38916e-07
16.6062	-3.96708e-08	-1.58112e-07	-1.41496e-12	-7.84856e-05	0.000514259	1.42943e-07
16.6062	-2.86638e-08	-1.58112e-07	-1.31943e-12	0.000530659	-0.00367328	1.46222e-07
16.6062	-1.8779e-08	-1.58113e-07	-1.23364e-12	0.000543334	-0.00439023	1.49333e-07
16.6062	-1.03407e-08	-1.58113e-07	-1.16041e-12	0.000694024	-0.00740213	1.52432e-07
16.6062	-4.58024e-09	-1.58114e-07	-1.11041e-12	0.000442954	-0.00810328	1.55616e-07
16.6062	-1.88206e-09	-1.58114e-07	-1.08699e-12	0.000113171	-0.00821898	1.59078e-07
16.6062	-2.42765e-09	-1.58115e-07	-1.09173e-12	-3.39198e-05	-0.00256865	1.62782e-07
16.6062	-4.04359e-09	-1.58116e-07	-1.10575e-12	-0.000129436	-0.00426965	1.66645e-07
16.6062	-7.49792e-09	-1.58116e-07	-1.13572e-12	-0.000222399	-0.00429481	1.70648e-07
16.6062	-1.28898e-08	-1.58117e-07	-1.18251e-12	-3.16925e-05	-0.000496601	1.74668e-07
16.6062	-1.86249e-08	-1.58118e-07	-1.23228e-12	0.00021879	0.00397165	1.78538e-07
16.6062	-2.2691e-08	-1.58118e-07	-1.26756e-12	0.000167992	0.00525891	1.82353e-07
16.6062	-2.44212e-08	-1.58119e-07	-1.28258e-12	3.35049e-05	0.00291665	1.86289e-07
16.6062	-2.48161e-08	-1.5812e-07	-1.286e-12	-4.12008e-06	0.00237252	1.90334e-07
16.6062	-2.40786e-08	-1.5812e-07	-1.27959e-12	-2.7765e-05	0.00213477	1.94436e-07
16.6062	-2.22765e-08	-1.58121e-07	-1.26395e-12	-5.55899e-05	0.00230542	1.98593e-07
16.6062	-1.92794e-08	-1.58122e-07	-1.23794e-12	3.82334e-05	-0.00145737	2.02754e-07
16.6062	-1.69667e-08	-1.58123e-07	-1.21786e-12	4.85501e-05	-0.00352624	2.06901e-07
16.6062	-1.64494e-08	-1.58124e-07	-1.21337e-12	-5.3827e-06	-0.00276032	2.1111e-07
16.6062	-1.73931e-08	-1.58124e-07	-1.22155e-12	-3.61479e-06	-0.000369774	2.1539e-07
16.6062	-1.85569e-08	-1.58125e-07	-1.23165e-12	3.22019e-06	0.00032574	2.19717e-07
16.6062	-1.95633e-08	-1.58126e-07	-1.24038e-12	-5.57283e-07	-6.04271e-05	2.24098e-07
16.6062	-2.06239e-08	-1.58127e-07	-1.24958e-12	8.58075e-06	0.00158833	2.28522e-07
16.6062	-2.0789e-08	-1.58128e-07	-1.25101e-12	-1.82742e-06	0.0011879	2.32992e-07
16.6062	-2.02588e-08	-1.58129e-07	-1.2464e-12	1.60866e-06	-0.000489963	2.37534e-07
16.6062	-2.00119e-08	-1.5813e-07	-1.24425e-12	1.86713e-07	-0.000719518	2.4215e-07
16.6062	-2.02001e-08	-1.5813e-07	-1.24588e-12	-2.2828e-07	-0.000123521	2.46807e-07
16.6062	-2.04688e-08	-1.58131e-07	-1.24821e-12	-1.70243e-06	-0.000499778	2.51449e-07
16.6062	-2.10595e-08	-1.58132e-07	-1.25333e-12	7.44792e-07	0.000176743	2.56025e-07
16.6062	-2.15467e-08	-1.58133e-07	-1.25755e-12	9.64489e-07	0.00118261	2.60514e-07
16.6062	-2.12654e-08	-1.58134e-07	-1.25511e-12	-6.51409e-07	0.000238074	2.64914e-07
16.6062	-2.08205e-08	-1.58135e-07	-1.25124e-12	1.06947e-06	-0.000793245	2.69245e-07
16.6062	-2.09067e-08	-1.58136e-07	-1.25198e-12	-2.20891e-07	-0.000196256	2.73565e-07
16.6062	-2.11295e-08	-1.58137e-07	-1.25391e-12	2.57936e-07	0.000359367	2.77936e-07
16.6062	-2.11042e-08	-1.58139e-07	-1.25369e-12	-6.0413e-08	-0.00019573	2.8239e-07
16.6062	-2.12177e-08	-1.5814e-07	-1.25467e-12	-1.35795e-07	-0.000122873	2.86924e-07
16.6062	-2.1422e-08	-1.58141e-07	-1.25643e-12	1.92317e-07	0.000335968	2.91531e-07
16.6062	-2.13827e-08	-1.58142e-07	-1.25609e-12	4.47082e-09	-2.073e-05	2.96204e-07
16.6062	-2.13582e-08	-1.58143e-07	-1.25587e-12	-3.3234e-07	0.000333305	3.00961e-07
16.6062	-2.10806e-08	-1.58144e-07	-1.25345e-12	3.10424e-07	-0.000465271	3.05859e-07
16.6062	-2.11571e-08	-1.58145e-07	-1.25411e-12	-3.35225e-07	-0.000280183	3.10985e-07
16.6062	-2.14545e-08	-1.58147e-07	-1.25669e-12	2.19897e-07	0.000142798	3.16448e-07
16.6062	-2.16433e-08	-1.58148e-07	-1.25832e-12	1.19517e-07	0.000146225	3.22388e-07
16.6062	-2.17169e-08	-1.58149e-07	-1.25895e-12	-1.00253e-08	0.000200698	3.28904e-07
16.6062	-2.16252e-08	-1.5815e-07	-1.25815e-12	-5.25016e-08	7.18019e-05	3.35935e-07
16.6062	-2.14706e-08	-1.58152e-07	-1.2568e-12	7.7264e-08	-0.000134499	3.43268e-07
16.6062	-2.14293e-08	-1.58153e-07	-1.25643e-12	-5.02268e-07	-0.000498394	3.50601e-07
16.6062	-2.18284e-08	-1.58154e-07	-1.25989e-12	-6.29026e-08	-2.70957e-05	3.5758e-07
16.6062	-2.22596e-08	-1.58156e-07	-1.26363e-12	-1.90914e-07	-7.41521e-05	3.63947e-07
16.6062	-2.2766e-08	-1.58157e-07	-1.26801e-12	7.59246e-07	0.0005203	3.69649e-07
16.6062	-2.27955e-08	-1.58158e-07	-1.26826e-12	-7.01926e-07	0.000562524	3.74879e-07
16.6062	-2.22947e-08	-1.5816e-07	-1.26391e-12	4.11044e-07	-0.00018825	3.80143e-07
16.6062	-2.19668e-08	-1.58161e-07	-1.26106e-12	2.90181e-07	-0.000378424	3.86103e-07
16.6062	-2.20017e-08	-1.58163e-07	-1.26135e-12	-2.21957e-07	-0.000264264	3.91938e-07
16.6062	-2.22977e-08	-1.58164e-07	-1.26391e-12	1.99384e-07	0.000401674	3.96453e-07
16.6062	-2.21965e-08	-1.58166e-07	-1.26303e-12	-2.3345e-08	3.86271e-05	3.99992e-07
16.6062	-2.20558e-08	-1.58167e-07	-1.2618e-12	-6.74756e-08	7.57819e-05	4.03307e-07
16.6062	-2.18371e-08	-1.58169e-07	-1.25989e-12	1.13906e-07	-0.000248836	4.06338e-07
16.6062	-2.18706e-08	-1.5817e-07	-1.26017e-12	-1.03114e-07	-0.000172866	4.0876e-07
16.6062	-2.20814e-08	-1.58172e-07	-1.26199e-12	-7.72411e-07	-0.000386965	4.10901e-07
16.6062	-2.26918e-08	-1.58174e-07	-1.26728e-12	6.37228e-07	0.000282215	4.12832e-07
16.6062	-2.30129e-08	-1.58175e-07	-1.27006e-12	2.40886e-07	0.000303789	4.14383e-07
16.6062	-2.30199e-08	-1.58177e-07	-1.27012e-12	-5.38265e-08	0.000153579	4.15701e-07
16.6062	-2.2867e-08	-1.58178e-07	-1.26878e-12	4.61093e-08	-0.000202847	4.16816e-07
16.6062	-2.29254e-08	-1.5818e-07	-1.26928e-12	-2.71347e-08	0.000174222	4.17647e-07
16.6062	-2.28018e-08	-1.58182e-07	-1.2682e-12	-2.93734e-08	4.21604e-05	4.18278e-07
16.6062	-2.26339e-08	-1.58183e-07	-1.26673e-12	4.02369e-08	-6.22367e-05	4.18687e-07
16.6062	-2.25311e-08	-1.58185e-07	-1.26583e-12	2.13639e-08	-6.50993e-05	4.18855e-07
16.6062	-2.24965e-08	-1.58186e-07	-1.26552e-12	-1.79637e-08	5.79101e-05	4.18815e-07
16.6062	-2.24012e-08	-1.58188e-07	-1.26469e-12	-1.96034e-07	-0.000385433	4.18537e-07
16.6062	-2.27092e-08	-1.58189e-07	-1.26735e-12	-4.5469e-08	-2.94159e-05	4.1804e-07
16.6062	-2.30474e-08	-1.58191e-07	-1.27028e-12	1.48468e-07	0.000110561	4.17315e-07
16.6062	-2.32697e-08	-1.58193e-07	-1.2722e-12	-3.80564e-08	0.000459701	4.16337e-07
16.6062	-2.30135e-08	-1.58194e-07	-1.26997e-12	8.40633e-09	-6.92027e-06	4.15129e-07
16.6062	-2.27654e-08	-1.58196e-07	-1.26781e-12	1.32803e-07	-0.000174425	4.13685e-07
16.6062	-2.26982e-08	-1.58197e-07	-1.26722e-12	-8.50513e-09	2.23172e-05	4.12012e-07
16.6062	-2.26084e-08	-1.58199e-07	-1.26643e-12	1.56838e-08	-0.000124279	4.1013e-07
16.6062	-2.26462e-08	-1.58201e-07	-1.26675e-12	-2.33059e-09	8.47937e-05	4.08033e-07
16.6062	-2.25974e-08	-1.58202e-07	-1.26632e-12	-1.081e-09	4.31942e-06	4.05737e-07
16.6062	-2.25446e-08	-1.58204e-07	-1.26585e-12	-4.0792e-08	8.57831e-05	4.03227e-07
16.6062	-2.2406e-08	-1.58205e-07	-1.26464e-12	-3.83314e-08	4.74101e-05	4.00521e-07
16.6062	-2.2221e-08	-1.58207e-07	-1.26303e-12	4.49942e-08	-5.74303e-05	3.97636e-07
16.6062	-2.20942e-08	-1.58208e-07	-1.26192e-12	4.09113e-08	-0.000124312	3.9456e-07
16.6062	-2.20906e-08	-1.5821e-07	-1.26188e-12	-8.70859e-08	-0.00019034	3.91331e-07
16.6062	-2.22725e-08	-1.58211e-07	-1.26345e-12	8.64083e-08	0.000203542	3.87934e-07
16.6062	-2.22562e-08	-1.58213e-07	-1.2633e-12	-1.23929e-07	0.000206419	3.8438e-07
16.6062	-2.20426e-08	-1.58214e-07	-1.26144e-12	-1.15818e-07	8.68495e-05	3.80685e-07
16.6062	-2.1749e-08	-1.58216e-07	-1.25888e-12	2.33589e-07	-0.000362552	3.7684e-07
16.6062	-2.17981e-08	-1.58217e-07	-1.2593e-12	-1.98558e-08	-5.09742e-05	3.72842e-07
16.6062	-2.18939e-08	-1.58218e-07	-1.26013e-12	-9.31212e-08	-0.000115556	3.68732e-07
16.6062	-2.20946e-08	-1.5822e-07	-1.26186e-12	1.18743e-07	0.000239958	3.64521e-07
16.6062	-2.20756e-08	-1.58221e-07	-1.26169e-12	-8.03834e-08	0.000159531	3.60181e-07
16.6062	-2.1914e-08	-1.58223e-07	-1.26028e-12	-1.28256e-06	0.00055812	3.55734e-07
16.6062	-2.12613e-08	-1.58224e-07	-1.25461e-12	1.28638e-06	-0.000562392	3.5121e-07
16.6062	-2.11075e-08	-1.58225e-07	-1.25327e-12	-1.41954e-08	-0.000367967	3.46615e-07
16.6062	-2.12725e-08	-1.58227e-07	-1.25469e-12	-1.34385e-09	-1.39696e-06	3.4194e-07
16.6062	-2.14364e-08	-1.58228e-07	-1.25611e-12	-1.96252e-08	0.000405548	3.37186e-07
16.6062	-2.12586e-08	-1.58229e-07	-1.25456e-12	-2.09905e-07	0.000146849	3.32366e-07
16.6062	-2.09622e-08	-1.5823e-07	-1.25198e-12	-2.08089e-07	0.000101495	3.27515e-07
16.6062	-2.05877e-08	-1.58232e-07	-1.24872e-12	4.56198e-08	-2.02451e-05	3.22633e-07
16.6062	-2.02351e-08	-1.58233e-07	-1.24566e-12	1.27743e-07	-0.000818689	3.17699e-07
16.6062	-2.05331e-08	-1.58234e-07	-1.24824e-12	3.41504e-07	0.000298221	3.12726e-07
16.6062	-2.05951e-08	-1.58235e-07	-1.24877e-12	-1.47147e-07	0.000335349	3.07737e-07
16.6062	-2.04001e-08	-1.58236e-07	-1.24707e-12	-5.20609e-07	0.000267529	3.02733e-07
16.6062	-2.00076e-08	-1.58238e-07	-1.24366e-12	1.43609e-07	-5.81548e-05	2.97729e-07
16.6062	-1.96646e-08	-1.58239e-07	-1.24068e-12	5.3971e-07	-0.000452099	2.9274e-07
16.6062	-1.96553e-08	-1.5824e-07	-1.24059e-12	-7.99902e-08	0.000166618	2.87749e-07
16.6062	-1.95275e-08	-1.58241e-07	-1.23947e-12	-9.83196e-08	8.80422e-05	2.82754e-07
16.6062	-1.93401e-08	-1.58242e-07	-1.23784e-12	-4.87008e-08	3.42377e-05	2.77765e-07
16.6062	-1.91326e-08	-1.58243e-07	-1.23604e-12	1.01521e-07	-0.00052601	2.72795e-07
16.6062	-1.92842e-08	-1.58244e-07	-1.23735e-12	7.63917e-08	8.36894e-05	2.67854e-07
16.6062	-1.93776e-08	-1.58245e-07	-1.23815e-12	9.11966e-09	0.000267809	2.62945e-07
16.6062	-1.92948e-08	-1.58246e-07	-1.23743e-12	2.17677e-08	-4.08048e-05	2.5806e-07
16.6062	-1.92397e-08	-1.58247e-07	-1.23695e-12	-2.72732e-06	0.00096174	2.53225e-07
16.6062	-1.85825e-08	-1.58248e-07	-1.23124e-12	-7.45026e-07	0.000133652	2.48441e-07
16.6062	-1.78556e-08	-1.58249e-07	-1.22492e-12	3.29313e-06	-0.000900378	2.43676e-07
16.6062	-1.76859e-08	-1.5825e-07	-1.22345e-12	1.11065e-07	-0.000467598	2.38944e-07
16.6062	-1.77961e-08	-1.58251e-07	-1.2244e-12	-8.4421e-07	-0.000423942	2.34262e-07
16.6062	-1.81499e-08	-1.58252e-07	-1.22746e-12	8.43499e-07	0.000797293	2.29635e-07
16.6062	-1.80436e-08	-1.58252e-07	-1.22654e-12	-2.76091e-06	0.000880345	2.25053e-07
16.6062	-1.74491e-08	-1.58253e-07	-1.22137e-12	-4.34103e-06	0.000628391	2.20518e-07
16.6062	-1.65238e-08	-1.58254e-07	-1.21334e-12	6.70261e-06	-0.00125452	2.16046e-07
16.6062	-1.62879e-08	-1.58255e-07	-1.21129e-12	-2.07801e-06	-0.00145415	2.11624e-07
16.6062	-1.68182e-08	-1.58256e-07	-1.21589e-12	9.91292e-07	0.000219525	2.07253e-07
16.6062	-1.7225e-08	-1.58256e-07	-1.21941e-12	-9.45828e-07	0.00179721	2.02947e-07
16.6062	-1.6721e-08	-1.58257e-07	-1.21503e-12	8.98936e-07	-0.000198774	1.98688e-07
16.6062	-1.63254e-08	-1.58258e-07	-1.2116e-12	1.75534e-07	-4.48556e-05	1.94479e-07
16.6062	-1.59597e-08	-1.58259e-07	-1.20842e-12	1.27348e-06	-0.000498391	1.90343e-07
16.6062	-1.58365e-08	-1.58259e-07	-1.20735e-12	1.01033e-07	-0.000429607	1.86252e-07
16.6062	-1.59137e-08	-1.5826e-07	-1.20801e-12	-2.15267e-07	-0.000170245	1.82209e-07
16.6062	-1.6066e-08	-1.58261e-07	-1.20933e-12	-3.40761e-06	0.00155345	1.78234e-07
16.6062	-1.55304e-08	-1.58262e-07	-1.20468e-12	-9.6283e-06	0.00109291	1.74301e-07
16.6062	-1.45359e-08	-1.58262e-07	-1.19604e-12	-1.23748e-05	0.000897571	1.70414e-07
16.6062	-1.31855e-08	-1.58263e-07	-1.18432e-12	2.37547e-05	-0.00232463	1.66575e-07
16.6062	-1.28227e-08	-1.58263e-07	-1.18117e-12	-8.07941e-06	-0.00288336	1.62784e-07
16.6062	-1.36281e-08	-1.58264e-07	-1.18816e-12	2.75554e-06	0.000297334	1.59044e-07
16.6062	-1.4298e-08	-1.58265e-07	-1.19397e-12	6.21624e-06	0.0023526	1.55357e-07
16.6062	-1.40493e-08	-1.58265e-07	-1.19181e-12	-7.79861e-06	0.00123339	1.51712e-07
16.6062	-1.33443e-08	-1.58266e-07	-1.18569e-12	-4.10193e-06	0.000394665	1.48106e-07
16.6062	-1.25118e-08	-1.58266e-07	-1.17846e-12	1.17763e-05	-0.00159077	1.44554e-07
16.6062	-1.22672e-08	-1.58267e-07	-1.17633e-12	-6.72709e-06	-0.00246283	1.41024e-07
16.6062	-1.28861e-08	-1.58267e-07	-1.1817e-12	2.37044e-06	0.000290398	1.3752e-07
16.6062	-1.3391e-08	-1.58268e-07	-1.18608e-12	5.51833e-06	0.00141844	1.34087e-07
16.6062	-1.34138e-08	-1.58268e-07	-1.18627e-12	-1.2082e-08	-2.89911e-05	1.30684e-07
16.6062	-1.34453e-08	-1.58269e-07	-1.18655e-12	-2.62076e-07	-0.000240392	1.27281e-07
16.6062	-1.35515e-08	-1.58269e-07	-1.18746e-12	-3.30559e-06	0.00153683	1.2393e-07
16.6062	-1.31851e-08	-1.5827e-07	-1.18428e-12	-1.18477e-05	0.00128646	1.20629e-07
16.6062	-1.24459e-08	-1.5827e-07	-1.17787e-12	-8.42307e-06	0.000604347	1.17326e-07
16.6062	-1.15526e-08	-1.58271e-07	-1.17011e-12	-0.000142655	0.0050702	1.14084e-07
16.6062	-9.2577e-09	-1.58271e-07	-1.15019e-12	-0.000164965	0.00335053	1.1095e-07
16.6062	-6.10969e-09	-1.58272e-07	-1.12287e-12	0.000147659	-0.00293717	1.07753e-07
16.6062	-3.83557e-09	-1.58272e-07	-1.10313e-12	0.000130934	-0.0131722	1.04474e-07
16.6062	-5.01805e-09	-1.58272e-07	-1.11339e-12	-0.000444606	-0.00949866	1.01394e-07
16.6062	-8.54066e-09	-1.58273e-07	-1.14396e-12	-0.000370527	-0.00451542	9.85011e-08
16.6062	-1.3057e-08	-1.58273e-07	-1.18315e-12	-0.00086377	-0.00764916	9.57196e-08
16.6062	-1.92539e-08	-1.58274e-07	-1.23693e-12	-0.000536497	-0.00377368	9.29768e-08
16.6062	-2.61298e-08	-1.58274e-07	-1.2966e-12	0.000133218	0.000890485	9.00446e-08
16.6062	-3.25798e-08	-1.58274e-07	-1.35258e-12	0.00135287	0.0114745	8.67752e-08
16.6062	-3.63362e-08	-1.58275e-07	-1.38518e-12	0.000711175	0.023001	8.34629e-08
16.6062	-3.5245e-08	-1.58275e-07	-1.3757e-12	-0.0018934	0.0226328	8.08899e-08
16.6062	-2.96605e-08	-1.58275e-07	-1.32724e-12	-0.00526199	0.0253134	7.95895e-08
16.6062	-1.90993e-08	-1.58275e-07	-1.23558e-12	-0.00440021	0.0139211	7.88604e-08
16.6062	-5.92418e-09	-1.58276e-07	-1.12124e-12	-0.00389809	0.0100612	7.79077e-08
16.6062	9.0232e-09	-1.58276e-07	-9.91516e-13	0.00232862	-0.00581407	7.56394e-08
16.6062	2.22208e-08	-1.58276e-07	-8.7698e-13	0.00346808	-0.00982805	7.20685e-08
16.6062	3.30417e-08	-1.58277e-07	-7.8307e-13	0.00413009	-0.0146287	6.84631e-08
16.6062	4.08744e-08	-1.58277e-07	-7.15092e-13	0.00465101	-0.0275486	6.49473e-08
16.6062	4.39465e-08	-1.58277e-07	-6.8843e-13	0.000705859	-0.0292558	6.22084e-08
16.6062	4.24445e-08	-1.58277e-07	-7.01463e-13	-0.00384513	-0.0304049	6.09463e-08
16.6062	3.63418e-08	-1.58277e-07	-7.54425e-13	-0.00669359	-0.0245526	6.09539e-08
16.6062	2.64286e-08	-1.58278e-07	-8.40455e-13	-0.000210071	-0.000610446	6.06465e-08
16.6062	1.66084e-08	-1.58278e-07	-9.25679e-13	-0.000525589	-0.00150002	5.97564e-08
16.6062	6.66991e-09	-1.58278e-07	-1.01193e-12	0.00157597	0.00461925	5.89324e-08
16.6062	-2.42527e-09	-1.58278e-07	-1.09086e-12	0.00271073	0.00898098	5.78627e-08
16.6062	-1.00579e-08	-1.58279e-07	-1.1571e-12	-0.00304281	-0.00998566	5.76866e-08
16.6062	-1.92441e-08	-1.58279e-07	-1.23682e-12	0.00433193	0.0148907	5.74567e-08
16.6062	-2.61185e-08	-1.58279e-07	-1.29648e-12	0.00314184	0.0150435	5.64954e-08
16.6062	-3.07984e-08	-1.58279e-07	-1.33709e-12	0.00278314	0.0309153	5.59695e-08
16.6062	-3.11359e-08	-1.58279e-07	-1.34002e-12	-5.69751e-05	0.00777272	5.61209e-08
16.6062	-3.03805e-08	-1.5828e-07	-1.33346e-12	-0.000337466	0.00743343	5.6993e-08
16.6062	-2.85417e-08	-1.5828e-07	-1.3175e-12	-2.1412e-05	0.000329981	5.82e-08
16.6062	-2.66114e-08	-1.5828e-07	-1.30075e-12	-0.000623453	0.00738992	5.98025e-08
16.6062	-2.34979e-08	-1.5828e-07	-1.27373e-12	0.000545592	-0.00625454	6.16559e-08
16.6062	-2.12685e-08	-1.58281e-07	-1.25438e-12	-7.23046e-05	0.000978391	6.37753e-08
16.6062	-1.87947e-08	-1.58281e-07	-1.23291e-12	0.000540949	-0.0112435	6.62458e-08
16.6062	-1.8122e-08	-1.58281e-07	-1.22707e-12	1.85021e-05	-0.00107259	6.90835e-08
16.6062	-1.76074e-08	-1.58281e-07	-1.2226e-12	-3.34526e-05	-0.00758916	7.2446e-08
16.6062	-1.84753e-08	-1.58282e-07	-1.23013e-12	-2.83036e-05	-0.00108443	7.63164e-08
16.6062	-1.96042e-08	-1.58282e-07	-1.23993e-12	-6.61458e-05	-0.00196133	8.07798e-08
16.6062	-2.12098e-08	-1.58282e-07	-1.25386e-12	7.93212e-06	0.000208104	8.59056e-08
16.6062	-2.28748e-08	-1.58283e-07	-1.26831e-12	-0.000102149	-0.00234918	9.1846e-08
16.6062	-2.52185e-08	-1.58283e-07	-1.28865e-12	4.86362e-06	9.90033e-05	9.87757e-08
16.6062	-2.77205e-08	-1.58283e-07	-1.31036e-12	-4.58599e-05	-0.000896957	1.06893e-07
16.6062	-3.06865e-08	-1.58284e-07	-1.3361e-12	-4.17186e-05	-0.000754745	1.16532e-07
16.6062	-3.41619e-08	-1.58284e-07	-1.36626e-12	3.65411e-05	0.000658189	1.28088e-07
16.6062	-3.77763e-08	-1.58285e-07	-1.39762e-12	0.000176715	0.00404127	1.42204e-07
16.6062	-4.0295e-08	-1.58285e-07	-1.41948e-12	0.000104558	0.00490084	1.60002e-07
16.6062	-4.10664e-08	-1.58286e-07	-1.42617e-12	8.23665e-06	0.00183662	1.83574e-07
16.6062	-4.10559e-08	-1.58287e-07	-1.42607e-12	-1.17516e-06	-0.000707341	2.17076e-07
16.6062	-4.14623e-08	-1.58288e-07	-1.42959e-12	-1.51671e-05	-0.00187083	2.70301e-07
16.6062	-4.34029e-08	-1.58289e-07	-1.44643e-12	3.91558e-06	0.000327207	3.72848e-07
16.6062	-4.58671e-08	-1.5829e-07	-1.46781e-12	1.19654e-05	0.00265962	6.40805e-07
16.6062	-4.49645e-08	-1.58294e-07	-1.45996e-12	-4.20864e-06	0.00093683	2.36632e-06
16.6062	-3.16608e-08	-1.58308e-07	-1.34442e-12	-0.399995	-0.00136717	0.00205509
16.6041	-3.45579e-08	-1.42657e-07	-1.4506e-12	0.4	5.34397e-07	0.00407701
