16.6429	-5.01304e-11	-1.00493e-06	-2.45135e-15	-2.72942e-07	-0.000330418	0.00893855
16.6429	-1.21237e-08	-1.00518e-06	-4.66055e-13	-1.70143e-05	0.00295998	7.79962e-06
16.6429	-5.66003e-09	-1.0052e-06	-2.17862e-13	-7.19302e-05	0.00334363	7.55306e-07
16.6429	2.21542e-09	-1.00521e-06	8.45419e-14	1.92096e-05	-0.000681856	4.63171e-07
16.6429	7.49295e-09	-1.00521e-06	2.8719e-13	5.1446e-05	-0.00256656	3.77204e-07
16.6429	9.91427e-09	-1.00522e-06	3.80165e-13	1.66534e-05	-0.00185105	3.47501e-07
16.6429	1.0656e-08	-1.00523e-06	4.08644e-13	1.22701e-06	-0.000351621	3.37394e-07
16.6429	1.10935e-08	-1.00523e-06	4.25446e-13	-7.10614e-07	0.000224111	3.35907e-07
16.6429	1.17214e-08	-1.00524e-06	4.49556e-13	-2.10542e-06	0.000436577	3.38676e-07
16.6429	1.27291e-08	-1.00524e-06	4.88249e-13	1.28954e-07	-2.20094e-05	3.43728e-07
16.6429	1.37351e-08	-1.00525e-06	5.26879e-13	1.74855e-06	-0.000355796	3.50071e-07
16.6429	1.44465e-08	-1.00526e-06	5.54193e-13	1.15558e-06	-0.000373974	3.57193e-07
16.6429	1.48354e-08	-1.00526e-06	5.69127e-13	3.06435e-07	-0.000179621	3.64829e-07
16.6429	1.50671e-08	-1.00527e-06	5.78025e-13	1.45875e-07	-0.00018177	3.72833e-07
16.6429	1.51327e-08	-1.00527e-06	5.80544e-13	8.85426e-09	-0.000105749	3.81143e-07
16.6429	1.50979e-08	-1.00528e-06	5.79208e-13	-2.62244e-08	-7.24763e-05	3.89722e-07
16.6429	1.49909e-08	-1.00529e-06	5.75099e-13	-1.7062e-07	-0.000174314	3.98562e-07
16.6429	1.47058e-08	-1.00529e-06	5.64153e-13	-5.97458e-08	-3.94806e-05	4.07664e-07
16.6429	1.43735e-08	-1.0053e-06	5.51393e-13	-7.08784e-07	-0.000300059	4.17051e-07
16.6429	1.37171e-08	-1.00531e-06	5.26189e-13	-9.48802e-07	-0.000253311	4.2672e-07
16.6429	1.27721e-08	-1.00532e-06	4.89901e-13	-9.29028e-07	-0.000191273	4.36671e-07
16.6429	1.15938e-08	-1.00532e-06	4.44656e-13	-8.50623e-07	-0.000149026	4.46913e-07
16.6429	1.02193e-08	-1.00533e-06	3.91877e-13	-1.32863e-06	-0.000201769	4.57464e-07
16.6429	8.57883e-09	-1.00534e-06	3.28886e-13	-6.40022e-07	-8.75745e-05	4.68317e-07
16.6429	6.79558e-09	-1.00535e-06	2.60412e-13	-8.26754e-07	-0.000106096	4.79476e-07
16.6429	4.84111e-09	-1.00535e-06	1.85364e-13	3.49829e-07	4.40161e-05	4.9095e-07
16.6429	2.8944e-09	-1.00536e-06	1.10614e-13	1.76179e-06	0.000243735	5.02749e-07
16.6429	1.21082e-09	-1.00537e-06	4.59672e-14	1.12711e-06	0.000182926	5.14879e-07
16.6429	-2.75194e-10	-1.00538e-06	-1.10932e-14	4.90521e-07	8.95034e-05	5.2734e-07
16.6429	-1.6778e-09	-1.00539e-06	-6.49507e-14	1.27184e-06	0.000278954	5.40136e-07
16.6429	-2.73329e-09	-1.0054e-06	-1.0548e-13	2.45508e-07	6.64285e-05	5.53265e-07
16.6429	-3.72145e-09	-1.00541e-06	-1.43423e-13	7.56502e-07	0.000263499	5.66718e-07
16.6429	-4.35583e-09	-1.00542e-06	-1.67783e-13	4.81178e-07	0.000499774	5.80502e-07
16.6429	-4.27163e-09	-1.00543e-06	-1.6455e-13	-7.88796e-07	0.000507299	5.9461e-07
16.6429	-3.42223e-09	-1.00544e-06	-1.31934e-13	-3.22127e-06	0.000703164	6.09037e-07
16.6429	-1.46879e-09	-1.00545e-06	-5.6925e-14	-1.42755e-07	2.23233e-05	6.23781e-07
16.6429	5.67123e-10	-1.00546e-06	2.12504e-14	9.61174e-07	-0.000158773	6.38831e-07
16.6429	2.39545e-09	-1.00547e-06	9.14551e-14	9.75983e-07	-0.000188184	6.54186e-07
16.6429	3.95624e-09	-1.00548e-06	1.51387e-13	1.23531e-06	-0.000314327	6.69844e-07
16.6429	5.02171e-09	-1.00549e-06	1.92299e-13	7.81632e-07	-0.000341123	6.85788e-07
16.6429	5.52076e-09	-1.0055e-06	2.11462e-13	1.9886e-07	-0.000344558	7.02006e-07
16.6429	5.41983e-09	-1.00552e-06	2.07586e-13	-5.95798e-08	-0.000107661	7.18491e-07
16.6429	5.12091e-09	-1.00553e-06	1.96108e-13	-2.27615e-07	-0.00017916	7.35241e-07
16.6429	4.48195e-09	-1.00554e-06	1.71573e-13	-3.92106e-07	-0.000180687	7.52245e-07
16.6429	3.48462e-09	-1.00555e-06	1.33277e-13	-5.60308e-08	-2.09525e-05	7.69472e-07
16.6429	2.4238e-09	-1.00557e-06	9.25436e-14	3.85982e-07	0.000167195	7.86891e-07
16.6429	1.67168e-09	-1.00558e-06	6.36636e-14	2.95488e-07	0.00022071	8.04487e-07
16.6429	1.35163e-09	-1.00559e-06	5.1374e-14	5.88499e-08	0.00012224	8.22257e-07
16.6429	1.27855e-09	-1.00561e-06	4.85682e-14	-7.22814e-09	9.94139e-05	8.40178e-07
16.6429	1.41495e-09	-1.00562e-06	5.38055e-14	-4.87574e-08	8.94747e-05	8.58216e-07
16.6429	1.74825e-09	-1.00564e-06	6.66035e-14	-9.76885e-08	9.66889e-05	8.76377e-07
16.6429	2.30259e-09	-1.00565e-06	8.78893e-14	6.71967e-08	-6.11304e-05	8.947e-07
16.6429	2.73032e-09	-1.00567e-06	1.04314e-13	8.52679e-08	-0.000147804	9.13204e-07
16.6429	2.82598e-09	-1.00568e-06	1.07987e-13	-9.4581e-09	-0.000115664	9.31885e-07
16.6429	2.65141e-09	-1.0057e-06	1.01283e-13	-6.34874e-09	-1.54971e-05	9.50751e-07
16.6429	2.43611e-09	-1.00572e-06	9.30165e-14	5.65577e-09	1.36516e-05	9.69849e-07
16.6429	2.24994e-09	-1.00573e-06	8.58676e-14	-9.78495e-10	-2.53185e-06	9.89199e-07
16.6429	2.05374e-09	-1.00575e-06	7.83339e-14	1.50703e-08	6.65565e-05	1.00875e-06
16.6429	2.02316e-09	-1.00577e-06	7.71598e-14	-3.20555e-09	4.97753e-05	1.02849e-06
16.6429	2.12121e-09	-1.00578e-06	8.09247e-14	2.82324e-09	-2.05304e-05	1.04854e-06
16.6429	2.16683e-09	-1.0058e-06	8.26764e-14	3.26104e-10	-3.01491e-05	1.06892e-06
16.6429	2.13199e-09	-1.00582e-06	8.13389e-14	-4.01063e-10	-5.17576e-06	1.08948e-06
16.6429	2.08226e-09	-1.00584e-06	7.94293e-14	-2.99027e-09	-2.09419e-05	1.10997e-06
16.6429	1.97297e-09	-1.00586e-06	7.52325e-14	1.30817e-09	7.40598e-06	1.13016e-06
16.6429	1.88283e-09	-1.00588e-06	7.17713e-14	1.69637e-09	4.95535e-05	1.14998e-06
16.6429	1.93482e-09	-1.0059e-06	7.37676e-14	-1.14305e-09	9.97548e-06	1.16941e-06
16.6429	2.01707e-09	-1.00592e-06	7.6926e-14	1.87579e-09	-3.32382e-05	1.18852e-06
16.6429	2.0011e-09	-1.00594e-06	7.63128e-14	-3.88259e-10	-8.22331e-06	1.2076e-06
16.6429	1.95985e-09	-1.00596e-06	7.47289e-14	4.53799e-10	1.5058e-05	1.2269e-06
16.6429	1.96449e-09	-1.00598e-06	7.49072e-14	-1.06504e-10	-8.20143e-06	1.24655e-06
16.6429	1.94345e-09	-1.006e-06	7.40992e-14	-2.38673e-10	-5.14856e-06	1.26657e-06
16.6429	1.90564e-09	-1.00602e-06	7.26473e-14	3.38539e-10	1.40776e-05	1.28691e-06
16.6429	1.91287e-09	-1.00604e-06	7.29249e-14	7.85007e-12	-8.68611e-07	1.30754e-06
16.6429	1.91735e-09	-1.00607e-06	7.30972e-14	-5.82623e-10	1.39659e-05	1.32854e-06
16.6429	1.96867e-09	-1.00609e-06	7.50675e-14	5.43924e-10	-1.94956e-05	1.35015e-06
16.6429	1.95448e-09	-1.00611e-06	7.45229e-14	-5.89206e-10	-1.17401e-05	1.37278e-06
16.6429	1.89942e-09	-1.00614e-06	7.24087e-14	3.86491e-10	5.9835e-06	1.3969e-06
16.6429	1.86445e-09	-1.00616e-06	7.10659e-14	2.10259e-10	6.12707e-06	1.42312e-06
16.6429	1.85081e-09	-1.00618e-06	7.05421e-14	-1.70503e-11	8.40953e-06	1.45189e-06
16.6429	1.86772e-09	-1.00621e-06	7.11915e-14	-9.19417e-11	3.00856e-06	1.48292e-06
16.6429	1.89628e-09	-1.00623e-06	7.2288e-14	1.35383e-10	-5.63568e-06	1.51529e-06
16.6429	1.90388e-09	-1.00626e-06	7.25798e-14	-8.8303e-10	-2.08836e-05	1.54766e-06
16.6429	1.83e-09	-1.00629e-06	6.9743e-14	-1.10437e-10	-1.13527e-06	1.57846e-06
16.6429	1.7502e-09	-1.00631e-06	6.66788e-14	-3.35309e-10	-3.10705e-06	1.60657e-06
16.6429	1.65648e-09	-1.00634e-06	6.30803e-14	1.33438e-09	2.18014e-05	1.63174e-06
16.6429	1.65098e-09	-1.00637e-06	6.28689e-14	-1.23096e-09	2.35708e-05	1.65482e-06
16.6429	1.74357e-09	-1.0064e-06	6.64243e-14	7.21309e-10	-7.88819e-06	1.67807e-06
16.6429	1.80417e-09	-1.00642e-06	6.87513e-14	5.08609e-10	-1.58565e-05	1.70438e-06
16.6429	1.79767e-09	-1.00645e-06	6.85015e-14	-3.90277e-10	-1.1073e-05	1.73014e-06
16.6429	1.74286e-09	-1.00648e-06	6.63971e-14	3.51121e-10	1.68307e-05	1.75007e-06
16.6429	1.76152e-09	-1.00651e-06	6.71135e-14	-4.08227e-11	1.61852e-06	1.76569e-06
16.6429	1.7875e-09	-1.00654e-06	6.81112e-14	-1.18213e-10	3.17539e-06	1.78032e-06
16.6429	1.82789e-09	-1.00657e-06	6.96623e-14	1.99447e-10	-1.04266e-05	1.7937e-06
16.6429	1.82165e-09	-1.0066e-06	6.94224e-14	-1.81396e-10	-7.24332e-06	1.80439e-06
16.6429	1.7826e-09	-1.00663e-06	6.79232e-14	-1.35703e-09	-1.62144e-05	1.81385e-06
16.6429	1.66964e-09	-1.00667e-06	6.35857e-14	1.11956e-09	1.18251e-05	1.82236e-06
16.6429	1.61019e-09	-1.0067e-06	6.13029e-14	4.23762e-10	1.27293e-05	1.82921e-06
16.6429	1.60885e-09	-1.00673e-06	6.12516e-14	-9.40542e-11	6.4352e-06	1.83504e-06
16.6429	1.63708e-09	-1.00676e-06	6.23353e-14	8.05277e-11	-8.4996e-06	1.83996e-06
16.6429	1.62623e-09	-1.00679e-06	6.19186e-14	-4.71394e-11	7.30018e-06	1.84363e-06
16.6429	1.64903e-09	-1.00682e-06	6.27943e-14	-5.13965e-11	1.76662e-06	1.84641e-06
16.6429	1.68002e-09	-1.00685e-06	6.39844e-14	7.05664e-11	-2.60789e-06	1.84822e-06
16.6429	1.69899e-09	-1.00688e-06	6.47125e-14	3.74206e-11	-2.72772e-06	1.84896e-06
16.6429	1.70534e-09	-1.00691e-06	6.49565e-14	-3.13241e-11	2.42651e-06	1.84878e-06
16.6429	1.7229e-09	-1.00695e-06	6.5631e-14	-3.4506e-10	-1.61502e-05	1.84756e-06
16.6429	1.66589e-09	-1.00698e-06	6.34419e-14	-7.98406e-11	-1.2327e-06	1.84536e-06
16.6429	1.60328e-09	-1.00701e-06	6.10376e-14	2.61023e-10	4.63276e-06	1.84215e-06
16.6429	1.56211e-09	-1.00704e-06	5.94567e-14	-6.56122e-11	1.92621e-05	1.83785e-06
16.6429	1.60943e-09	-1.00707e-06	6.12738e-14	1.48166e-11	-2.90022e-07	1.83252e-06
16.6429	1.65528e-09	-1.0071e-06	6.30342e-14	2.32805e-10	-7.30862e-06	1.82614e-06
16.6429	1.66764e-09	-1.00713e-06	6.35092e-14	-1.48064e-11	9.35116e-07	1.81875e-06
16.6429	1.6842e-09	-1.00716e-06	6.4145e-14	2.7301e-11	-5.20746e-06	1.81045e-06
16.6429	1.67717e-09	-1.00719e-06	6.38749e-14	-3.81236e-12	3.55298e-06	1.80119e-06
16.6429	1.68613e-09	-1.00722e-06	6.42189e-14	-1.81723e-12	1.8099e-07	1.79105e-06
16.6429	1.69584e-09	-1.00725e-06	6.4592e-14	-7.13385e-11	3.59443e-06	1.77997e-06
16.6429	1.72144e-09	-1.00728e-06	6.55748e-14	-6.71112e-11	1.98649e-06	1.76804e-06
16.6429	1.7556e-09	-1.00731e-06	6.68868e-14	7.89219e-11	-2.40634e-06	1.7553e-06
16.6429	1.779e-09	-1.00734e-06	6.7785e-14	7.1591e-11	-5.20888e-06	1.74171e-06
16.6429	1.77961e-09	-1.00737e-06	6.78086e-14	-1.53303e-10	-7.97553e-06	1.72745e-06
16.6429	1.74592e-09	-1.0074e-06	6.6515e-14	1.5228e-10	8.52871e-06	1.71247e-06
16.6429	1.74888e-09	-1.00743e-06	6.66288e-14	-2.17014e-10	8.64933e-06	1.69677e-06
16.6429	1.78833e-09	-1.00746e-06	6.81436e-14	-2.03055e-10	3.63894e-06	1.68046e-06
16.6429	1.84261e-09	-1.00749e-06	7.02277e-14	4.09284e-10	-1.51914e-05	1.6635e-06
16.643	1.83347e-09	-1.00752e-06	6.98769e-14	-3.49235e-11	-2.13592e-06	1.64584e-06
16.643	1.8157e-09	-1.00754e-06	6.91943e-14	-1.63716e-10	-4.84192e-06	1.6277e-06
16.643	1.77853e-09	-1.00757e-06	6.77671e-14	2.09134e-10	1.00546e-05	1.60911e-06
16.643	1.782e-09	-1.0076e-06	6.79004e-14	-1.40676e-10	6.68455e-06	1.58995e-06
16.643	1.81184e-09	-1.00762e-06	6.90462e-14	-2.25043e-09	2.33863e-05	1.57032e-06
16.643	1.93253e-09	-1.00765e-06	7.36807e-14	2.25723e-09	-2.35653e-05	1.55035e-06
16.643	1.96093e-09	-1.00768e-06	7.4771e-14	-2.57708e-11	-1.54183e-05	1.53007e-06
16.643	1.93036e-09	-1.0077e-06	7.35974e-14	-2.30588e-12	-5.85791e-08	1.50943e-06
16.643	1.9e-09	-1.00773e-06	7.24314e-14	-3.33952e-11	1.69931e-05	1.48845e-06
16.643	1.93285e-09	-1.00775e-06	7.36927e-14	-3.68132e-10	6.15343e-06	1.46717e-06
16.643	1.98762e-09	-1.00778e-06	7.5796e-14	-3.65021e-10	4.25252e-06	1.44575e-06
16.643	2.05685e-09	-1.0078e-06	7.84542e-14	8.0082e-11	-8.4809e-07	1.42421e-06
16.643	2.12203e-09	-1.00783e-06	8.09572e-14	2.2234e-10	-3.43043e-05	1.40243e-06
16.643	2.06688e-09	-1.00785e-06	7.88392e-14	6.0037e-10	1.24958e-05	1.38047e-06
16.643	2.05537e-09	-1.00787e-06	7.83975e-14	-2.57466e-10	1.40516e-05	1.35845e-06
16.643	2.09138e-09	-1.0079e-06	7.97803e-14	-9.13352e-10	1.12101e-05	1.33636e-06
16.643	2.16395e-09	-1.00792e-06	8.25667e-14	2.52062e-10	-2.43692e-06	1.31427e-06
16.643	2.22736e-09	-1.00794e-06	8.50017e-14	9.46516e-10	-1.89436e-05	1.29225e-06
16.643	2.22903e-09	-1.00796e-06	8.50658e-14	-1.39982e-10	6.98154e-06	1.27022e-06
16.643	2.25265e-09	-1.00798e-06	8.59726e-14	-1.72356e-10	3.68907e-06	1.24817e-06
16.643	2.28726e-09	-1.008e-06	8.73017e-14	-8.53769e-11	1.43467e-06	1.22614e-06
16.643	2.32562e-09	-1.00802e-06	8.87745e-14	1.76997e-10	-2.20406e-05	1.2042e-06
16.643	2.29753e-09	-1.00805e-06	8.76961e-14	1.34374e-10	3.50667e-06	1.18239e-06
16.643	2.28023e-09	-1.00806e-06	8.70317e-14	1.67183e-11	1.12216e-05	1.16073e-06
16.643	2.29551e-09	-1.00808e-06	8.76183e-14	3.81614e-11	-1.70976e-06	1.13916e-06
16.643	2.30567e-09	-1.0081e-06	8.80087e-14	-4.78611e-09	4.02988e-05	1.11781e-06
16.643	2.4272e-09	-1.00812e-06	9.26751e-14	-1.30772e-09	5.60034e-06	1.09669e-06
16.643	2.56162e-09	-1.00814e-06	9.78365e-14	5.77978e-09	-3.77278e-05	1.07566e-06
16.643	2.59297e-09	-1.00816e-06	9.90405e-14	1.93889e-10	-1.95931e-05	1.05478e-06
16.643	2.57256e-09	-1.00818e-06	9.82568e-14	-1.48323e-09	-1.7764e-05	1.0341e-06
16.643	2.50708e-09	-1.00819e-06	9.57425e-14	1.48298e-09	3.34079e-05	1.01368e-06
16.643	2.52672e-09	-1.00821e-06	9.64964e-14	-4.84532e-09	3.68884e-05	9.93451e-07
16.643	2.63664e-09	-1.00823e-06	1.00717e-13	-7.62051e-09	2.6332e-05	9.73417e-07
16.643	2.80777e-09	-1.00824e-06	1.07288e-13	1.17655e-08	-5.25683e-05	9.53676e-07
16.643	2.85138e-09	-1.00826e-06	1.08963e-13	-3.65212e-09	-6.09319e-05	9.34164e-07
16.643	2.75326e-09	-1.00828e-06	1.05195e-13	1.74119e-09	9.19932e-06	9.14873e-07
16.643	2.678e-09	-1.00829e-06	1.02305e-13	-1.65618e-09	7.53058e-05	8.95871e-07
16.643	2.77119e-09	-1.00831e-06	1.05884e-13	1.57777e-09	-8.3286e-06	8.77064e-07
16.643	2.84434e-09	-1.00832e-06	1.08693e-13	3.08154e-10	-1.87976e-06	8.58485e-07
16.643	2.91195e-09	-1.00833e-06	1.11289e-13	2.23472e-09	-2.08836e-05	8.40234e-07
16.643	2.93472e-09	-1.00835e-06	1.12163e-13	1.7636e-10	-1.8001e-05	8.22184e-07
16.643	2.92041e-09	-1.00836e-06	1.11614e-13	-3.78341e-10	-7.13358e-06	8.04336e-07
16.643	2.89222e-09	-1.00838e-06	1.10531e-13	-5.97931e-09	6.50933e-05	7.86772e-07
16.643	2.99126e-09	-1.00839e-06	1.14334e-13	-1.6904e-08	4.57993e-05	7.69385e-07
16.643	3.1752e-09	-1.0084e-06	1.21397e-13	-2.17305e-08	3.76198e-05	7.5219e-07
16.643	3.42495e-09	-1.00841e-06	1.30987e-13	4.17094e-08	-9.74218e-05	7.35269e-07
16.643	3.49203e-09	-1.00843e-06	1.33563e-13	-1.41934e-08	-0.000120821	7.18564e-07
16.643	3.34305e-09	-1.00844e-06	1.27842e-13	4.83889e-09	1.24591e-05	7.02043e-07
16.643	3.21912e-09	-1.00845e-06	1.23083e-13	1.09209e-08	9.85805e-05	6.85783e-07
16.643	3.26509e-09	-1.00846e-06	1.24849e-13	-1.36907e-08	5.16857e-05	6.69688e-07
16.643	3.39547e-09	-1.00847e-06	1.29855e-13	-7.20102e-09	1.65373e-05	6.53754e-07
16.643	3.54944e-09	-1.00848e-06	1.35767e-13	2.06737e-08	-6.66602e-05	6.3809e-07
16.643	3.59466e-09	-1.00849e-06	1.37504e-13	-1.18171e-08	-0.000103198	6.22519e-07
16.643	3.48017e-09	-1.00851e-06	1.33107e-13	4.16193e-09	1.21662e-05	6.0704e-07
16.643	3.38676e-09	-1.00852e-06	1.29521e-13	9.69302e-09	5.94377e-05	5.91888e-07
16.643	3.38253e-09	-1.00853e-06	1.29358e-13	-2.12615e-11	-1.21475e-06	5.76884e-07
16.643	3.37668e-09	-1.00853e-06	1.29134e-13	-4.60697e-10	-1.00726e-05	5.61862e-07
16.643	3.35702e-09	-1.00854e-06	1.28379e-13	-5.80005e-09	6.4396e-05	5.47067e-07
16.643	3.42478e-09	-1.00855e-06	1.3098e-13	-2.0802e-08	5.39134e-05	5.3247e-07
16.643	3.56149e-09	-1.00856e-06	1.3623e-13	-1.47893e-08	2.53267e-05	5.17864e-07
16.643	3.72672e-09	-1.00857e-06	1.42574e-13	-2.50812e-07	0.000212722	5.03372e-07
16.643	4.15118e-09	-1.00858e-06	1.58873e-13	-2.90709e-07	0.000140906	4.8916e-07
16.643	4.73344e-09	-1.00859e-06	1.81231e-13	2.60254e-07	-0.000123546	4.75045e-07
16.643	5.15406e-09	-1.0086e-06	1.97382e-13	2.30254e-07	-0.000552312	4.6091e-07
16.643	4.93533e-09	-1.0086e-06	1.88983e-13	-7.83892e-07	-0.000399438	4.46976e-07
16.643	4.28375e-09	-1.00861e-06	1.63963e-13	-6.57184e-07	-0.000191105	4.33339e-07
16.643	3.44837e-09	-1.00862e-06	1.31887e-13	-1.54636e-06	-0.000326691	4.19817e-07
16.643	2.30214e-09	-1.00862e-06	8.78733e-14	-9.71164e-07	-0.00016301	4.06341e-07
16.643	1.0303e-09	-1.00863e-06	3.9037e-14	2.41985e-07	3.86019e-05	3.93109e-07
16.643	-1.62731e-10	-1.00864e-06	-6.77317e-15	2.42815e-06	0.000491085	3.80245e-07
16.643	-8.57567e-10	-1.00864e-06	-3.34535e-14	1.2566e-06	0.000966736	3.67639e-07
16.643	-6.55738e-10	-1.00865e-06	-2.57037e-14	-3.37561e-06	0.000959874	3.55277e-07
16.643	3.77195e-10	-1.00866e-06	1.3959e-14	-9.90783e-06	0.00113256	3.43294e-07
16.643	2.33067e-09	-1.00866e-06	8.89686e-14	-8.93073e-06	0.000673322	3.31758e-07
16.643	4.76761e-09	-1.00867e-06	1.82543e-13	-8.44673e-06	0.000519874	3.20632e-07
16.643	7.53237e-09	-1.00867e-06	2.88704e-13	5.10817e-06	-0.000304297	3.09923e-07
16.643	9.97347e-09	-1.00868e-06	3.82438e-13	7.27024e-06	-0.000491332	2.9987e-07
16.643	1.1975e-08	-1.00868e-06	4.59292e-13	8.15059e-06	-0.000687927	2.90583e-07
16.643	1.34238e-08	-1.00869e-06	5.14923e-13	8.58226e-06	-0.00120709	2.81922e-07
16.643	1.3992e-08	-1.00869e-06	5.36742e-13	1.25037e-06	-0.00123023	2.73786e-07
16.643	1.37142e-08	-1.0087e-06	5.26074e-13	-6.97582e-06	-0.00130859	2.66144e-07
16.643	1.25854e-08	-1.0087e-06	4.82729e-13	-1.31732e-05	-0.00114816	2.59066e-07
16.643	1.07517e-08	-1.00871e-06	4.12322e-13	-4.34565e-07	-3.01368e-05	2.53166e-07
16.643	8.93532e-09	-1.00871e-06	3.42575e-13	-1.09656e-06	-7.46877e-05	2.48974e-07
16.643	7.09702e-09	-1.00871e-06	2.71988e-13	3.26321e-06	0.000228229	2.46214e-07
16.643	5.41471e-09	-1.00872e-06	2.0739e-13	5.42658e-06	0.000428812	2.44461e-07
16.643	4.00292e-09	-1.00872e-06	1.5318e-13	-6.10519e-06	-0.00047781	2.43518e-07
16.643	2.30376e-09	-1.00873e-06	8.79356e-14	8.60781e-06	0.000705022	2.43348e-07
16.643	1.03222e-09	-1.00873e-06	3.9111e-14	5.8946e-06	0.000672529	2.43936e-07
16.643	1.66602e-10	-1.00874e-06	5.87266e-15	4.99144e-06	0.00131519	2.4533e-07
16.643	1.04151e-10	-1.00874e-06	3.47468e-15	-1.00093e-07	0.000325785	2.47679e-07
16.643	2.43867e-10	-1.00874e-06	8.83952e-15	-5.9466e-07	0.000312495	2.51271e-07
16.643	5.83988e-10	-1.00875e-06	2.18995e-14	-3.76783e-08	1.38583e-05	2.56379e-07
16.643	9.41019e-10	-1.00875e-06	3.56088e-14	-1.10693e-06	0.000313039	2.63013e-07
16.643	1.5169e-09	-1.00876e-06	5.77216e-14	9.6914e-07	-0.000265084	2.71113e-07
16.643	1.92927e-09	-1.00876e-06	7.35556e-14	-1.27992e-07	4.1333e-05	2.80754e-07
16.643	2.38682e-09	-1.00877e-06	9.11247e-14	9.54198e-07	-0.000472953	2.91985e-07
16.643	2.51125e-09	-1.00877e-06	9.59027e-14	3.24965e-08	-4.49633e-05	3.04915e-07
16.643	2.60641e-09	-1.00878e-06	9.95567e-14	-5.87863e-08	-0.000318061	3.19742e-07
16.643	2.44587e-09	-1.00878e-06	9.33922e-14	-4.97445e-08	-4.54833e-05	3.36772e-07
16.643	2.23705e-09	-1.00879e-06	8.5374e-14	-1.16355e-07	-8.23328e-05	3.56379e-07
16.643	1.94007e-09	-1.00879e-06	7.39704e-14	1.39741e-08	8.74916e-06	3.7894e-07
16.643	1.63208e-09	-1.0088e-06	6.21442e-14	-1.79868e-07	-9.87147e-05	4.0505e-07
16.643	1.19856e-09	-1.00881e-06	4.5498e-14	8.55315e-09	4.15502e-06	4.35504e-07
16.643	7.35763e-10	-1.00882e-06	2.77274e-14	-8.08135e-08	-3.77207e-05	4.71243e-07
16.643	1.87143e-10	-1.00882e-06	6.66146e-15	-7.36087e-08	-3.17803e-05	5.13626e-07
16.643	-4.55713e-10	-1.00883e-06	-1.8023e-14	6.44732e-08	2.77145e-05	5.64555e-07
16.643	-1.12427e-09	-1.00884e-06	-4.36943e-14	3.112e-07	0.000169824	6.27119e-07
16.643	-1.59017e-09	-1.00885e-06	-6.15839e-14	1.83757e-07	0.00020551	7.06098e-07
16.643	-1.73288e-09	-1.00887e-06	-6.70638e-14	1.44669e-08	7.69606e-05	8.10337e-07
16.643	-1.73096e-09	-1.00888e-06	-6.69899e-14	-2.06493e-09	-2.96384e-05	9.58249e-07
16.643	-1.80616e-09	-1.0089e-06	-6.98776e-14	-2.66375e-08	-7.83995e-05	1.19315e-06
16.643	-2.16515e-09	-1.00892e-06	-8.36621e-14	6.87717e-09	1.37135e-05	1.64576e-06
16.643	-2.621e-09	-1.00896e-06	-1.01166e-13	2.10168e-08	0.000111448	2.82866e-06
16.643	-2.45416e-09	-1.00902e-06	-9.47593e-14	-7.3865e-09	3.92557e-05	1.04455e-05
16.643	6.07027e-12	-1.00931e-06	-2.91155e-16	-0.4	-5.7264e-05	0.00906903
16.6339	4.96353e-12	-7.02727e-07	-4.8755e-16	0.4	-1.20931e-09	0.0179917
