16.6219	-5.62437e-10	-3.75322e-07	-4.55804e-14	-7.65097e-06	-0.00174938	0.00409663
16.622	-2.98532e-08	-3.75374e-07	-5.60262e-13	-0.000475276	0.0156396	3.57449e-06
16.622	-1.41722e-08	-3.75377e-07	-2.84721e-13	-0.00197374	0.0173609	3.4806e-07
16.622	4.93392e-09	-3.75379e-07	5.10037e-14	0.000521525	-0.00349661	2.14537e-07
16.622	1.77374e-08	-3.75381e-07	2.75982e-13	0.00141675	-0.013364	1.73903e-07
16.622	2.36116e-08	-3.75382e-07	3.79201e-13	0.000464906	-0.00976559	1.59452e-07
16.622	2.5411e-08	-3.75383e-07	4.10818e-13	3.43806e-05	-0.00186085	1.54624e-07
16.622	2.64725e-08	-3.75384e-07	4.29472e-13	-1.99137e-05	0.00118618	1.53937e-07
16.622	2.79958e-08	-3.75385e-07	4.56239e-13	-5.89609e-05	0.00230921	1.55235e-07
16.622	3.04405e-08	-3.75387e-07	4.99195e-13	3.60767e-06	-0.000116296	1.57572e-07
16.622	3.28812e-08	-3.75388e-07	5.42082e-13	4.89692e-05	-0.001882	1.60459e-07
16.622	3.46069e-08	-3.75389e-07	5.72406e-13	3.23802e-05	-0.00197922	1.63691e-07
16.622	3.55504e-08	-3.7539e-07	5.88985e-13	8.58944e-06	-0.00095093	1.67174e-07
16.622	3.61126e-08	-3.75392e-07	5.98864e-13	4.08918e-06	-0.000962371	1.70836e-07
16.622	3.62718e-08	-3.75393e-07	6.01661e-13	2.48226e-07	-0.000559902	1.74642e-07
16.622	3.61873e-08	-3.75394e-07	6.00177e-13	-7.3514e-07	-0.000383734	1.78574e-07
16.622	3.59277e-08	-3.75396e-07	5.95616e-13	-4.78277e-06	-0.000922889	1.82627e-07
16.622	3.52362e-08	-3.75397e-07	5.83464e-13	-1.67452e-06	-0.000208994	1.86802e-07
16.622	3.443e-08	-3.75399e-07	5.69298e-13	-1.9865e-05	-0.00158837	1.91112e-07
16.622	3.28375e-08	-3.754e-07	5.41316e-13	-2.65816e-05	-0.00134038	1.95564e-07
16.622	3.05449e-08	-3.75402e-07	5.01031e-13	-2.60186e-05	-0.00101176	2.0015e-07
16.622	2.76863e-08	-3.75403e-07	4.50801e-13	-2.38143e-05	-0.000788007	2.04869e-07
16.622	2.43517e-08	-3.75405e-07	3.92206e-13	-3.71803e-05	-0.00106643	2.09737e-07
16.622	2.03718e-08	-3.75406e-07	3.22274e-13	-1.79031e-05	-0.000462675	2.14741e-07
16.622	1.60456e-08	-3.75408e-07	2.46256e-13	-2.31194e-05	-0.000560353	2.19879e-07
16.622	1.1304e-08	-3.7541e-07	1.62938e-13	9.7827e-06	0.000232477	2.25148e-07
16.622	6.5812e-09	-3.75412e-07	7.99514e-14	4.92871e-05	0.00128786	2.30528e-07
16.622	2.49677e-09	-3.75413e-07	8.18169e-15	3.15416e-05	0.000966854	2.36043e-07
16.622	-1.10835e-09	-3.75415e-07	-5.51659e-14	1.37361e-05	0.000473377	2.41727e-07
16.622	-4.51111e-09	-3.75417e-07	-1.14958e-13	3.56226e-05	0.0014757	2.47565e-07
16.622	-7.07176e-09	-3.75419e-07	-1.59952e-13	6.87892e-06	0.000351541	2.53557e-07
16.622	-9.46906e-09	-3.75421e-07	-2.02077e-13	2.11991e-05	0.00139462	2.59704e-07
16.622	-1.10081e-08	-3.75423e-07	-2.2912e-13	1.34877e-05	0.00264597	2.65999e-07
16.622	-1.08038e-08	-3.75425e-07	-2.2553e-13	-2.21086e-05	0.00268563	2.72471e-07
16.622	-8.74315e-09	-3.75427e-07	-1.89321e-13	-9.02148e-05	0.0037197	2.79157e-07
16.622	-4.00403e-09	-3.7543e-07	-1.06047e-13	-3.99511e-06	0.000117994	2.85978e-07
16.622	9.35161e-10	-3.75432e-07	-1.92569e-14	2.69055e-05	-0.000839426	2.92863e-07
16.622	5.37076e-09	-3.75434e-07	5.86838e-14	2.73291e-05	-0.000995254	2.99862e-07
16.622	9.15729e-09	-3.75436e-07	1.25219e-13	3.46071e-05	-0.0016632	3.06993e-07
16.622	1.17422e-08	-3.75439e-07	1.7064e-13	2.19062e-05	-0.00180571	3.14258e-07
16.622	1.29529e-08	-3.75441e-07	1.91914e-13	5.57443e-06	-0.00182427	3.21668e-07
16.622	1.2708e-08	-3.75444e-07	1.87611e-13	-1.67016e-06	-0.000570012	3.29219e-07
16.622	1.19828e-08	-3.75446e-07	1.74869e-13	-6.38031e-06	-0.000948528	3.36901e-07
16.622	1.04327e-08	-3.75449e-07	1.47631e-13	-1.099e-05	-0.000956502	3.44705e-07
16.622	8.01312e-09	-3.75452e-07	1.05116e-13	-1.56965e-06	-0.000110861	3.52612e-07
16.622	5.43955e-09	-3.75454e-07	5.9894e-14	1.08175e-05	0.000885016	3.60587e-07
16.622	3.61489e-09	-3.75457e-07	2.78321e-14	8.28274e-06	0.00116849	3.68631e-07
16.622	2.83843e-09	-3.7546e-07	1.41886e-14	1.64971e-06	0.000647211	3.76766e-07
16.622	2.66115e-09	-3.75463e-07	1.10739e-14	-2.02638e-07	0.000526359	3.84976e-07
16.622	2.99206e-09	-3.75466e-07	1.68885e-14	-1.36682e-06	0.000473731	3.93241e-07
16.622	3.80065e-09	-3.75469e-07	3.1097e-14	-2.73835e-06	0.000511902	4.01568e-07
16.622	5.14551e-09	-3.75472e-07	5.47286e-14	1.8836e-06	-0.000323639	4.09964e-07
16.622	6.18321e-09	-3.75475e-07	7.29628e-14	2.3903e-06	-0.000782557	4.18439e-07
16.622	6.41528e-09	-3.75479e-07	7.7041e-14	-2.6513e-07	-0.000612399	4.26997e-07
16.622	5.99176e-09	-3.75482e-07	6.95993e-14	-1.77973e-07	-8.20507e-05	4.35641e-07
16.622	5.46946e-09	-3.75485e-07	6.04219e-14	1.58547e-07	7.22808e-05	4.44393e-07
16.622	5.01779e-09	-3.75489e-07	5.24856e-14	-2.74324e-08	-1.34058e-05	4.53259e-07
16.622	4.5418e-09	-3.75492e-07	4.41221e-14	4.22459e-07	0.000352391	4.62215e-07
16.622	4.46763e-09	-3.75496e-07	4.2819e-14	-8.98671e-08	0.000263542	4.71261e-07
16.622	4.7055e-09	-3.755e-07	4.6999e-14	7.9145e-08	-0.000108701	4.80447e-07
16.622	4.81618e-09	-3.75504e-07	4.89442e-14	9.1433e-09	-0.000159628	4.89788e-07
16.622	4.73168e-09	-3.75507e-07	4.74596e-14	-1.12439e-08	-2.74041e-05	4.99209e-07
16.622	4.61103e-09	-3.75511e-07	4.534e-14	-8.38264e-08	-0.00011088	5.08593e-07
16.622	4.34588e-09	-3.75515e-07	4.06811e-14	3.66716e-08	3.92135e-05	5.17849e-07
16.622	4.1272e-09	-3.75519e-07	3.68389e-14	4.75481e-08	0.000262366	5.2693e-07
16.622	4.25333e-09	-3.75523e-07	3.90555e-14	-3.20454e-08	5.28167e-05	5.3583e-07
16.622	4.45289e-09	-3.75528e-07	4.25623e-14	5.25861e-08	-0.000175984	5.44591e-07
16.622	4.41415e-09	-3.75532e-07	4.18819e-14	-1.08848e-08	-4.35397e-05	5.53329e-07
16.622	4.31408e-09	-3.75536e-07	4.01239e-14	1.27188e-08	7.97267e-05	5.62172e-07
16.622	4.32535e-09	-3.7554e-07	4.03223e-14	-2.98628e-09	-4.34235e-05	5.71178e-07
16.622	4.27431e-09	-3.75545e-07	3.94257e-14	-6.69166e-09	-2.72597e-05	5.80349e-07
16.622	4.18257e-09	-3.75549e-07	3.78141e-14	9.48762e-09	7.45355e-05	5.8967e-07
16.622	4.20012e-09	-3.75554e-07	3.81228e-14	2.18714e-10	-4.59901e-06	5.99124e-07
16.622	4.21101e-09	-3.75559e-07	3.83145e-14	-1.63355e-08	7.39445e-05	6.08744e-07
16.622	4.3355e-09	-3.75563e-07	4.05024e-14	1.52482e-08	-0.000103222	6.18649e-07
16.622	4.3011e-09	-3.75568e-07	3.98982e-14	-1.65177e-08	-6.21595e-05	6.29015e-07
16.622	4.16753e-09	-3.75573e-07	3.75515e-14	1.08325e-08	3.16803e-05	6.40068e-07
16.622	4.08269e-09	-3.75578e-07	3.60612e-14	5.89211e-09	3.24406e-05	6.52084e-07
16.622	4.0496e-09	-3.75583e-07	3.54801e-14	-4.80301e-10	4.45253e-05	6.65263e-07
16.622	4.09064e-09	-3.75588e-07	3.62015e-14	-2.57932e-09	1.59293e-05	6.79483e-07
16.622	4.15992e-09	-3.75594e-07	3.74193e-14	3.79406e-09	-2.98389e-05	6.94317e-07
16.622	4.17836e-09	-3.75599e-07	3.77438e-14	-2.47539e-08	-0.000110571	7.09147e-07
16.622	3.99913e-09	-3.75605e-07	3.45949e-14	-3.09758e-09	-6.01094e-06	7.23261e-07
16.622	3.80554e-09	-3.7561e-07	3.11936e-14	-9.40125e-09	-1.64507e-05	7.36142e-07
16.622	3.57819e-09	-3.75616e-07	2.71992e-14	3.74033e-08	0.00011543	7.47676e-07
16.622	3.56484e-09	-3.75622e-07	2.6965e-14	-3.45115e-08	0.000124798	7.58252e-07
16.622	3.78948e-09	-3.75628e-07	3.09127e-14	2.02194e-08	-4.1765e-05	7.68901e-07
16.622	3.9365e-09	-3.75634e-07	3.34966e-14	1.42575e-08	-8.39543e-05	7.80958e-07
16.622	3.92073e-09	-3.7564e-07	3.32199e-14	-1.09416e-08	-5.86274e-05	7.92761e-07
16.622	3.78778e-09	-3.75646e-07	3.08842e-14	9.83963e-09	8.91123e-05	8.01893e-07
16.622	3.83305e-09	-3.75652e-07	3.16801e-14	-1.14645e-09	8.56949e-06	8.0905e-07
16.622	3.89609e-09	-3.75659e-07	3.27884e-14	-3.31611e-09	1.68126e-05	8.15754e-07
16.622	3.99409e-09	-3.75665e-07	3.45109e-14	5.59012e-09	-5.52051e-05	8.21884e-07
16.622	3.97894e-09	-3.75671e-07	3.42451e-14	-5.08641e-09	-3.83508e-05	8.26784e-07
16.622	3.88423e-09	-3.75678e-07	3.25813e-14	-3.80424e-08	-8.58493e-05	8.31115e-07
16.622	3.61019e-09	-3.75684e-07	2.77665e-14	3.13818e-08	6.26096e-05	8.35018e-07
16.622	3.46597e-09	-3.75691e-07	2.52328e-14	1.18762e-08	6.73971e-05	8.38155e-07
16.622	3.46273e-09	-3.75697e-07	2.51764e-14	-2.63919e-09	3.4072e-05	8.40825e-07
16.622	3.53121e-09	-3.75704e-07	2.63802e-14	2.2562e-09	-4.50022e-05	8.43079e-07
16.622	3.50489e-09	-3.7571e-07	2.59182e-14	-1.32411e-09	3.86517e-05	8.44761e-07
16.622	3.56022e-09	-3.75717e-07	2.68909e-14	-1.44295e-09	9.35352e-06	8.46035e-07
16.622	3.63542e-09	-3.75723e-07	2.82128e-14	1.97641e-09	-1.38077e-05	8.46865e-07
16.622	3.68142e-09	-3.7573e-07	2.90217e-14	1.04726e-09	-1.44423e-05	8.47205e-07
16.622	3.69685e-09	-3.75736e-07	2.92932e-14	-8.80325e-10	1.28474e-05	8.47124e-07
16.622	3.73947e-09	-3.75743e-07	3.00426e-14	-9.67367e-09	-8.55092e-05	8.46563e-07
16.622	3.60116e-09	-3.75749e-07	2.76129e-14	-2.24006e-09	-6.52669e-06	8.45553e-07
16.622	3.44927e-09	-3.75756e-07	2.49443e-14	7.31489e-09	2.45288e-05	8.44086e-07
16.622	3.34939e-09	-3.75762e-07	2.31898e-14	-1.84305e-09	0.000101986	8.42111e-07
16.622	3.4642e-09	-3.75769e-07	2.52077e-14	4.13438e-10	-1.53569e-06	8.39669e-07
16.622	3.57543e-09	-3.75775e-07	2.71627e-14	6.52492e-09	-3.86964e-05	8.36747e-07
16.622	3.60545e-09	-3.75782e-07	2.76906e-14	-4.17114e-10	4.95105e-06	8.33361e-07
16.622	3.64562e-09	-3.75788e-07	2.8397e-14	7.6384e-10	-2.75716e-05	8.29559e-07
16.622	3.62857e-09	-3.75795e-07	2.80978e-14	-1.09134e-10	1.88117e-05	8.25315e-07
16.622	3.65031e-09	-3.75801e-07	2.84803e-14	-5.28912e-11	9.58269e-07	8.20669e-07
16.622	3.67388e-09	-3.75807e-07	2.8895e-14	-2.00208e-09	1.90312e-05	8.15593e-07
16.622	3.73598e-09	-3.75814e-07	2.99867e-14	-1.88344e-09	1.05178e-05	8.10124e-07
16.622	3.81888e-09	-3.7582e-07	3.14438e-14	2.21078e-09	-1.27408e-05	8.04288e-07
16.622	3.87564e-09	-3.75826e-07	3.24416e-14	2.0055e-09	-2.75791e-05	7.98062e-07
16.622	3.87713e-09	-3.75832e-07	3.24684e-14	-4.29871e-09	-4.22275e-05	7.91529e-07
16.622	3.79541e-09	-3.75838e-07	3.10328e-14	4.26629e-09	4.51564e-05	7.84661e-07
16.622	3.8026e-09	-3.75844e-07	3.11597e-14	-6.08617e-09	4.57949e-05	7.77471e-07
16.622	3.89832e-09	-3.7585e-07	3.2842e-14	-5.69451e-09	1.92672e-05	7.69997e-07
16.622	4.03e-09	-3.75856e-07	3.51562e-14	1.14732e-08	-8.0433e-05	7.62225e-07
16.622	4.00784e-09	-3.75862e-07	3.47673e-14	-9.80597e-10	-1.13089e-05	7.54135e-07
16.622	3.96472e-09	-3.75868e-07	3.40101e-14	-4.59081e-09	-2.56363e-05	7.45822e-07
16.622	3.87455e-09	-3.75874e-07	3.24261e-14	5.86008e-09	5.32354e-05	7.37304e-07
16.622	3.88298e-09	-3.75879e-07	3.25747e-14	-3.94591e-09	3.53924e-05	7.28526e-07
16.622	3.95538e-09	-3.75885e-07	3.38473e-14	-6.30903e-08	0.000123822	7.19529e-07
16.622	4.24819e-09	-3.7589e-07	3.89928e-14	6.32777e-08	-0.00012477	7.10378e-07
16.622	4.31709e-09	-3.75896e-07	4.02039e-14	-7.22718e-10	-8.16344e-05	7.01087e-07
16.622	4.24294e-09	-3.75901e-07	3.89014e-14	-6.62702e-11	-3.10213e-07	6.91629e-07
16.622	4.16928e-09	-3.75907e-07	3.76074e-14	-9.39238e-10	8.9972e-05	6.82015e-07
16.622	4.24897e-09	-3.75912e-07	3.90082e-14	-1.0322e-08	3.25802e-05	6.72265e-07
16.622	4.38187e-09	-3.75917e-07	4.13437e-14	-1.02347e-08	2.25158e-05	6.62452e-07
16.622	4.54982e-09	-3.75922e-07	4.42953e-14	2.24343e-09	-4.49019e-06	6.52577e-07
16.622	4.70797e-09	-3.75927e-07	4.70746e-14	6.23466e-09	-0.000181629	6.42599e-07
16.622	4.57416e-09	-3.75932e-07	4.47236e-14	1.68276e-08	6.61602e-05	6.32541e-07
16.622	4.54625e-09	-3.75937e-07	4.42337e-14	-7.22032e-09	7.4398e-05	6.22448e-07
16.622	4.63363e-09	-3.75942e-07	4.57693e-14	-2.56064e-08	5.93529e-05	6.12329e-07
16.622	4.80967e-09	-3.75946e-07	4.88631e-14	7.06476e-09	-1.29024e-05	6.02205e-07
16.622	4.96353e-09	-3.75951e-07	5.1567e-14	2.65342e-08	-0.000100299	5.92116e-07
16.622	4.96758e-09	-3.75955e-07	5.16385e-14	-3.92614e-09	3.69648e-05	5.82019e-07
16.622	5.02488e-09	-3.7596e-07	5.26457e-14	-4.83331e-09	1.95321e-05	5.71916e-07
16.622	5.10886e-09	-3.75964e-07	5.41216e-14	-2.3949e-09	7.59627e-06	5.61825e-07
16.622	5.20191e-09	-3.75969e-07	5.57571e-14	4.96254e-09	-0.000116697	5.51772e-07
16.622	5.13378e-09	-3.75973e-07	5.45602e-14	3.76531e-09	1.85663e-05	5.41779e-07
16.622	5.09181e-09	-3.75977e-07	5.3823e-14	4.66436e-10	5.94144e-05	5.3185e-07
16.622	5.12887e-09	-3.75981e-07	5.44746e-14	1.06872e-09	-9.05264e-06	5.21971e-07
16.622	5.15354e-09	-3.75985e-07	5.49083e-14	-1.34175e-07	0.000213368	5.12187e-07
16.622	5.44837e-09	-3.75989e-07	6.00893e-14	-3.66607e-08	2.96513e-05	5.02507e-07
16.622	5.77448e-09	-3.75993e-07	6.58198e-14	1.62028e-07	-0.000199755	4.92872e-07
16.622	5.85056e-09	-3.75997e-07	6.71568e-14	5.43594e-09	-0.000103738	4.83304e-07
16.622	5.80104e-09	-3.76e-07	6.62871e-14	-4.15794e-08	-9.4054e-05	4.73831e-07
16.622	5.64219e-09	-3.76004e-07	6.34961e-14	4.15689e-08	0.000176883	4.64474e-07
16.622	5.68983e-09	-3.76007e-07	6.43334e-14	-1.35835e-07	0.000195311	4.55204e-07
16.622	5.95652e-09	-3.76011e-07	6.90199e-14	-2.13629e-07	0.000139417	4.46024e-07
16.622	6.37168e-09	-3.76014e-07	7.63152e-14	3.29826e-07	-0.00027833	4.3698e-07
16.622	6.47747e-09	-3.76018e-07	7.81743e-14	-1.02375e-07	-0.000322611	4.2804e-07
16.622	6.23945e-09	-3.76021e-07	7.39921e-14	4.88078e-08	4.87056e-05	4.19199e-07
16.622	6.05686e-09	-3.76024e-07	7.0784e-14	-4.64348e-08	0.000398718	4.10492e-07
16.622	6.28294e-09	-3.76027e-07	7.47569e-14	4.42301e-08	-4.40972e-05	4.01876e-07
16.622	6.46042e-09	-3.7603e-07	7.78756e-14	8.63642e-09	-9.95103e-06	3.93361e-07
16.622	6.62444e-09	-3.76033e-07	8.0758e-14	6.26483e-08	-0.000110572	3.84998e-07
16.622	6.6797e-09	-3.76036e-07	8.17291e-14	4.94468e-09	-9.53088e-05	3.7673e-07
16.622	6.64497e-09	-3.76039e-07	8.11192e-14	-1.06065e-08	-3.77702e-05	3.68551e-07
16.622	6.57658e-09	-3.76042e-07	7.99177e-14	-1.67624e-07	0.000344644	3.60503e-07
16.622	6.81686e-09	-3.76045e-07	8.414e-14	-4.73874e-07	0.000242489	3.52538e-07
16.622	7.26311e-09	-3.76047e-07	9.19814e-14	-6.09178e-07	0.000199182	3.44659e-07
16.622	7.86902e-09	-3.7605e-07	1.02628e-13	1.16925e-06	-0.000515808	3.36904e-07
16.622	8.03176e-09	-3.76053e-07	1.05488e-13	-3.97874e-07	-0.000639704	3.29249e-07
16.622	7.67033e-09	-3.76055e-07	9.91375e-14	1.35648e-07	6.59668e-05	3.21681e-07
16.622	7.36967e-09	-3.76058e-07	9.38546e-14	3.06135e-07	0.000521947	3.1423e-07
16.622	7.48121e-09	-3.7606e-07	9.58147e-14	-3.83797e-07	0.000273655	3.06855e-07
16.622	7.79751e-09	-3.76062e-07	1.01373e-13	-2.01881e-07	8.75638e-05	2.99553e-07
16.622	8.17104e-09	-3.76065e-07	1.07937e-13	5.79564e-07	-0.000352946	2.92376e-07
16.622	8.28075e-09	-3.76067e-07	1.09864e-13	-3.31268e-07	-0.000546394	2.85242e-07
16.622	8.00299e-09	-3.76069e-07	1.04984e-13	1.1668e-07	6.44208e-05	2.78149e-07
16.622	7.7764e-09	-3.76071e-07	1.01003e-13	2.71715e-07	0.000314698	2.71207e-07
16.622	7.76613e-09	-3.76073e-07	1.00822e-13	-5.96542e-10	-6.4317e-06	2.64331e-07
16.622	7.75194e-09	-3.76075e-07	1.00573e-13	-1.29146e-08	-5.3331e-05	2.57448e-07
16.622	7.70425e-09	-3.76077e-07	9.97351e-14	-1.62599e-07	0.000340953	2.50669e-07
16.622	7.86863e-09	-3.76079e-07	1.02624e-13	-5.83155e-07	0.000285453	2.43981e-07
16.622	8.20029e-09	-3.76081e-07	1.08452e-13	-4.1459e-07	0.000134094	2.37288e-07
16.622	8.60114e-09	-3.76083e-07	1.15495e-13	-7.03062e-06	0.00112622	2.30652e-07
16.622	9.6309e-09	-3.76085e-07	1.3359e-13	-8.14806e-06	0.000745917	2.24149e-07
16.622	1.10435e-08	-3.76086e-07	1.58412e-13	7.29439e-06	-0.000654009	2.17681e-07
16.622	1.20639e-08	-3.76088e-07	1.76343e-13	6.45429e-06	-0.0029242	2.11197e-07
16.622	1.15333e-08	-3.7609e-07	1.67018e-13	-2.19706e-05	-0.00211452	2.0482e-07
16.622	9.95253e-09	-3.76091e-07	1.39242e-13	-1.84139e-05	-0.00101134	1.9859e-07
16.622	7.92589e-09	-3.76093e-07	1.03631e-13	-4.33103e-05	-0.00172818	1.92421e-07
16.622	5.1451e-09	-3.76094e-07	5.47681e-14	-2.71824e-05	-0.000861738	1.86277e-07
16.622	2.05957e-09	-3.76096e-07	5.50765e-16	6.76952e-06	0.000203959	1.8022e-07
16.622	-8.34754e-10	-3.76097e-07	-5.0307e-14	6.79994e-05	0.00259757	1.74292e-07
16.622	-2.52044e-09	-3.76098e-07	-7.99271e-14	3.5215e-05	0.00511774	1.68471e-07
16.622	-2.0308e-09	-3.76099e-07	-7.13232e-14	-9.45587e-05	0.0050792	1.62829e-07
16.622	4.75128e-10	-3.76101e-07	-2.729e-14	-0.000276805	0.00597742	1.57477e-07
16.622	5.2143e-09	-3.76102e-07	5.59848e-14	-0.000248546	0.00353947	1.52378e-07
16.622	1.11264e-08	-3.76103e-07	1.5987e-13	-0.000234273	0.00272342	1.4744e-07
16.622	1.78338e-08	-3.76104e-07	2.77729e-13	0.0001416	-0.00159319	1.4255e-07
16.622	2.3756e-08	-3.76105e-07	3.81791e-13	0.000201977	-0.00257818	1.37812e-07
16.622	2.86117e-08	-3.76106e-07	4.67114e-13	0.00022717	-0.0036216	1.33405e-07
16.622	3.21265e-08	-3.76107e-07	5.28874e-13	0.000240009	-0.00637726	1.29283e-07
16.622	3.3505e-08	-3.76108e-07	5.53098e-13	3.50371e-05	-0.00651256	1.25467e-07
16.622	3.2831e-08	-3.76109e-07	5.41254e-13	-0.000195239	-0.00691941	1.22012e-07
16.622	3.00925e-08	-3.7611e-07	4.93134e-13	-0.000367205	-0.00604618	1.18929e-07
16.622	2.56441e-08	-3.76111e-07	4.14969e-13	-1.20847e-05	-0.000158286	1.16328e-07
16.622	2.12374e-08	-3.76112e-07	3.37536e-13	-3.04876e-05	-0.000392194	1.14412e-07
16.622	1.67776e-08	-3.76113e-07	2.59171e-13	9.07401e-05	0.00119864	1.13127e-07
16.622	1.26963e-08	-3.76114e-07	1.87456e-13	0.000151151	0.00225597	1.12259e-07
16.622	9.27126e-09	-3.76115e-07	1.27273e-13	-0.000170048	-0.00251367	1.11829e-07
16.622	5.14905e-09	-3.76115e-07	5.48393e-14	0.000239844	0.00371053	1.11732e-07
16.622	2.06427e-09	-3.76116e-07	6.348e-16	0.000164712	0.00354961	1.11893e-07
16.622	-3.57602e-11	-3.76117e-07	-3.62659e-14	0.000139782	0.00695833	1.12449e-07
16.622	-1.87266e-10	-3.76118e-07	-3.8928e-14	-2.80576e-06	0.00172488	1.13489e-07
16.622	1.5169e-10	-3.76119e-07	-3.29719e-14	-1.66674e-05	0.0016543	1.15141e-07
16.622	9.76834e-10	-3.7612e-07	-1.84728e-14	-1.05675e-06	7.34094e-05	1.17485e-07
16.622	1.843e-09	-3.76121e-07	-3.25282e-15	-3.10128e-05	0.00165648	1.20535e-07
16.622	3.24011e-09	-3.76122e-07	2.12966e-14	2.71521e-05	-0.00140272	1.24249e-07
16.622	4.24052e-09	-3.76123e-07	3.88754e-14	-3.5865e-06	0.000218752	1.2866e-07
16.622	5.35055e-09	-3.76124e-07	5.83806e-14	2.67431e-05	-0.00250364	1.33798e-07
16.622	5.65243e-09	-3.76125e-07	6.36851e-14	9.10982e-07	-0.000238063	1.39714e-07
16.622	5.8833e-09	-3.76126e-07	6.77419e-14	-1.64791e-06	-0.001684	1.46508e-07
16.622	5.49382e-09	-3.76127e-07	6.08982e-14	-1.39446e-06	-0.00024081	1.54312e-07
16.622	4.98722e-09	-3.76128e-07	5.19965e-14	-3.26139e-06	-0.000435868	1.63299e-07
16.622	4.26673e-09	-3.7613e-07	3.93365e-14	3.91666e-07	4.63155e-05	1.73639e-07
16.622	3.51954e-09	-3.76131e-07	2.62073e-14	-5.0418e-06	-0.000522609	1.85604e-07
16.622	2.46782e-09	-3.76132e-07	7.72714e-15	2.3999e-07	2.20194e-05	1.99561e-07
16.622	1.34506e-09	-3.76134e-07	-1.20015e-14	-2.26529e-06	-0.000199702	2.15939e-07
16.622	1.40948e-11	-3.76136e-07	-3.53884e-14	-2.06281e-06	-0.00016821	2.35363e-07
16.622	-1.54549e-09	-3.76138e-07	-6.27927e-14	1.80683e-06	0.000146693	2.58701e-07
16.622	-3.16742e-09	-3.7614e-07	-9.12924e-14	8.72274e-06	0.000899036	2.87362e-07
16.622	-4.2977e-09	-3.76142e-07	-1.11153e-13	5.15107e-06	0.00108806	3.23542e-07
16.622	-4.64393e-09	-3.76145e-07	-1.17237e-13	4.05544e-07	0.000407478	3.71301e-07
16.622	-4.63925e-09	-3.76148e-07	-1.17154e-13	-5.78849e-08	-0.000156924	4.39074e-07
16.622	-4.8217e-09	-3.76152e-07	-1.2036e-13	-7.46727e-07	-0.000415096	5.46706e-07
16.622	-5.69261e-09	-3.76156e-07	-1.35663e-13	1.92786e-07	7.26081e-05	7.54096e-07
16.622	-6.79851e-09	-3.76163e-07	-1.55094e-13	5.89152e-07	0.000590075	1.29611e-06
16.622	-6.39373e-09	-3.76176e-07	-1.47981e-13	-2.07089e-07	0.000207845	4.78619e-06
16.622	-4.25082e-10	-3.76237e-07	-4.30978e-14	-0.4	-0.000303199	0.00415642
16.6179	-4.98764e-10	-3.1206e-07	-4.92441e-14	0.4	4.37697e-10	0.00824576
