16.6161	-2.26399e-09	-2.76143e-07	-1.59417e-13	-2.21181e-05	-0.00297436	0.00319569
16.6161	-4.11141e-08	-2.76174e-07	-6.91717e-13	-0.00136466	0.0264858	2.78927e-06
16.6161	-2.03153e-08	-2.76176e-07	-4.06738e-13	-0.00547853	0.0284404	2.74483e-07
16.6161	5.02635e-09	-2.76177e-07	-5.95151e-14	0.00141893	-0.0055957	1.70826e-07
16.6161	2.20085e-08	-2.76178e-07	1.73168e-13	0.00395852	-0.0220059	1.37262e-07
16.6161	2.97998e-08	-2.76179e-07	2.79923e-13	0.00133336	-0.0164902	1.24722e-07
16.6161	3.21864e-08	-2.7618e-07	3.12623e-13	9.92984e-05	-0.00316096	1.20656e-07
16.6161	3.35944e-08	-2.7618e-07	3.31916e-13	-5.75283e-05	0.00201532	1.20111e-07
16.6161	3.56149e-08	-2.76181e-07	3.596e-13	-0.000170143	0.00391919	1.21169e-07
16.6161	3.88574e-08	-2.76182e-07	4.04027e-13	1.0414e-05	-0.000197432	1.23026e-07
16.6161	4.20947e-08	-2.76183e-07	4.48383e-13	0.000141291	-0.00319366	1.25249e-07
16.6161	4.43836e-08	-2.76183e-07	4.79746e-13	9.35437e-05	-0.00336284	1.27722e-07
16.6161	4.5635e-08	-2.76184e-07	4.96893e-13	2.48278e-05	-0.00161653	1.30415e-07
16.6161	4.63807e-08	-2.76185e-07	5.0711e-13	1.18221e-05	-0.00163629	1.33263e-07
16.6161	4.65918e-08	-2.76186e-07	5.10003e-13	7.17724e-07	-0.00095203	1.3623e-07
16.6161	4.64798e-08	-2.76187e-07	5.08469e-13	-2.12538e-06	-0.000652477	1.39298e-07
16.6161	4.61355e-08	-2.76188e-07	5.03752e-13	-1.38268e-05	-0.00156912	1.42462e-07
16.6161	4.52183e-08	-2.76188e-07	4.91184e-13	-4.8407e-06	-0.000355313	1.45723e-07
16.6161	4.4149e-08	-2.76189e-07	4.76533e-13	-5.74054e-05	-0.00269954	1.49101e-07
16.6161	4.20368e-08	-2.7619e-07	4.47594e-13	-7.67626e-05	-0.00227651	1.52609e-07
16.6161	3.89959e-08	-2.76191e-07	4.05929e-13	-7.50931e-05	-0.00171734	1.56225e-07
16.6161	3.52044e-08	-2.76192e-07	3.53978e-13	-6.86664e-05	-0.00133628	1.59946e-07
16.6161	3.07815e-08	-2.76193e-07	2.93378e-13	-0.000107121	-0.00180701	1.63795e-07
16.6161	2.55027e-08	-2.76194e-07	2.21051e-13	-5.15552e-05	-0.000783572	1.67745e-07
16.6161	1.97646e-08	-2.76195e-07	1.42429e-13	-6.65024e-05	-0.000947948	1.71793e-07
16.6161	1.34755e-08	-2.76196e-07	5.62582e-14	2.81303e-05	0.000393149	1.75921e-07
16.6161	7.21134e-09	-2.76197e-07	-2.95701e-14	0.000141909	0.00218079	1.80074e-07
16.6161	1.7939e-09	-2.76198e-07	-1.03797e-13	9.09163e-05	0.00163902	1.84311e-07
16.6161	-2.9878e-09	-2.76199e-07	-1.69314e-13	3.96152e-05	0.000802906	1.88709e-07
16.6161	-7.50109e-09	-2.76201e-07	-2.31153e-13	0.000102823	0.00250513	1.9322e-07
16.6161	-1.08974e-08	-2.76202e-07	-2.77689e-13	1.98695e-05	0.000597179	1.9786e-07
16.6161	-1.40771e-08	-2.76203e-07	-3.21255e-13	6.12466e-05	0.00236971	2.0263e-07
16.6161	-1.61185e-08	-2.76204e-07	-3.49224e-13	3.8988e-05	0.0044986	2.07505e-07
16.6161	-1.58475e-08	-2.76205e-07	-3.45511e-13	-6.39007e-05	0.00456545	2.12563e-07
16.6161	-1.31143e-08	-2.76207e-07	-3.08061e-13	-0.000260332	0.00631376	2.17896e-07
16.6161	-6.82849e-09	-2.76208e-07	-2.21935e-13	-1.15143e-05	0.000199999	2.23319e-07
16.6161	-2.77314e-10	-2.76209e-07	-1.32172e-13	7.7564e-05	-0.0014232	2.2867e-07
16.6161	5.60592e-09	-2.76211e-07	-5.1562e-14	7.88432e-05	-0.00168864	2.34075e-07
16.6161	1.06282e-08	-2.76212e-07	1.72526e-14	9.99285e-05	-0.00282449	2.39571e-07
16.6161	1.40567e-08	-2.76214e-07	6.42289e-14	6.33068e-05	-0.00306905	2.45174e-07
16.6161	1.56626e-08	-2.76215e-07	8.62324e-14	1.61158e-05	-0.00310177	2.50924e-07
16.6161	1.53378e-08	-2.76217e-07	8.17829e-14	-4.82859e-06	-0.000969198	2.5681e-07
16.6161	1.4376e-08	-2.76218e-07	6.86046e-14	-1.84442e-05	-0.00161263	2.62812e-07
16.6161	1.23199e-08	-2.7622e-07	4.04343e-14	-3.17618e-05	-0.00162578	2.68922e-07
16.6161	9.1107e-09	-2.76221e-07	-3.53687e-15	-4.53577e-06	-0.000188402	2.75107e-07
16.6161	5.69721e-09	-2.76223e-07	-5.03067e-14	3.1262e-05	0.0015042	2.81316e-07
16.6161	3.27706e-09	-2.76225e-07	-8.34662e-14	2.39432e-05	0.00198656	2.87567e-07
16.6161	2.24719e-09	-2.76227e-07	-9.75764e-14	4.76947e-06	0.00110046	2.93899e-07
16.6161	2.01207e-09	-2.76228e-07	-1.00797e-13	-5.8592e-07	0.000894999	3.003e-07
16.6161	2.45098e-09	-2.7623e-07	-9.47829e-14	-3.95169e-06	0.00080549	3.06751e-07
16.6161	3.52347e-09	-2.76232e-07	-8.00873e-14	-7.91667e-06	0.000870356	3.13252e-07
16.6161	5.30726e-09	-2.76234e-07	-5.56458e-14	5.44549e-06	-0.000550259	3.19803e-07
16.6161	6.68363e-09	-2.76236e-07	-3.67865e-14	6.9107e-06	-0.00133059	3.26407e-07
16.6161	6.99146e-09	-2.76238e-07	-3.25681e-14	-7.66485e-07	-0.0010413	3.33079e-07
16.6161	6.42973e-09	-2.7624e-07	-4.0264e-14	-5.14551e-07	-0.000139515	3.39823e-07
16.6161	5.73697e-09	-2.76242e-07	-4.97552e-14	4.58384e-07	0.000122902	3.4665e-07
16.6161	5.1379e-09	-2.76244e-07	-5.79626e-14	-7.93062e-08	-2.27931e-05	3.53566e-07
16.6161	4.50658e-09	-2.76246e-07	-6.66119e-14	1.22138e-06	0.000599188	3.60551e-07
16.6161	4.40821e-09	-2.76249e-07	-6.7959e-14	-2.59848e-07	0.000448114	3.67607e-07
16.6161	4.72372e-09	-2.76251e-07	-6.36351e-14	2.28834e-07	-0.000184829	3.74774e-07
16.6161	4.87054e-09	-2.76253e-07	-6.16227e-14	2.64499e-08	-0.000271425	3.82059e-07
16.6161	4.75847e-09	-2.76255e-07	-6.31575e-14	-3.25058e-08	-4.65963e-05	3.89407e-07
16.6161	4.59846e-09	-2.76258e-07	-6.53489e-14	-2.4235e-07	-0.000188535	3.96729e-07
16.6161	4.24678e-09	-2.7626e-07	-7.01667e-14	1.06019e-07	6.66751e-05	4.03947e-07
16.6161	3.95675e-09	-2.76263e-07	-7.41397e-14	1.3745e-07	0.000446118	4.11031e-07
16.6161	4.12405e-09	-2.76265e-07	-7.18465e-14	-9.26561e-08	8.9808e-05	4.17975e-07
16.6161	4.38875e-09	-2.76268e-07	-6.82188e-14	1.52055e-07	-0.000299236	4.24807e-07
16.6161	4.33737e-09	-2.7627e-07	-6.89217e-14	-3.14662e-08	-7.4033e-05	4.31624e-07
16.6161	4.20466e-09	-2.76273e-07	-7.07392e-14	3.67652e-08	0.000135564	4.38522e-07
16.6161	4.21963e-09	-2.76275e-07	-7.05332e-14	-8.62988e-09	-7.38355e-05	4.45548e-07
16.6161	4.15193e-09	-2.76278e-07	-7.14597e-14	-1.93446e-08	-4.63514e-05	4.52701e-07
16.6161	4.03027e-09	-2.76281e-07	-7.31257e-14	2.74238e-08	0.000126737	4.59971e-07
16.6161	4.05356e-09	-2.76284e-07	-7.28056e-14	6.32743e-10	-7.82001e-06	4.67347e-07
16.6161	4.06802e-09	-2.76287e-07	-7.26065e-14	-4.72367e-08	0.000125733	4.74851e-07
16.6161	4.23315e-09	-2.76289e-07	-7.03428e-14	4.40959e-08	-0.000175514	4.82577e-07
16.6161	4.18753e-09	-2.76292e-07	-7.09669e-14	-4.77507e-08	-0.000105694	4.90664e-07
16.6161	4.01038e-09	-2.76295e-07	-7.3393e-14	3.1316e-08	5.38679e-05	4.99284e-07
16.6161	3.89787e-09	-2.76298e-07	-7.49335e-14	1.70324e-08	5.51608e-05	5.08657e-07
16.6161	3.854e-09	-2.76301e-07	-7.55335e-14	-1.39293e-09	7.57091e-05	5.18939e-07
16.6161	3.90844e-09	-2.76305e-07	-7.47864e-14	-7.45901e-09	2.70858e-05	5.30031e-07
16.6161	4.00035e-09	-2.76308e-07	-7.3526e-14	1.09723e-08	-5.07369e-05	5.41601e-07
16.6161	4.02482e-09	-2.76311e-07	-7.31894e-14	-7.15581e-08	-0.00018801	5.5317e-07
16.6161	3.78712e-09	-2.76315e-07	-7.64451e-14	-8.95563e-09	-1.02212e-05	5.64181e-07
16.6161	3.53036e-09	-2.76318e-07	-7.99619e-14	-2.71797e-08	-2.79722e-05	5.74227e-07
16.6161	3.22883e-09	-2.76321e-07	-8.40921e-14	1.0813e-07	0.000196273	5.83224e-07
16.6161	3.21114e-09	-2.76325e-07	-8.43333e-14	-9.97923e-08	0.000212202	5.91474e-07
16.6161	3.50911e-09	-2.76329e-07	-8.02493e-14	5.84625e-08	-7.10153e-05	5.99781e-07
16.6161	3.70413e-09	-2.76332e-07	-7.75758e-14	4.12295e-08	-0.000142753	6.09186e-07
16.6161	3.68323e-09	-2.76336e-07	-7.78609e-14	-3.16292e-08	-9.96878e-05	6.18393e-07
16.6161	3.50691e-09	-2.7634e-07	-8.02755e-14	2.84401e-08	0.000151523	6.25516e-07
16.6161	3.56697e-09	-2.76343e-07	-7.94512e-14	-3.31551e-09	1.45711e-05	6.31099e-07
16.6161	3.6506e-09	-2.76347e-07	-7.83039e-14	-9.58929e-09	2.85875e-05	6.36329e-07
16.6161	3.78061e-09	-2.76351e-07	-7.65212e-14	1.61675e-08	-9.38685e-05	6.41111e-07
16.6161	3.76052e-09	-2.76355e-07	-7.6795e-14	-1.47024e-08	-6.52102e-05	6.44932e-07
16.6161	3.63492e-09	-2.76359e-07	-7.85145e-14	-1.09981e-07	-0.000145975	6.48309e-07
16.6161	3.27146e-09	-2.76363e-07	-8.34931e-14	9.07266e-08	0.00010646	6.51355e-07
16.6161	3.08019e-09	-2.76367e-07	-8.61124e-14	3.43302e-08	0.000114599	6.53803e-07
16.6161	3.07591e-09	-2.76371e-07	-8.61696e-14	-7.63382e-09	5.79347e-05	6.55884e-07
16.6161	3.16676e-09	-2.76375e-07	-8.49234e-14	6.52742e-09	-7.652e-05	6.57644e-07
16.6161	3.13187e-09	-2.76379e-07	-8.54001e-14	-3.83207e-09	6.57219e-05	6.58955e-07
16.6161	3.20527e-09	-2.76383e-07	-8.43929e-14	-4.1728e-09	1.59042e-05	6.5995e-07
16.6161	3.30504e-09	-2.76387e-07	-8.30245e-14	5.71544e-09	-2.34778e-05	6.60597e-07
16.6161	3.36608e-09	-2.76391e-07	-8.21867e-14	3.02919e-09	-2.45573e-05	6.60862e-07
16.6161	3.38655e-09	-2.76395e-07	-8.19048e-14	-2.54653e-09	2.18454e-05	6.60798e-07
16.6161	3.4431e-09	-2.76398e-07	-8.11285e-14	-2.79607e-08	-0.000145397	6.6036e-07
16.6161	3.25967e-09	-2.76402e-07	-8.36403e-14	-6.47581e-09	-1.10975e-05	6.59573e-07
16.6161	3.05822e-09	-2.76406e-07	-8.63991e-14	2.11465e-08	4.17076e-05	6.58429e-07
16.6161	2.92577e-09	-2.7641e-07	-8.82125e-14	-5.33843e-09	0.000173413	6.56888e-07
16.6161	3.07807e-09	-2.76414e-07	-8.61243e-14	1.19538e-09	-2.61115e-06	6.54983e-07
16.6161	3.22562e-09	-2.76418e-07	-8.41012e-14	1.88687e-08	-6.57979e-05	6.52704e-07
16.6161	3.26545e-09	-2.76422e-07	-8.35541e-14	-1.20653e-09	8.41871e-06	6.50061e-07
16.6161	3.31876e-09	-2.76426e-07	-8.28222e-14	2.21101e-09	-4.68817e-05	6.47097e-07
16.6161	3.29615e-09	-2.7643e-07	-8.31306e-14	-3.17392e-10	3.19867e-05	6.43787e-07
16.6161	3.32501e-09	-2.76434e-07	-8.27338e-14	-1.53077e-10	1.62937e-06	6.40162e-07
16.6161	3.35629e-09	-2.76438e-07	-8.23037e-14	-5.79038e-09	3.236e-05	6.36203e-07
16.6161	3.43868e-09	-2.76442e-07	-8.11736e-14	-5.44648e-09	1.7884e-05	6.31936e-07
16.6161	3.54865e-09	-2.76445e-07	-7.96654e-14	6.39301e-09	-2.1664e-05	6.27385e-07
16.6161	3.62394e-09	-2.76449e-07	-7.86324e-14	5.8009e-09	-4.68943e-05	6.22528e-07
16.6161	3.62595e-09	-2.76453e-07	-7.86036e-14	-1.24246e-08	-7.18021e-05	6.17432e-07
16.6161	3.51757e-09	-2.76457e-07	-8.00872e-14	1.23305e-08	7.67823e-05	6.12074e-07
16.6161	3.52713e-09	-2.7646e-07	-7.99549e-14	-1.76009e-08	7.78679e-05	6.06466e-07
16.6161	3.6541e-09	-2.76464e-07	-7.82139e-14	-1.6466e-08	3.27611e-05	6.00636e-07
16.6161	3.82877e-09	-2.76467e-07	-7.58193e-14	3.3179e-08	-0.000136765	5.94574e-07
16.6161	3.7994e-09	-2.76471e-07	-7.62205e-14	-2.83413e-09	-1.92293e-05	5.88262e-07
16.6161	3.74222e-09	-2.76475e-07	-7.70026e-14	-1.32706e-08	-4.35907e-05	5.81778e-07
16.6161	3.62264e-09	-2.76478e-07	-7.86398e-14	1.69376e-08	9.05192e-05	5.75134e-07
16.6161	3.63384e-09	-2.76481e-07	-7.84851e-14	-1.14119e-08	6.01796e-05	5.68287e-07
16.6161	3.72988e-09	-2.76485e-07	-7.7168e-14	-1.82421e-07	0.000210542	5.61268e-07
16.6161	4.11827e-09	-2.76488e-07	-7.18452e-14	1.82963e-07	-0.000212154	5.5413e-07
16.6161	4.20967e-09	-2.76492e-07	-7.05917e-14	-2.08184e-09	-0.000138808	5.46882e-07
16.6161	4.11134e-09	-2.76495e-07	-7.19378e-14	-1.91641e-10	-5.27505e-07	5.39505e-07
16.6161	4.01365e-09	-2.76498e-07	-7.32751e-14	-2.72419e-09	0.000152985	5.32006e-07
16.6161	4.11937e-09	-2.76501e-07	-7.18255e-14	-2.98461e-08	5.53974e-05	5.24401e-07
16.6161	4.29565e-09	-2.76504e-07	-6.9409e-14	-2.95942e-08	3.82863e-05	5.16745e-07
16.6161	4.51843e-09	-2.76507e-07	-6.63554e-14	6.48756e-09	-7.63601e-06	5.09042e-07
16.6161	4.72821e-09	-2.7651e-07	-6.34801e-14	1.80427e-08	-0.000308834	5.01259e-07
16.6161	4.55074e-09	-2.76513e-07	-6.59106e-14	4.8646e-08	0.000112496	4.93413e-07
16.6161	4.51374e-09	-2.76516e-07	-6.64165e-14	-2.08827e-08	0.000126503	4.8554e-07
16.6161	4.62964e-09	-2.76519e-07	-6.48274e-14	-7.40402e-08	0.000100922	4.77646e-07
16.6161	4.86316e-09	-2.76522e-07	-6.16268e-14	2.04279e-08	-2.19396e-05	4.6975e-07
16.6161	5.06724e-09	-2.76525e-07	-5.88295e-14	7.67255e-08	-0.000170545	4.6188e-07
16.6161	5.07263e-09	-2.76528e-07	-5.87547e-14	-1.13549e-08	6.28535e-05	4.54004e-07
16.6161	5.14864e-09	-2.7653e-07	-5.77122e-14	-1.39762e-08	3.32118e-05	4.46123e-07
16.6161	5.26004e-09	-2.76533e-07	-5.6185e-14	-6.92464e-09	1.29158e-05	4.38252e-07
16.6161	5.38348e-09	-2.76536e-07	-5.44927e-14	1.43584e-08	-0.000198427	4.30409e-07
16.6161	5.29312e-09	-2.76538e-07	-5.57298e-14	1.08848e-08	3.15701e-05	4.22614e-07
16.6161	5.23746e-09	-2.76541e-07	-5.64915e-14	1.34282e-09	0.000101026	4.1487e-07
16.6161	5.28663e-09	-2.76543e-07	-5.58169e-14	3.09073e-09	-1.53927e-05	4.07163e-07
16.6161	5.31936e-09	-2.76546e-07	-5.53675e-14	-3.87951e-07	0.000362802	3.99531e-07
16.6161	5.71043e-09	-2.76548e-07	-5.00085e-14	-1.05995e-07	5.04168e-05	3.91981e-07
16.6161	6.14297e-09	-2.7655e-07	-4.4081e-14	4.68475e-07	-0.000339654	3.84465e-07
16.6161	6.24389e-09	-2.76553e-07	-4.26975e-14	1.57264e-08	-0.000176392	3.77001e-07
16.6161	6.17822e-09	-2.76555e-07	-4.35964e-14	-1.20207e-07	-0.000159926	3.69612e-07
16.6161	5.96754e-09	-2.76557e-07	-4.64823e-14	1.20168e-07	0.000300765	3.62313e-07
16.6161	6.03074e-09	-2.76559e-07	-4.56156e-14	-3.92746e-07	0.000332099	3.55082e-07
16.6161	6.38448e-09	-2.76561e-07	-4.0768e-14	-6.1766e-07	0.000237058	3.47922e-07
16.6161	6.93514e-09	-2.76564e-07	-3.32223e-14	9.53623e-07	-0.000473259	3.40867e-07
16.6161	7.07547e-09	-2.76566e-07	-3.12989e-14	-2.95958e-07	-0.000548554	3.33893e-07
16.6161	6.75977e-09	-2.76568e-07	-3.56238e-14	1.41106e-07	8.2815e-05	3.26996e-07
16.6161	6.5176e-09	-2.7657e-07	-3.89412e-14	-1.34291e-07	0.000677965	3.20203e-07
16.6161	6.81748e-09	-2.76571e-07	-3.48316e-14	1.27886e-07	-7.49825e-05	3.13483e-07
16.6161	7.05288e-09	-2.76573e-07	-3.16055e-14	2.49693e-08	-1.69194e-05	3.06841e-07
16.6161	7.27045e-09	-2.76575e-07	-2.86239e-14	1.81141e-07	-0.000188013	3.00318e-07
16.6161	7.34374e-09	-2.76577e-07	-2.7619e-14	1.4305e-08	-0.000162059	2.93868e-07
16.6161	7.29769e-09	-2.76579e-07	-2.82493e-14	-3.06621e-08	-6.42227e-05	2.87488e-07
16.6161	7.20699e-09	-2.7658e-07	-2.94914e-14	-4.84674e-07	0.00058602	2.8121e-07
16.6161	7.5257e-09	-2.76582e-07	-2.5124e-14	-1.37009e-06	0.000412315	2.74997e-07
16.6161	8.11759e-09	-2.76584e-07	-1.70136e-14	-1.76122e-06	0.000338668	2.68854e-07
16.6161	8.92126e-09	-2.76585e-07	-6.00149e-15	3.38052e-06	-0.000877042	2.62803e-07
16.6161	9.13713e-09	-2.76587e-07	-3.04314e-15	-1.15027e-06	-0.00108772	2.56831e-07
16.6161	8.65774e-09	-2.76588e-07	-9.61101e-15	3.92189e-07	0.000112169	2.50928e-07
16.6161	8.25896e-09	-2.7659e-07	-1.50743e-14	8.85036e-07	0.000887492	2.45115e-07
16.6161	8.40691e-09	-2.76591e-07	-1.30467e-14	-1.10967e-06	0.000465311	2.39362e-07
16.6161	8.82645e-09	-2.76593e-07	-7.29785e-15	-5.83673e-07	0.000148885	2.33667e-07
16.6161	9.32189e-09	-2.76594e-07	-5.08893e-16	1.67567e-06	-0.000600131	2.28069e-07
16.6161	9.46741e-09	-2.76596e-07	1.48546e-15	-9.57741e-07	-0.000929071	2.22503e-07
16.6161	9.09901e-09	-2.76597e-07	-3.56181e-15	3.37376e-07	0.000109549	2.1697e-07
16.6161	8.79847e-09	-2.76598e-07	-7.67923e-15	7.85548e-07	0.000535095	2.11556e-07
16.6161	8.78486e-09	-2.76599e-07	-7.86526e-15	-1.72411e-09	-1.0936e-05	2.06191e-07
16.6161	8.76604e-09	-2.76601e-07	-8.12273e-15	-3.73335e-08	-9.06815e-05	2.00823e-07
16.6161	8.70279e-09	-2.76602e-07	-8.98891e-15	-4.70151e-07	0.000579745	1.95534e-07
16.6161	8.92082e-09	-2.76603e-07	-6.00107e-15	-1.68603e-06	0.000485362	1.90317e-07
16.6161	9.36074e-09	-2.76604e-07	2.68829e-17	-1.19867e-06	0.000228005	1.85098e-07
16.6161	9.89242e-09	-2.76605e-07	7.3122e-15	-2.03244e-05	0.00191474	1.79928e-07
16.6161	1.12583e-08	-2.76606e-07	2.60267e-14	-2.35502e-05	0.00126792	1.74867e-07
16.6161	1.31319e-08	-2.76607e-07	5.16987e-14	2.10827e-05	-0.00111168	1.69823e-07
16.6161	1.44854e-08	-2.76608e-07	7.0244e-14	1.86579e-05	-0.00497185	1.64754e-07
16.6161	1.37815e-08	-2.76609e-07	6.06007e-14	-6.34977e-05	-0.00359427	1.5979e-07
16.6161	1.16849e-08	-2.7661e-07	3.18736e-14	-5.31881e-05	-0.00171803	1.54959e-07
16.6161	8.99681e-09	-2.76611e-07	-4.95693e-15	-0.00012499	-0.00293324	1.50189e-07
16.6161	5.30847e-09	-2.76612e-07	-5.54929e-14	-7.8366e-05	-0.0014611	1.45442e-07
16.6161	1.21594e-09	-2.76613e-07	-1.11567e-13	1.95132e-05	0.000345759	1.40727e-07
16.6161	-2.62299e-09	-2.76614e-07	-1.64166e-13	0.000196189	0.00440789	1.3605e-07
16.6161	-4.85882e-09	-2.76615e-07	-1.948e-13	0.000101757	0.00869958	1.31442e-07
16.6161	-4.20937e-09	-2.76615e-07	-1.85902e-13	-0.000272997	0.00862668	1.27075e-07
16.6161	-8.85595e-10	-2.76616e-07	-1.4036e-13	-0.00079498	0.0101004	1.23111e-07
16.6161	5.40028e-09	-2.76617e-07	-5.42332e-14	-0.000708556	0.00593511	1.19419e-07
16.6161	1.32419e-08	-2.76617e-07	5.321e-14	-0.000663399	0.00453589	1.15809e-07
16.6161	2.21384e-08	-2.76618e-07	1.75106e-13	0.000400464	-0.00264995	1.1202e-07
16.6161	2.99933e-08	-2.76619e-07	2.82732e-13	0.000573948	-0.00430899	1.08125e-07
16.6161	3.64338e-08	-2.76619e-07	3.70977e-13	0.000649398	-0.00608957	1.04457e-07
16.6161	4.10957e-08	-2.7662e-07	4.34853e-13	0.000690659	-0.0107978	1.01008e-07
16.6161	4.29241e-08	-2.76621e-07	4.59906e-13	0.000101215	-0.01107	9.78984e-08
16.6161	4.20301e-08	-2.76621e-07	4.47657e-13	-0.000562747	-0.0117359	9.52725e-08
16.6161	3.83978e-08	-2.76622e-07	3.97889e-13	-0.00104999	-0.0101719	9.31098e-08
16.6161	3.24976e-08	-2.76622e-07	3.17047e-13	-3.43718e-05	-0.000264771	9.1238e-08
16.6161	2.66528e-08	-2.76623e-07	2.36963e-13	-8.67534e-05	-0.000656331	8.97524e-08
16.6161	2.07375e-08	-2.76623e-07	1.55914e-13	0.000258192	0.00200583	8.8719e-08
16.6161	1.53242e-08	-2.76624e-07	8.17428e-14	0.000431545	0.00378822	8.79395e-08
16.6161	1.07813e-08	-2.76624e-07	1.94986e-14	-0.000485341	-0.00421967	8.76109e-08
16.6161	5.31378e-09	-2.76625e-07	-5.54155e-14	0.000685155	0.00623479	8.75047e-08
16.6161	1.22223e-09	-2.76626e-07	-1.11476e-13	0.000473249	0.0059988	8.7465e-08
16.6161	-1.56317e-09	-2.76626e-07	-1.4964e-13	0.000403334	0.0118148	8.77745e-08
16.6161	-1.76412e-09	-2.76627e-07	-1.52394e-13	-8.11167e-06	0.00293283	8.85294e-08
16.6161	-1.31454e-09	-2.76627e-07	-1.46233e-13	-4.81723e-05	0.00281203	8.98264e-08
16.6161	-2.20095e-10	-2.76628e-07	-1.31238e-13	-3.05569e-06	0.000124838	9.16619e-08
16.6161	9.28761e-10	-2.76628e-07	-1.15496e-13	-8.95701e-05	0.00281372	9.40556e-08
16.6161	2.78184e-09	-2.76629e-07	-9.01058e-14	7.84167e-05	-0.00238257	9.69555e-08
16.6161	4.10875e-09	-2.76629e-07	-7.19247e-14	-1.03625e-05	0.000371707	1.00386e-07
16.6161	5.58106e-09	-2.7663e-07	-5.17514e-14	7.72879e-05	-0.0042556	1.04384e-07
16.6161	5.98147e-09	-2.76631e-07	-4.6265e-14	2.6336e-06	-0.000404751	1.08985e-07
16.6161	6.28768e-09	-2.76631e-07	-4.20691e-14	-4.76372e-06	-0.00286334	1.14286e-07
16.6161	5.77109e-09	-2.76632e-07	-4.9147e-14	-4.03175e-06	-0.000409475	1.20376e-07
16.6161	5.09916e-09	-2.76633e-07	-5.83533e-14	-9.42793e-06	-0.000741017	1.27387e-07
16.6161	4.14353e-09	-2.76634e-07	-7.14466e-14	1.13219e-06	7.87387e-05	1.35455e-07
16.6161	3.15249e-09	-2.76634e-07	-8.50252e-14	-1.45722e-05	-0.000888341	1.44794e-07
16.6161	1.75754e-09	-2.76635e-07	-1.04138e-13	6.92573e-07	3.73713e-05	1.55685e-07
16.6161	2.68345e-10	-2.76636e-07	-1.24542e-13	-6.54603e-06	-0.000339389	1.68464e-07
16.6161	-1.49699e-09	-2.76637e-07	-1.4873e-13	-5.96255e-06	-0.000285947	1.83621e-07
16.6161	-3.56557e-09	-2.76639e-07	-1.77072e-13	5.22229e-06	0.000249351	2.01828e-07
16.6161	-5.71684e-09	-2.7664e-07	-2.06547e-13	2.52123e-05	0.00152828	2.24177e-07
16.6161	-7.21599e-09	-2.76641e-07	-2.27088e-13	1.48914e-05	0.00184996	2.52386e-07
16.6161	-7.67521e-09	-2.76643e-07	-2.33379e-13	1.17247e-06	0.000692854	2.89634e-07
16.6161	-7.669e-09	-2.76645e-07	-2.33293e-13	-1.67344e-07	-0.000266829	3.42499e-07
16.6161	-7.91098e-09	-2.76647e-07	-2.36608e-13	-2.15889e-06	-0.000705805	4.26459e-07
16.6161	-9.06611e-09	-2.7665e-07	-2.52434e-13	5.57373e-07	0.000123458	5.88236e-07
16.6161	-1.05329e-08	-2.76654e-07	-2.7253e-13	1.7033e-06	0.00100334	1.01103e-06
16.6161	-9.99599e-09	-2.76662e-07	-2.65171e-13	-5.9876e-07	0.00035341	3.73347e-06
16.6161	-2.07922e-09	-2.76699e-07	-1.56685e-13	-0.399999	-0.000515569	0.00324233
16.6129	-2.35872e-09	-2.37681e-07	-1.74618e-13	0.4	2.31909e-08	0.00643234
