16.6396	-5.96766e-11	-8.70437e-07	-3.04907e-15	-4.40162e-07	-0.000419599	0.00799229
16.6396	-1.37682e-08	-8.70635e-07	-4.73593e-13	-2.74361e-05	0.00375872	6.97363e-06
16.6396	-6.42925e-09	-8.70648e-07	-2.21684e-13	-0.000115942	0.0042442	6.75404e-07
16.6396	2.51266e-09	-8.70655e-07	8.52466e-14	3.09559e-05	-0.00086526	4.14222e-07
16.6396	8.50486e-09	-8.70661e-07	2.90929e-13	8.29312e-05	-0.00325805	3.37304e-07
16.6396	1.12541e-08	-8.70665e-07	3.85295e-13	2.68536e-05	-0.00235046	3.1071e-07
16.6396	1.20962e-08	-8.7067e-07	4.14201e-13	1.97874e-06	-0.000446522	3.01663e-07
16.6396	1.2593e-08	-8.70674e-07	4.31254e-13	-1.14596e-06	0.000284596	3.00334e-07
16.6396	1.33059e-08	-8.70679e-07	4.55726e-13	-3.39527e-06	0.000554402	3.02811e-07
16.6396	1.44501e-08	-8.70684e-07	4.94997e-13	2.0793e-07	-2.79459e-05	3.07328e-07
16.6396	1.55923e-08	-8.70688e-07	5.34206e-13	2.8198e-06	-0.000451825	3.12999e-07
16.6396	1.64e-08	-8.70693e-07	5.61929e-13	1.86353e-06	-0.000474903	3.19366e-07
16.6396	1.68416e-08	-8.70698e-07	5.77086e-13	4.94177e-07	-0.000228102	3.26193e-07
16.6396	1.71047e-08	-8.70703e-07	5.86118e-13	2.35246e-07	-0.00023083	3.33348e-07
16.6396	1.71792e-08	-8.70708e-07	5.88675e-13	1.42789e-08	-0.000134291	3.40778e-07
16.6396	1.71397e-08	-8.70713e-07	5.87318e-13	-4.22907e-08	-9.20377e-05	3.48449e-07
16.6396	1.70182e-08	-8.70719e-07	5.83148e-13	-2.75152e-07	-0.000221362	3.56353e-07
16.6396	1.66945e-08	-8.70724e-07	5.72038e-13	-9.63482e-08	-5.01359e-05	3.64491e-07
16.6396	1.63172e-08	-8.7073e-07	5.59087e-13	-1.14302e-06	-0.000381044	3.72884e-07
16.6396	1.55719e-08	-8.70735e-07	5.33505e-13	-1.53007e-06	-0.000321677	3.8153e-07
16.6396	1.44989e-08	-8.70741e-07	4.96675e-13	-1.49816e-06	-0.000242892	3.90428e-07
16.6396	1.3161e-08	-8.70747e-07	4.50752e-13	-1.37172e-06	-0.000189244	3.99587e-07
16.6396	1.16004e-08	-8.70753e-07	3.97183e-13	-2.14254e-06	-0.000256217	4.09022e-07
16.6396	9.73778e-09	-8.70759e-07	3.33249e-13	-1.03211e-06	-0.000111208	4.18727e-07
16.6396	7.71306e-09	-8.70766e-07	2.6375e-13	-1.33318e-06	-0.000134723	4.28705e-07
16.6396	5.49391e-09	-8.70772e-07	1.87578e-13	5.64135e-07	5.58944e-05	4.38965e-07
16.6396	3.28359e-09	-8.70779e-07	1.11709e-13	2.84103e-06	0.000309505	4.49513e-07
16.6396	1.37203e-09	-8.70786e-07	4.60945e-14	1.81758e-06	0.00023229	4.60356e-07
16.6396	-3.15216e-10	-8.70793e-07	-1.18201e-14	7.91013e-07	0.000113656	4.71496e-07
16.6396	-1.90775e-09	-8.708e-07	-6.64839e-14	2.05101e-06	0.000354241	4.82936e-07
16.6396	-3.10617e-09	-8.70808e-07	-1.0762e-13	3.95907e-07	8.43551e-05	4.94674e-07
16.6396	-4.22814e-09	-8.70815e-07	-1.46131e-13	1.21997e-06	0.000334617	5.06701e-07
16.6396	-4.94844e-09	-8.70823e-07	-1.70855e-13	7.75973e-07	0.000634664	5.19024e-07
16.6396	-4.85284e-09	-8.70831e-07	-1.67574e-13	-1.27205e-06	0.000644219	5.31639e-07
16.6396	-3.88841e-09	-8.70839e-07	-1.3447e-13	-5.19469e-06	0.000892934	5.44541e-07
16.6396	-1.67044e-09	-8.70847e-07	-5.83381e-14	-2.30197e-07	2.83462e-05	5.57727e-07
16.6396	6.41163e-10	-8.70856e-07	2.10077e-14	1.54998e-06	-0.000201619	5.71183e-07
16.6396	2.71708e-09	-8.70865e-07	9.22635e-14	1.57389e-06	-0.000238971	5.84909e-07
16.6396	4.48922e-09	-8.70874e-07	1.53092e-13	1.9921e-06	-0.00039916	5.98907e-07
16.6396	5.69897e-09	-8.70883e-07	1.94617e-13	1.2605e-06	-0.000433191	6.13161e-07
16.6396	6.2656e-09	-8.70892e-07	2.14066e-13	3.20691e-07	-0.000437555	6.27661e-07
16.6396	6.151e-09	-8.70902e-07	2.10133e-13	-9.60818e-08	-0.000136719	6.42399e-07
16.6396	5.81161e-09	-8.70912e-07	1.98483e-13	-3.67063e-07	-0.000227515	6.57376e-07
16.6396	5.08612e-09	-8.70922e-07	1.73581e-13	-6.32332e-07	-0.000229456	6.7258e-07
16.6396	3.95373e-09	-8.70932e-07	1.34712e-13	-9.03547e-08	-2.66065e-05	6.87982e-07
16.6396	2.74926e-09	-8.70943e-07	9.33683e-14	6.22451e-07	0.00021232	7.03557e-07
16.6396	1.8953e-09	-8.70953e-07	6.40559e-14	4.76521e-07	0.000280281	7.19289e-07
16.6396	1.5319e-09	-8.70964e-07	5.15824e-14	9.49045e-08	0.000155233	7.35176e-07
16.6396	1.44893e-09	-8.70976e-07	4.87345e-14	-1.16565e-08	0.000126246	7.51199e-07
16.6396	1.6038e-09	-8.70987e-07	5.40503e-14	-7.86291e-08	0.000113624	7.67327e-07
16.6396	1.98223e-09	-8.70999e-07	6.70399e-14	-1.57538e-07	0.000122785	7.83564e-07
16.6396	2.61164e-09	-8.71011e-07	8.86444e-14	1.08365e-07	-7.76297e-05	7.99947e-07
16.6396	3.09729e-09	-8.71023e-07	1.05314e-13	1.37508e-07	-0.000187697	8.16492e-07
16.6396	3.20591e-09	-8.71035e-07	1.09043e-13	-1.52527e-08	-0.000146883	8.33194e-07
16.6396	3.00769e-09	-8.71048e-07	1.02239e-13	-1.02384e-08	-1.96799e-05	8.50062e-07
16.6396	2.76325e-09	-8.71061e-07	9.38483e-14	9.12079e-09	1.73363e-05	8.67137e-07
16.6396	2.55186e-09	-8.71074e-07	8.65924e-14	-1.57794e-09	-3.21508e-06	8.84439e-07
16.6396	2.32909e-09	-8.71088e-07	7.89459e-14	2.43032e-08	8.45204e-05	9.01917e-07
16.6396	2.29437e-09	-8.71102e-07	7.77543e-14	-5.16949e-09	6.32098e-05	9.19569e-07
16.6396	2.4057e-09	-8.71116e-07	8.15755e-14	4.5529e-09	-2.60716e-05	9.37493e-07
16.6396	2.4575e-09	-8.7113e-07	8.33535e-14	5.25868e-10	-3.82864e-05	9.55719e-07
16.6396	2.41794e-09	-8.71145e-07	8.19959e-14	-6.46808e-10	-6.57273e-06	9.74102e-07
16.6396	2.36148e-09	-8.71159e-07	8.00578e-14	-4.82232e-09	-2.65942e-05	9.92417e-07
16.6396	2.23738e-09	-8.71175e-07	7.57982e-14	2.10962e-09	9.40497e-06	1.01047e-06
16.6396	2.13504e-09	-8.7119e-07	7.22852e-14	2.73562e-09	6.29282e-05	1.02819e-06
16.6396	2.19407e-09	-8.71206e-07	7.43113e-14	-1.84338e-09	1.26679e-05	1.04556e-06
16.6396	2.28746e-09	-8.71222e-07	7.7517e-14	3.02498e-09	-4.22093e-05	1.06265e-06
16.6396	2.26932e-09	-8.71238e-07	7.68946e-14	-6.26162e-10	-1.04428e-05	1.07971e-06
16.6396	2.22249e-09	-8.71254e-07	7.5287e-14	7.31786e-10	1.91222e-05	1.09696e-06
16.6396	2.22776e-09	-8.71271e-07	7.54681e-14	-1.7179e-10	-1.0415e-05	1.11453e-06
16.6396	2.20387e-09	-8.71288e-07	7.4648e-14	-3.84934e-10	-6.53818e-06	1.13243e-06
16.6396	2.16094e-09	-8.71305e-07	7.31743e-14	5.4591e-10	1.78772e-05	1.15062e-06
16.6396	2.16915e-09	-8.71323e-07	7.34561e-14	1.26224e-11	-1.10305e-06	1.16907e-06
16.6396	2.17424e-09	-8.71341e-07	7.36309e-14	-9.39611e-10	1.77354e-05	1.18784e-06
16.6396	2.2325e-09	-8.71359e-07	7.56308e-14	8.77127e-10	-2.47575e-05	1.20717e-06
16.6396	2.2164e-09	-8.71377e-07	7.5078e-14	-9.50226e-10	-1.49088e-05	1.22739e-06
16.6396	2.15388e-09	-8.71396e-07	7.29322e-14	6.23239e-10	7.59849e-06	1.24896e-06
16.6396	2.11418e-09	-8.71415e-07	7.15693e-14	3.39034e-10	7.78079e-06	1.27241e-06
16.6396	2.09869e-09	-8.71434e-07	7.10376e-14	-2.75385e-11	1.06793e-05	1.29812e-06
16.6396	2.11789e-09	-8.71454e-07	7.16968e-14	-1.48313e-10	3.82059e-06	1.32587e-06
16.6396	2.15031e-09	-8.71475e-07	7.28097e-14	2.18284e-10	-7.15678e-06	1.35482e-06
16.6396	2.15894e-09	-8.71495e-07	7.31059e-14	-1.42407e-09	-2.65202e-05	1.38375e-06
16.6396	2.07506e-09	-8.71516e-07	7.02266e-14	-1.78143e-10	-1.44169e-06	1.41129e-06
16.6396	1.98445e-09	-8.71538e-07	6.71166e-14	-5.40783e-10	-3.94564e-06	1.43643e-06
16.6396	1.87804e-09	-8.7156e-07	6.34642e-14	2.15186e-09	2.76856e-05	1.45893e-06
16.6396	1.87179e-09	-8.71582e-07	6.32497e-14	-1.98517e-09	2.99326e-05	1.47957e-06
16.6396	1.97692e-09	-8.71605e-07	6.68583e-14	1.16318e-09	-1.00172e-05	1.50035e-06
16.6396	2.04573e-09	-8.71627e-07	6.92201e-14	8.20167e-10	-2.01362e-05	1.52388e-06
16.6396	2.03834e-09	-8.71651e-07	6.89666e-14	-6.29432e-10	-1.40616e-05	1.54691e-06
16.6396	1.97612e-09	-8.71674e-07	6.68308e-14	5.66186e-10	2.13734e-05	1.56473e-06
16.6396	1.9973e-09	-8.71698e-07	6.75579e-14	-6.58831e-11	2.05537e-06	1.57869e-06
16.6396	2.0268e-09	-8.71722e-07	6.85706e-14	-1.90687e-10	4.03243e-06	1.59178e-06
16.6396	2.07267e-09	-8.71746e-07	7.01448e-14	3.2159e-10	-1.32408e-05	1.60374e-06
16.6396	2.06557e-09	-8.71771e-07	6.99013e-14	-2.92579e-10	-9.19832e-06	1.6133e-06
16.6396	2.02124e-09	-8.71795e-07	6.83797e-14	-2.18848e-09	-2.05908e-05	1.62175e-06
16.6396	1.89298e-09	-8.7182e-07	6.39773e-14	1.80542e-09	1.50167e-05	1.62936e-06
16.6396	1.82548e-09	-8.71844e-07	6.16604e-14	6.83331e-10	1.61651e-05	1.63549e-06
16.6396	1.82396e-09	-8.71869e-07	6.16083e-14	-1.5173e-10	8.17209e-06	1.6407e-06
16.6397	1.85601e-09	-8.71894e-07	6.27083e-14	1.29813e-10	-1.07937e-05	1.64509e-06
16.6397	1.84369e-09	-8.71919e-07	6.22853e-14	-7.60725e-11	9.27053e-06	1.64838e-06
16.6397	1.86958e-09	-8.71944e-07	6.31741e-14	-8.2937e-11	2.24343e-06	1.65086e-06
16.6397	1.90477e-09	-8.71969e-07	6.43821e-14	1.13747e-10	-3.31176e-06	1.65248e-06
16.6397	1.9263e-09	-8.71994e-07	6.51211e-14	6.02947e-11	-3.46394e-06	1.65315e-06
16.6397	1.93352e-09	-8.72019e-07	6.53688e-14	-5.05673e-11	3.08143e-06	1.65299e-06
16.6397	1.95346e-09	-8.72044e-07	6.60534e-14	-5.56514e-10	-2.05092e-05	1.65189e-06
16.6397	1.88873e-09	-8.72069e-07	6.38315e-14	-1.28807e-10	-1.56541e-06	1.64992e-06
16.6397	1.81764e-09	-8.72094e-07	6.13912e-14	4.20888e-10	5.88316e-06	1.64706e-06
16.6397	1.77089e-09	-8.72119e-07	5.97867e-14	-1.05864e-10	2.44611e-05	1.64321e-06
16.6397	1.82462e-09	-8.72143e-07	6.1631e-14	2.38426e-11	-3.68301e-07	1.63844e-06
16.6397	1.87667e-09	-8.72168e-07	6.34177e-14	3.75384e-10	-9.28126e-06	1.63274e-06
16.6397	1.89072e-09	-8.72193e-07	6.38998e-14	-2.39289e-11	1.18751e-06	1.62613e-06
16.6397	1.90952e-09	-8.72217e-07	6.45452e-14	4.39768e-11	-6.61298e-06	1.61871e-06
16.6397	1.90153e-09	-8.72242e-07	6.42711e-14	-6.19906e-12	4.51195e-06	1.61043e-06
16.6397	1.9117e-09	-8.72266e-07	6.46202e-14	-2.98098e-12	2.29842e-07	1.60137e-06
16.6397	1.92273e-09	-8.7229e-07	6.49989e-14	-1.15095e-10	4.56458e-06	1.59146e-06
16.6397	1.95179e-09	-8.72314e-07	6.59964e-14	-1.08278e-10	2.52266e-06	1.58079e-06
16.6397	1.99059e-09	-8.72338e-07	6.73281e-14	1.27225e-10	-3.05583e-06	1.5694e-06
16.6397	2.01715e-09	-8.72362e-07	6.82397e-14	1.15403e-10	-6.61478e-06	1.55725e-06
16.6397	2.01785e-09	-8.72385e-07	6.82637e-14	-2.47272e-10	-1.01282e-05	1.54451e-06
16.6397	1.97959e-09	-8.72408e-07	6.69508e-14	2.45527e-10	1.08307e-05	1.53111e-06
16.6397	1.98296e-09	-8.72431e-07	6.70662e-14	-3.50018e-10	1.09838e-05	1.51708e-06
16.6397	2.02775e-09	-8.72454e-07	6.86038e-14	-3.27507e-10	4.62111e-06	1.50249e-06
16.6397	2.08938e-09	-8.72477e-07	7.0719e-14	6.5999e-10	-1.92916e-05	1.48733e-06
16.6397	2.079e-09	-8.72499e-07	7.0363e-14	-5.63656e-11	-2.71241e-06	1.47154e-06
16.6397	2.05882e-09	-8.72521e-07	6.96703e-14	-2.64063e-10	-6.14878e-06	1.45532e-06
16.6397	2.01662e-09	-8.72543e-07	6.82216e-14	3.37215e-10	1.27684e-05	1.4387e-06
16.6397	2.02056e-09	-8.72565e-07	6.8357e-14	-2.26907e-10	8.48874e-06	1.42157e-06
16.6397	2.05444e-09	-8.72586e-07	6.952e-14	-3.62922e-09	2.96984e-05	1.40402e-06
16.6397	2.19148e-09	-8.72607e-07	7.42238e-14	3.64011e-09	-2.99257e-05	1.38616e-06
16.6397	2.22372e-09	-8.72628e-07	7.53305e-14	-4.16009e-11	-1.95798e-05	1.36803e-06
16.6397	2.18901e-09	-8.72649e-07	7.41393e-14	-3.76059e-12	-7.43848e-08	1.34958e-06
16.6397	2.15454e-09	-8.72669e-07	7.29559e-14	-5.38988e-11	2.15796e-05	1.33081e-06
16.6397	2.19183e-09	-8.72689e-07	7.4236e-14	-5.93713e-10	7.81426e-06	1.31178e-06
16.6397	2.25403e-09	-8.72709e-07	7.63709e-14	-5.88696e-10	5.4003e-06	1.29264e-06
16.6397	2.33263e-09	-8.72728e-07	7.90689e-14	1.29104e-10	-1.07699e-06	1.27337e-06
16.6397	2.40664e-09	-8.72747e-07	8.16094e-14	3.58524e-10	-4.35632e-05	1.2539e-06
16.6397	2.34401e-09	-8.72766e-07	7.94597e-14	9.6815e-10	1.58684e-05	1.23427e-06
16.6397	2.33095e-09	-8.72785e-07	7.90113e-14	-4.15245e-10	1.78442e-05	1.21458e-06
16.6397	2.37184e-09	-8.72803e-07	8.04149e-14	-1.47296e-09	1.42357e-05	1.19484e-06
16.6397	2.45423e-09	-8.72821e-07	8.32429e-14	4.06454e-10	-3.09466e-06	1.17508e-06
16.6397	2.52623e-09	-8.72838e-07	8.57145e-14	1.52637e-09	-2.40565e-05	1.15539e-06
16.6397	2.52813e-09	-8.72856e-07	8.57795e-14	-2.25779e-10	8.86589e-06	1.13569e-06
16.6397	2.55494e-09	-8.72873e-07	8.66999e-14	-2.77987e-10	4.68478e-06	1.11598e-06
16.6397	2.59424e-09	-8.72889e-07	8.80489e-14	-1.37718e-10	1.82189e-06	1.09629e-06
16.6397	2.63779e-09	-8.72906e-07	8.95438e-14	2.85404e-10	-2.79895e-05	1.07667e-06
16.6397	2.6059e-09	-8.72922e-07	8.84492e-14	2.16666e-10	4.45313e-06	1.05717e-06
16.6397	2.58626e-09	-8.72938e-07	8.77749e-14	2.69276e-11	1.42504e-05	1.0378e-06
16.6397	2.6036e-09	-8.72953e-07	8.83702e-14	6.15098e-11	-2.17124e-06	1.01852e-06
16.6397	2.61514e-09	-8.72969e-07	8.87665e-14	-7.71841e-09	5.11758e-05	9.99428e-07
16.6397	2.75313e-09	-8.72984e-07	9.35028e-14	-2.1089e-09	7.11178e-06	9.80542e-07
16.6397	2.90575e-09	-8.72998e-07	9.87414e-14	9.32077e-09	-4.79106e-05	9.61741e-07
16.6397	2.94135e-09	-8.73013e-07	9.99635e-14	3.1265e-10	-2.48813e-05	9.4307e-07
16.6397	2.91818e-09	-8.73027e-07	9.9168e-14	-2.39198e-09	-2.25586e-05	9.24586e-07
16.6397	2.84383e-09	-8.73041e-07	9.66161e-14	2.39152e-09	4.24249e-05	9.06327e-07
16.6397	2.86612e-09	-8.73054e-07	9.73814e-14	-7.81389e-09	4.68448e-05	8.8824e-07
16.6397	2.99094e-09	-8.73068e-07	1.01666e-13	-1.22893e-08	3.34392e-05	8.70326e-07
16.6397	3.18524e-09	-8.73081e-07	1.08335e-13	1.89737e-08	-6.67568e-05	8.52677e-07
16.6397	3.23475e-09	-8.73093e-07	1.10034e-13	-5.88964e-09	-7.73777e-05	8.35232e-07
16.6397	3.12334e-09	-8.73106e-07	1.06211e-13	2.80791e-09	1.16823e-05	8.17983e-07
16.6397	3.03789e-09	-8.73118e-07	1.03277e-13	-2.67089e-09	9.56313e-05	8.00994e-07
16.6397	3.1437e-09	-8.7313e-07	1.06909e-13	2.54439e-09	-1.05765e-05	7.84178e-07
16.6397	3.22676e-09	-8.73142e-07	1.0976e-13	4.96937e-10	-2.38718e-06	7.67567e-07
16.6397	3.30352e-09	-8.73153e-07	1.12395e-13	3.60381e-09	-2.65201e-05	7.51249e-07
16.6397	3.32938e-09	-8.73165e-07	1.13283e-13	2.8439e-10	-2.28596e-05	7.3511e-07
16.6397	3.31313e-09	-8.73176e-07	1.12725e-13	-6.10158e-10	-9.05897e-06	7.19153e-07
16.6397	3.28112e-09	-8.73186e-07	1.11626e-13	-9.64263e-09	8.26623e-05	7.03448e-07
16.6397	3.39357e-09	-8.73197e-07	1.15486e-13	-2.72603e-08	5.81606e-05	6.87903e-07
16.6397	3.60242e-09	-8.73207e-07	1.22655e-13	-3.50442e-08	4.77738e-05	6.72529e-07
16.6397	3.88599e-09	-8.73217e-07	1.32388e-13	6.72632e-08	-0.000123717	6.574e-07
16.6397	3.96216e-09	-8.73227e-07	1.35003e-13	-2.28892e-08	-0.000153431	6.42464e-07
16.6397	3.793e-09	-8.73237e-07	1.29196e-13	7.80346e-09	1.58219e-05	6.27693e-07
16.6397	3.65229e-09	-8.73246e-07	1.24367e-13	1.76116e-08	0.000125188	6.13155e-07
16.6397	3.70449e-09	-8.73255e-07	1.26158e-13	-2.20786e-08	6.56361e-05	5.98764e-07
16.6397	3.85252e-09	-8.73264e-07	1.31239e-13	-1.16127e-08	2.10006e-05	5.84518e-07
16.6397	4.02734e-09	-8.73273e-07	1.3724e-13	3.33396e-08	-8.46521e-05	5.70513e-07
16.6397	4.07868e-09	-8.73281e-07	1.39002e-13	-1.9057e-08	-0.000131051	5.56591e-07
16.6397	3.94868e-09	-8.7329e-07	1.3454e-13	6.71183e-09	1.54501e-05	5.42751e-07
16.6397	3.84263e-09	-8.73298e-07	1.309e-13	1.56315e-08	7.54801e-05	5.29204e-07
16.6397	3.83783e-09	-8.73306e-07	1.30735e-13	-3.43035e-11	-1.54262e-06	5.15789e-07
16.6397	3.83118e-09	-8.73313e-07	1.30507e-13	-7.42963e-10	-1.27913e-05	5.02358e-07
16.6397	3.80886e-09	-8.73321e-07	1.29741e-13	-9.35354e-09	8.17769e-05	4.89129e-07
16.6397	3.8858e-09	-8.73328e-07	1.32382e-13	-3.35465e-08	6.84647e-05	4.76078e-07
16.6397	4.04102e-09	-8.73335e-07	1.3771e-13	-2.38504e-08	3.21629e-05	4.6302e-07
16.6397	4.22862e-09	-8.73342e-07	1.44149e-13	-4.04473e-07	0.000270135	4.50062e-07
16.6397	4.71056e-09	-8.73349e-07	1.60692e-13	-4.68815e-07	0.000178938	4.37356e-07
16.6397	5.37167e-09	-8.73355e-07	1.83384e-13	4.19699e-07	-0.000156891	4.24736e-07
16.6397	5.84925e-09	-8.73362e-07	1.99777e-13	3.71321e-07	-0.000701384	4.12097e-07
16.6397	5.6009e-09	-8.73368e-07	1.91252e-13	-1.26415e-06	-0.000507246	3.99639e-07
16.6397	4.86109e-09	-8.73374e-07	1.65859e-13	-1.0598e-06	-0.000242682	3.87447e-07
16.6397	3.91259e-09	-8.7338e-07	1.33301e-13	-2.4937e-06	-0.00041486	3.75359e-07
16.6397	2.61114e-09	-8.73385e-07	8.86293e-14	-1.56612e-06	-0.000207002	3.63311e-07
16.6397	1.16707e-09	-8.73391e-07	3.90619e-14	3.90265e-07	4.9024e-05	3.51481e-07
16.6397	-1.87517e-10	-8.73396e-07	-7.43409e-15	3.91566e-06	0.000623614	3.39978e-07
16.6397	-9.76443e-10	-8.73401e-07	-3.45139e-14	2.02646e-06	0.00122766	3.28705e-07
16.6397	-7.47283e-10	-8.73406e-07	-2.6648e-14	-5.44363e-06	0.00121893	3.17653e-07
16.6397	4.25525e-10	-8.7341e-07	1.36085e-14	-1.59767e-05	0.00143814	3.06945e-07
16.6397	2.64352e-09	-8.73415e-07	8.9741e-14	-1.43998e-05	0.000854915	2.96639e-07
16.6397	5.41047e-09	-8.73419e-07	1.84716e-13	-1.36184e-05	0.000660034	2.86699e-07
16.6397	8.54962e-09	-8.73424e-07	2.92467e-13	8.23557e-06	-0.000386327	2.77124e-07
16.6397	1.13213e-08	-8.73428e-07	3.87604e-13	1.17222e-05	-0.000623827	2.6813e-07
16.6397	1.35938e-08	-8.73432e-07	4.65608e-13	1.31423e-05	-0.000873482	2.5982e-07
16.6397	1.52388e-08	-8.73436e-07	5.22072e-13	1.38395e-05	-0.00153282	2.5207e-07
16.6397	1.5884e-08	-8.73439e-07	5.44218e-13	2.01639e-06	-0.00156227	2.44791e-07
16.6397	1.55685e-08	-8.73443e-07	5.3339e-13	-1.12492e-05	-0.00166173	2.37961e-07
16.6397	1.42869e-08	-8.73447e-07	4.89397e-13	-2.12411e-05	-0.00145787	2.31639e-07
16.6397	1.22049e-08	-8.7345e-07	4.17935e-13	-7.00971e-07	-3.82798e-05	2.26369e-07
16.6397	1.01425e-08	-8.73453e-07	3.47144e-13	-1.76767e-06	-9.48082e-05	2.22621e-07
16.6397	8.05532e-09	-8.73457e-07	2.755e-13	5.26147e-06	0.000289776	2.20152e-07
16.6397	6.14519e-09	-8.7346e-07	2.09935e-13	8.74981e-06	0.000544465	2.18583e-07
16.6397	4.54223e-09	-8.73463e-07	1.54914e-13	-9.84432e-06	-0.000606695	2.17739e-07
16.6397	2.61298e-09	-8.73467e-07	8.86926e-14	1.38796e-05	0.00089519	2.17586e-07
16.6397	1.16926e-09	-8.7347e-07	3.9137e-14	9.50543e-06	0.000854	2.18107e-07
16.6397	1.86414e-10	-8.73473e-07	5.40108e-15	8.04926e-06	0.00167013	2.1935e-07
16.6397	1.15506e-10	-8.73477e-07	2.96721e-15	-1.61414e-07	0.000413715	2.21449e-07
16.6397	2.74142e-10	-8.7348e-07	8.41236e-15	-9.58979e-07	0.000396838	2.24661e-07
16.6397	6.60321e-10	-8.73483e-07	2.16679e-14	-6.07687e-08	1.76005e-05	2.29228e-07
16.6397	1.0657e-09	-8.73487e-07	3.55824e-14	-1.78508e-06	0.000397524	2.35159e-07
16.6397	1.71956e-09	-8.73491e-07	5.80262e-14	1.56288e-06	-0.000336628	2.42401e-07
16.6397	2.18777e-09	-8.73494e-07	7.40973e-14	-2.06412e-07	5.24902e-05	2.51021e-07
16.6397	2.70728e-09	-8.73498e-07	9.19295e-14	1.53879e-06	-0.000600605	2.61062e-07
16.6397	2.84856e-09	-8.73502e-07	9.6779e-14	5.24061e-08	-5.70995e-05	2.72623e-07
16.6397	2.95661e-09	-8.73506e-07	1.00488e-13	-9.48022e-08	-0.000403907	2.8588e-07
16.6397	2.77433e-09	-8.73511e-07	9.42309e-14	-8.02213e-08	-5.77597e-05	3.01106e-07
16.6397	2.53723e-09	-8.73516e-07	8.60926e-14	-1.87642e-07	-0.000104555	3.18636e-07
16.6397	2.20003e-09	-8.7352e-07	7.45183e-14	2.25373e-08	1.11115e-05	3.38808e-07
16.6397	1.85034e-09	-8.73526e-07	6.2515e-14	-2.90066e-07	-0.000125358	3.62153e-07
16.6397	1.35812e-09	-8.73531e-07	4.56197e-14	1.37907e-08	5.2755e-06	3.89382e-07
16.6397	8.32648e-10	-8.73538e-07	2.7583e-14	-1.30318e-07	-4.78994e-05	4.21337e-07
16.6397	2.09737e-10	-8.73544e-07	6.20173e-15	-1.1871e-07	-4.03596e-05	4.59231e-07
16.6397	-5.20172e-10	-8.73551e-07	-1.88523e-14	1.03974e-07	3.51951e-05	5.04766e-07
16.6397	-1.27926e-09	-8.73559e-07	-4.49079e-14	5.01858e-07	0.000215659	5.60704e-07
16.6397	-1.80825e-09	-8.73568e-07	-6.30653e-14	2.96338e-07	0.000260978	6.31319e-07
16.6397	-1.97029e-09	-8.73579e-07	-6.86273e-14	2.33302e-08	9.77326e-05	7.24518e-07
16.6397	-1.9681e-09	-8.7359e-07	-6.85522e-14	-3.33005e-09	-3.76379e-05	8.56765e-07
16.6397	-2.05349e-09	-8.73604e-07	-7.14832e-14	-4.29573e-08	-9.956e-05	1.06679e-06
16.6397	-2.46109e-09	-8.73623e-07	-8.5474e-14	1.10905e-08	1.74149e-05	1.47146e-06
16.6397	-2.97867e-09	-8.73649e-07	-1.0324e-13	3.38928e-08	0.000141528	2.52909e-06
16.6397	-2.78923e-09	-8.73699e-07	-9.67374e-14	-1.19124e-08	4.9851e-05	9.33928e-06
16.6397	4.1451e-12	-8.73931e-07	-8.54787e-16	-0.4	-7.27199e-05	0.00810895
16.6316	2.14474e-12	-6.2896e-07	-1.17705e-15	0.4	-1.49891e-09	0.016087
