16.6112	-8.30482e-09	-2.10663e-07	-4.70983e-13	-5.67906e-05	-0.00476587	0.00256304
16.6112	-5.82385e-08	-2.10683e-07	-1.0195e-12	-0.00344796	0.0420434	2.23892e-06
16.6112	-3.15058e-08	-2.10685e-07	-7.25826e-13	-0.0128341	0.0418969	2.25704e-07
16.6112	1.06594e-09	-2.10685e-07	-3.68011e-13	0.00318069	-0.00782922	1.43466e-07
16.6112	2.28931e-08	-2.10686e-07	-1.2823e-13	0.00940234	-0.0327675	1.13104e-07
16.6112	3.29073e-08	-2.10686e-07	-1.82192e-14	0.00335977	-0.0259966	1.00681e-07
16.6112	3.59748e-08	-2.10687e-07	1.54793e-14	0.000254406	-0.00505385	9.6848e-08
16.6112	3.77846e-08	-2.10687e-07	3.53607e-14	-0.000147462	0.00322358	9.63948e-08
16.6112	4.03815e-08	-2.10688e-07	6.38894e-14	-0.000434969	0.00625288	9.73295e-08
16.6112	4.4549e-08	-2.10688e-07	1.09672e-13	2.65985e-05	-0.000314653	9.88827e-08
16.6112	4.87099e-08	-2.10689e-07	1.55382e-13	0.000361136	-0.00509404	1.00609e-07
16.6112	5.16519e-08	-2.10689e-07	1.87702e-13	0.000239791	-0.00537948	1.02501e-07
16.6112	5.32604e-08	-2.1069e-07	2.05372e-13	6.3726e-05	-0.00258908	1.04614e-07
16.6112	5.42188e-08	-2.1069e-07	2.15902e-13	3.03599e-05	-0.00262205	1.06885e-07
16.6112	5.44902e-08	-2.10691e-07	2.18884e-13	1.84349e-06	-0.00152569	1.0926e-07
16.6112	5.43463e-08	-2.10691e-07	2.17303e-13	-5.45848e-06	-0.00104565	1.11719e-07
16.6112	5.39037e-08	-2.10692e-07	2.12443e-13	-3.55015e-05	-0.00251408	1.14265e-07
16.6112	5.27248e-08	-2.10693e-07	1.99492e-13	-1.24306e-05	-0.000569345	1.16888e-07
16.6112	5.13504e-08	-2.10693e-07	1.84395e-13	-0.000147253	-0.00432127	1.19627e-07
16.6112	4.86357e-08	-2.10694e-07	1.54573e-13	-0.000196618	-0.00363869	1.22507e-07
16.6112	4.47272e-08	-2.10694e-07	1.11638e-13	-0.000191991	-0.00273984	1.25484e-07
16.6112	3.9854e-08	-2.10695e-07	5.8104e-14	-0.00017527	-0.00212835	1.28544e-07
16.6112	3.41692e-08	-2.10695e-07	-4.34446e-15	-0.000272842	-0.00287201	1.31728e-07
16.6112	2.73844e-08	-2.10696e-07	-7.8877e-14	-0.000131085	-0.0012432	1.34989e-07
16.6112	2.00092e-08	-2.10697e-07	-1.59896e-13	-0.000168877	-0.00150209	1.38308e-07
16.6112	1.19258e-08	-2.10697e-07	-2.48694e-13	7.14256e-05	0.000622891	1.41653e-07
16.6112	3.87457e-09	-2.10698e-07	-3.3714e-13	0.000360828	0.00346019	1.449e-07
16.6112	-3.08845e-09	-2.10699e-07	-4.1363e-13	0.000231854	0.00260822	1.48176e-07
16.6112	-9.23436e-09	-2.107e-07	-4.81144e-13	0.000101154	0.00127929	1.51636e-07
16.6112	-1.50353e-08	-2.107e-07	-5.44869e-13	0.000263004	0.00399859	1.55173e-07
16.6112	-1.94006e-08	-2.10701e-07	-5.92823e-13	5.0903e-05	0.000954637	1.58823e-07
16.6112	-2.34875e-08	-2.10702e-07	-6.37717e-13	0.000157042	0.00379168	1.62601e-07
16.6112	-2.61112e-08	-2.10703e-07	-6.66539e-13	0.000100083	0.00720741	1.66447e-07
16.6112	-2.57629e-08	-2.10703e-07	-6.62712e-13	-0.000163994	0.00731248	1.70521e-07
16.6112	-2.22499e-08	-2.10704e-07	-6.24119e-13	-0.000665569	0.0100762	1.75024e-07
16.6112	-1.41707e-08	-2.10705e-07	-5.35364e-13	-2.93252e-05	0.000317839	1.79569e-07
16.6112	-5.75044e-09	-2.10706e-07	-4.42863e-13	0.000197802	-0.00226475	1.83823e-07
16.6112	1.81131e-09	-2.10707e-07	-3.59793e-13	0.00020146	-0.00269246	1.88053e-07
16.6112	8.26653e-09	-2.10708e-07	-2.88879e-13	0.000255859	-0.00451293	1.92332e-07
16.6112	1.26732e-08	-2.10709e-07	-2.40469e-13	0.000162413	-0.00491343	1.96706e-07
16.6112	1.47372e-08	-2.1071e-07	-2.17793e-13	4.13826e-05	-0.00497032	2.01257e-07
16.6112	1.43198e-08	-2.10711e-07	-2.22377e-13	-1.23998e-05	-0.00155311	2.0597e-07
16.6112	1.30836e-08	-2.10712e-07	-2.35956e-13	-4.73544e-05	-0.0025836	2.10803e-07
16.6112	1.0441e-08	-2.10713e-07	-2.64985e-13	-8.14979e-05	-0.00260309	2.15746e-07
16.6112	6.31616e-09	-2.10714e-07	-3.10296e-13	-1.16318e-05	-0.000301481	2.20739e-07
16.6112	1.92882e-09	-2.10715e-07	-3.58491e-13	8.02045e-05	0.00240811	2.25697e-07
16.6112	-1.18179e-09	-2.10716e-07	-3.92661e-13	6.14696e-05	0.00318255	2.30663e-07
16.6112	-2.50545e-09	-2.10717e-07	-4.07201e-13	1.22483e-05	0.0017635	2.35716e-07
16.6112	-2.80763e-09	-2.10718e-07	-4.10518e-13	-1.50511e-06	0.00143432	2.40845e-07
16.6112	-2.24348e-09	-2.10719e-07	-4.04319e-13	-1.01488e-05	0.0012908	2.46022e-07
16.6112	-8.64972e-10	-2.10721e-07	-3.89174e-13	-2.03283e-05	0.00139453	2.51249e-07
16.6112	1.42775e-09	-2.10722e-07	-3.63986e-13	1.39824e-05	-0.000881625	2.56506e-07
16.6112	3.19684e-09	-2.10723e-07	-3.4455e-13	1.77477e-05	-0.00213224	2.61789e-07
16.6112	3.59251e-09	-2.10724e-07	-3.40202e-13	-1.96817e-06	-0.00166876	2.67135e-07
16.6112	2.87054e-09	-2.10726e-07	-3.48131e-13	-1.32145e-06	-0.000223582	2.72546e-07
16.6112	1.98017e-09	-2.10727e-07	-3.5791e-13	1.17717e-06	0.000196952	2.7802e-07
16.6112	1.21022e-09	-2.10728e-07	-3.66367e-13	-2.03646e-07	-3.65228e-05	2.83567e-07
16.6112	3.98814e-10	-2.1073e-07	-3.75279e-13	3.13663e-06	0.000960243	2.89168e-07
16.6112	2.72407e-10	-2.10731e-07	-3.76665e-13	-6.67526e-07	0.000718149	2.94825e-07
16.6112	6.77967e-10	-2.10733e-07	-3.72208e-13	5.87788e-07	-0.00029621	3.00573e-07
16.6112	8.66702e-10	-2.10734e-07	-3.70133e-13	6.80177e-08	-0.000434984	3.06416e-07
16.6112	7.22682e-10	-2.10736e-07	-3.71713e-13	-8.34683e-08	-7.46736e-05	3.12308e-07
16.6112	5.1706e-10	-2.10737e-07	-3.73969e-13	-6.22369e-07	-0.000302146	3.18181e-07
16.6112	6.50782e-11	-2.10739e-07	-3.78933e-13	2.7227e-07	0.000106854	3.23971e-07
16.6112	-3.07669e-10	-2.1074e-07	-3.83025e-13	3.52866e-07	0.000714946	3.29652e-07
16.6112	-9.2596e-11	-2.10742e-07	-3.8066e-13	-2.37998e-07	0.000143925	3.35221e-07
16.6112	2.47651e-10	-2.10743e-07	-3.7692e-13	3.90621e-07	-0.000479554	3.40701e-07
16.6112	1.81656e-10	-2.10745e-07	-3.77643e-13	-8.07908e-08	-0.000118645	3.46167e-07
16.6112	1.11168e-11	-2.10747e-07	-3.79514e-13	9.43802e-08	0.000217254	3.517e-07
16.6112	3.03858e-11	-2.10748e-07	-3.793e-13	-2.21403e-08	-0.000118329	3.57334e-07
16.6112	-5.65844e-11	-2.1075e-07	-3.80253e-13	-4.96675e-08	-7.42819e-05	3.63071e-07
16.6112	-2.12914e-10	-2.10752e-07	-3.81968e-13	7.0391e-08	0.000203109	3.68903e-07
16.6112	-1.82943e-10	-2.10754e-07	-3.81636e-13	1.6276e-09	-1.25322e-05	3.74817e-07
16.6112	-1.64329e-10	-2.10756e-07	-3.81429e-13	-1.2136e-07	0.000201498	3.80835e-07
16.6112	4.79616e-11	-2.10757e-07	-3.79095e-13	1.13309e-07	-0.000281279	3.87033e-07
16.6112	-1.0637e-11	-2.10759e-07	-3.79736e-13	-1.22604e-07	-0.000169385	3.93518e-07
16.6112	-2.38285e-10	-2.10761e-07	-3.82234e-13	8.04121e-08	8.63289e-05	4.00431e-07
16.6112	-3.8285e-10	-2.10763e-07	-3.83819e-13	4.37262e-08	8.84003e-05	4.07948e-07
16.6112	-4.39203e-10	-2.10765e-07	-3.84436e-13	-3.60231e-09	0.000121331	4.16194e-07
16.6112	-3.69185e-10	-2.10767e-07	-3.83664e-13	-1.91658e-08	4.34071e-05	4.25091e-07
16.6112	-2.51012e-10	-2.10769e-07	-3.82363e-13	2.81967e-08	-8.13104e-05	4.34371e-07
16.6112	-2.19509e-10	-2.10771e-07	-3.82014e-13	-1.83723e-07	-0.000301305	4.43648e-07
16.6112	-5.24983e-10	-2.10774e-07	-3.85366e-13	-2.29959e-08	-1.63792e-05	4.52479e-07
16.6112	-8.54949e-10	-2.10776e-07	-3.88988e-13	-6.9796e-08	-4.48276e-05	4.60538e-07
16.6112	-1.24246e-09	-2.10778e-07	-3.93242e-13	2.77647e-07	0.000314545	4.67752e-07
16.6112	-1.26515e-09	-2.1078e-07	-3.93488e-13	-2.56367e-07	0.000340074	4.74369e-07
16.6112	-8.82124e-10	-2.10783e-07	-3.89277e-13	1.50171e-07	-0.000113807	4.81031e-07
16.6112	-6.31404e-10	-2.10785e-07	-3.8652e-13	1.05938e-07	-0.000228776	4.88573e-07
16.6112	-6.58223e-10	-2.10787e-07	-3.86811e-13	-8.12013e-08	-0.000159759	4.95958e-07
16.6112	-8.84801e-10	-2.1079e-07	-3.89297e-13	7.29936e-08	0.000242831	5.01671e-07
16.6112	-8.07553e-10	-2.10792e-07	-3.88445e-13	-8.5201e-09	2.33517e-05	5.06149e-07
16.6112	-7.00007e-10	-2.10795e-07	-3.8726e-13	-2.46377e-08	4.58142e-05	5.10343e-07
16.6112	-5.32859e-10	-2.10797e-07	-3.8542e-13	4.15539e-08	-0.000150433	5.14178e-07
16.6112	-5.58615e-10	-2.108e-07	-3.857e-13	-3.7739e-08	-0.000104506	5.17244e-07
16.6112	-7.20002e-10	-2.10802e-07	-3.87469e-13	-2.82423e-07	-0.000233941	5.19951e-07
16.6112	-1.1871e-09	-2.10805e-07	-3.92597e-13	2.32984e-07	0.000170615	5.22394e-07
16.6112	-1.43289e-09	-2.10807e-07	-3.95294e-13	8.81322e-08	0.000183655	5.24359e-07
16.6112	-1.43834e-09	-2.1081e-07	-3.9535e-13	-1.96251e-08	9.28459e-05	5.26026e-07
16.6112	-1.32151e-09	-2.10812e-07	-3.94063e-13	1.67895e-08	-0.000122631	5.27438e-07
16.6112	-1.36631e-09	-2.10815e-07	-3.94552e-13	-9.86356e-09	0.000105326	5.28489e-07
16.6112	-1.2719e-09	-2.10817e-07	-3.93511e-13	-1.07224e-08	2.5488e-05	5.29287e-07
16.6112	-1.14363e-09	-2.1082e-07	-3.92098e-13	1.46867e-08	-3.76255e-05	5.29806e-07
16.6112	-1.06512e-09	-2.10822e-07	-3.91232e-13	7.78794e-09	-3.93554e-05	5.30018e-07
16.6112	-1.03875e-09	-2.10825e-07	-3.90939e-13	-6.54747e-09	3.50093e-05	5.29968e-07
16.6112	-9.66009e-10	-2.10828e-07	-3.90137e-13	-7.17653e-08	-0.000233013	5.29615e-07
16.6112	-1.20171e-09	-2.1083e-07	-3.92722e-13	-1.6627e-08	-1.77833e-05	5.28985e-07
16.6112	-1.46058e-09	-2.10833e-07	-3.95563e-13	5.42964e-08	6.68396e-05	5.28068e-07
16.6112	-1.63077e-09	-2.10835e-07	-3.97429e-13	-1.37672e-08	0.000277911	5.26832e-07
16.6112	-1.43497e-09	-2.10838e-07	-3.95274e-13	3.07047e-09	-4.18399e-06	5.25304e-07
16.6112	-1.24527e-09	-2.1084e-07	-3.93187e-13	4.84825e-08	-0.000105448	5.23476e-07
16.6112	-1.19402e-09	-2.10843e-07	-3.9262e-13	-3.10157e-09	1.34919e-05	5.21358e-07
16.6112	-1.12545e-09	-2.10845e-07	-3.91864e-13	5.69387e-09	-7.51325e-05	5.18978e-07
16.6112	-1.15446e-09	-2.10848e-07	-3.92179e-13	-8.25675e-10	5.12618e-05	5.16324e-07
16.6112	-1.11731e-09	-2.1085e-07	-3.91767e-13	-3.93751e-10	2.61138e-06	5.13417e-07
16.6112	-1.07705e-09	-2.10853e-07	-3.91322e-13	-1.48822e-08	5.186e-05	5.10241e-07
16.6112	-9.71107e-10	-2.10855e-07	-3.90154e-13	-1.39943e-08	2.8661e-05	5.06819e-07
16.6112	-8.29708e-10	-2.10858e-07	-3.88598e-13	1.64264e-08	-3.47188e-05	5.03169e-07
16.6112	-7.3288e-10	-2.1086e-07	-3.87531e-13	1.49139e-08	-7.51528e-05	4.99275e-07
16.6112	-7.30253e-10	-2.10862e-07	-3.87499e-13	-3.18867e-08	-0.00011507	4.95188e-07
16.6112	-8.69499e-10	-2.10865e-07	-3.89025e-13	3.16432e-08	0.000123051	4.9089e-07
16.6112	-8.57167e-10	-2.10867e-07	-3.88886e-13	-4.52304e-08	0.000124791	4.86391e-07
16.6112	-6.93922e-10	-2.1087e-07	-3.8709e-13	-4.23002e-08	5.25023e-05	4.81717e-07
16.6112	-4.69368e-10	-2.10872e-07	-3.8462e-13	8.52587e-08	-0.000219179	4.76854e-07
16.6112	-5.07071e-10	-2.10874e-07	-3.85031e-13	-7.2726e-09	-3.08165e-05	4.71792e-07
16.6112	-5.80511e-10	-2.10876e-07	-3.85834e-13	-3.40689e-08	-6.98584e-05	4.66593e-07
16.6112	-7.34164e-10	-2.10879e-07	-3.87519e-13	4.34714e-08	0.000145066	4.61264e-07
16.6112	-7.1972e-10	-2.10881e-07	-3.87357e-13	-2.93291e-08	9.64437e-05	4.55772e-07
16.6112	-5.96231e-10	-2.10883e-07	-3.85998e-13	-4.68585e-07	0.000337414	4.50143e-07
16.6112	-9.69855e-11	-2.10885e-07	-3.8051e-13	4.69976e-07	-0.000339997	4.44419e-07
16.6112	2.05309e-11	-2.10887e-07	-3.79217e-13	-5.30178e-09	-0.000222453	4.38606e-07
16.6112	-1.05806e-10	-2.10889e-07	-3.80601e-13	-4.91816e-10	-8.44959e-07	4.32689e-07
16.6112	-2.31321e-10	-2.10892e-07	-3.81977e-13	-7.04687e-09	0.000245173	4.26674e-07
16.6112	-9.54015e-11	-2.10894e-07	-3.80482e-13	-7.66716e-08	8.8779e-05	4.20575e-07
16.6112	1.31217e-10	-2.10896e-07	-3.77989e-13	-7.60207e-08	6.13581e-05	4.14436e-07
16.6112	4.17599e-10	-2.10898e-07	-3.7484e-13	1.6665e-08	-1.22378e-05	4.08257e-07
16.6112	6.87263e-10	-2.109e-07	-3.71875e-13	4.64398e-08	-0.000494937	4.02015e-07
16.6112	4.59203e-10	-2.10901e-07	-3.74378e-13	1.24902e-07	0.000180287	3.95722e-07
16.6112	4.11686e-10	-2.10903e-07	-3.74897e-13	-5.36747e-08	0.000202734	3.89409e-07
16.6112	5.607e-10	-2.10905e-07	-3.73258e-13	-1.90195e-07	0.000161739	3.83077e-07
16.6112	8.60877e-10	-2.10907e-07	-3.69958e-13	5.24749e-08	-3.51619e-05	3.76744e-07
16.6112	1.12322e-09	-2.10909e-07	-3.67073e-13	1.97111e-07	-0.000273314	3.70432e-07
16.6112	1.13018e-09	-2.10911e-07	-3.66994e-13	-2.91833e-08	0.000100728	3.64117e-07
16.6112	1.22792e-09	-2.10912e-07	-3.65918e-13	-3.59066e-08	5.32258e-05	3.57796e-07
16.6112	1.37113e-09	-2.10914e-07	-3.64343e-13	-1.77889e-08	2.06987e-05	3.51483e-07
16.6112	1.52983e-09	-2.10916e-07	-3.62597e-13	3.69421e-08	-0.000317998	3.45193e-07
16.6112	1.41373e-09	-2.10917e-07	-3.6387e-13	2.79451e-08	5.05939e-05	3.38941e-07
16.6112	1.34222e-09	-2.10919e-07	-3.64654e-13	3.41572e-09	0.000161903	3.32731e-07
16.6112	1.40546e-09	-2.10921e-07	-3.63957e-13	7.94282e-09	-2.46677e-05	3.26548e-07
16.6112	1.44756e-09	-2.10922e-07	-3.63492e-13	-9.96491e-07	0.000581423	3.20427e-07
16.6112	1.95023e-09	-2.10924e-07	-3.57968e-13	-2.72247e-07	8.07987e-05	3.14374e-07
16.6112	2.50621e-09	-2.10925e-07	-3.51858e-13	1.2033e-06	-0.000544326	3.08346e-07
16.6112	2.63595e-09	-2.10927e-07	-3.50431e-13	4.04482e-08	-0.000282686	3.02359e-07
16.6112	2.55158e-09	-2.10928e-07	-3.51356e-13	-3.08674e-07	-0.000256295	2.96433e-07
16.6112	2.28082e-09	-2.1093e-07	-3.54328e-13	3.08529e-07	0.000482003	2.90579e-07
16.6112	2.36207e-09	-2.10931e-07	-3.53434e-13	-1.0088e-06	0.000532219	2.8478e-07
16.6112	2.81677e-09	-2.10932e-07	-3.48437e-13	-1.58639e-06	0.000379902	2.79039e-07
16.6112	3.52457e-09	-2.10934e-07	-3.40659e-13	2.44933e-06	-0.000758434	2.7338e-07
16.6112	3.70495e-09	-2.10935e-07	-3.38676e-13	-7.59935e-07	-0.000879111	2.67786e-07
16.6112	3.29921e-09	-2.10936e-07	-3.43131e-13	3.62383e-07	0.000132721	2.62255e-07
16.6112	2.98798e-09	-2.10937e-07	-3.46549e-13	-3.45134e-07	0.0010865	2.56807e-07
16.6112	3.37344e-09	-2.10939e-07	-3.42313e-13	3.28488e-07	-0.000120171	2.51418e-07
16.6112	3.67603e-09	-2.1094e-07	-3.38987e-13	6.41306e-08	-2.71133e-05	2.46091e-07
16.6112	3.95569e-09	-2.10941e-07	-3.35913e-13	4.65288e-07	-0.000301309	2.4086e-07
16.6112	4.04992e-09	-2.10942e-07	-3.34876e-13	3.67915e-08	-0.000259716	2.35685e-07
16.6112	3.99076e-09	-2.10943e-07	-3.35525e-13	-7.87277e-08	-0.000102921	2.30567e-07
16.6112	3.8742e-09	-2.10944e-07	-3.36804e-13	-1.24496e-06	0.000939145	2.25535e-07
16.6112	4.28386e-09	-2.10946e-07	-3.32302e-13	-3.51893e-06	0.00066077	2.20553e-07
16.6112	5.04464e-09	-2.10947e-07	-3.23943e-13	-4.52315e-06	0.000542708	2.15627e-07
16.6112	6.07761e-09	-2.10948e-07	-3.12594e-13	8.68216e-06	-0.00140549	2.10774e-07
16.6112	6.35509e-09	-2.10949e-07	-3.09544e-13	-2.95383e-06	-0.00174317	2.05983e-07
16.6112	5.73895e-09	-2.1095e-07	-3.16311e-13	1.00715e-06	0.000179748	2.01249e-07
16.6112	5.22643e-09	-2.10951e-07	-3.2194e-13	2.27277e-06	0.00142229	1.96586e-07
16.6112	5.4166e-09	-2.10951e-07	-3.1985e-13	-2.85003e-06	0.000745686	1.91973e-07
16.6112	5.95585e-09	-2.10952e-07	-3.13925e-13	-1.49914e-06	0.000238609	1.87406e-07
16.6112	6.59267e-09	-2.10953e-07	-3.06928e-13	4.30377e-06	-0.000961754	1.82915e-07
16.6112	6.77973e-09	-2.10954e-07	-3.04872e-13	-2.45949e-06	-0.00148893	1.7845e-07
16.6112	6.30624e-09	-2.10955e-07	-3.10072e-13	8.66518e-07	0.000175576	1.74014e-07
16.6112	5.91997e-09	-2.10956e-07	-3.14314e-13	2.0173e-06	0.000857527	1.69671e-07
16.6112	5.90249e-09	-2.10957e-07	-3.14505e-13	-4.42454e-09	-1.75261e-05	1.65367e-07
16.6112	5.87832e-09	-2.10957e-07	-3.1477e-13	-9.58551e-08	-0.000145326	1.61061e-07
16.6112	5.79704e-09	-2.10958e-07	-3.15661e-13	-1.20765e-06	0.000929088	1.56821e-07
16.6112	6.07729e-09	-2.10959e-07	-3.12582e-13	-4.33023e-06	0.000777814	1.52639e-07
16.6112	6.64273e-09	-2.1096e-07	-3.06369e-13	-3.07865e-06	0.0003654	1.48454e-07
16.6112	7.32612e-09	-2.1096e-07	-2.98861e-13	-5.21843e-05	0.00306771	1.44318e-07
16.6112	9.08164e-09	-2.10961e-07	-2.79575e-13	-6.04327e-05	0.00203024	1.40284e-07
16.6112	1.14898e-08	-2.10962e-07	-2.53119e-13	5.41005e-05	-0.00178006	1.36239e-07
16.6112	1.32295e-08	-2.10962e-07	-2.34008e-13	4.79013e-05	-0.00796665	1.32152e-07
16.6112	1.23248e-08	-2.10963e-07	-2.43944e-13	-0.000162925	-0.00575543	1.28193e-07
16.6112	9.63004e-09	-2.10964e-07	-2.73547e-13	-0.000136304	-0.00274735	1.24374e-07
16.6112	6.17507e-09	-2.10964e-07	-3.115e-13	-0.000319595	-0.00468041	1.20628e-07
16.6112	1.43446e-09	-2.10965e-07	-3.63577e-13	-0.000199909	-0.0023258	1.16909e-07
16.6112	-3.82566e-09	-2.10965e-07	-4.21361e-13	4.97402e-05	0.000549961	1.13146e-07
16.6112	-8.75982e-09	-2.10966e-07	-4.75564e-13	0.000501385	0.00703049	1.09293e-07
16.6112	-1.16335e-08	-2.10966e-07	-5.07132e-13	0.000260976	0.0139324	1.05469e-07
16.6112	-1.07988e-08	-2.10967e-07	-4.97961e-13	-0.000698751	0.0137878	1.02031e-07
16.6112	-6.52672e-09	-2.10967e-07	-4.5103e-13	-0.00200955	0.0159473	9.92556e-08
16.6112	1.55253e-09	-2.10968e-07	-3.62276e-13	-0.00176044	0.00920452	9.68371e-08
16.6112	1.16314e-08	-2.10968e-07	-2.51555e-13	-0.00162277	0.00692478	9.43984e-08
16.6112	2.3066e-08	-2.10969e-07	-1.25941e-13	0.00097676	-0.00403338	9.14064e-08
16.6112	3.3162e-08	-2.10969e-07	-1.50314e-14	0.00141495	-0.0066297	8.79044e-08
16.6112	4.14399e-08	-2.1097e-07	7.59053e-14	0.00162416	-0.00950674	8.45287e-08
16.6112	4.74319e-08	-2.1097e-07	1.4173e-13	0.00175395	-0.0171304	8.1318e-08
16.6112	4.9782e-08	-2.1097e-07	1.67548e-13	0.000259431	-0.0177265	7.85683e-08
16.6112	4.8633e-08	-2.10971e-07	1.54925e-13	-0.00143469	-0.0186947	7.65955e-08
16.6112	4.39644e-08	-2.10971e-07	1.0364e-13	-0.00262722	-0.0158977	7.53235e-08
16.6112	3.63809e-08	-2.10971e-07	2.03321e-14	-8.50282e-05	-0.000408707	7.41193e-08
16.6112	2.88685e-08	-2.10972e-07	-6.21942e-14	-0.000214128	-0.00101086	7.29453e-08
16.6112	2.12656e-08	-2.10972e-07	-1.45714e-13	0.000638506	0.00309537	7.20593e-08
16.6112	1.43078e-08	-2.10972e-07	-2.22148e-13	0.00107538	0.00589122	7.12383e-08
16.6112	8.46889e-09	-2.10973e-07	-2.8629e-13	-0.00120879	-0.00655886	7.09858e-08
16.6112	1.44146e-09	-2.10973e-07	-3.63489e-13	0.00171049	0.00971612	7.08462e-08
16.6112	-3.81741e-09	-2.10973e-07	-4.21259e-13	0.00119744	0.00947458	7.05e-08
16.6112	-7.39747e-09	-2.10974e-07	-4.60587e-13	0.0010309	0.0188693	7.05077e-08
16.6112	-7.65575e-09	-2.10974e-07	-4.63424e-13	-2.08304e-05	0.00469988	7.10041e-08
16.6112	-7.07789e-09	-2.10975e-07	-4.57075e-13	-0.000123619	0.00450319	7.20621e-08
16.6112	-5.6712e-09	-2.10975e-07	-4.41622e-13	-7.83932e-06	0.000199844	7.35491e-08
16.6112	-4.19456e-09	-2.10975e-07	-4.254e-13	-0.000229489	0.00449866	7.54962e-08
16.6112	-1.81279e-09	-2.10976e-07	-3.99235e-13	0.00020089	-0.00380882	7.78267e-08
16.6112	-1.07306e-10	-2.10976e-07	-3.80499e-13	-2.6573e-05	0.000594775	8.05602e-08
16.6112	1.78507e-09	-2.10976e-07	-3.59709e-13	0.000198299	-0.00681421	8.37457e-08
16.6112	2.29972e-09	-2.10977e-07	-3.54055e-13	6.76327e-06	-0.00064858	8.74105e-08
16.6112	2.6933e-09	-2.10977e-07	-3.49731e-13	-1.22322e-05	-0.00458856	9.16629e-08
16.6112	2.02934e-09	-2.10978e-07	-3.57024e-13	-1.03527e-05	-0.000656098	9.65499e-08
16.6112	1.16572e-09	-2.10978e-07	-3.66511e-13	-2.42016e-05	-0.00118698	1.0218e-07
16.6112	-6.25392e-11	-2.10979e-07	-3.80003e-13	2.90245e-06	0.000125955	1.08654e-07
16.6112	-1.33632e-09	-2.10979e-07	-3.93995e-13	-3.74003e-05	-0.00142268	1.1615e-07
16.6112	-3.12924e-09	-2.1098e-07	-4.1369e-13	1.77857e-06	5.98858e-05	1.24895e-07
16.6112	-5.04329e-09	-2.1098e-07	-4.34716e-13	-1.67982e-05	-0.000543455	1.3515e-07
16.6112	-7.31226e-09	-2.10981e-07	-4.59641e-13	-1.53006e-05	-0.000457866	1.47316e-07
16.6112	-9.97099e-09	-2.10982e-07	-4.88847e-13	1.34023e-05	0.000399307	1.61923e-07
16.6112	-1.2736e-08	-2.10983e-07	-5.1922e-13	6.47072e-05	0.00244755	1.79832e-07
16.6112	-1.46628e-08	-2.10984e-07	-5.40386e-13	3.82382e-05	0.00296427	2.0243e-07
16.6112	-1.5253e-08	-2.10985e-07	-5.46869e-13	3.01095e-06	0.00111035	2.32291e-07
16.6112	-1.5245e-08	-2.10986e-07	-5.46779e-13	-4.29712e-07	-0.000427622	2.74687e-07
16.6112	-1.5556e-08	-2.10987e-07	-5.50193e-13	-5.54428e-06	-0.00113109	3.42028e-07
16.6112	-1.70407e-08	-2.10989e-07	-5.665e-13	1.43135e-06	0.000197838	4.71779e-07
16.6112	-1.89259e-08	-2.10992e-07	-5.87206e-13	4.37419e-06	0.00160792	8.10861e-07
16.6112	-1.82357e-08	-2.10997e-07	-5.79617e-13	-1.53791e-06	0.00056637	2.9943e-06
16.6112	-8.05975e-09	-2.11021e-07	-4.67797e-13	-0.399998	-0.000826328	0.00260045
16.6086	-8.95122e-09	-1.85941e-07	-5.12266e-13	0.4	1.19109e-07	0.00515893
