16.6367	-7.18541e-11	-7.65583e-07	-3.9737e-15	-6.76369e-07	-0.00052014	0.00722755
16.6368	-1.54385e-08	-7.65744e-07	-4.80863e-13	-4.21544e-05	0.00465904	6.30617e-06
16.6368	-7.21188e-09	-7.65755e-07	-2.25557e-13	-0.000178038	0.00525785	6.10868e-07
16.6368	2.81163e-09	-7.65761e-07	8.5513e-14	4.75198e-05	-0.0010715	3.74705e-07
16.6368	9.52864e-09	-7.65766e-07	2.93969e-13	0.000127361	-0.00403653	3.05079e-07
16.6368	1.26104e-08	-7.65769e-07	3.89608e-13	4.12587e-05	-0.00291332	2.80982e-07
16.6368	1.35544e-08	-7.65773e-07	4.18904e-13	3.04057e-06	-0.000553508	2.7279e-07
16.6368	1.41113e-08	-7.65777e-07	4.36187e-13	-1.76091e-06	0.000352785	2.71588e-07
16.6368	1.49104e-08	-7.65781e-07	4.60989e-13	-5.2171e-06	0.000687218	2.7383e-07
16.6368	1.6193e-08	-7.65784e-07	5.0079e-13	3.19464e-07	-3.46369e-05	2.77916e-07
16.6368	1.74734e-08	-7.65788e-07	5.40528e-13	4.33286e-06	-0.000560067	2.83042e-07
16.6368	1.83788e-08	-7.65792e-07	5.68625e-13	2.86354e-06	-0.000588691	2.88798e-07
16.6368	1.88737e-08	-7.65796e-07	5.83986e-13	7.5937e-07	-0.000282759	2.94971e-07
16.6368	1.91687e-08	-7.658e-07	5.93139e-13	3.61486e-07	-0.000286138	3.01441e-07
16.6368	1.92522e-08	-7.65804e-07	5.95731e-13	2.19417e-08	-0.000166469	3.08159e-07
16.6368	1.92079e-08	-7.65809e-07	5.94356e-13	-6.49856e-08	-0.000114091	3.15097e-07
16.6368	1.90717e-08	-7.65813e-07	5.9013e-13	-4.22809e-07	-0.000274403	3.22244e-07
16.6368	1.87089e-08	-7.65817e-07	5.7887e-13	-1.48047e-07	-6.21467e-05	3.29603e-07
16.6368	1.82859e-08	-7.65822e-07	5.65744e-13	-1.75641e-06	-0.000472347	3.37193e-07
16.6368	1.74505e-08	-7.65827e-07	5.39817e-13	-2.35111e-06	-0.000398744	3.45012e-07
16.6368	1.62477e-08	-7.65831e-07	5.0249e-13	-2.30209e-06	-0.000301085	3.53061e-07
16.6368	1.4748e-08	-7.65836e-07	4.55948e-13	-2.10774e-06	-0.000234577	3.61344e-07
16.6368	1.29986e-08	-7.65841e-07	4.01657e-13	-3.29212e-06	-0.000317592	3.69879e-07
16.6368	1.09107e-08	-7.65846e-07	3.3686e-13	-1.58587e-06	-0.000137846	3.78656e-07
16.6368	8.64106e-09	-7.65852e-07	2.66424e-13	-2.04845e-06	-0.00016699	3.8768e-07
16.6368	6.15349e-09	-7.65857e-07	1.89225e-13	8.6678e-07	6.928e-05	3.96959e-07
16.6368	3.67581e-09	-7.65863e-07	1.12332e-13	4.36538e-06	0.000383644	4.06496e-07
16.6368	1.53303e-09	-7.65868e-07	4.58329e-14	2.79278e-06	0.000287931	4.16299e-07
16.6368	-3.58302e-10	-7.65874e-07	-1.28628e-14	1.21545e-06	0.000140884	4.26371e-07
16.6368	-2.14347e-09	-7.6588e-07	-6.82638e-14	3.15157e-06	0.000439109	4.36714e-07
16.6368	-3.48685e-09	-7.65886e-07	-1.09954e-13	6.0837e-07	0.000104568	4.47328e-07
16.6368	-4.74453e-09	-7.65892e-07	-1.48985e-13	1.87462e-06	0.000414789	4.58203e-07
16.6368	-5.55195e-09	-7.65898e-07	-1.74043e-13	1.19239e-06	0.000786736	4.69345e-07
16.6368	-5.44479e-09	-7.65905e-07	-1.70717e-13	-1.95467e-06	0.000798578	4.80752e-07
16.6368	-4.36371e-09	-7.65912e-07	-1.37167e-13	-7.9821e-06	0.00110686	4.92424e-07
16.6368	-1.87745e-09	-7.65918e-07	-6.00081e-14	-3.53731e-07	3.51384e-05	5.04352e-07
16.6368	7.13761e-10	-7.65925e-07	2.04078e-14	2.38166e-06	-0.000249918	5.16518e-07
16.6368	3.04078e-09	-7.65932e-07	9.26247e-14	2.41842e-06	-0.000296222	5.28929e-07
16.6368	5.02728e-09	-7.6594e-07	1.54274e-13	3.06106e-06	-0.000494792	5.41585e-07
16.6368	6.38336e-09	-7.65947e-07	1.96359e-13	1.93692e-06	-0.000536986	5.54472e-07
16.6368	7.01853e-09	-7.65955e-07	2.1607e-13	4.92786e-07	-0.000542399	5.67583e-07
16.6368	6.89006e-09	-7.65963e-07	2.12084e-13	-1.47643e-07	-0.000169478	5.8091e-07
16.6368	6.50961e-09	-7.65971e-07	2.00277e-13	-5.64043e-07	-0.00028203	5.94454e-07
16.6368	5.69638e-09	-7.65979e-07	1.75039e-13	-9.71661e-07	-0.000284434	6.08203e-07
16.6368	4.42701e-09	-7.65987e-07	1.35645e-13	-1.38835e-07	-3.29801e-05	6.22132e-07
16.6368	3.07686e-09	-7.65996e-07	9.37444e-14	9.56471e-07	0.000263191	6.36216e-07
16.6368	2.1196e-09	-7.66005e-07	6.40367e-14	7.32239e-07	0.000347439	6.5044e-07
16.6368	1.71224e-09	-7.66014e-07	5.1395e-14	1.45834e-07	0.000192429	6.64807e-07
16.6368	1.61924e-09	-7.66023e-07	4.85087e-14	-1.79119e-08	0.000156496	6.79296e-07
16.6368	1.79284e-09	-7.66032e-07	5.38961e-14	-1.20824e-07	0.00014085	6.9388e-07
16.6368	2.21704e-09	-7.66042e-07	6.70609e-14	-2.42078e-07	0.000152206	7.08563e-07
16.6368	2.92258e-09	-7.66052e-07	8.89568e-14	1.66518e-07	-9.62305e-05	7.23379e-07
16.6368	3.46698e-09	-7.66062e-07	1.05852e-13	2.11299e-07	-0.000232671	7.38339e-07
16.6368	3.58873e-09	-7.66072e-07	1.0963e-13	-2.34379e-08	-0.000182078	7.53442e-07
16.6368	3.36654e-09	-7.66082e-07	1.02735e-13	-1.57327e-08	-2.43953e-05	7.68696e-07
16.6368	3.09253e-09	-7.66093e-07	9.4231e-14	1.40154e-08	2.14904e-05	7.84137e-07
16.6368	2.85557e-09	-7.66104e-07	8.68772e-14	-2.42488e-09	-3.98566e-06	7.99782e-07
16.6368	2.60586e-09	-7.66115e-07	7.91276e-14	3.73452e-08	0.000104773	8.15587e-07
16.6368	2.56694e-09	-7.66126e-07	7.79199e-14	-7.94365e-09	7.83556e-05	8.3155e-07
16.6368	2.69173e-09	-7.66138e-07	8.17927e-14	6.99613e-09	-3.23186e-05	8.47758e-07
16.6368	2.7498e-09	-7.66149e-07	8.35947e-14	8.08052e-10	-4.74603e-05	8.6424e-07
16.6368	2.70546e-09	-7.66161e-07	8.22188e-14	-9.93933e-10	-8.14763e-06	8.80863e-07
16.6368	2.64217e-09	-7.66173e-07	8.02546e-14	-7.4102e-09	-3.29666e-05	8.97424e-07
16.6368	2.50306e-09	-7.66186e-07	7.59375e-14	3.24171e-09	1.16586e-05	9.13753e-07
16.6368	2.38833e-09	-7.66198e-07	7.23771e-14	4.20362e-09	7.80065e-05	9.29776e-07
16.6368	2.4545e-09	-7.66211e-07	7.44306e-14	-2.83264e-09	1.57033e-05	9.45482e-07
16.6368	2.55919e-09	-7.66224e-07	7.76796e-14	4.64829e-09	-5.23232e-05	9.60939e-07
16.6368	2.53886e-09	-7.66237e-07	7.70488e-14	-9.6221e-10	-1.2945e-05	9.76359e-07
16.6368	2.48636e-09	-7.66251e-07	7.54195e-14	1.12446e-09	2.37041e-05	9.91963e-07
16.6368	2.49228e-09	-7.66265e-07	7.5603e-14	-2.64004e-10	-1.29106e-05	1.00785e-06
16.6368	2.46549e-09	-7.66278e-07	7.47719e-14	-5.91531e-10	-8.1048e-06	1.02404e-06
16.6368	2.41737e-09	-7.66293e-07	7.32783e-14	8.38833e-10	2.21608e-05	1.04048e-06
16.6368	2.42657e-09	-7.66307e-07	7.3564e-14	1.93669e-11	-1.36736e-06	1.05717e-06
16.6368	2.43228e-09	-7.66321e-07	7.37411e-14	-1.44387e-09	2.1985e-05	1.07414e-06
16.6368	2.49759e-09	-7.66336e-07	7.5768e-14	1.3478e-09	-3.06897e-05	1.09162e-06
16.6368	2.47953e-09	-7.66351e-07	7.52078e-14	-1.46018e-09	-1.84812e-05	1.10991e-06
16.6368	2.40946e-09	-7.66367e-07	7.3033e-14	9.57659e-10	9.41917e-06	1.12941e-06
16.6368	2.36495e-09	-7.66382e-07	7.16518e-14	5.2094e-10	9.64516e-06	1.15062e-06
16.6368	2.34759e-09	-7.66398e-07	7.11129e-14	-4.23511e-11	1.32382e-05	1.17387e-06
16.6368	2.36911e-09	-7.66414e-07	7.1781e-14	-2.27938e-10	4.73606e-06	1.19896e-06
16.6368	2.40546e-09	-7.66431e-07	7.29089e-14	3.35391e-10	-8.87164e-06	1.22514e-06
16.6368	2.41513e-09	-7.66448e-07	7.32091e-14	-2.1883e-09	-3.28747e-05	1.2513e-06
16.6368	2.3211e-09	-7.66465e-07	7.0291e-14	-2.7378e-10	-1.78716e-06	1.27621e-06
16.6368	2.21953e-09	-7.66483e-07	6.7139e-14	-8.31025e-10	-4.89108e-06	1.29894e-06
16.6368	2.10026e-09	-7.66501e-07	6.34375e-14	3.30659e-09	3.43195e-05	1.31929e-06
16.6368	2.09325e-09	-7.66519e-07	6.322e-14	-3.05053e-09	3.71048e-05	1.33795e-06
16.6368	2.2111e-09	-7.66537e-07	6.68773e-14	1.78735e-09	-1.24175e-05	1.35674e-06
16.6368	2.28823e-09	-7.66556e-07	6.92711e-14	1.26027e-09	-2.49611e-05	1.37802e-06
16.6368	2.27995e-09	-7.66575e-07	6.90142e-14	-9.67246e-10	-1.7431e-05	1.39884e-06
16.6368	2.21019e-09	-7.66594e-07	6.68495e-14	8.69981e-10	2.64947e-05	1.41496e-06
16.6368	2.23394e-09	-7.66614e-07	6.75865e-14	-1.01278e-10	2.54786e-06	1.42758e-06
16.6368	2.26701e-09	-7.66633e-07	6.86128e-14	-2.93057e-10	4.99865e-06	1.43942e-06
16.6368	2.31842e-09	-7.66653e-07	7.02083e-14	4.9413e-10	-1.64134e-05	1.45023e-06
16.6368	2.31047e-09	-7.66673e-07	6.99615e-14	-4.49627e-10	-1.14024e-05	1.45888e-06
16.6368	2.26078e-09	-7.66693e-07	6.84194e-14	-3.36294e-09	-2.55246e-05	1.46652e-06
16.6368	2.117e-09	-7.66713e-07	6.39577e-14	2.77423e-09	1.86149e-05	1.4734e-06
16.6368	2.04134e-09	-7.66733e-07	6.16095e-14	1.04999e-09	2.00384e-05	1.47894e-06
16.6368	2.03964e-09	-7.66753e-07	6.15567e-14	-2.33196e-10	1.01302e-05	1.48365e-06
16.6368	2.07556e-09	-7.66774e-07	6.26716e-14	1.99436e-10	-1.338e-05	1.48763e-06
16.6368	2.06175e-09	-7.66794e-07	6.22429e-14	-1.16939e-10	1.14919e-05	1.4906e-06
16.6368	2.09077e-09	-7.66814e-07	6.31437e-14	-1.27485e-10	2.78098e-06	1.49285e-06
16.6368	2.13022e-09	-7.66835e-07	6.4368e-14	1.74748e-10	-4.1053e-06	1.49431e-06
16.6368	2.15435e-09	-7.66855e-07	6.5117e-14	9.26108e-11	-4.29395e-06	1.49491e-06
16.6368	2.16244e-09	-7.66876e-07	6.5368e-14	-7.77451e-11	3.81978e-06	1.49477e-06
16.6368	2.1848e-09	-7.66896e-07	6.60619e-14	-8.55198e-10	-2.54234e-05	1.49378e-06
16.6368	2.11223e-09	-7.66917e-07	6.381e-14	-1.9797e-10	-1.9405e-06	1.492e-06
16.6368	2.03254e-09	-7.66937e-07	6.13369e-14	6.4671e-10	7.29284e-06	1.48941e-06
16.6368	1.98014e-09	-7.66957e-07	5.97107e-14	-1.62719e-10	3.03223e-05	1.48592e-06
16.6368	2.04037e-09	-7.66978e-07	6.15799e-14	3.65961e-11	-4.56539e-07	1.48161e-06
16.6368	2.09872e-09	-7.66998e-07	6.33908e-14	5.76792e-10	-1.15052e-05	1.47646e-06
16.6368	2.11446e-09	-7.67018e-07	6.38794e-14	-3.68106e-11	1.47205e-06	1.47048e-06
16.6368	2.13554e-09	-7.67038e-07	6.45335e-14	6.75374e-11	-8.19753e-06	1.46377e-06
16.6368	2.12659e-09	-7.67058e-07	6.42557e-14	-9.56638e-12	5.59306e-06	1.45629e-06
16.6368	2.13799e-09	-7.67078e-07	6.46096e-14	-4.62042e-12	2.84918e-07	1.44809e-06
16.6368	2.15035e-09	-7.67098e-07	6.49934e-14	-1.76899e-10	5.6583e-06	1.43913e-06
16.6368	2.18293e-09	-7.67117e-07	6.60043e-14	-1.66423e-10	3.12712e-06	1.42948e-06
16.6368	2.22642e-09	-7.67137e-07	6.7354e-14	1.95461e-10	-3.78805e-06	1.41918e-06
16.6368	2.25619e-09	-7.67156e-07	6.82779e-14	1.77296e-10	-8.19976e-06	1.4082e-06
16.6368	2.25697e-09	-7.67175e-07	6.83023e-14	-3.80004e-10	-1.2555e-05	1.39667e-06
16.6368	2.21409e-09	-7.67194e-07	6.69717e-14	3.77246e-10	1.34258e-05	1.38455e-06
16.6368	2.21786e-09	-7.67213e-07	6.70887e-14	-5.37892e-10	1.36157e-05	1.37186e-06
16.6368	2.26808e-09	-7.67232e-07	6.8647e-14	-5.03297e-10	5.72839e-06	1.35868e-06
16.6368	2.33715e-09	-7.6725e-07	7.07908e-14	1.01413e-09	-2.39141e-05	1.34496e-06
16.6368	2.32553e-09	-7.67268e-07	7.043e-14	-8.66495e-11	-3.36234e-06	1.33069e-06
16.6368	2.3029e-09	-7.67286e-07	6.97279e-14	-4.05804e-10	-7.6221e-06	1.31602e-06
16.6368	2.25559e-09	-7.67304e-07	6.82597e-14	5.1814e-10	1.58278e-05	1.30099e-06
16.6368	2.26002e-09	-7.67322e-07	6.8397e-14	-3.4871e-10	1.05227e-05	1.2855e-06
16.6368	2.29799e-09	-7.6734e-07	6.95756e-14	-5.57685e-09	3.68145e-05	1.26963e-06
16.6368	2.45161e-09	-7.67357e-07	7.43429e-14	5.5935e-09	-3.70963e-05	1.25348e-06
16.6368	2.48775e-09	-7.67374e-07	7.54645e-14	-6.3956e-11	-2.42714e-05	1.23708e-06
16.6368	2.44885e-09	-7.67391e-07	7.42573e-14	-5.81205e-12	-9.22106e-08	1.2204e-06
16.6368	2.4102e-09	-7.67407e-07	7.3058e-14	-8.28593e-11	2.67503e-05	1.20343e-06
16.6368	2.452e-09	-7.67423e-07	7.43554e-14	-9.12355e-10	9.68665e-06	1.18622e-06
16.6368	2.52172e-09	-7.6744e-07	7.6519e-14	-9.04646e-10	6.69428e-06	1.16891e-06
16.6368	2.60983e-09	-7.67455e-07	7.92534e-14	1.98355e-10	-1.33504e-06	1.15149e-06
16.6368	2.6928e-09	-7.67471e-07	8.18282e-14	5.50899e-10	-5.40015e-05	1.13388e-06
16.6368	2.62259e-09	-7.67486e-07	7.96495e-14	1.48766e-09	1.96707e-05	1.11613e-06
16.6368	2.60795e-09	-7.67502e-07	7.91951e-14	-6.38115e-10	2.21198e-05	1.09833e-06
16.6368	2.65379e-09	-7.67516e-07	8.06176e-14	-2.26344e-09	1.76467e-05	1.08047e-06
16.6368	2.74614e-09	-7.67531e-07	8.34838e-14	6.24548e-10	-3.8362e-06	1.0626e-06
16.6368	2.82686e-09	-7.67546e-07	8.59887e-14	2.34546e-09	-2.98207e-05	1.0448e-06
16.6368	2.82898e-09	-7.6756e-07	8.60546e-14	-3.4697e-10	1.09903e-05	1.02699e-06
16.6368	2.85904e-09	-7.67574e-07	8.69875e-14	-4.27194e-10	5.8073e-06	1.00916e-06
16.6368	2.90309e-09	-7.67587e-07	8.83547e-14	-2.11651e-10	2.25844e-06	9.91353e-07
16.6368	2.95191e-09	-7.67601e-07	8.98697e-14	4.38543e-10	-3.46961e-05	9.73614e-07
16.6368	2.91616e-09	-7.67614e-07	8.87604e-14	3.32909e-10	5.52014e-06	9.5598e-07
16.6368	2.89414e-09	-7.67627e-07	8.8077e-14	4.13501e-11	1.76649e-05	9.38463e-07
16.6368	2.91358e-09	-7.6764e-07	8.86804e-14	9.44936e-11	-2.6915e-06	9.2103e-07
16.6368	2.92652e-09	-7.67652e-07	8.9082e-14	-1.18604e-08	6.34381e-05	9.03765e-07
16.6368	3.0812e-09	-7.67664e-07	9.38822e-14	-3.24066e-09	8.81592e-06	8.86686e-07
16.6368	3.25228e-09	-7.67676e-07	9.91915e-14	1.43226e-08	-5.93906e-05	8.69684e-07
16.6368	3.29219e-09	-7.67688e-07	1.0043e-13	4.80412e-10	-3.08432e-05	8.52801e-07
16.6368	3.26621e-09	-7.677e-07	9.96239e-14	-3.67562e-09	-2.79639e-05	8.36086e-07
16.6368	3.18287e-09	-7.67711e-07	9.70376e-14	3.67487e-09	5.25904e-05	8.19575e-07
16.6368	3.20786e-09	-7.67722e-07	9.78131e-14	-1.20072e-08	5.80695e-05	8.03219e-07
16.6368	3.34777e-09	-7.67733e-07	1.02155e-13	-1.88842e-08	4.14514e-05	7.8702e-07
16.6368	3.56557e-09	-7.67744e-07	1.08914e-13	2.91556e-08	-8.27524e-05	7.7106e-07
16.6368	3.62107e-09	-7.67754e-07	1.10637e-13	-9.05027e-09	-9.59184e-05	7.55284e-07
16.6368	3.49619e-09	-7.67764e-07	1.06761e-13	4.31475e-09	1.44816e-05	7.39687e-07
16.6368	3.4004e-09	-7.67774e-07	1.03789e-13	-4.10427e-09	0.000118546	7.24324e-07
16.6368	3.51901e-09	-7.67784e-07	1.07469e-13	3.90982e-09	-1.31109e-05	7.09118e-07
16.6368	3.61212e-09	-7.67794e-07	1.10359e-13	7.63587e-10	-2.95914e-06	6.94097e-07
16.6368	3.69817e-09	-7.67803e-07	1.13029e-13	5.53775e-09	-3.28746e-05	6.7934e-07
16.6368	3.72715e-09	-7.67812e-07	1.13929e-13	4.36992e-10	-2.83371e-05	6.64747e-07
16.6368	3.70893e-09	-7.67821e-07	1.13364e-13	-9.3761e-10	-1.12296e-05	6.50317e-07
16.6368	3.67305e-09	-7.6783e-07	1.1225e-13	-1.48173e-08	0.000102469	6.36115e-07
16.6368	3.79911e-09	-7.67839e-07	1.16162e-13	-4.18893e-08	7.20966e-05	6.22058e-07
16.6368	4.03322e-09	-7.67847e-07	1.23427e-13	-5.38503e-08	5.9221e-05	6.08156e-07
16.6368	4.35109e-09	-7.67855e-07	1.33292e-13	1.03359e-07	-0.00015336	5.94475e-07
16.6368	4.43647e-09	-7.67863e-07	1.35942e-13	-3.51724e-08	-0.000190195	5.80968e-07
16.6368	4.24685e-09	-7.67871e-07	1.30057e-13	1.19912e-08	1.96132e-05	5.67611e-07
16.6368	4.08912e-09	-7.67879e-07	1.25162e-13	2.70625e-08	0.000155184	5.54465e-07
16.6368	4.14763e-09	-7.67886e-07	1.26978e-13	-3.39268e-08	8.13634e-05	5.41451e-07
16.6368	4.31357e-09	-7.67894e-07	1.32128e-13	-1.78446e-08	2.60328e-05	5.28568e-07
16.6368	4.50953e-09	-7.67901e-07	1.3821e-13	5.1231e-08	-0.000104936	5.15904e-07
16.6368	4.56709e-09	-7.67908e-07	1.39996e-13	-2.92838e-08	-0.000162453	5.03315e-07
16.6368	4.42137e-09	-7.67914e-07	1.35473e-13	1.03138e-08	1.91524e-05	4.908e-07
16.6368	4.30249e-09	-7.67921e-07	1.31784e-13	2.40198e-08	9.35659e-05	4.7855e-07
16.6368	4.2971e-09	-7.67928e-07	1.31617e-13	-5.27238e-11	-1.91223e-06	4.66418e-07
16.6368	4.28965e-09	-7.67934e-07	1.31386e-13	-1.14168e-09	-1.58563e-05	4.54273e-07
16.6368	4.26463e-09	-7.6794e-07	1.30609e-13	-1.4373e-08	0.000101372	4.4231e-07
16.6368	4.35087e-09	-7.67946e-07	1.33286e-13	-5.15487e-08	8.48695e-05	4.30509e-07
16.6368	4.52487e-09	-7.67952e-07	1.38686e-13	-3.66498e-08	3.98698e-05	4.187e-07
16.6368	4.73517e-09	-7.67957e-07	1.45212e-13	-6.21528e-07	0.000334862	4.06983e-07
16.6368	5.2754e-09	-7.67963e-07	1.61978e-13	-7.2039e-07	0.000221811	3.95494e-07
16.6368	6.01648e-09	-7.67968e-07	1.84976e-13	6.44917e-07	-0.000194481	3.84082e-07
16.6368	6.55183e-09	-7.67973e-07	2.0159e-13	5.70584e-07	-0.000869444	3.72652e-07
16.6368	6.27343e-09	-7.67978e-07	1.92951e-13	-1.94251e-06	-0.000628782	3.61387e-07
16.6368	5.44413e-09	-7.67983e-07	1.67214e-13	-1.62852e-06	-0.00030083	3.50363e-07
16.6368	4.38091e-09	-7.67988e-07	1.34218e-13	-3.83177e-06	-0.000514246	3.39434e-07
16.6368	2.92203e-09	-7.67992e-07	8.89433e-14	-2.40649e-06	-0.000256595	3.2854e-07
16.6368	1.30329e-09	-7.67997e-07	3.87073e-14	5.99658e-07	6.07668e-05	3.17843e-07
16.6368	-2.15143e-10	-7.68001e-07	-8.41574e-15	6.01677e-06	0.000773018	3.07439e-07
16.6368	-1.0995e-09	-7.68005e-07	-3.58608e-14	3.1139e-06	0.00152181	2.97242e-07
16.6368	-8.42618e-10	-7.68009e-07	-2.78888e-14	-8.36468e-06	0.00151098	2.8725e-07
16.6368	4.72051e-10	-7.68013e-07	1.29106e-14	-2.45477e-05	0.00178256	2.77575e-07
16.6368	2.95834e-09	-7.68017e-07	9.007e-14	-2.21221e-05	0.00105952	2.68266e-07
16.6368	6.05997e-09	-7.6802e-07	1.86326e-13	-2.09197e-05	0.000817917	2.59286e-07
16.6368	9.57883e-09	-7.68024e-07	2.9553e-13	1.26507e-05	-0.000478729	2.50629e-07
16.6368	1.26857e-08	-7.68027e-07	3.9195e-13	1.80075e-05	-0.00077308	2.42489e-07
16.6368	1.52332e-08	-7.68031e-07	4.71007e-13	2.01912e-05	-0.00108258	2.34965e-07
16.6368	1.70771e-08	-7.68034e-07	5.28232e-13	2.12648e-05	-0.00189997	2.27948e-07
16.6368	1.78003e-08	-7.68037e-07	5.50676e-13	3.09842e-06	-0.0019366	2.21361e-07
16.6368	1.74467e-08	-7.6804e-07	5.39702e-13	-1.72851e-05	-0.00205982	2.15187e-07
16.6368	1.601e-08	-7.68043e-07	4.95116e-13	-3.26341e-05	-0.00180688	2.09479e-07
16.6368	1.36763e-08	-7.68046e-07	4.22691e-13	-1.07627e-06	-4.74137e-05	2.0472e-07
16.6368	1.13644e-08	-7.68048e-07	3.50945e-13	-2.71643e-06	-0.000117532	2.01331e-07
16.6368	9.02473e-09	-7.68051e-07	2.78334e-13	8.0834e-06	0.00035914	1.99097e-07
16.6368	6.88356e-09	-7.68054e-07	2.11885e-13	1.34425e-05	0.000674788	1.97674e-07
16.6368	5.08671e-09	-7.68056e-07	1.56122e-13	-1.51241e-05	-0.000751917	1.96911e-07
16.6368	2.9241e-09	-7.68059e-07	8.90075e-14	2.13239e-05	0.00110948	1.96772e-07
16.6368	1.30574e-09	-7.68062e-07	3.87835e-14	1.46049e-05	0.00105852	1.97237e-07
16.6368	2.04018e-10	-7.68065e-07	4.5926e-15	1.23684e-05	0.00207026	1.98357e-07
16.6368	1.24533e-10	-7.68067e-07	2.1259e-15	-2.48036e-07	0.000512847	2.00252e-07
16.6368	3.02358e-10	-7.6807e-07	7.6445e-15	-1.47359e-06	0.000491922	2.03157e-07
16.6368	7.35248e-10	-7.68073e-07	2.10788e-14	-9.33809e-08	2.18182e-05	2.07287e-07
16.6368	1.18966e-09	-7.68076e-07	3.5181e-14	-2.74296e-06	0.000492765	2.12652e-07
16.6368	1.92261e-09	-7.68079e-07	5.79275e-14	2.40152e-06	-0.000417279	2.19201e-07
16.6368	2.44745e-09	-7.68082e-07	7.42154e-14	-3.172e-07	6.50715e-05	2.26995e-07
16.6368	3.0298e-09	-7.68085e-07	9.2288e-14	2.36457e-06	-0.000744517	2.36074e-07
16.6368	3.18818e-09	-7.68088e-07	9.72029e-14	8.05285e-08	-7.07807e-05	2.46528e-07
16.6368	3.30929e-09	-7.68092e-07	1.00962e-13	-1.45676e-07	-0.000500688	2.58516e-07
16.6368	3.10496e-09	-7.68095e-07	9.46205e-14	-1.23271e-07	-7.15997e-05	2.72285e-07
16.6368	2.83919e-09	-7.68099e-07	8.63725e-14	-2.88336e-07	-0.000129607	2.88137e-07
16.6368	2.4612e-09	-7.68103e-07	7.46421e-14	3.46294e-08	1.37731e-05	3.06378e-07
16.6368	2.06921e-09	-7.68107e-07	6.24769e-14	-4.45722e-07	-0.000155394	3.27489e-07
16.6368	1.51745e-09	-7.68112e-07	4.53537e-14	2.11891e-08	6.53889e-06	3.52111e-07
16.6368	9.28419e-10	-7.68117e-07	2.70738e-14	-2.00247e-07	-5.93752e-05	3.81008e-07
16.6368	2.30163e-10	-7.68122e-07	5.4041e-15	-1.82421e-07	-5.00319e-05	4.15275e-07
16.6368	-5.88036e-10	-7.68128e-07	-1.99878e-14	1.59775e-07	4.36292e-05	4.56451e-07
16.6368	-1.43894e-09	-7.68135e-07	-4.63948e-14	7.7117e-07	0.000267332	5.07035e-07
16.6368	-2.03192e-09	-7.68142e-07	-6.47971e-14	4.55363e-07	0.000323511	5.7089e-07
16.6368	-2.21355e-09	-7.68151e-07	-7.04341e-14	3.58499e-08	0.00012115	6.55168e-07
16.6368	-2.2111e-09	-7.6816e-07	-7.0358e-14	-5.1171e-09	-4.66564e-05	7.74757e-07
16.6368	-2.30682e-09	-7.68172e-07	-7.33285e-14	-6.60097e-08	-0.000123416	9.64675e-07
16.6368	-2.76373e-09	-7.68187e-07	-8.7508e-14	1.70419e-08	2.15876e-05	1.33062e-06
16.6368	-3.34391e-09	-7.68208e-07	-1.05513e-13	5.20809e-08	0.00017544	2.28701e-06
16.6368	-3.13156e-09	-7.68249e-07	-9.89232e-14	-1.83054e-08	6.17959e-05	8.44534e-06
16.6369	-2.95696e-13	-7.68439e-07	-1.74731e-15	-0.4	-9.01446e-05	0.00733305
16.6295	-3.72213e-12	-5.68201e-07	-2.25029e-15	0.4	-1.79334e-09	0.0145477
