16.6159	-2.38629e-09	-2.73104e-07	-1.66776e-13	-2.29849e-05	-0.00303208	0.00316708
16.6159	-4.16359e-08	-2.73135e-07	-6.99726e-13	-0.00141757	0.0269934	2.76435e-06
16.6159	-2.06232e-08	-2.73137e-07	-4.14399e-13	-0.00567965	0.0289289	2.722e-07
16.6159	4.97902e-09	-2.73138e-07	-6.67508e-14	0.00146927	-0.00568394	1.69501e-07
16.6159	2.21358e-08	-2.73139e-07	1.66217e-13	0.00410543	-0.0223908	1.36128e-07
16.6159	3.00072e-08	-2.73139e-07	2.73102e-13	0.00138495	-0.0168033	1.23626e-07
16.6159	3.24184e-08	-2.7314e-07	3.05843e-13	0.000103185	-0.00322213	1.19578e-07
16.6159	3.38409e-08	-2.73141e-07	3.25159e-13	-5.97804e-05	0.00205435	1.19038e-07
16.6159	3.58821e-08	-2.73141e-07	3.52877e-13	-0.000176791	0.00399482	1.20089e-07
16.6159	3.91579e-08	-2.73142e-07	3.97358e-13	1.08192e-05	-0.000201208	1.21931e-07
16.6159	4.24285e-08	-2.73143e-07	4.41769e-13	0.000146813	-0.0032553	1.24132e-07
16.6159	4.47409e-08	-2.73144e-07	4.7317e-13	9.72055e-05	-0.00342795	1.2658e-07
16.6159	4.60052e-08	-2.73144e-07	4.90338e-13	2.58007e-05	-0.00164789	1.29248e-07
16.6159	4.67586e-08	-2.73145e-07	5.00568e-13	1.22855e-05	-0.00166805	1.3207e-07
16.6159	4.69719e-08	-2.73146e-07	5.03464e-13	7.45864e-07	-0.000970509	1.3501e-07
16.6159	4.68588e-08	-2.73147e-07	5.01928e-13	-2.20869e-06	-0.000665142	1.38051e-07
16.6159	4.65109e-08	-2.73148e-07	4.97205e-13	-1.43687e-05	-0.00159958	1.41187e-07
16.6159	4.55842e-08	-2.73148e-07	4.84622e-13	-5.03036e-06	-0.000362204	1.44418e-07
16.6159	4.45039e-08	-2.73149e-07	4.69953e-13	-5.96538e-05	-0.00275186	1.47767e-07
16.6159	4.237e-08	-2.7315e-07	4.40978e-13	-7.97659e-05	-0.00232054	1.51246e-07
16.6159	3.92979e-08	-2.73151e-07	3.99262e-13	-7.80282e-05	-0.00175048	1.54832e-07
16.6159	3.54673e-08	-2.73152e-07	3.47249e-13	-7.13462e-05	-0.00136199	1.58522e-07
16.6159	3.09989e-08	-2.73153e-07	2.86574e-13	-0.000111297	-0.0018417	1.62339e-07
16.6159	2.56659e-08	-2.73154e-07	2.14158e-13	-5.35622e-05	-0.000798575	1.66257e-07
16.6159	1.98688e-08	-2.73155e-07	1.35441e-13	-6.90896e-05	-0.000966075	1.70271e-07
16.6159	1.3515e-08	-2.73156e-07	4.91644e-14	2.92233e-05	0.000400648	1.74363e-07
16.6159	7.18648e-09	-2.73157e-07	-3.67689e-14	0.000147436	0.00222259	1.78476e-07
16.6159	1.71334e-09	-2.73158e-07	-1.11087e-13	9.44625e-05	0.00167052	1.82672e-07
16.6159	-3.11753e-09	-2.73159e-07	-1.76684e-13	4.11618e-05	0.000818369	1.87028e-07
16.6159	-7.67724e-09	-2.7316e-07	-2.38599e-13	0.000106843	0.00255351	1.91497e-07
16.6159	-1.11085e-08	-2.73162e-07	-2.85191e-13	2.06469e-05	0.000608728	1.96093e-07
16.6159	-1.43209e-08	-2.73163e-07	-3.28811e-13	6.36445e-05	0.0024156	2.00818e-07
16.6159	-1.63832e-08	-2.73164e-07	-3.56814e-13	4.05158e-05	0.00458589	2.05648e-07
16.6159	-1.61095e-08	-2.73165e-07	-3.53097e-13	-6.64044e-05	0.00465401	2.10661e-07
16.6159	-1.33482e-08	-2.73166e-07	-3.15601e-13	-0.000270504	0.00643562	2.15953e-07
16.6159	-6.99771e-09	-2.73168e-07	-2.29369e-13	-1.19642e-05	0.000203857	2.21334e-07
16.6159	-3.79173e-10	-2.73169e-07	-1.39497e-13	8.05895e-05	-0.00145055	2.26635e-07
16.6159	5.56455e-09	-2.7317e-07	-5.87875e-14	8.19238e-05	-0.00172121	2.31989e-07
16.6159	1.06385e-08	-2.73172e-07	1.01113e-14	0.000103837	-0.00287909	2.37432e-07
16.6159	1.41023e-08	-2.73173e-07	5.71452e-14	6.57865e-05	-0.00312854	2.42981e-07
16.6159	1.57246e-08	-2.73175e-07	7.91756e-14	1.67474e-05	-0.00316197	2.48678e-07
16.6159	1.53965e-08	-2.73176e-07	7.47207e-14	-5.01786e-06	-0.000988011	2.5451e-07
16.6159	1.44248e-08	-2.73178e-07	6.15263e-14	-1.91669e-05	-0.00164391	2.6046e-07
16.6159	1.23476e-08	-2.73179e-07	3.33215e-14	-3.30061e-05	-0.0016573	2.66517e-07
16.6159	9.10538e-09	-2.73181e-07	-1.07034e-14	-4.71325e-06	-0.000192047	2.72647e-07
16.6159	5.65679e-09	-2.73183e-07	-5.75304e-14	3.24863e-05	0.00153335	2.788e-07
16.6159	3.21175e-09	-2.73184e-07	-9.07304e-14	2.48816e-05	0.00202511	2.84993e-07
16.6159	2.1713e-09	-2.73186e-07	-1.04858e-13	4.95642e-06	0.00112182	2.91268e-07
16.6159	1.93376e-09	-2.73188e-07	-1.08083e-13	-6.08892e-07	0.000912371	2.97611e-07
16.6159	2.37718e-09	-2.7319e-07	-1.02061e-13	-4.1066e-06	0.000821125	3.04004e-07
16.6159	3.4607e-09	-2.73191e-07	-8.73472e-14	-8.22689e-06	0.000887241	3.10447e-07
16.6159	5.26283e-09	-2.73193e-07	-6.28758e-14	5.65888e-06	-0.000560935	3.1694e-07
16.6159	6.65336e-09	-2.73195e-07	-4.39934e-14	7.18156e-06	-0.00135641	3.23485e-07
16.6159	6.96435e-09	-2.73197e-07	-3.97698e-14	-7.96525e-07	-0.00106151	3.30097e-07
16.6159	6.39684e-09	-2.73199e-07	-4.74751e-14	-5.34718e-07	-0.000142223	3.36781e-07
16.6159	5.69696e-09	-2.73201e-07	-5.69779e-14	4.76347e-07	0.000125286	3.43546e-07
16.6159	5.09173e-09	-2.73203e-07	-6.51953e-14	-8.24105e-08	-2.32343e-05	3.504e-07
16.6159	4.45392e-09	-2.73205e-07	-7.38552e-14	1.26925e-06	0.000610818	3.57323e-07
16.6159	4.35454e-09	-2.73208e-07	-7.52038e-14	-2.70035e-07	0.000456812	3.64316e-07
16.6159	4.6733e-09	-2.7321e-07	-7.08747e-14	2.37804e-07	-0.000188416	3.71418e-07
16.6159	4.82163e-09	-2.73212e-07	-6.88597e-14	2.74877e-08	-0.000276694	3.78638e-07
16.6159	4.7084e-09	-2.73214e-07	-7.03963e-14	-3.37797e-08	-4.75007e-05	3.8592e-07
16.6159	4.54675e-09	-2.73217e-07	-7.25904e-14	-2.51849e-07	-0.000192195	3.93176e-07
16.6159	4.19145e-09	-2.73219e-07	-7.7414e-14	1.10175e-07	6.79696e-05	4.0033e-07
16.6159	3.89844e-09	-2.73221e-07	-8.13919e-14	1.42836e-07	0.000454777	4.07351e-07
16.6159	4.06747e-09	-2.73224e-07	-7.90958e-14	-9.62883e-08	9.15512e-05	4.14232e-07
16.6159	4.33488e-09	-2.73226e-07	-7.54636e-14	1.58016e-07	-0.000305044	4.21004e-07
16.6159	4.28298e-09	-2.73229e-07	-7.61674e-14	-3.26993e-08	-7.547e-05	4.27759e-07
16.6159	4.14891e-09	-2.73231e-07	-7.7987e-14	3.82058e-08	0.000138195	4.34595e-07
16.6159	4.16403e-09	-2.73234e-07	-7.77807e-14	-8.96789e-09	-7.52686e-05	4.41558e-07
16.6159	4.09564e-09	-2.73237e-07	-7.87083e-14	-2.01028e-08	-4.72512e-05	4.48648e-07
16.6159	3.97273e-09	-2.73239e-07	-8.03763e-14	2.84983e-08	0.000129197	4.55852e-07
16.6159	3.99626e-09	-2.73242e-07	-8.00557e-14	6.57571e-10	-7.9718e-06	4.63162e-07
16.6159	4.01086e-09	-2.73245e-07	-7.98564e-14	-4.90888e-08	0.000128173	4.70599e-07
16.6159	4.17769e-09	-2.73248e-07	-7.75899e-14	4.58249e-08	-0.000178921	4.78256e-07
16.6159	4.1316e-09	-2.73251e-07	-7.82146e-14	-4.9622e-08	-0.000107745	4.8627e-07
16.6159	3.95263e-09	-2.73254e-07	-8.06437e-14	3.25433e-08	5.49135e-05	4.94813e-07
16.6159	3.83897e-09	-2.73257e-07	-8.2186e-14	1.76998e-08	5.62316e-05	5.04102e-07
16.6159	3.79464e-09	-2.7326e-07	-8.27867e-14	-1.4478e-09	7.71786e-05	5.14292e-07
16.6159	3.84965e-09	-2.73263e-07	-8.20387e-14	-7.75148e-09	2.76115e-05	5.25285e-07
16.6159	3.9425e-09	-2.73266e-07	-8.07766e-14	1.14025e-08	-5.17218e-05	5.36751e-07
16.6159	3.96723e-09	-2.73269e-07	-8.04396e-14	-7.43623e-08	-0.000191659	5.48217e-07
16.6159	3.72708e-09	-2.73272e-07	-8.36992e-14	-9.30677e-09	-1.04197e-05	5.59129e-07
16.6159	3.46768e-09	-2.73276e-07	-8.72203e-14	-2.82447e-08	-2.85148e-05	5.69085e-07
16.6159	3.16305e-09	-2.73279e-07	-9.13555e-14	1.12368e-07	0.000200082	5.78002e-07
16.6159	3.14518e-09	-2.73283e-07	-9.15969e-14	-1.03705e-07	0.000216321	5.86178e-07
16.6159	3.44621e-09	-2.73286e-07	-8.75078e-14	6.07542e-08	-7.23936e-05	5.94411e-07
16.6159	3.64325e-09	-2.7329e-07	-8.4831e-14	4.28461e-08	-0.000145523	6.03731e-07
16.6159	3.62213e-09	-2.73293e-07	-8.51164e-14	-3.28687e-08	-0.000101623	6.12855e-07
16.6159	3.44399e-09	-2.73297e-07	-8.75338e-14	2.95544e-08	0.000154464	6.19915e-07
16.6159	3.50467e-09	-2.73301e-07	-8.67085e-14	-3.44552e-09	1.4854e-05	6.25448e-07
16.6159	3.58917e-09	-2.73305e-07	-8.55597e-14	-9.96524e-09	2.91423e-05	6.30631e-07
16.6159	3.72051e-09	-2.73308e-07	-8.37748e-14	1.68015e-08	-9.56905e-05	6.3537e-07
16.6159	3.70022e-09	-2.73312e-07	-8.40488e-14	-1.52785e-08	-6.6476e-05	6.39157e-07
16.6159	3.57333e-09	-2.73316e-07	-8.57704e-14	-1.14292e-07	-0.000148809	6.42505e-07
16.6159	3.20613e-09	-2.7332e-07	-9.0755e-14	9.42825e-08	0.000108526	6.45523e-07
16.6159	3.0129e-09	-2.73324e-07	-9.33774e-14	3.56754e-08	0.000116823	6.47949e-07
16.6159	3.00858e-09	-2.73328e-07	-9.34346e-14	-7.93324e-09	5.90592e-05	6.50011e-07
16.6159	3.10036e-09	-2.73331e-07	-9.21868e-14	6.78353e-09	-7.80053e-05	6.51755e-07
16.6159	3.06511e-09	-2.73335e-07	-9.2664e-14	-3.98251e-09	6.69976e-05	6.53055e-07
16.6159	3.13927e-09	-2.73339e-07	-9.16555e-14	-4.33642e-09	1.62129e-05	6.5404e-07
16.6159	3.24006e-09	-2.73343e-07	-9.02854e-14	5.93955e-09	-2.39335e-05	6.54682e-07
16.6159	3.30173e-09	-2.73347e-07	-8.94465e-14	3.14801e-09	-2.50339e-05	6.54944e-07
16.6159	3.32242e-09	-2.73351e-07	-8.91641e-14	-2.64642e-09	2.22694e-05	6.54881e-07
16.6159	3.37955e-09	-2.73355e-07	-8.83869e-14	-2.90563e-08	-0.000148219	6.54447e-07
16.6159	3.19424e-09	-2.73359e-07	-9.09017e-14	-6.72958e-09	-1.13128e-05	6.53667e-07
16.6159	2.99072e-09	-2.73363e-07	-9.36637e-14	2.19752e-08	4.25172e-05	6.52534e-07
16.6159	2.8569e-09	-2.73367e-07	-9.54793e-14	-5.54829e-09	0.000176779	6.51007e-07
16.6159	3.01077e-09	-2.7337e-07	-9.33885e-14	1.24224e-09	-2.66183e-06	6.49119e-07
16.6159	3.15984e-09	-2.73374e-07	-9.13628e-14	1.96085e-08	-6.70751e-05	6.4686e-07
16.6159	3.20008e-09	-2.73378e-07	-9.0815e-14	-1.25386e-09	8.58214e-06	6.44241e-07
16.6159	3.25393e-09	-2.73382e-07	-9.00822e-14	2.29784e-09	-4.77917e-05	6.41302e-07
16.6159	3.2311e-09	-2.73386e-07	-9.03909e-14	-3.29944e-10	3.26076e-05	6.38023e-07
16.6159	3.26025e-09	-2.7339e-07	-8.99935e-14	-1.59083e-10	1.66099e-06	6.3443e-07
16.6159	3.29186e-09	-2.73393e-07	-8.95629e-14	-6.01747e-09	3.29882e-05	6.30506e-07
16.6159	3.37509e-09	-2.73397e-07	-8.84313e-14	-5.66003e-09	1.82311e-05	6.26277e-07
16.6159	3.4862e-09	-2.73401e-07	-8.69212e-14	6.64367e-09	-2.20845e-05	6.21767e-07
16.6159	3.56227e-09	-2.73405e-07	-8.58868e-14	6.02844e-09	-4.78045e-05	6.16954e-07
16.6159	3.56429e-09	-2.73408e-07	-8.58579e-14	-1.29114e-08	-7.31958e-05	6.11903e-07
16.6159	3.4548e-09	-2.73412e-07	-8.73433e-14	1.28135e-08	7.82726e-05	6.06593e-07
16.6159	3.46446e-09	-2.73415e-07	-8.72108e-14	-1.82911e-08	7.93794e-05	6.01035e-07
16.6159	3.59274e-09	-2.73419e-07	-8.54676e-14	-1.71116e-08	3.33971e-05	5.95258e-07
16.6159	3.7692e-09	-2.73423e-07	-8.307e-14	3.44801e-08	-0.00013942	5.8925e-07
16.6159	3.73953e-09	-2.73426e-07	-8.34716e-14	-2.94516e-09	-1.96026e-05	5.82995e-07
16.6159	3.68177e-09	-2.7343e-07	-8.42546e-14	-1.37906e-08	-4.44368e-05	5.76568e-07
16.6159	3.56096e-09	-2.73433e-07	-8.58938e-14	1.76012e-08	9.22762e-05	5.69984e-07
16.6159	3.57227e-09	-2.73436e-07	-8.57388e-14	-1.18594e-08	6.13477e-05	5.63198e-07
16.6159	3.6693e-09	-2.7344e-07	-8.442e-14	-1.89572e-07	0.000214629	5.56242e-07
16.6159	4.06169e-09	-2.73443e-07	-7.90906e-14	1.90135e-07	-0.000216272	5.49168e-07
16.6159	4.15403e-09	-2.73446e-07	-7.78356e-14	-2.16297e-09	-0.000141502	5.41986e-07
16.6159	4.05469e-09	-2.73449e-07	-7.91832e-14	-1.99149e-10	-5.37737e-07	5.34674e-07
16.6159	3.956e-09	-2.73453e-07	-8.05221e-14	-2.8315e-09	0.000155954	5.27242e-07
16.6159	4.0628e-09	-2.73456e-07	-7.90707e-14	-3.10161e-08	5.64727e-05	5.19705e-07
16.6159	4.24089e-09	-2.73459e-07	-7.66512e-14	-3.07544e-08	3.90295e-05	5.12118e-07
16.6159	4.46597e-09	-2.73462e-07	-7.35938e-14	6.74206e-09	-7.78443e-06	5.04484e-07
16.6159	4.6779e-09	-2.73465e-07	-7.07149e-14	1.87509e-08	-0.000314829	4.96771e-07
16.6159	4.49861e-09	-2.73468e-07	-7.31484e-14	5.05525e-08	0.00011468	4.88995e-07
16.6159	4.46123e-09	-2.73471e-07	-7.36548e-14	-2.17017e-08	0.000128959	4.81193e-07
16.6159	4.57832e-09	-2.73474e-07	-7.20637e-14	-7.6943e-08	0.000102881	4.73369e-07
16.6159	4.81424e-09	-2.73476e-07	-6.88592e-14	2.12288e-08	-2.23655e-05	4.65543e-07
16.6159	5.02042e-09	-2.73479e-07	-6.60584e-14	7.97335e-08	-0.000173855	4.57744e-07
16.6159	5.02587e-09	-2.73482e-07	-6.59835e-14	-1.18002e-08	6.40735e-05	4.49939e-07
16.6159	5.10266e-09	-2.73484e-07	-6.49397e-14	-1.45241e-08	3.38563e-05	4.42128e-07
16.6159	5.2152e-09	-2.73487e-07	-6.34105e-14	-7.19624e-09	1.31667e-05	4.34328e-07
16.6159	5.33991e-09	-2.7349e-07	-6.17161e-14	1.49219e-08	-0.000202279	4.26555e-07
16.6159	5.24863e-09	-2.73492e-07	-6.29547e-14	1.13114e-08	3.21829e-05	4.18829e-07
16.6159	5.1924e-09	-2.73495e-07	-6.37173e-14	1.39511e-09	0.000102987	4.11155e-07
16.6159	5.24208e-09	-2.73497e-07	-6.30418e-14	3.21193e-09	-1.56915e-05	4.03517e-07
16.6159	5.27514e-09	-2.73499e-07	-6.25919e-14	-4.03159e-07	0.000369845	3.95953e-07
16.6159	5.67023e-09	-2.73502e-07	-5.72262e-14	-1.10149e-07	5.13953e-05	3.88471e-07
16.6159	6.10723e-09	-2.73504e-07	-5.12915e-14	4.86839e-07	-0.000346246	3.81023e-07
16.6159	6.20918e-09	-2.73506e-07	-4.99062e-14	1.63435e-08	-0.000179816	3.73625e-07
16.6159	6.14284e-09	-2.73509e-07	-5.08061e-14	-1.24918e-07	-0.00016303	3.66302e-07
16.6159	5.92999e-09	-2.73511e-07	-5.36955e-14	1.24877e-07	0.000306603	3.59068e-07
16.6159	5.99384e-09	-2.73513e-07	-5.28278e-14	-4.08141e-07	0.000338545	3.51903e-07
16.6159	6.35122e-09	-2.73515e-07	-4.79742e-14	-6.41873e-07	0.00024166	3.44807e-07
16.6159	6.90755e-09	-2.73517e-07	-4.04192e-14	9.91005e-07	-0.000482445	3.37815e-07
16.6159	7.04931e-09	-2.73519e-07	-3.84934e-14	-3.07557e-07	-0.000559202	3.30903e-07
16.6159	6.73037e-09	-2.73521e-07	-4.28236e-14	1.46638e-07	8.44229e-05	3.24068e-07
16.6159	6.48571e-09	-2.73523e-07	-4.6145e-14	-1.39559e-07	0.000691125	3.17336e-07
16.6159	6.78867e-09	-2.73525e-07	-4.20304e-14	1.329e-07	-7.64388e-05	3.10676e-07
16.6159	7.0265e-09	-2.73527e-07	-3.88003e-14	2.59473e-08	-1.72473e-05	3.04094e-07
16.6159	7.2463e-09	-2.73528e-07	-3.5815e-14	1.88243e-07	-0.000191663	2.97629e-07
16.6159	7.32035e-09	-2.7353e-07	-3.48088e-14	1.48663e-08	-0.000165205	2.91237e-07
16.6159	7.27383e-09	-2.73532e-07	-3.54399e-14	-3.18638e-08	-6.54694e-05	2.84914e-07
16.6159	7.1822e-09	-2.73533e-07	-3.66835e-14	-5.03673e-07	0.000597395	2.78692e-07
16.6159	7.50418e-09	-2.73535e-07	-3.23107e-14	-1.4238e-06	0.000420319	2.72535e-07
16.6159	8.10216e-09	-2.73537e-07	-2.41903e-14	-1.83024e-06	0.000345239	2.66446e-07
16.6159	8.91408e-09	-2.73538e-07	-1.31647e-14	3.51302e-06	-0.000894064	2.6045e-07
16.6159	9.13218e-09	-2.7354e-07	-1.02027e-14	-1.19535e-06	-0.00110884	2.54531e-07
16.6159	8.64786e-09	-2.73541e-07	-1.67786e-14	4.07555e-07	0.000114345	2.48682e-07
16.6159	8.24498e-09	-2.73543e-07	-2.22486e-14	9.19728e-07	0.00090472	2.4292e-07
16.6159	8.39445e-09	-2.73544e-07	-2.02185e-14	-1.15316e-06	0.000474342	2.37218e-07
16.6159	8.8183e-09	-2.73546e-07	-1.44625e-14	-6.06552e-07	0.000151775	2.31575e-07
16.6159	9.31885e-09	-2.73547e-07	-7.66527e-15	1.74135e-06	-0.000611779	2.26027e-07
16.6159	9.46586e-09	-2.73548e-07	-5.66845e-15	-9.95282e-07	-0.000947106	2.2051e-07
16.6159	9.09367e-09	-2.7355e-07	-1.07219e-14	3.50605e-07	0.000111677	2.15027e-07
16.6159	8.79004e-09	-2.73551e-07	-1.48443e-14	8.16335e-07	0.00054548	2.09661e-07
16.6159	8.77629e-09	-2.73552e-07	-1.50305e-14	-1.79164e-09	-1.11482e-05	2.04345e-07
16.6159	8.75727e-09	-2.73553e-07	-1.52883e-14	-3.87966e-08	-9.24418e-05	1.99025e-07
16.6159	8.69337e-09	-2.73555e-07	-1.61555e-14	-4.88582e-07	0.000590999	1.93783e-07
16.6159	8.91365e-09	-2.73556e-07	-1.3164e-14	-1.75212e-06	0.000494783	1.88613e-07
16.6159	9.35809e-09	-2.73557e-07	-7.12867e-15	-1.24565e-06	0.00023243	1.83441e-07
16.6159	9.89524e-09	-2.73558e-07	1.65577e-16	-2.11209e-05	0.00195189	1.78317e-07
16.6159	1.12751e-08	-2.73559e-07	1.8903e-14	-2.44729e-05	0.00129251	1.73302e-07
16.6159	1.3168e-08	-2.7356e-07	4.46064e-14	2.19088e-05	-0.00113324	1.68303e-07
16.6159	1.45354e-08	-2.73561e-07	6.31745e-14	1.9389e-05	-0.00506834	1.63279e-07
16.6159	1.38243e-08	-2.73562e-07	5.35193e-14	-6.59851e-05	-0.00366396	1.58361e-07
16.6159	1.17061e-08	-2.73563e-07	2.47571e-14	-5.527e-05	-0.00175129	1.53574e-07
16.6159	8.99042e-09	-2.73564e-07	-1.21185e-14	-0.000129874	-0.00298983	1.4885e-07
16.6159	5.26416e-09	-2.73565e-07	-6.27162e-14	-8.14256e-05	-0.00148924	1.44148e-07
16.6159	1.12955e-09	-2.73565e-07	-1.18859e-13	2.02757e-05	0.00035243	1.39476e-07
16.6159	-2.74885e-09	-2.73566e-07	-1.71522e-13	0.000203854	0.00449291	1.34837e-07
16.6159	-5.00768e-09	-2.73567e-07	-2.02194e-13	0.000105742	0.00886829	1.30267e-07
16.6159	-4.35155e-09	-2.73568e-07	-1.93284e-13	-0.000283673	0.00879353	1.25941e-07
16.6159	-9.93596e-10	-2.73569e-07	-1.47687e-13	-0.000825807	0.0102925	1.22025e-07
16.6159	5.35692e-09	-2.73569e-07	-6.14549e-14	-0.000735727	0.00604541	1.18382e-07
16.6159	1.32792e-08	-2.7357e-07	4.61197e-14	-0.000688524	0.00461807	1.14819e-07
16.6159	2.22671e-08	-2.73571e-07	1.68165e-13	0.000415598	-0.00269774	1.11066e-07
16.6159	3.02028e-08	-2.73571e-07	2.75923e-13	0.000595825	-0.00438808	1.07193e-07
16.6159	3.67095e-08	-2.73572e-07	3.64275e-13	0.000674411	-0.00620376	1.03545e-07
16.6159	4.14193e-08	-2.73572e-07	4.28229e-13	0.000717522	-0.0110046	1.00113e-07
16.6159	4.32666e-08	-2.73573e-07	4.53313e-13	0.000105177	-0.0112846	9.70234e-08
16.6159	4.23634e-08	-2.73574e-07	4.41049e-13	-0.000584699	-0.0119619	9.44252e-08
16.6159	3.86938e-08	-2.73574e-07	3.9122e-13	-0.00109043	-0.0103629	9.2296e-08
16.6159	3.27329e-08	-2.73575e-07	3.10279e-13	-3.56759e-05	-0.000269584	9.04503e-08
16.6159	2.68279e-08	-2.73575e-07	2.30097e-13	-9.00614e-05	-0.000668385	8.89787e-08
16.6159	2.08519e-08	-2.73576e-07	1.4895e-13	0.000268044	0.00204272	8.79527e-08
16.6159	1.53828e-08	-2.73576e-07	7.46875e-14	0.000448133	0.00385894	8.71741e-08
16.6159	1.07933e-08	-2.73577e-07	1.23672e-14	-0.000503993	-0.00429841	8.68488e-08
16.6159	5.26952e-09	-2.73577e-07	-6.26385e-14	0.000711514	0.00635141	8.67417e-08
16.6159	1.1359e-09	-2.73578e-07	-1.18768e-13	0.00049162	0.00611308	8.66929e-08
16.6159	-1.67814e-09	-2.73578e-07	-1.56979e-13	0.000419089	0.012043	8.69921e-08
16.6159	-1.88115e-09	-2.73579e-07	-1.59735e-13	-8.42952e-06	0.00298975	8.77368e-08
16.6159	-1.42695e-09	-2.73579e-07	-1.53567e-13	-5.00599e-05	0.00286658	8.90228e-08
16.6159	-3.2125e-10	-2.7358e-07	-1.38553e-13	-3.17469e-06	0.00012723	9.08423e-08
16.6159	8.39419e-10	-2.7358e-07	-1.22793e-13	-9.30762e-05	0.00286819	9.32154e-08
16.6159	2.71155e-09	-2.73581e-07	-9.73712e-14	8.14859e-05	-0.00242868	9.60894e-08
16.6159	4.05211e-09	-2.73582e-07	-7.91679e-14	-1.07688e-05	0.000378928	9.94891e-08
16.6159	5.53956e-09	-2.73582e-07	-5.89699e-14	8.03158e-05	-0.00433813	1.0345e-07
16.6159	5.94408e-09	-2.73583e-07	-5.34767e-14	2.73681e-06	-0.000412604	1.08009e-07
16.6159	6.25344e-09	-2.73584e-07	-4.92757e-14	-4.95039e-06	-0.00291891	1.13263e-07
16.6159	5.73154e-09	-2.73584e-07	-5.63622e-14	-4.18983e-06	-0.000417426	1.19298e-07
16.6159	5.0527e-09	-2.73585e-07	-6.55797e-14	-9.79734e-06	-0.000755389	1.26247e-07
16.6159	4.08725e-09	-2.73586e-07	-7.86891e-14	1.17658e-06	8.02676e-05	1.34243e-07
16.6159	3.08601e-09	-2.73587e-07	-9.22843e-14	-1.51433e-05	-0.000905575	1.43498e-07
16.6159	1.67672e-09	-2.73587e-07	-1.1142e-13	7.19801e-07	3.8101e-05	1.54292e-07
16.6159	1.72214e-10	-2.73588e-07	-1.31849e-13	-6.80268e-06	-0.00034598	1.66956e-07
16.6159	-1.61128e-09	-2.73589e-07	-1.56067e-13	-6.19603e-06	-0.000291485	1.81978e-07
16.6159	-3.70112e-09	-2.73591e-07	-1.84444e-13	5.42694e-06	0.000254189	2.00022e-07
16.6159	-5.87451e-09	-2.73592e-07	-2.13955e-13	2.62002e-05	0.00155792	2.22171e-07
16.6159	-7.38908e-09	-2.73593e-07	-2.34521e-13	1.5475e-05	0.00188586	2.50127e-07
16.6159	-7.85301e-09	-2.73595e-07	-2.4082e-13	1.21842e-06	0.000706302	2.8704e-07
16.6159	-7.84674e-09	-2.73597e-07	-2.40734e-13	-1.73903e-07	-0.000272008	3.39432e-07
16.6159	-8.09121e-09	-2.73599e-07	-2.44052e-13	-2.24351e-06	-0.000719505	4.22641e-07
16.6159	-9.25822e-09	-2.73602e-07	-2.59898e-13	5.79221e-07	0.000125855	5.82969e-07
16.6159	-1.07401e-08	-2.73606e-07	-2.80018e-13	1.77006e-06	0.00102281	1.00198e-06
16.6159	-1.01977e-08	-2.73614e-07	-2.7265e-13	-6.22232e-07	0.00036027	3.70004e-06
16.6159	-2.19947e-09	-2.7365e-07	-1.6403e-13	-0.399999	-0.000525578	0.0032133
16.6127	-2.49268e-09	-2.35329e-07	-1.82659e-13	0.4	2.49912e-08	0.00637475
