16.6212	-6.60965e-10	-3.61418e-07	-5.31054e-14	-8.71404e-06	-0.00186696	0.0039738
16.6212	-3.09832e-08	-3.61467e-07	-5.6991e-13	-0.000541042	0.0166859	3.46739e-06
16.6212	-1.475e-08	-3.6147e-07	-2.93232e-13	-0.00224116	0.0184764	3.37897e-07
16.6212	5.02896e-09	-3.61472e-07	4.3878e-14	0.000591299	-0.00371476	2.08425e-07
16.6212	1.82833e-08	-3.61473e-07	2.69784e-13	0.00160952	-0.0142284	1.68836e-07
16.6212	2.43644e-08	-3.61474e-07	3.73429e-13	0.000529186	-0.0104166	1.54702e-07
16.6212	2.62271e-08	-3.61475e-07	4.05178e-13	3.91552e-05	-0.0019858	1.49991e-07
16.6212	2.73261e-08	-3.61476e-07	4.23908e-13	-2.26797e-05	0.00126585	1.49324e-07
16.6212	2.8903e-08	-3.61478e-07	4.50785e-13	-6.71449e-05	0.00246411	1.50587e-07
16.6212	3.14337e-08	-3.61479e-07	4.93919e-13	4.10941e-06	-0.000124127	1.52857e-07
16.6212	3.39604e-08	-3.6148e-07	5.36983e-13	5.57648e-05	-0.00200819	1.55655e-07
16.6212	3.57469e-08	-3.61481e-07	5.67432e-13	3.68778e-05	-0.00211216	1.58786e-07
16.6212	3.67236e-08	-3.61482e-07	5.84079e-13	9.78282e-06	-0.00101483	1.62162e-07
16.6212	3.73056e-08	-3.61483e-07	5.93999e-13	4.65736e-06	-0.00102705	1.65713e-07
16.6212	3.74704e-08	-3.61485e-07	5.96807e-13	2.82721e-07	-0.000597538	1.69405e-07
16.6212	3.7383e-08	-3.61486e-07	5.95318e-13	-8.37289e-07	-0.000409527	1.7322e-07
16.6212	3.71143e-08	-3.61487e-07	5.90738e-13	-5.4473e-06	-0.000984915	1.77151e-07
16.6212	3.63983e-08	-3.61489e-07	5.78536e-13	-1.90725e-06	-0.000223048	1.81201e-07
16.6212	3.55638e-08	-3.6149e-07	5.64311e-13	-2.26244e-05	-0.00169508	1.85383e-07
16.6212	3.39152e-08	-3.61491e-07	5.36214e-13	-3.02725e-05	-0.00143036	1.89705e-07
16.6212	3.15418e-08	-3.61493e-07	4.95763e-13	-2.96304e-05	-0.00107963	1.94157e-07
16.6212	2.85826e-08	-3.61494e-07	4.45325e-13	-2.71174e-05	-0.00084079	1.98739e-07
16.6212	2.51305e-08	-3.61496e-07	3.86489e-13	-4.23365e-05	-0.00113784	2.03465e-07
16.6212	2.10105e-08	-3.61497e-07	3.16268e-13	-2.03847e-05	-0.000493626	2.08323e-07
16.6212	1.6532e-08	-3.61499e-07	2.39936e-13	-2.63209e-05	-0.00059777	2.13311e-07
16.6212	1.16233e-08	-3.61501e-07	1.56275e-13	1.11358e-05	0.000247963	2.18424e-07
16.6212	6.73425e-09	-3.61502e-07	7.29456e-14	5.61195e-05	0.00137403	2.23638e-07
16.6212	2.50599e-09	-3.61504e-07	8.79764e-16	3.59163e-05	0.00103161	2.28982e-07
16.6212	-1.22608e-09	-3.61506e-07	-6.27292e-14	1.56422e-05	0.000505115	2.34493e-07
16.6212	-4.74867e-09	-3.61507e-07	-1.22768e-13	4.05673e-05	0.00157469	2.40151e-07
16.6212	-7.3995e-09	-3.61509e-07	-1.67948e-13	7.8344e-06	0.000375153	2.4596e-07
16.6212	-9.88123e-09	-3.61511e-07	-2.10246e-13	2.41434e-05	0.00148829	2.51921e-07
16.6212	-1.14745e-08	-3.61513e-07	-2.37401e-13	1.53616e-05	0.00282381	2.58023e-07
16.6212	-1.1263e-08	-3.61515e-07	-2.33796e-13	-2.51801e-05	0.00286609	2.64302e-07
16.6212	-9.12975e-09	-3.61517e-07	-1.97437e-13	-0.000102736	0.00396921	2.70799e-07
16.6212	-4.22374e-09	-3.61519e-07	-1.1382e-13	-4.54979e-06	0.000125912	2.77425e-07
16.6212	8.8939e-10	-3.61521e-07	-2.66719e-14	3.06376e-05	-0.000895661	2.84101e-07
16.6212	5.48119e-09	-3.61523e-07	5.15905e-14	3.11219e-05	-0.00106199	2.90886e-07
16.6212	9.40107e-09	-3.61525e-07	1.18401e-13	3.94121e-05	-0.00177483	2.97797e-07
16.6212	1.2077e-08	-3.61528e-07	1.64008e-13	2.49494e-05	-0.00192703	3.04838e-07
16.6212	1.33303e-08	-3.6153e-07	1.85371e-13	6.34899e-06	-0.00194688	3.12023e-07
16.6212	1.30768e-08	-3.61532e-07	1.8105e-13	-1.90223e-06	-0.000608325	3.19347e-07
16.6212	1.23261e-08	-3.61535e-07	1.68255e-13	-7.26681e-06	-0.00101228	3.268e-07
16.6212	1.07214e-08	-3.61537e-07	1.40905e-13	-1.25167e-05	-0.00102077	3.34372e-07
16.6212	8.21661e-09	-3.6154e-07	9.82142e-14	-1.78769e-06	-0.000118308	3.42043e-07
16.6212	5.55241e-09	-3.61542e-07	5.2806e-14	1.23202e-05	0.000944476	3.49778e-07
16.6212	3.66349e-09	-3.61545e-07	2.06118e-14	9.43353e-06	0.00124702	3.57579e-07
16.6212	2.85969e-09	-3.61548e-07	6.91208e-15	1.87895e-06	0.000690716	3.65468e-07
16.6212	2.67617e-09	-3.61551e-07	3.78452e-15	-2.30796e-07	0.000561739	3.73432e-07
16.6212	3.01873e-09	-3.61553e-07	9.62325e-15	-1.55675e-06	0.000505575	3.81449e-07
16.6212	3.85579e-09	-3.61556e-07	2.38904e-14	-3.11883e-06	0.000546305	3.89527e-07
16.6212	5.24801e-09	-3.61559e-07	4.76195e-14	2.14531e-06	-0.00034539	3.97672e-07
16.6212	6.32226e-09	-3.61562e-07	6.59291e-14	2.72244e-06	-0.000835158	4.05891e-07
16.6212	6.5625e-09	-3.61565e-07	7.00241e-14	-3.01969e-07	-0.000653563	4.14192e-07
16.6212	6.12407e-09	-3.61568e-07	6.25517e-14	-2.02703e-07	-8.7566e-05	4.22578e-07
16.6212	5.58337e-09	-3.61572e-07	5.33365e-14	1.80578e-07	7.71394e-05	4.31067e-07
16.6212	5.1158e-09	-3.61575e-07	4.53675e-14	-3.12442e-08	-1.4307e-05	4.39667e-07
16.6212	4.62305e-09	-3.61578e-07	3.69695e-14	4.81161e-07	0.000376078	4.48355e-07
16.6212	4.54627e-09	-3.61582e-07	3.56611e-14	-1.02355e-07	0.000281256	4.5713e-07
16.6212	4.79252e-09	-3.61585e-07	3.98584e-14	9.01426e-08	-0.000116007	4.6604e-07
16.6212	4.9071e-09	-3.61589e-07	4.18117e-14	1.04142e-08	-0.000170358	4.75101e-07
16.6212	4.81962e-09	-3.61592e-07	4.03209e-14	-1.28063e-08	-2.92462e-05	4.84239e-07
16.6212	4.69473e-09	-3.61596e-07	3.81927e-14	-9.54742e-08	-0.000118333	4.93342e-07
16.6212	4.42023e-09	-3.616e-07	3.35146e-14	4.1767e-08	4.18492e-05	5.0232e-07
16.6212	4.19386e-09	-3.61603e-07	2.96566e-14	5.41546e-08	0.000280002	5.11129e-07
16.6212	4.32443e-09	-3.61607e-07	3.18824e-14	-3.64986e-08	5.63671e-05	5.19762e-07
16.6212	4.53101e-09	-3.61611e-07	3.54038e-14	5.98937e-08	-0.000187813	5.2826e-07
16.6212	4.49091e-09	-3.61615e-07	3.47206e-14	-1.23972e-08	-4.64664e-05	5.36736e-07
16.6212	4.38732e-09	-3.61619e-07	3.29554e-14	1.44859e-08	8.50858e-05	5.45314e-07
16.6212	4.39899e-09	-3.61623e-07	3.31547e-14	-3.40111e-09	-4.63423e-05	5.5405e-07
16.6212	4.34615e-09	-3.61628e-07	3.22544e-14	-7.62144e-09	-2.90921e-05	5.62946e-07
16.6212	4.25118e-09	-3.61632e-07	3.06363e-14	1.08058e-08	7.95457e-05	5.71987e-07
16.6212	4.26935e-09	-3.61636e-07	3.09463e-14	2.49115e-10	-4.90815e-06	5.81158e-07
16.6212	4.28062e-09	-3.61641e-07	3.11388e-14	-1.86056e-08	7.89149e-05	5.9049e-07
16.6212	4.4095e-09	-3.61645e-07	3.33358e-14	1.73673e-08	-0.00011016	6.00098e-07
16.6212	4.37388e-09	-3.6165e-07	3.27291e-14	-1.88128e-08	-6.63378e-05	6.10153e-07
16.6212	4.23561e-09	-3.61654e-07	3.03729e-14	1.23376e-08	3.38099e-05	6.20874e-07
16.6212	4.14779e-09	-3.61659e-07	2.88765e-14	6.71075e-09	3.46212e-05	6.3253e-07
16.6212	4.11353e-09	-3.61664e-07	2.82931e-14	-5.47167e-10	4.75182e-05	6.45315e-07
16.6212	4.15601e-09	-3.61669e-07	2.90176e-14	-2.93779e-09	1.70001e-05	6.59108e-07
16.6212	4.22773e-09	-3.61674e-07	3.02404e-14	4.32135e-09	-3.18446e-05	6.73496e-07
16.6212	4.24683e-09	-3.61679e-07	3.05663e-14	-2.81932e-08	-0.000118003	6.87882e-07
16.6212	4.06129e-09	-3.61684e-07	2.74045e-14	-3.52796e-09	-6.41494e-06	7.01573e-07
16.6212	3.86088e-09	-3.61689e-07	2.39892e-14	-1.07075e-08	-1.75564e-05	7.14067e-07
16.6212	3.62553e-09	-3.61695e-07	1.99784e-14	4.26003e-08	0.000123189	7.25256e-07
16.6212	3.61171e-09	-3.617e-07	1.97433e-14	-3.93075e-08	0.000133187	7.35514e-07
16.6212	3.84426e-09	-3.61706e-07	2.37074e-14	2.30291e-08	-4.45725e-05	7.45845e-07
16.6212	3.99646e-09	-3.61711e-07	2.63021e-14	1.62388e-08	-8.95975e-05	7.57539e-07
16.6212	3.98013e-09	-3.61717e-07	2.60243e-14	-1.24618e-08	-6.25681e-05	7.68988e-07
16.6212	3.8425e-09	-3.61723e-07	2.36791e-14	1.12066e-08	9.51022e-05	7.77847e-07
16.6212	3.88937e-09	-3.61729e-07	2.44783e-14	-1.30578e-09	9.14547e-06	7.84789e-07
16.6212	3.95463e-09	-3.61734e-07	2.55912e-14	-3.77697e-09	1.79428e-05	7.91292e-07
16.6212	4.05608e-09	-3.6174e-07	2.73209e-14	6.36705e-09	-5.89159e-05	7.97239e-07
16.6212	4.0404e-09	-3.61746e-07	2.70541e-14	-5.79308e-09	-4.09286e-05	8.01992e-07
16.6212	3.94235e-09	-3.61752e-07	2.53836e-14	-4.33284e-08	-9.16201e-05	8.06192e-07
16.6212	3.65866e-09	-3.61759e-07	2.0549e-14	3.57424e-08	6.68183e-05	8.09978e-07
16.6212	3.50936e-09	-3.61765e-07	1.80049e-14	1.35263e-08	7.19273e-05	8.13022e-07
16.6212	3.50601e-09	-3.61771e-07	1.79483e-14	-3.00603e-09	3.63623e-05	8.15611e-07
16.6212	3.5769e-09	-3.61777e-07	1.91572e-14	2.56984e-09	-4.80272e-05	8.17798e-07
16.6212	3.54966e-09	-3.61783e-07	1.86933e-14	-1.50822e-09	4.12498e-05	8.19429e-07
16.6212	3.60694e-09	-3.61789e-07	1.96702e-14	-1.64349e-09	9.98226e-06	8.20665e-07
16.6212	3.68479e-09	-3.61795e-07	2.09976e-14	2.25107e-09	-1.47358e-05	8.2147e-07
16.6212	3.73241e-09	-3.61801e-07	2.18099e-14	1.19282e-09	-1.54131e-05	8.21799e-07
16.6212	3.74838e-09	-3.61808e-07	2.20826e-14	-1.00269e-09	1.3711e-05	8.21721e-07
16.6212	3.7925e-09	-3.61814e-07	2.28352e-14	-1.10176e-08	-9.1257e-05	8.21178e-07
16.6212	3.64933e-09	-3.6182e-07	2.03955e-14	-2.55132e-09	-6.96542e-06	8.20198e-07
16.6212	3.49209e-09	-3.61826e-07	1.77161e-14	8.33127e-09	2.61776e-05	8.18775e-07
16.6212	3.38869e-09	-3.61832e-07	1.59544e-14	-2.09945e-09	0.000108841	8.16859e-07
16.6212	3.50755e-09	-3.61838e-07	1.79807e-14	4.70888e-10	-1.63893e-06	8.1449e-07
16.6212	3.6227e-09	-3.61844e-07	1.99439e-14	7.4317e-09	-4.12975e-05	8.11655e-07
16.6212	3.65377e-09	-3.6185e-07	2.0474e-14	-4.75093e-10	5.28386e-06	8.08371e-07
16.6212	3.69536e-09	-3.61857e-07	2.11835e-14	8.70051e-10	-2.94249e-05	8.04683e-07
16.6212	3.6777e-09	-3.61863e-07	2.08831e-14	-1.24356e-10	2.00762e-05	8.00566e-07
16.6212	3.70021e-09	-3.61869e-07	2.12672e-14	-6.02488e-11	1.02268e-06	7.96059e-07
16.6212	3.72462e-09	-3.61874e-07	2.16838e-14	-2.28034e-09	2.03104e-05	7.91136e-07
16.6212	3.78891e-09	-3.6188e-07	2.278e-14	-2.1452e-09	1.12249e-05	7.8583e-07
16.6212	3.87473e-09	-3.61886e-07	2.42433e-14	2.51801e-09	-1.35973e-05	7.8017e-07
16.6212	3.93348e-09	-3.61892e-07	2.52452e-14	2.28424e-09	-2.94329e-05	7.74131e-07
16.6212	3.93503e-09	-3.61898e-07	2.52722e-14	-4.89593e-09	-4.5066e-05	7.67794e-07
16.6212	3.85043e-09	-3.61904e-07	2.38308e-14	4.85898e-09	4.81918e-05	7.61131e-07
16.6212	3.85788e-09	-3.61909e-07	2.39582e-14	-6.93202e-09	4.88732e-05	7.54156e-07
16.6212	3.95697e-09	-3.61915e-07	2.56476e-14	-6.48583e-09	2.05622e-05	7.46907e-07
16.6212	4.09328e-09	-3.6192e-07	2.79714e-14	1.30676e-08	-8.58396e-05	7.39369e-07
16.6212	4.07035e-09	-3.61926e-07	2.7581e-14	-1.11683e-09	-1.20691e-05	7.31521e-07
16.6212	4.02571e-09	-3.61931e-07	2.68207e-14	-5.22866e-09	-2.73595e-05	7.23457e-07
16.6212	3.93237e-09	-3.61937e-07	2.52303e-14	6.67421e-09	5.68137e-05	7.15195e-07
16.6212	3.9411e-09	-3.61942e-07	2.53796e-14	-4.49431e-09	3.77714e-05	7.0668e-07
16.6212	4.01605e-09	-3.61947e-07	2.66575e-14	-7.18575e-08	0.000132145	6.97952e-07
16.6212	4.31917e-09	-3.61953e-07	3.18243e-14	7.20709e-08	-0.000133156	6.89076e-07
16.6212	4.39049e-09	-3.61958e-07	3.30404e-14	-8.22928e-10	-8.71218e-05	6.80063e-07
16.6212	4.31374e-09	-3.61963e-07	3.17327e-14	-7.54719e-11	-3.31018e-07	6.7089e-07
16.6212	4.23748e-09	-3.61968e-07	3.04334e-14	-1.07001e-09	9.60198e-05	6.61564e-07
16.6212	4.31998e-09	-3.61973e-07	3.184e-14	-1.17564e-08	3.47701e-05	6.52106e-07
16.6212	4.45756e-09	-3.61978e-07	3.41853e-14	-1.1657e-08	2.40294e-05	6.42587e-07
16.6212	4.63142e-09	-3.61982e-07	3.71491e-14	2.55522e-09	-4.79209e-06	6.33009e-07
16.6213	4.79514e-09	-3.61987e-07	3.99399e-14	7.10147e-09	-0.000193838	6.2333e-07
16.6213	4.65662e-09	-3.61992e-07	3.75793e-14	1.91657e-08	7.06074e-05	6.13573e-07
16.6213	4.62773e-09	-3.61996e-07	3.70874e-14	-8.22384e-09	7.9399e-05	6.03783e-07
16.6213	4.71818e-09	-3.62001e-07	3.86295e-14	-2.91648e-08	6.33426e-05	5.93967e-07
16.6213	4.90043e-09	-3.62005e-07	4.17361e-14	8.0466e-09	-1.37698e-05	5.84147e-07
16.6213	5.05971e-09	-3.6201e-07	4.44511e-14	3.02215e-08	-0.000107041	5.7436e-07
16.6213	5.0639e-09	-3.62014e-07	4.4523e-14	-4.47181e-09	3.94496e-05	5.64566e-07
16.6213	5.12322e-09	-3.62018e-07	4.55344e-14	-5.50497e-09	2.0845e-05	5.54766e-07
16.6213	5.21015e-09	-3.62022e-07	4.70165e-14	-2.72771e-09	8.10686e-06	5.44978e-07
16.6213	5.30649e-09	-3.62026e-07	4.86588e-14	5.65242e-09	-0.000124541	5.35226e-07
16.6213	5.23596e-09	-3.6203e-07	4.7457e-14	4.28846e-09	1.98143e-05	5.25532e-07
16.6213	5.19251e-09	-3.62034e-07	4.67168e-14	5.31082e-10	6.34082e-05	5.15902e-07
16.6213	5.23088e-09	-3.62038e-07	4.73712e-14	1.21725e-09	-9.66116e-06	5.06319e-07
16.6213	5.25642e-09	-3.62042e-07	4.78068e-14	-1.5282e-07	0.00022771	4.96828e-07
16.6213	5.56163e-09	-3.62045e-07	5.30091e-14	-4.17553e-08	3.16447e-05	4.87439e-07
16.6213	5.89922e-09	-3.62049e-07	5.87633e-14	1.84543e-07	-0.000213182	4.78093e-07
16.6213	5.97798e-09	-3.62053e-07	6.0106e-14	6.19158e-09	-0.000110711	4.68812e-07
16.6213	5.92672e-09	-3.62056e-07	5.92326e-14	-4.73569e-08	-0.000100376	4.59622e-07
16.6213	5.76228e-09	-3.62059e-07	5.64302e-14	4.73447e-08	0.000188773	4.50546e-07
16.6213	5.81159e-09	-3.62063e-07	5.7271e-14	-1.54711e-07	0.00020844	4.41554e-07
16.6213	6.08768e-09	-3.62066e-07	6.19769e-14	-2.43315e-07	0.000148789	4.32649e-07
16.6213	6.51746e-09	-3.62069e-07	6.93023e-14	3.75659e-07	-0.000297039	4.23876e-07
16.6213	6.62697e-09	-3.62072e-07	7.11692e-14	-1.166e-07	-0.000344296	4.15205e-07
16.6213	6.38057e-09	-3.62075e-07	6.69697e-14	5.55893e-08	5.19791e-05	4.06629e-07
16.6213	6.19155e-09	-3.62078e-07	6.37484e-14	-5.28886e-08	0.000425519	3.98183e-07
16.6213	6.4256e-09	-3.62081e-07	6.77377e-14	5.03767e-08	-4.70618e-05	3.89825e-07
16.6213	6.60932e-09	-3.62084e-07	7.08694e-14	9.83631e-09	-1.06197e-05	3.81566e-07
16.6213	6.77912e-09	-3.62087e-07	7.37637e-14	7.1354e-08	-0.000118005	3.73453e-07
16.6213	6.83632e-09	-3.6209e-07	7.47389e-14	5.63201e-09	-0.000101715	3.65433e-07
16.6213	6.80038e-09	-3.62093e-07	7.41265e-14	-1.20801e-08	-4.03088e-05	3.57499e-07
16.6213	6.72958e-09	-3.62095e-07	7.29201e-14	-1.90917e-07	0.00036781	3.49693e-07
16.6213	6.97832e-09	-3.62098e-07	7.71599e-14	-5.39724e-07	0.00025879	3.41966e-07
16.6213	7.44028e-09	-3.621e-07	8.50336e-14	-6.9382e-07	0.000212569	3.34324e-07
16.6213	8.06753e-09	-3.62103e-07	9.57246e-14	1.33172e-06	-0.000550478	3.26801e-07
16.6213	8.23601e-09	-3.62105e-07	9.85963e-14	-4.53158e-07	-0.000682703	3.19376e-07
16.6213	7.86184e-09	-3.62108e-07	9.22193e-14	1.54497e-07	7.04009e-05	3.12035e-07
16.6213	7.5506e-09	-3.6211e-07	8.69147e-14	3.48671e-07	0.000557031	3.04807e-07
16.6213	7.66606e-09	-3.62112e-07	8.88829e-14	-4.37129e-07	0.00029205	2.97653e-07
16.6213	7.99351e-09	-3.62114e-07	9.4464e-14	-2.29934e-07	9.34496e-05	2.9057e-07
16.6213	8.38019e-09	-3.62117e-07	1.01055e-13	6.601e-07	-0.000376672	2.83609e-07
16.6213	8.49377e-09	-3.62119e-07	1.02991e-13	-3.773e-07	-0.000583123	2.76689e-07
16.6213	8.20623e-09	-3.62121e-07	9.80901e-14	1.32895e-07	6.87521e-05	2.69808e-07
16.6213	7.97165e-09	-3.62123e-07	9.40923e-14	3.09471e-07	0.000335851	2.63075e-07
16.6213	7.96103e-09	-3.62125e-07	9.39113e-14	-6.79422e-10	-6.86407e-06	2.56404e-07
16.6213	7.94633e-09	-3.62127e-07	9.3661e-14	-1.47089e-08	-5.69157e-05	2.49727e-07
16.6213	7.89696e-09	-3.62128e-07	9.28198e-14	-1.85195e-07	0.000363871	2.43152e-07
16.6213	8.06713e-09	-3.6213e-07	9.57203e-14	-6.64183e-07	0.000304638	2.36665e-07
16.6213	8.41048e-09	-3.62132e-07	1.01572e-13	-4.72208e-07	0.00014311	2.30173e-07
16.6213	8.82545e-09	-3.62134e-07	1.08645e-13	-8.00743e-06	0.0012019	2.23736e-07
16.6213	9.89146e-09	-3.62135e-07	1.26814e-13	-9.28012e-06	0.000796043	2.17429e-07
16.6213	1.13538e-08	-3.62137e-07	1.51738e-13	8.30778e-06	-0.000697952	2.11155e-07
16.6213	1.24102e-08	-3.62138e-07	1.69743e-13	7.35109e-06	-0.00312075	2.04865e-07
16.6213	1.18608e-08	-3.6214e-07	1.60381e-13	-2.50228e-05	-0.0022566	1.9868e-07
16.6213	1.02244e-08	-3.62141e-07	1.3249e-13	-2.0971e-05	-0.00107924	1.9264e-07
16.6213	8.12641e-09	-3.62143e-07	9.67318e-14	-4.9322e-05	-0.00184411	1.8666e-07
16.6213	5.24769e-09	-3.62144e-07	4.76674e-14	-3.09524e-05	-0.000919453	1.80704e-07
16.6213	2.05351e-09	-3.62146e-07	-6.77367e-15	7.70793e-06	0.000217605	1.74829e-07
16.6213	-9.42746e-10	-3.62147e-07	-5.78413e-14	7.74363e-05	0.00277177	1.69074e-07
16.6213	-2.6878e-09	-3.62148e-07	-8.75836e-14	4.01066e-05	0.00546163	1.63422e-07
16.6213	-2.18091e-09	-3.62149e-07	-7.89441e-14	-0.000107687	0.00542017	1.57951e-07
16.6213	4.13266e-10	-3.6215e-07	-3.47293e-14	-0.000315113	0.00637626	1.52779e-07
16.6213	5.31934e-09	-3.62152e-07	4.88892e-14	-0.000282784	0.00377346	1.4786e-07
16.6213	1.14396e-08	-3.62153e-07	1.53203e-13	-0.00026643	0.00290218	1.43092e-07
16.6213	1.83832e-08	-3.62154e-07	2.71549e-13	0.000161028	-0.00169767	1.38351e-07
16.6213	2.4514e-08	-3.62155e-07	3.7604e-13	0.000229746	-0.00274794	1.33737e-07
16.6213	2.95407e-08	-3.62156e-07	4.61715e-13	0.000258517	-0.0038618	1.29441e-07
16.6213	3.31793e-08	-3.62157e-07	5.2373e-13	0.000273266	-0.00680382	1.2542e-07
16.6213	3.46064e-08	-3.62158e-07	5.48054e-13	3.99037e-05	-0.00695016	1.21707e-07
16.6213	3.39086e-08	-3.62159e-07	5.36161e-13	-0.000222319	-0.00738316	1.18363e-07
16.6213	3.10736e-08	-3.62159e-07	4.87842e-13	-0.000417881	-0.00644743	1.15394e-07
16.6213	2.64686e-08	-3.6216e-07	4.09354e-13	-1.37622e-05	-0.000168904	1.12885e-07
16.6213	2.19067e-08	-3.62161e-07	3.31603e-13	-3.46723e-05	-0.000417933	1.11027e-07
16.6213	1.72899e-08	-3.62162e-07	2.52914e-13	0.000103222	0.00127765	1.09779e-07
16.6213	1.30648e-08	-3.62163e-07	1.80903e-13	0.000171994	0.00240539	1.08926e-07
16.6213	9.51916e-09	-3.62164e-07	1.20472e-13	-0.00019349	-0.00268007	1.0851e-07
16.6213	5.25179e-09	-3.62164e-07	4.77391e-14	0.000272929	0.00395647	1.08413e-07
16.6213	2.05837e-09	-3.62165e-07	-6.68901e-15	0.000187512	0.00378648	1.08554e-07
16.6213	-1.15611e-10	-3.62166e-07	-4.37419e-14	0.000159183	0.00742529	1.09083e-07
16.6213	-2.72452e-10	-3.62167e-07	-4.6415e-14	-3.19569e-06	0.00184082	1.10086e-07
16.6213	7.84413e-11	-3.62168e-07	-4.04344e-14	-1.89829e-05	0.00176546	1.11689e-07
16.6213	9.32644e-10	-3.62168e-07	-2.58754e-14	-1.20325e-06	7.83213e-05	1.13964e-07
16.6213	1.82931e-09	-3.62169e-07	-1.05926e-14	-3.53204e-05	0.00176774	1.16923e-07
16.6213	3.27562e-09	-3.6217e-07	1.40581e-14	3.09234e-05	-0.00149693	1.20526e-07
16.6213	4.31126e-09	-3.62171e-07	3.17095e-14	-4.08491e-06	0.000233459	1.24804e-07
16.6213	5.46039e-09	-3.62172e-07	5.12951e-14	3.04583e-05	-0.00267186	1.29787e-07
16.6213	5.7729e-09	-3.62173e-07	5.66216e-14	1.03757e-06	-0.000254065	1.35525e-07
16.6213	6.01189e-09	-3.62174e-07	6.06951e-14	-1.87689e-06	-0.0017972	1.42115e-07
16.6213	5.6087e-09	-3.62175e-07	5.38232e-14	-1.58823e-06	-0.000256997	1.49685e-07
16.6213	5.08426e-09	-3.62176e-07	4.48848e-14	-3.71453e-06	-0.000465161	1.58403e-07
16.6213	4.3384e-09	-3.62178e-07	3.21726e-14	4.46117e-07	4.94318e-05	1.68433e-07
16.6213	3.56489e-09	-3.62179e-07	1.89892e-14	-5.74232e-06	-0.000557732	1.8004e-07
16.6213	2.47614e-09	-3.6218e-07	4.32819e-16	2.73376e-07	2.35028e-05	1.93579e-07
16.6213	1.31384e-09	-3.62182e-07	-1.93772e-14	-2.58003e-06	-0.000213124	2.09466e-07
16.6213	-6.39969e-11	-3.62183e-07	-4.28606e-14	-2.3493e-06	-0.000179505	2.28307e-07
16.6213	-1.67851e-09	-3.62185e-07	-7.03779e-14	2.0578e-06	0.000156546	2.50946e-07
16.6213	-3.35755e-09	-3.62187e-07	-9.89952e-14	9.93457e-06	0.000959446	2.78747e-07
16.6213	-4.52764e-09	-3.62189e-07	-1.18938e-13	5.86681e-06	0.00116119	3.13841e-07
16.6213	-4.88605e-09	-3.62192e-07	-1.25046e-13	4.61895e-07	0.000434867	3.60167e-07
16.6213	-4.88122e-09	-3.62195e-07	-1.24964e-13	-6.5928e-08	-0.000167473	4.25908e-07
16.6213	-5.07009e-09	-3.62198e-07	-1.28182e-13	-8.50486e-07	-0.000442998	5.30312e-07
16.6213	-5.97167e-09	-3.62203e-07	-1.43548e-13	2.19574e-07	7.74888e-05	7.31484e-07
16.6213	-7.11651e-09	-3.62209e-07	-1.6306e-13	6.71015e-07	0.000629739	1.25724e-06
16.6213	-6.69747e-09	-3.62222e-07	-1.55917e-13	-2.35866e-07	0.000221816	4.64267e-06
16.6213	-5.18623e-10	-3.62279e-07	-5.06005e-14	-0.4	-0.000323581	0.0040318
16.6172	-6.05455e-10	-3.01899e-07	-5.76193e-14	0.4	1.51537e-09	0.00799853
