0	1969.28	0	65.3131	1.76942e-16	-2.81459e-16	-7.97973e-17	-1.36284e-16	8.32667e-17	-3.67002e-17	-9.19403e-17	1.61546e-17
1	1969.28	1.09139e-11	57.12	1.23433e-12	3.74022e-13	-8.49321e-15	8.23235e-16	7.09155e-14	-2.42588e-14	-0.0039773	7.94937e-16
2	1969.28	3.41061e-12	57.1202	1.79782e-12	5.68268e-13	-6.80185e-15	2.55378e-15	1.50933e-13	-5.05315e-14	-0.00396599	1.09136e-15
3	1969.28	8.86757e-12	57.1175	2.04256e-12	6.52201e-13	-7.00481e-15	2.72953e-15	2.18284e-13	-7.3417e-14	-0.00394184	2.28333e-16
4	1969.28	-5.68434e-12	57.1111	2.17516e-12	6.95624e-13	-7.7334e-15	5.0738e-15	2.75493e-13	-9.40447e-14	-0.00390624	-1.39504e-15
5	1969.28	1.97815e-11	57.1015	2.26036e-12	7.25744e-13	-6.68389e-15	3.80842e-15	3.25916e-13	-1.11865e-13	-0.00386366	2.21611e-16
6	1969.28	1.50067e-11	57.0918	2.32495e-12	7.47122e-13	-6.48266e-15	5.03227e-15	3.69833e-13	-1.27355e-13	-0.00381742	3.26562e-16
7	1969.28	-2.11458e-11	57.0825	2.3837e-12	7.67453e-13	-5.98827e-15	2.40904e-15	4.08739e-13	-1.40306e-13	-0.00377522	1.36718e-16
8	1969.28	2.20552e-11	57.0769	2.44069e-12	7.87833e-13	-4.05925e-15	1.72811e-15	4.45413e-13	-1.53352e-13	-0.00374675	4.69351e-16
9	1969.28	-2.50111e-12	57.0744	2.52207e-12	8.15802e-13	-5.66387e-15	2.68031e-15	5.08005e-13	-1.7374e-13	-0.00373424	6.44992e-16
10	1969.28	8.41283e-12	65.278	2.61294e-12	8.46767e-13	-6.44797e-15	2.62144e-15	5.92089e-13	-2.04034e-13	-0.00373259	1.29519e-15
11	1969.28	4.09273e-12	65.2802	2.74596e-12	8.93747e-13	-6.53817e-15	-3.689e-16	7.08433e-13	-2.43568e-13	-0.00373877	1.46259e-16
12	1969.28	-2.72848e-12	65.282	2.88341e-12	9.42495e-13	-8.41514e-15	8.2318e-16	8.30157e-13	-2.85117e-13	-0.00374787	4.86156e-16
13	1969.28	1.27329e-11	65.2823	2.92411e-12	9.55426e-13	-7.64319e-15	1.40366e-15	8.68215e-13	-2.98562e-13	-0.00375307	5.21718e-16
14	1969.28	1.25056e-11	65.2804	2.95812e-12	9.67325e-13	-7.42288e-15	2.58566e-15	9.19063e-13	-3.15882e-13	-0.00374554	3.69605e-16
15	1969.28	1.43245e-11	65.2759	2.9832e-12	9.76619e-13	-7.41941e-15	5.61969e-15	9.45688e-13	-3.24982e-13	-0.0037237	9.27427e-16
16	1969.28	1.81899e-12	65.2694	3.00904e-12	9.85094e-13	-5.90326e-15	4.06028e-15	9.4401e-13	-3.24457e-13	-0.0036912	9.27752e-16
17	1969.28	-6.13909e-12	65.2614	3.04148e-12	9.95832e-13	-5.05845e-15	1.25833e-15	9.39582e-13	-3.23096e-13	-0.00365687	5.58147e-16
18	1969.28	1.81899e-12	65.2548	3.08357e-12	1.00938e-12	-3.62557e-15	9.89009e-16	9.56192e-13	-3.299e-13	-0.00362899	-2.13805e-16
19	1969.28	-6.59384e-12	65.2506	3.20776e-12	1.05216e-12	-6.16694e-15	1.4763e-15	1.09846e-12	-3.79095e-13	-0.00361001	1.05168e-17
20	1969.28	-3.86535e-12	65.2471	3.33701e-12	1.09546e-12	-8.98413e-15	3.14419e-17	1.25479e-12	-4.31982e-13	-0.0035968	7.36715e-16
21	1969.28	3.41061e-12	65.2437	3.46894e-12	1.14107e-12	-1.01967e-14	-1.41217e-15	1.39944e-12	-4.8214e-13	-0.00358589	7.52436e-16
22	1969.28	4.09273e-12	65.2407	3.59817e-12	1.18584e-12	-1.27901e-14	1.23686e-15	1.55629e-12	-5.35796e-13	-0.00357536	1.02197e-15
23	1969.28	-3.86535e-12	57.0646	3.632e-12	1.19704e-12	-1.28777e-14	-2.41373e-15	1.60655e-12	-5.52147e-13	-0.00368946	5.42372e-16
24	1969.28	-2.18279e-11	57.0633	3.54131e-12	1.1652e-12	-1.11725e-14	1.79007e-15	1.51707e-12	-5.21659e-13	-0.00367786	-2.59179e-16
25	1969.28	-7.95808e-12	57.0602	3.45797e-12	1.1383e-12	-8.19744e-15	2.35977e-15	1.40823e-12	-4.86406e-13	-0.00365636	-5.41993e-16
26	1969.28	-2.04636e-11	57.0807	3.4512e-12	1.13601e-12	-5.69076e-15	-1.1617e-15	1.35551e-12	-4.68204e-13	-0.00372471	-2.8547e-16
27	1969.28	-2.56932e-11	57.0769	3.50244e-12	1.15301e-12	-4.73319e-15	-1.2194e-15	1.32622e-12	-4.58177e-13	-0.00369087	-1.22737e-15
28	1969.28	-1.81899e-11	57.072	3.55665e-12	1.17192e-12	-3.82507e-15	5.46844e-16	1.30416e-12	-4.50696e-13	-0.00366315	-6.33066e-16
29	1969.28	9.09495e-13	57.0653	3.70355e-12	1.22272e-12	-5.6205e-15	8.60043e-17	1.45776e-12	-5.03006e-13	-0.00364861	-7.21862e-16
30	1969.28	-1.25056e-11	57.0591	3.8524e-12	1.27483e-12	-9.16107e-15	-7.35035e-16	1.68363e-12	-5.81531e-13	-0.00364242	-1.17349e-15
31	1969.28	1.43245e-11	65.2623	4.03368e-12	1.33872e-12	-1.16521e-14	-2.51077e-15	1.8744e-12	-6.45321e-13	-0.00363908	-1.55784e-15
32	1969.28	4.3201e-12	65.2662	4.16417e-12	1.38483e-12	-1.23139e-14	-1.76416e-15	2.00222e-12	-6.89668e-13	-0.00363392	-8.48659e-16
33	1969.28	3.41061e-12	65.2975	4.23932e-12	1.41384e-12	-1.18291e-14	1.38848e-15	2.07963e-12	-7.17618e-13	-0.00367106	-7.45606e-16
34	1969.28	2.04636e-12	57.1077	4.29036e-12	1.4304e-12	-1.24284e-14	-8.06728e-16	2.19414e-12	-7.56854e-13	-0.003764	-2.45355e-16
35	1969.28	-9.32232e-12	57.1077	4.3118e-12	1.43833e-12	-1.09426e-14	-1.2863e-15	2.21076e-12	-7.63858e-13	-0.00375588	-6.73886e-16
36	1969.28	3.63798e-12	57.1402	4.25844e-12	1.42007e-12	-8.67275e-15	-1.23512e-15	2.14681e-12	-7.42669e-13	-0.00385095	-8.41829e-16
37	1969.28	7.50333e-12	57.1444	4.14223e-12	1.3821e-12	-5.95704e-15	1.82572e-15	1.97933e-12	-6.87361e-13	-0.003833	-1.1267e-15
38	1969.28	-9.77707e-12	57.1458	4.10353e-12	1.36992e-12	-3.19536e-15	5.11066e-16	1.86738e-12	-6.50891e-13	-0.00380825	-1.82146e-16
39	1969.28	-1.20508e-11	57.1465	4.24684e-12	1.41976e-12	-6.43929e-15	1.43429e-15	1.97936e-12	-6.8849e-13	-0.00378282	3.56323e-16
40	1969.28	6.82121e-13	57.1461	4.33291e-12	1.44896e-12	-9.397e-15	-8.33074e-16	2.05073e-12	-7.13251e-13	-0.00375838	1.13272e-15
41	1969.28	-3.63798e-12	57.1704	4.53981e-12	1.52227e-12	-1.16192e-14	-2.52698e-15	2.27173e-12	-7.89491e-13	-0.00379484	4.67345e-16
42	1969.28	5.68434e-12	57.1749	4.55599e-12	1.52758e-12	-1.12063e-14	-2.19914e-15	2.33282e-12	-8.12756e-13	-0.00379311	-5.26272e-16
43	1969.28	-2.41016e-11	61.261	4.56114e-12	1.75555e-12	-1.01221e-14	-6.72785e-15	2.38681e-12	-6.43898e-13	-0.00399644	-2.49839e-05
44	1969.28	-9.09495e-12	57.1534	4.5621e-12	1.62289e-12	-1.10051e-14	-3.78937e-15	2.43594e-12	-8.34507e-13	-0.00395577	-1.17551e-05
45	1969.28	-1.11413e-11	57.1531	4.46398e-12	1.49223e-12	-6.72379e-15	-3.29245e-16	2.30516e-12	-8.95691e-13	-0.00399307	-1.81592e-05
46	1969.28	1.47793e-11	57.1538	4.39613e-12	1.52325e-12	-6.55725e-16	1.43234e-15	2.08034e-12	-8.30008e-13	-0.00397325	-1.58255e-05
47	1969.28	7.7307e-12	57.16	4.29581e-12	1.5672e-12	9.19403e-16	-3.00731e-15	2.00491e-12	-7.03711e-13	-0.00406338	-3.55153e-05
48	1969.28	-7.95808e-12	57.1565	4.24328e-12	1.59454e-12	3.48853e-15	-4.28992e-15	1.91235e-12	-6.70636e-13	-0.00403456	-3.10007e-05
49	1969.28	-4.54747e-13	57.1469	4.33392e-12	1.5993e-12	1.64278e-15	-3.84859e-15	1.91767e-12	-7.51495e-13	-0.00402935	-2.60361e-05
50	1969.28	5.22959e-12	57.1465	4.57891e-12	1.78474e-12	-5.53203e-15	-3.94704e-15	2.33075e-12	-8.43199e-13	-0.00404387	-3.48798e-05
51	1969.28	4.54747e-13	57.1511	4.79469e-12	2.0368e-12	-8.71872e-15	-7.00525e-15	2.69246e-12	-8.63288e-13	-0.00403109	-3.42274e-05
52	1969.28	1.81899e-12	57.1581	4.8205e-12	2.16767e-12	-9.737e-15	-9.91362e-15	2.8964e-12	-8.7266e-13	-0.00402614	-3.70842e-05
53	1969.28	4.77485e-12	57.1646	4.73078e-12	2.19374e-12	-9.27383e-15	-1.17414e-14	2.90776e-12	-8.63434e-13	-0.0040255	-4.03475e-05
54	1969.28	1.36424e-12	61.2648	4.64044e-12	1.92821e-12	-4.39232e-15	-3.89727e-15	2.6603e-12	-1.00358e-12	-0.00409355	-1.10008e-06
55	1969.28	-5.68434e-12	61.2623	4.55441e-12	1.83152e-12	-3.92741e-15	-2.51513e-15	2.54803e-12	-1.0898e-12	-0.00411313	6.62372e-06
56	1969.28	-6.82121e-13	61.2633	4.56656e-12	1.79478e-12	-3.8719e-15	5.31801e-17	2.50933e-12	-1.16318e-12	-0.00410732	8.24457e-06
57	1969.28	-3.86535e-12	57.1602	4.56994e-12	1.84327e-12	-3.07046e-16	1.1337e-15	2.49406e-12	-1.17575e-12	-0.00409294	9.78716e-06
58	1969.28	-4.77485e-12	57.1557	4.58096e-12	1.92118e-12	4.33681e-17	5.14996e-16	2.47238e-12	-1.17094e-12	-0.00406949	1.07516e-05
